   0.00000    1.41500    0.63200
  10.00000    3.53600    0.04500
  20.00000    3.66700    0.05600
  30.00000    4.00200    0.08500
  40.00000    4.47400    0.11200
  50.00000    4.45600    0.06800
  60.00000    4.41300    0.08200
  70.00000    4.37000    0.06900
  80.00000    4.33300    0.05900
  90.00000    4.30700    0.08000
 100.00000    4.29500    0.10200
 110.00000    4.29200    0.11600
 120.00000    4.29800    0.12800
 130.00000    4.30900    0.14200
 140.00000    4.32400    0.15900
 150.00000    4.34000    0.17500
