   0.00000    1.63600    0.45900
  10.00000    3.44200    0.02400
  20.00000    3.48700    0.02200
  30.00000    3.57100    0.02800
  40.00000    3.77100    0.08100
  50.00000    4.45300    0.16600
  60.00000    4.32000    0.10600
  70.00000    4.23500    0.09200
  80.00000    4.21100    0.07100
  90.00000    4.22700    0.06500
 100.00000    4.25900    0.09700
 110.00000    4.29200    0.11900
 120.00000    4.32100    0.12200
 130.00000    4.34900    0.11600
 140.00000    4.37500    0.11200
 150.00000    4.40100    0.12200
