   0.00000    1.38400    0.55300
  10.00000    3.50200    0.03800
  20.00000    3.59900    0.02700
  30.00000    3.72500    0.04500
  40.00000    3.95100    0.08000
  50.00000    4.38000    0.15800
  60.00000    4.33500    0.11000
  70.00000    4.31800    0.11800
  80.00000    4.33900    0.09700
  90.00000    4.37900    0.07600
 100.00000    4.41900    0.09600
 110.00000    4.44700    0.12600
 120.00000    4.46500    0.15000
 130.00000    4.47400    0.16800
 140.00000    4.47200    0.17900
 150.00000    4.46000    0.18300
