   0.00000    1.52100    0.51700
  10.00000    3.52900    0.05000
  20.00000    3.65300    0.03900
  30.00000    3.86500    0.07500
  40.00000    4.41200    0.19500
  50.00000    4.42100    0.07900
  60.00000    4.38500    0.06600
  70.00000    4.36400    0.07600
  80.00000    4.35500    0.07200
  90.00000    4.35400    0.07800
 100.00000    4.35600    0.09000
 110.00000    4.36000    0.09700
 120.00000    4.36500    0.10400
 130.00000    4.36900    0.11300
 140.00000    4.37200    0.12700
 150.00000    4.37400    0.14300
