   0.00000    1.19800    0.47900
  10.00000    3.55300    0.04000
  20.00000    3.62200    0.03300
  30.00000    3.84800    0.06700
  40.00000    4.51200    0.14600
  50.00000    4.45200    0.09600
  60.00000    4.39300    0.07300
  70.00000    4.38100    0.06500
  80.00000    4.39900    0.07000
  90.00000    4.42600    0.09700
 100.00000    4.44100    0.12400
 110.00000    4.44000    0.14200
 120.00000    4.42800    0.15800
 130.00000    4.40700    0.17200
 140.00000    4.38300    0.18500
 150.00000    4.36000    0.19300
