   0.00000    1.28800    0.49400
  10.00000    3.32400    0.07400
  20.00000    3.34800    0.03300
  30.00000    3.47000    0.15800
  40.00000    3.70200    0.17600
  50.00000    4.17900    0.20300
  60.00000    4.10800    0.11400
  70.00000    4.09800    0.07500
  80.00000    4.13500    0.08500
  90.00000    4.19600    0.09600
 100.00000    4.25700    0.10300
 110.00000    4.31200    0.10700
 120.00000    4.35500    0.11200
 130.00000    4.38900    0.13100
 140.00000    4.41500    0.15900
 150.00000    4.43300    0.18800
