   0.00000    1.33000    0.52100
  10.00000    3.63200    0.03100
  20.00000    3.69700    0.02800
  30.00000    3.77300    0.02600
  40.00000    3.96300    0.06600
  50.00000    4.60800    0.15700
  60.00000    4.56200    0.09800
  70.00000    4.52700    0.09000
  80.00000    4.52900    0.07800
  90.00000    4.55300    0.07700
 100.00000    4.58400    0.09400
 110.00000    4.61100    0.10400
 120.00000    4.63500    0.10100
 130.00000    4.65000    0.09700
 140.00000    4.65800    0.10200
 150.00000    4.66000    0.11700
