   0.00000    1.43700    0.48400
  10.00000    3.57200    0.03900
  20.00000    3.67400    0.03700
  30.00000    3.88200    0.06800
  40.00000    4.58500    0.17300
  50.00000    4.48900    0.07200
  60.00000    4.40400    0.05900
  70.00000    4.36000    0.07200
  80.00000    4.34300    0.07100
  90.00000    4.34000    0.06800
 100.00000    4.34000    0.06600
 110.00000    4.33900    0.06600
 120.00000    4.33800    0.07200
 130.00000    4.34000    0.08800
 140.00000    4.34300    0.10600
 150.00000    4.35000    0.12100
