   0.00000    1.26200    0.50900
  10.00000    3.62500    0.02800
  20.00000    3.67700    0.02900
  30.00000    3.76900    0.03700
  40.00000    4.04500    0.08500
  50.00000    4.57500    0.12800
  60.00000    4.53600    0.07000
  70.00000    4.53800    0.06700
  80.00000    4.56400    0.07100
  90.00000    4.59900    0.07600
 100.00000    4.62500    0.08000
 110.00000    4.63600    0.07700
 120.00000    4.63100    0.08100
 130.00000    4.62000    0.10000
 140.00000    4.60500    0.12900
 150.00000    4.58700    0.15300
