   0.00000    1.37300    0.62800
  10.00000    3.45400    0.08900
  20.00000    3.46800    0.03600
  30.00000    3.44000    0.05000
  40.00000    3.42700    0.10500
  50.00000    3.56400    0.22400
  60.00000    4.34900    0.20600
  70.00000    4.45100    0.14300
  80.00000    4.51700    0.15900
  90.00000    4.54900    0.13600
 100.00000    4.56800    0.10100
 110.00000    4.58600    0.09300
 120.00000    4.60900    0.10500
 130.00000    4.63400    0.11900
 140.00000    4.65800    0.13100
 150.00000    4.67400    0.14200
