   0.00000    1.76600    0.54200
  10.00000    3.60600    0.05000
  20.00000    3.70400    0.03400
  30.00000    3.90500    0.05400
  40.00000    4.58800    0.14500
  50.00000    4.53900    0.07700
  60.00000    4.44900    0.08200
  70.00000    4.37700    0.08900
  80.00000    4.32400    0.08500
  90.00000    4.28600    0.09100
 100.00000    4.26600    0.09700
 110.00000    4.26200    0.09500
 120.00000    4.26900    0.09900
 130.00000    4.28600    0.12400
 140.00000    4.30900    0.16300
 150.00000    4.33300    0.19800
