   0.00000    1.30800    0.54400
  10.00000    3.64700    0.04000
  20.00000    3.71600    0.03800
  30.00000    3.87200    0.04300
  40.00000    4.43300    0.17300
  50.00000    4.47400    0.09800
  60.00000    4.43000    0.06600
  70.00000    4.40000    0.07400
  80.00000    4.38300    0.06800
  90.00000    4.37500    0.07100
 100.00000    4.37000    0.08400
 110.00000    4.36500    0.09200
 120.00000    4.35900    0.09700
 130.00000    4.35200    0.10100
 140.00000    4.34600    0.10700
 150.00000    4.34100    0.11400
