   0.00000    1.13800    0.51500
  10.00000    3.51200    0.05100
  20.00000    3.41700    0.03900
  30.00000    3.31900    0.03000
  40.00000    3.32300    0.04900
  50.00000    3.45200    0.10400
  60.00000    3.75900    0.09500
  70.00000    4.47800    0.22400
  80.00000    4.52200    0.16800
  90.00000    4.57900    0.14500
 100.00000    4.58300    0.16300
 110.00000    4.56000    0.16600
 120.00000    4.53100    0.16800
 130.00000    4.50200    0.16500
 140.00000    4.47700    0.16700
 150.00000    4.45600    0.18400
