   0.00000    1.40400    0.50300
  10.00000    3.52000    0.06900
  20.00000    3.73300    0.03700
  30.00000    3.96000    0.05800
  40.00000    4.49900    0.14100
  50.00000    4.47200    0.08100
  60.00000    4.43000    0.06800
  70.00000    4.41500    0.06900
  80.00000    4.42000    0.06700
  90.00000    4.43800    0.07700
 100.00000    4.45900    0.08900
 110.00000    4.47900    0.09500
 120.00000    4.49800    0.10200
 130.00000    4.51400    0.11500
 140.00000    4.52500    0.13200
 150.00000    4.53100    0.14500
