   0.00000    1.42200    0.41200
  10.00000    3.62800    0.10300
  20.00000    3.82100    0.03300
  30.00000    3.90500    0.04500
  40.00000    4.11800    0.05900
  50.00000    4.46300    0.10900
  60.00000    4.49000    0.08500
  70.00000    4.50000    0.06900
  80.00000    4.53800    0.06400
  90.00000    4.58700    0.06400
 100.00000    4.63200    0.07400
 110.00000    4.66000    0.08000
 120.00000    4.67300    0.08300
 130.00000    4.67300    0.09300
 140.00000    4.66400    0.11100
 150.00000    4.64800    0.12800
