   0.00000    1.41800    0.51800
  10.00000    3.59300    0.04100
  20.00000    3.68800    0.02800
  30.00000    3.82800    0.04600
  40.00000    4.47700    0.17800
  50.00000    4.53400    0.08400
  60.00000    4.48600    0.05900
  70.00000    4.44200    0.07300
  80.00000    4.40400    0.07100
  90.00000    4.37500    0.07100
 100.00000    4.35500    0.07500
 110.00000    4.33900    0.07800
 120.00000    4.32900    0.08300
 130.00000    4.32300    0.09200
 140.00000    4.32100    0.10600
 150.00000    4.32200    0.11700
