   0.00000    1.36500    0.49300
  10.00000    3.49900    0.04700
  20.00000    3.64000    0.03200
  30.00000    3.86500    0.05800
  40.00000    4.49800    0.17400
  50.00000    4.53700    0.08600
  60.00000    4.49800    0.06200
  70.00000    4.46600    0.06600
  80.00000    4.44300    0.06400
  90.00000    4.43500    0.06600
 100.00000    4.44200    0.07200
 110.00000    4.46400    0.08000
 120.00000    4.49400    0.09100
 130.00000    4.53000    0.10600
 140.00000    4.56400    0.12000
 150.00000    4.59300    0.12900
