   0.00000    1.09400    0.38800
  10.00000    3.49600    0.05300
  20.00000    3.65700    0.03500
  30.00000    3.93300    0.06500
  40.00000    4.52100    0.16000
  50.00000    4.43700    0.09300
  60.00000    4.35500    0.06700
  70.00000    4.32000    0.06700
  80.00000    4.31400    0.07200
  90.00000    4.32300    0.08500
 100.00000    4.33200    0.09500
 110.00000    4.33700    0.09500
 120.00000    4.33900    0.09800
 130.00000    4.34000    0.11100
 140.00000    4.34300    0.13300
 150.00000    4.34800    0.15600
