   0.00000    1.37600    0.51200
  10.00000    3.45300    0.06000
  20.00000    3.37100    0.05800
  30.00000    3.30400    0.03000
  40.00000    3.40200    0.04200
  50.00000    3.60200    0.07500
  60.00000    3.82600    0.13600
  70.00000    4.07500    0.14500
  80.00000    4.48100    0.18100
  90.00000    4.51400    0.20800
 100.00000    4.47500    0.20100
 110.00000    4.46000    0.19000
 120.00000    4.46000    0.19300
 130.00000    4.45800    0.20900
 140.00000    4.44700    0.21400
 150.00000    4.43000    0.21000
