   0.00000    1.06700    0.40500
  10.00000    3.45000    0.04900
  20.00000    3.38700    0.04000
  30.00000    3.29000    0.02500
  40.00000    3.37100    0.03300
  50.00000    3.58600    0.06300
  60.00000    3.86600    0.08100
  70.00000    4.16000    0.17400
  80.00000    4.43500    0.16800
  90.00000    4.42300    0.21000
 100.00000    4.35800    0.21000
 110.00000    4.33800    0.19700
 120.00000    4.34900    0.17400
 130.00000    4.37700    0.16900
 140.00000    4.41000    0.17700
 150.00000    4.44100    0.18700
