   0.00000    1.33800    0.44300
  10.00000    3.18700    0.05500
  20.00000    3.52800    0.05900
  30.00000    3.98400    0.05500
  40.00000    4.45900    0.14700
  50.00000    4.47900    0.11700
  60.00000    4.45300    0.09400
  70.00000    4.44300    0.07200
  80.00000    4.44000    0.07300
  90.00000    4.43900    0.10500
 100.00000    4.43400    0.13400
 110.00000    4.42600    0.14800
 120.00000    4.41600    0.15100
 130.00000    4.40600    0.14600
 140.00000    4.39600    0.13900
 150.00000    4.38900    0.13100
