   0.00000    1.30800    0.48900
  10.00000    3.51300    0.03900
  20.00000    3.65700    0.04200
  30.00000    3.90400    0.08800
  40.00000    4.47600    0.15900
  50.00000    4.44300    0.07500
  60.00000    4.40700    0.06300
  70.00000    4.39300    0.07700
  80.00000    4.39000    0.08300
  90.00000    4.39200    0.08700
 100.00000    4.39100    0.08900
 110.00000    4.38600    0.09400
 120.00000    4.37900    0.11100
 130.00000    4.37100    0.13800
 140.00000    4.36200    0.16600
 150.00000    4.35300    0.18700
