   0.00000    1.36800    0.56300
  10.00000    3.51200    0.05700
  20.00000    3.46200    0.03600
  30.00000    3.41300    0.02700
  40.00000    3.43700    0.04400
  50.00000    3.52400    0.09800
  60.00000    3.72600    0.16100
  70.00000    4.21800    0.17100
  80.00000    4.38400    0.21600
  90.00000    4.39200    0.21200
 100.00000    4.39900    0.17500
 110.00000    4.41200    0.12300
 120.00000    4.43500    0.11800
 130.00000    4.46200    0.14900
 140.00000    4.48700    0.18100
 150.00000    4.50200    0.20400
