   0.00000    1.37800    0.39100
  10.00000    3.44100    0.02200
  20.00000    3.48300    0.02300
  30.00000    3.57200    0.03100
  40.00000    3.83300    0.05700
  50.00000    4.54500    0.19100
  60.00000    4.48100    0.11700
  70.00000    4.38500    0.13100
  80.00000    4.35000    0.10800
  90.00000    4.35400    0.06400
 100.00000    4.37400    0.09400
 110.00000    4.38900    0.15100
 120.00000    4.39100    0.19500
 130.00000    4.38800    0.22700
 140.00000    4.37800    0.24900
 150.00000    4.36600    0.25900
