   0.00000    1.26100    0.46200
  10.00000    3.58900    0.06500
  20.00000    3.75200    0.03400
  30.00000    3.84800    0.02700
  40.00000    4.00300    0.06000
  50.00000    4.38900    0.14000
  60.00000    4.50100    0.11100
  70.00000    4.51600    0.08700
  80.00000    4.52200    0.08500
  90.00000    4.52300    0.09400
 100.00000    4.51900    0.11600
 110.00000    4.51400    0.13700
 120.00000    4.50700    0.14800
 130.00000    4.49600    0.15400
 140.00000    4.48300    0.15600
 150.00000    4.46600    0.16000
