   0.00000    1.38100    0.54500
  10.00000    3.60100    0.04500
  20.00000    3.69000    0.03700
  30.00000    3.84100    0.06400
  40.00000    4.42000    0.18400
  50.00000    4.46900    0.09900
  60.00000    4.40900    0.07700
  70.00000    4.35900    0.07900
  80.00000    4.31700    0.06600
  90.00000    4.28000    0.07000
 100.00000    4.24600    0.08900
 110.00000    4.21000    0.10200
 120.00000    4.17700    0.10800
 130.00000    4.15100    0.11100
 140.00000    4.13400    0.11600
 150.00000    4.13100    0.12300
