   0.00000    1.51600    0.57900
  10.00000    3.55900    0.05000
  20.00000    3.74900    0.06100
  30.00000    4.00200    0.07000
  40.00000    4.41100    0.14200
  50.00000    4.40900    0.09200
  60.00000    4.38800    0.10600
  70.00000    4.37900    0.09800
  80.00000    4.37500    0.06400
  90.00000    4.36900    0.07900
 100.00000    4.35500    0.13100
 110.00000    4.33500    0.17400
 120.00000    4.31100    0.20400
 130.00000    4.28600    0.22200
 140.00000    4.26400    0.23100
 150.00000    4.24600    0.23100
