   0.00000    1.67000    0.39000
  10.00000    3.51500    0.09700
  20.00000    3.76500    0.02900
  30.00000    3.89800    0.03800
  40.00000    4.03600    0.06600
  50.00000    4.46600    0.17200
  60.00000    4.45900    0.12300
  70.00000    4.43200    0.11400
  80.00000    4.42100    0.08500
  90.00000    4.42200    0.06700
 100.00000    4.43000    0.09700
 110.00000    4.43900    0.13100
 120.00000    4.44800    0.15300
 130.00000    4.45300    0.16600
 140.00000    4.45600    0.17100
 150.00000    4.45100    0.17700
