   0.00000    1.43800    0.49300
  10.00000    3.36700    0.06300
  20.00000    3.34700    0.06300
  30.00000    3.33100    0.03500
  40.00000    3.41000    0.05700
  50.00000    3.52900    0.08900
  60.00000    3.71300    0.18900
  70.00000    4.32400    0.22100
  80.00000    4.33500    0.23000
  90.00000    4.29900    0.21700
 100.00000    4.29200    0.19500
 110.00000    4.30100    0.17500
 120.00000    4.31400    0.17500
 130.00000    4.32200    0.18700
 140.00000    4.32600    0.20300
 150.00000    4.32500    0.22000
