   0.00000    1.42200    0.46900
  10.00000    3.54000    0.08600
  20.00000    3.72900    0.02500
  30.00000    3.80700    0.03000
  40.00000    3.95500    0.04700
  50.00000    4.47700    0.17300
  60.00000    4.54700    0.10600
  70.00000    4.55400    0.09600
  80.00000    4.55200    0.08500
  90.00000    4.54500    0.08500
 100.00000    4.53400    0.11300
 110.00000    4.51900    0.13600
 120.00000    4.50400    0.14500
 130.00000    4.48800    0.14800
 140.00000    4.47400    0.15300
 150.00000    4.46100    0.16300
