   0.00000    1.55100    0.47900
  10.00000    3.51200    0.06400
  20.00000    3.78000    0.03900
  30.00000    3.92000    0.03200
  40.00000    4.06500    0.05700
  50.00000    4.41600    0.11500
  60.00000    4.44000    0.06600
  70.00000    4.43000    0.07300
  80.00000    4.39700    0.06700
  90.00000    4.35500    0.05900
 100.00000    4.31600    0.06700
 110.00000    4.28200    0.09300
 120.00000    4.25200    0.12800
 130.00000    4.23000    0.16300
 140.00000    4.21400    0.19300
 150.00000    4.20600    0.21100
