   0.00000    1.43700    0.57900
  10.00000    3.63500    0.04600
  20.00000    3.74400    0.02300
  30.00000    3.79500    0.02500
  40.00000    3.91500    0.04700
  50.00000    4.48700    0.16900
  60.00000    4.56600    0.12000
  70.00000    4.52200    0.12300
  80.00000    4.45400    0.10900
  90.00000    4.38100    0.08200
 100.00000    4.31400    0.09200
 110.00000    4.26800    0.12600
 120.00000    4.24000    0.15900
 130.00000    4.22400    0.18800
 140.00000    4.21800    0.21100
 150.00000    4.21900    0.22500
