   0.00000    1.44300    0.54400
  10.00000    3.61900    0.05500
  20.00000    3.72900    0.02700
  30.00000    3.81100    0.02900
  40.00000    4.00500    0.06600
  50.00000    4.55400    0.16700
  60.00000    4.59900    0.07700
  70.00000    4.57900    0.09200
  80.00000    4.57100    0.09800
  90.00000    4.57100    0.08000
 100.00000    4.57400    0.07200
 110.00000    4.57400    0.08800
 120.00000    4.56700    0.12100
 130.00000    4.55400    0.15500
 140.00000    4.53600    0.18400
 150.00000    4.51200    0.20000
