   0.00000    1.46000    0.53200
  10.00000    3.34800    0.15900
  20.00000    3.56800    0.06100
  30.00000    3.63800    0.05100
  40.00000    3.67500    0.11200
  50.00000    4.19900    0.27100
  60.00000    4.35400    0.11800
  70.00000    4.38200    0.12900
  80.00000    4.37300    0.13600
  90.00000    4.35000    0.10900
 100.00000    4.33100    0.09700
 110.00000    4.33300    0.11500
 120.00000    4.35200    0.13500
 130.00000    4.38000    0.15400
 140.00000    4.40900    0.17100
 150.00000    4.43400    0.18500
