   0.00000    1.55600    0.55400
  10.00000    3.52800    0.05600
  20.00000    3.70200    0.03700
  30.00000    3.95100    0.05400
  40.00000    4.37200    0.10000
  50.00000    4.43100    0.05600
  60.00000    4.46600    0.07300
  70.00000    4.48400    0.06200
  80.00000    4.48800    0.05900
  90.00000    4.48200    0.08000
 100.00000    4.46800    0.09600
 110.00000    4.44800    0.10200
 120.00000    4.42400    0.11000
 130.00000    4.39700    0.12600
 140.00000    4.36900    0.15000
 150.00000    4.34200    0.17300
