   0.00000    1.07200    0.51800
  10.00000    3.33800    0.07300
  20.00000    3.54600    0.03300
  30.00000    3.56700    0.03000
  40.00000    3.54400    0.09400
  50.00000    3.63000    0.13700
  60.00000    4.37300    0.22800
  70.00000    4.44700    0.12600
  80.00000    4.51600    0.15700
  90.00000    4.56200    0.16400
 100.00000    4.59000    0.14800
 110.00000    4.60600    0.14500
 120.00000    4.60800    0.15700
 130.00000    4.59100    0.17800
 140.00000    4.56200    0.19900
 150.00000    4.52100    0.22000
