   0.00000    1.75200    0.57500
  10.00000    3.58400    0.03400
  20.00000    3.64500    0.03300
  30.00000    3.78000    0.03400
  40.00000    4.10100    0.08500
  50.00000    4.60600    0.14900
  60.00000    4.48900    0.10000
  70.00000    4.39300    0.08800
  80.00000    4.32300    0.07100
  90.00000    4.27700    0.07200
 100.00000    4.25000    0.09700
 110.00000    4.24000    0.12000
 120.00000    4.24000    0.14200
 130.00000    4.24900    0.16500
 140.00000    4.26600    0.18600
 150.00000    4.28900    0.20000
