   0.00000    1.67100    0.49700
  10.00000    3.13300    0.07000
  20.00000    3.55200    0.05700
  30.00000    3.76800    0.05200
  40.00000    3.77600    0.10300
  50.00000    4.06800    0.24800
  60.00000    4.26100    0.21500
  70.00000    4.31300    0.14700
  80.00000    4.36800    0.14100
  90.00000    4.40600    0.12900
 100.00000    4.43200    0.12400
 110.00000    4.45600    0.14500
 120.00000    4.47600    0.17000
 130.00000    4.49300    0.19400
 140.00000    4.49900    0.21200
 150.00000    4.49500    0.22300
