   0.00000    1.48500    0.39300
  10.00000    3.46900    0.06300
  20.00000    3.62900    0.03900
  30.00000    3.72800    0.04700
  40.00000    3.77700    0.10300
  50.00000    3.98700    0.16800
  60.00000    4.41800    0.15800
  70.00000    4.48200    0.12900
  80.00000    4.47700    0.14000
  90.00000    4.47300    0.12900
 100.00000    4.47000    0.11700
 110.00000    4.46500    0.12800
 120.00000    4.45000    0.15100
 130.00000    4.42800    0.17600
 140.00000    4.40300    0.19900
 150.00000    4.37400    0.21400
