   0.00000    1.26200    0.48900
  10.00000    3.20600    0.06100
  20.00000    3.54600    0.05800
  30.00000    3.76800    0.05900
  40.00000    4.01600    0.07400
  50.00000    4.18600    0.09200
  60.00000    4.36300    0.13200
  70.00000    4.38100    0.13900
  80.00000    4.38500    0.11600
  90.00000    4.42100    0.09700
 100.00000    4.47000    0.10700
 110.00000    4.50900    0.13400
 120.00000    4.53300    0.14900
 130.00000    4.54000    0.15600
 140.00000    4.53100    0.16100
 150.00000    4.51000    0.16600
