   0.00000    1.08200    0.46200
  10.00000    3.54800    0.05000
  20.00000    3.68200    0.04900
  30.00000    3.93000    0.06000
  40.00000    4.42500    0.13300
  50.00000    4.43000    0.12300
  60.00000    4.35700    0.08800
  70.00000    4.31400    0.08400
  80.00000    4.29100    0.08500
  90.00000    4.28000    0.10200
 100.00000    4.27300    0.12000
 110.00000    4.26500    0.13000
 120.00000    4.25700    0.13700
 130.00000    4.24700    0.14700
 140.00000    4.23600    0.16500
 150.00000    4.22300    0.18800
