   0.00000    1.48900    0.45000
  10.00000    3.52800    0.04200
  20.00000    3.69700    0.04200
  30.00000    4.00500    0.04900
  40.00000    4.34600    0.11600
  50.00000    4.36500    0.04600
  60.00000    4.36200    0.06600
  70.00000    4.34300    0.07900
  80.00000    4.31700    0.07700
  90.00000    4.28900    0.07300
 100.00000    4.26600    0.07000
 110.00000    4.25000    0.07500
 120.00000    4.23900    0.09500
 130.00000    4.23400    0.12400
 140.00000    4.23300    0.15400
 150.00000    4.23500    0.17800
