   0.00000    1.30500    0.55700
  10.00000    3.38500    0.04500
  20.00000    3.62500    0.02700
  30.00000    3.76500    0.01800
  40.00000    3.87800    0.03100
  50.00000    3.99000    0.06100
  60.00000    4.14400    0.09100
  70.00000    4.45500    0.12700
  80.00000    4.41500    0.15800
  90.00000    4.41400    0.14700
 100.00000    4.43300    0.10800
 110.00000    4.45100    0.13000
 120.00000    4.45300    0.17500
 130.00000    4.44100    0.21000
 140.00000    4.41900    0.23700
 150.00000    4.39200    0.25700
