   0.00000    1.37600    0.50100
  10.00000    3.56000    0.03700
  20.00000    3.64800    0.03000
  30.00000    3.73900    0.02800
  40.00000    3.99100    0.06500
  50.00000    4.39300    0.13600
  60.00000    4.37000    0.10200
  70.00000    4.33300    0.07700
  80.00000    4.32000    0.06900
  90.00000    4.32100    0.07900
 100.00000    4.32700    0.10100
 110.00000    4.33500    0.12200
 120.00000    4.34100    0.14300
 130.00000    4.34800    0.16500
 140.00000    4.35300    0.18400
 150.00000    4.35700    0.19600
