   0.00000    1.40900    0.45000
  10.00000    3.42500    0.09100
  20.00000    3.68800    0.03800
  30.00000    3.78700    0.03800
  40.00000    3.91300    0.06600
  50.00000    4.39500    0.20400
  60.00000    4.45600    0.12500
  70.00000    4.44700    0.11800
  80.00000    4.45300    0.11100
  90.00000    4.47200    0.08500
 100.00000    4.49900    0.08600
 110.00000    4.53000    0.10700
 120.00000    4.56200    0.12400
 130.00000    4.59200    0.13600
 140.00000    4.61600    0.14900
 150.00000    4.63300    0.16300
