   0.00000    1.55500    0.56900
  10.00000    3.52100    0.03700
  20.00000    3.61000    0.03500
  30.00000    3.69700    0.03000
  40.00000    3.87900    0.04800
  50.00000    4.15600    0.10500
  60.00000    4.41900    0.09900
  70.00000    4.36000    0.13000
  80.00000    4.35300    0.13200
  90.00000    4.37500    0.09800
 100.00000    4.40400    0.10200
 110.00000    4.42100    0.14700
 120.00000    4.42200    0.18600
 130.00000    4.41300    0.21200
 140.00000    4.39700    0.23000
 150.00000    4.37800    0.24400
