   0.00000    1.45300    0.61400
  10.00000    3.39500    0.06300
  20.00000    3.68100    0.04700
  30.00000    3.79500    0.04300
  40.00000    3.87000    0.05000
  50.00000    3.98000    0.07400
  60.00000    4.35400    0.18000
  70.00000    4.49100    0.18800
  80.00000    4.50500    0.17500
  90.00000    4.54200    0.14800
 100.00000    4.58000    0.12400
 110.00000    4.60000    0.13200
 120.00000    4.59200    0.15800
 130.00000    4.56000    0.18300
 140.00000    4.51400    0.20700
 150.00000    4.46000    0.22500
