   0.00000    1.58000    0.46100
  10.00000    3.22000    0.10400
  20.00000    3.45000    0.06800
  30.00000    3.69300    0.05500
  40.00000    4.03700    0.09100
  50.00000    4.44900    0.13700
  60.00000    4.53100    0.09400
  70.00000    4.56100    0.10100
  80.00000    4.58400    0.09900
  90.00000    4.60400    0.10100
 100.00000    4.62500    0.11300
 110.00000    4.64700    0.12200
 120.00000    4.66700    0.12600
 130.00000    4.68200    0.13400
 140.00000    4.68700    0.14800
 150.00000    4.67900    0.16400
