   0.00000    1.70500    0.49800
  10.00000    3.53500    0.03100
  20.00000    3.61000    0.03100
  30.00000    3.85500    0.05400
  40.00000    4.44600    0.17500
  50.00000    4.43800    0.10900
  60.00000    4.36500    0.07800
  70.00000    4.30800    0.08100
  80.00000    4.26500    0.08000
  90.00000    4.23400    0.08800
 100.00000    4.21400    0.10000
 110.00000    4.20400    0.11200
 120.00000    4.20300    0.12800
 130.00000    4.21000    0.15000
 140.00000    4.22100    0.17500
 150.00000    4.23800    0.19500
