   0.00000    1.36500    0.44900
  10.00000    3.60900    0.04300
  20.00000    3.72600    0.03400
  30.00000    3.78500    0.02500
  40.00000    3.87900    0.04100
  50.00000    4.08200    0.08500
  60.00000    4.53500    0.14700
  70.00000    4.47800    0.13200
  80.00000    4.44900    0.15200
  90.00000    4.44200    0.14600
 100.00000    4.44100    0.13200
 110.00000    4.43000    0.14100
 120.00000    4.40700    0.16900
 130.00000    4.37500    0.20500
 140.00000    4.33800    0.24200
 150.00000    4.29800    0.26700
