   0.00000    1.23000    0.51800
  10.00000    3.34900    0.06200
  20.00000    3.67600    0.04400
  30.00000    3.81600    0.03900
  40.00000    3.89400    0.04000
  50.00000    3.98900    0.06700
  60.00000    4.46200    0.21200
  70.00000    4.59900    0.12900
  80.00000    4.63200    0.15500
  90.00000    4.63800    0.15000
 100.00000    4.63000    0.11500
 110.00000    4.61900    0.11000
 120.00000    4.60500    0.13500
 130.00000    4.58900    0.16700
 140.00000    4.56800    0.20000
 150.00000    4.53800    0.22700
