   0.00000    1.39800    0.53800
  10.00000    3.50700    0.04700
  20.00000    3.68000    0.04300
  30.00000    3.78600    0.03000
  40.00000    3.91500    0.06300
  50.00000    4.11200    0.09000
  60.00000    4.48000    0.12400
  70.00000    4.46000    0.14600
  80.00000    4.44800    0.14900
  90.00000    4.44600    0.12800
 100.00000    4.45000    0.12300
 110.00000    4.45200    0.14200
 120.00000    4.45000    0.16800
 130.00000    4.44300    0.19700
 140.00000    4.42900    0.23000
 150.00000    4.40800    0.25800
