   0.00000    1.41700    0.56600
  10.00000    3.59300    0.04100
  20.00000    3.67200    0.02800
  30.00000    3.84300    0.05000
  40.00000    4.42100    0.15200
  50.00000    4.45200    0.08100
  60.00000    4.38600    0.07400
  70.00000    4.36500    0.08100
  80.00000    4.37500    0.06600
  90.00000    4.39900    0.06600
 100.00000    4.42100    0.08700
 110.00000    4.43700    0.11200
 120.00000    4.44600    0.13900
 130.00000    4.44900    0.16500
 140.00000    4.44400    0.18700
 150.00000    4.43300    0.19600
