   0.00000    1.33000    0.60100
  10.00000    3.58700    0.06500
  20.00000    3.79300    0.04400
  30.00000    3.88300    0.04100
  40.00000    4.00000    0.05300
  50.00000    4.39100    0.17000
  60.00000    4.52200    0.11900
  70.00000    4.52600    0.11300
  80.00000    4.51500    0.10800
  90.00000    4.50100    0.10400
 100.00000    4.49200    0.12700
 110.00000    4.49600    0.15100
 120.00000    4.51100    0.16300
 130.00000    4.53200    0.16800
 140.00000    4.55200    0.17100
 150.00000    4.57000    0.17200
