   0.00000    1.40100    0.36300
  10.00000    3.41800    0.05500
  20.00000    3.61000    0.04400
  30.00000    3.68800    0.03300
  40.00000    3.75300    0.03900
  50.00000    3.86300    0.07300
  60.00000    4.33300    0.19600
  70.00000    4.45000    0.15100
  80.00000    4.48000    0.20900
  90.00000    4.48200    0.22000
 100.00000    4.46700    0.18800
 110.00000    4.44800    0.16300
 120.00000    4.43100    0.16200
 130.00000    4.41500    0.17500
 140.00000    4.40200    0.19200
 150.00000    4.39200    0.20700
