   0.00000    1.37800    0.54600
  10.00000    3.44200    0.05300
  20.00000    3.71100    0.03800
  30.00000    3.80000    0.02800
  40.00000    3.85600    0.03300
  50.00000    4.01000    0.07000
  60.00000    4.53000    0.14600
  70.00000    4.56800    0.12600
  80.00000    4.59500    0.12900
  90.00000    4.62300    0.11000
 100.00000    4.64600    0.11700
 110.00000    4.65700    0.15200
 120.00000    4.65300    0.18100
 130.00000    4.63800    0.20100
 140.00000    4.61100    0.21600
 150.00000    4.57400    0.22800
