   0.00000    1.33100    0.58600
  10.00000    3.55400    0.08400
  20.00000    3.94500    0.11300
  30.00000    4.39800    0.11200
  40.00000    4.39700    0.05300
  50.00000    4.34700    0.06700
  60.00000    4.31700    0.07600
  70.00000    4.29900    0.05900
  80.00000    4.29200    0.05800
  90.00000    4.29100    0.07800
 100.00000    4.29300    0.09200
 110.00000    4.29400    0.09700
 120.00000    4.29600    0.09800
 130.00000    4.29600    0.10000
 140.00000    4.29500    0.10700
 150.00000    4.29000    0.11600
