   0.00000    1.36200    0.55400
  10.00000    3.51300    0.03700
  20.00000    3.58400    0.02800
  30.00000    3.72900    0.04500
  40.00000    4.28600    0.18300
  50.00000    4.37900    0.12800
  60.00000    4.34000    0.08000
  70.00000    4.32000    0.08400
  80.00000    4.31400    0.07500
  90.00000    4.32100    0.06700
 100.00000    4.33600    0.08500
 110.00000    4.35600    0.11200
 120.00000    4.37700    0.13700
 130.00000    4.39700    0.15500
 140.00000    4.41500    0.16600
 150.00000    4.42400    0.16700
