   0.00000    1.49500    0.54200
  10.00000    3.57700    0.06400
  20.00000    3.83600    0.05300
  30.00000    4.00500    0.04000
  40.00000    4.27000    0.12200
  50.00000    4.40000    0.08800
  60.00000    4.41900    0.08800
  70.00000    4.40200    0.08800
  80.00000    4.36200    0.06400
  90.00000    4.31700    0.07200
 100.00000    4.28100    0.10600
 110.00000    4.25400    0.13000
 120.00000    4.23800    0.14100
 130.00000    4.23200    0.14800
 140.00000    4.23400    0.15800
 150.00000    4.24000    0.17400
