   0.00000    1.40900    0.51900
  10.00000    3.56300    0.04200
  20.00000    3.70900    0.04700
  30.00000    3.81100    0.03600
  40.00000    3.97600    0.06000
  50.00000    4.44500    0.19200
  60.00000    4.50600    0.14100
  70.00000    4.45800    0.12200
  80.00000    4.42500    0.11300
  90.00000    4.40300    0.11100
 100.00000    4.38600    0.13500
 110.00000    4.37200    0.16300
 120.00000    4.35700    0.18500
 130.00000    4.34000    0.20400
 140.00000    4.32300    0.21900
 150.00000    4.30500    0.22800
