   0.00000    1.27600    0.48100
  10.00000    3.44600    0.08400
  20.00000    3.67400    0.03400
  30.00000    3.75200    0.02700
  40.00000    3.83200    0.04400
  50.00000    4.02700    0.09800
  60.00000    4.53700    0.15400
  70.00000    4.54700    0.13600
  80.00000    4.52400    0.13700
  90.00000    4.53000    0.11900
 100.00000    4.54500    0.11500
 110.00000    4.55900    0.13700
 120.00000    4.56000    0.16000
 130.00000    4.55100    0.17900
 140.00000    4.53400    0.19800
 150.00000    4.51000    0.21300
