   0.00000    1.46100    0.49500
  10.00000    3.50000    0.04200
  20.00000    3.57800    0.03000
  30.00000    3.71800    0.04200
  40.00000    4.10100    0.09900
  50.00000    4.53100    0.08600
  60.00000    4.52400    0.08800
  70.00000    4.49400    0.10100
  80.00000    4.45300    0.08300
  90.00000    4.41000    0.07400
 100.00000    4.37200    0.08800
 110.00000    4.34100    0.10100
 120.00000    4.31800    0.10900
 130.00000    4.30300    0.12000
 140.00000    4.29500    0.13800
 150.00000    4.29200    0.15700
