   0.00000    1.48000    0.50500
  10.00000    3.48500    0.03800
  20.00000    3.58200    0.04700
  30.00000    3.64600    0.03700
  40.00000    3.78000    0.06300
  50.00000    4.07000    0.10000
  60.00000    4.47800    0.15600
  70.00000    4.46500    0.15600
  80.00000    4.45700    0.15800
  90.00000    4.46500    0.14100
 100.00000    4.47900    0.13200
 110.00000    4.48900    0.14000
 120.00000    4.49400    0.15800
 130.00000    4.49200    0.18000
 140.00000    4.48700    0.20700
 150.00000    4.47700    0.23300
