   0.00000    1.57200    0.60200
  10.00000    3.50500    0.04600
  20.00000    3.61400    0.02900
  30.00000    3.86600    0.04600
  40.00000    4.48900    0.16500
  50.00000    4.52800    0.07200
  60.00000    4.50300    0.06500
  70.00000    4.48400    0.07400
  80.00000    4.47300    0.07000
  90.00000    4.47400    0.07100
 100.00000    4.48800    0.07900
 110.00000    4.51300    0.08700
 120.00000    4.54500    0.09800
 130.00000    4.58000    0.11200
 140.00000    4.61300    0.12900
 150.00000    4.64000    0.14500
