   0.00000    1.44000    0.52300
  10.00000    3.59300    0.04900
  20.00000    3.71800    0.03600
  30.00000    3.78600    0.03000
  40.00000    3.89800    0.04000
  50.00000    4.12400    0.08200
  60.00000    4.47400    0.16900
  70.00000    4.42400    0.13000
  80.00000    4.40300    0.14000
  90.00000    4.41200    0.13000
 100.00000    4.44000    0.12500
 110.00000    4.47200    0.13800
 120.00000    4.50300    0.15100
 130.00000    4.52800    0.16200
 140.00000    4.54200    0.17700
 150.00000    4.54000    0.19800
