   0.00000    1.31200    0.48500
  10.00000    3.51300    0.04000
  20.00000    3.64800    0.03200
  30.00000    3.90800    0.06400
  40.00000    4.44200    0.14600
  50.00000    4.51200    0.06600
  60.00000    4.49500    0.07200
  70.00000    4.49500    0.08900
  80.00000    4.50500    0.07600
  90.00000    4.52000    0.06100
 100.00000    4.53100    0.06200
 110.00000    4.53400    0.07600
 120.00000    4.53000    0.09600
 130.00000    4.52300    0.11900
 140.00000    4.51500    0.14100
 150.00000    4.50800    0.15900
