   0.00000    1.53500    0.45300
  10.00000    3.55400    0.03100
  20.00000    3.61800    0.02800
  30.00000    3.73400    0.05900
  40.00000    4.48500    0.18100
  50.00000    4.50500    0.07200
  60.00000    4.50300    0.06500
  70.00000    4.51000    0.06900
  80.00000    4.52100    0.05800
  90.00000    4.53200    0.06000
 100.00000    4.54000    0.07100
 110.00000    4.54200    0.07700
 120.00000    4.53900    0.08700
 130.00000    4.53200    0.10400
 140.00000    4.52100    0.12500
 150.00000    4.50700    0.14200
