   0.00000    1.50200    0.62600
  10.00000    3.49100    0.04500
  20.00000    3.60200    0.03900
  30.00000    3.73400    0.03800
  40.00000    3.97700    0.07400
  50.00000    4.53800    0.15900
  60.00000    4.47000    0.11400
  70.00000    4.41300    0.09800
  80.00000    4.39300    0.08300
  90.00000    4.39500    0.08600
 100.00000    4.40200    0.12000
 110.00000    4.40400    0.15400
 120.00000    4.40000    0.18000
 130.00000    4.39000    0.20400
 140.00000    4.37900    0.22800
 150.00000    4.36500    0.25000
