   0.00000    1.36300    0.48800
  10.00000    3.51900    0.03600
  20.00000    3.61600    0.02800
  30.00000    3.78200    0.05500
  40.00000    4.22800    0.10100
  50.00000    4.59900    0.08900
  60.00000    4.55100    0.09000
  70.00000    4.50600    0.09500
  80.00000    4.46600    0.07000
  90.00000    4.43400    0.06700
 100.00000    4.41100    0.10100
 110.00000    4.39700    0.13600
 120.00000    4.38800    0.16300
 130.00000    4.38400    0.18300
 140.00000    4.38400    0.19700
 150.00000    4.38300    0.20400
