   0.00000    1.58600    0.46200
  10.00000    3.48700    0.04000
  20.00000    3.57600    0.04300
  30.00000    3.75800    0.05800
  40.00000    4.15100    0.11600
  50.00000    4.52900    0.14200
  60.00000    4.43100    0.10300
  70.00000    4.37000    0.10200
  80.00000    4.33600    0.10100
  90.00000    4.32200    0.12000
 100.00000    4.31600    0.15300
 110.00000    4.31200    0.18200
 120.00000    4.31000    0.20200
 130.00000    4.30900    0.21600
 140.00000    4.30800    0.22200
 150.00000    4.30900    0.22100
