   0.00000    1.38800    0.45000
  10.00000    3.51100    0.05300
  20.00000    3.67300    0.03700
  30.00000    3.97000    0.06600
  40.00000    4.56500    0.12700
  50.00000    4.60400    0.10300
  60.00000    4.56800    0.07100
  70.00000    4.54100    0.06200
  80.00000    4.51800    0.07200
  90.00000    4.49600    0.09800
 100.00000    4.47200    0.12000
 110.00000    4.44400    0.13200
 120.00000    4.41500    0.14300
 130.00000    4.38400    0.15900
 140.00000    4.35300    0.18000
 150.00000    4.32300    0.20100
