   0.00000    1.24600    0.54000
  10.00000    3.55800    0.04100
  20.00000    3.62700    0.03100
  30.00000    3.80000    0.04900
  40.00000    4.21300    0.07900
  50.00000    4.60900    0.11600
  60.00000    4.57500    0.07600
  70.00000    4.53200    0.06700
  80.00000    4.48900    0.07200
  90.00000    4.45100    0.09200
 100.00000    4.41800    0.11300
 110.00000    4.38600    0.12900
 120.00000    4.35700    0.14500
 130.00000    4.33100    0.16500
 140.00000    4.30900    0.19300
 150.00000    4.28900    0.22400
