   8.0000000e+00   2.9439843e+00   2.7550578e+00
   1.0000000e+01   2.9922488e+00   2.7770295e+00
   1.2000000e+01   3.0370533e+00   2.7975464e+00
   1.4000000e+01   3.0791373e+00   2.8168597e+00
   1.6000000e+01   3.1193104e+00   2.8321207e+00
   1.8000000e+01   3.1585681e+00   2.8416810e+00
   2.0000000e+01   3.1978126e+00   2.8464813e+00
   2.2000000e+01   3.2376497e+00   2.8481793e+00
   2.4000000e+01   3.2783158e+00   2.8498120e+00
   2.6000000e+01   3.3197005e+00   2.8544176e+00
   2.8000000e+01   3.3614233e+00   2.8638344e+00
   3.0000000e+01   3.4029360e+00   2.8798609e+00
   3.2000000e+01   3.4436238e+00   2.9031320e+00
   3.5000000e+01   3.5018580e+00   2.9504418e+00
   4.0000000e+01   3.5881178e+00   3.0533238e+00
   4.5000000e+01   3.6588011e+00   3.1678870e+00
   5.0000000e+01   3.7148509e+00   3.2777197e+00
