   8.00000000       2.77376509    
   10.0000000       2.88549209    
   12.0000000       2.99311590    
   14.0000000       3.10798097    
   16.0000000       3.22850680    
   18.0000000       3.34485865    
   20.0000000       3.44680476    
   22.0000000       3.53005958    
   24.0000000       3.59603786    
   26.0000000       3.64842463    
   28.0000000       3.69086957    
   30.0000000       3.72622538    
   32.0000000       3.75653386    
   35.0000000       3.79548192    
   40.0000000       3.84947395    
   45.0000000       3.89500809    
   50.0000000       3.93459988    
