   0.00000    0.45891    0.00000    0.45891
   0.50000    0.48639    0.00000    0.48639
   1.00000    0.50188    0.00000    0.50188
   1.50000    0.51358    0.00000    0.51358
   2.00000    0.51655    0.00000    0.51655
   2.50000    0.51074    0.00000    0.51074
   3.00000    0.51298    0.00000    0.51298
   3.50000    0.53752    0.00000    0.53752
   4.00000    0.52535    0.00000    0.52535
   4.50000    0.52520    0.00000    0.52520
   5.00000    0.48963    0.00000    0.48963
   5.50000    0.49211    0.00000    0.49211
   6.00000    0.48939    0.00000    0.48939
   6.50000    0.54847    0.00000    0.54847
   7.00000    0.54097    0.00000    0.54097
   7.50000    0.50101    0.00000    0.50101
   8.00000    0.46639    0.00000    0.46639
   8.50000    0.50215    0.00000    0.50215
   9.00000    0.52338    0.00000    0.52338
   9.50000    0.53155    0.00000    0.53155
  10.00000    0.54952    0.00000    0.54952
  10.50000    0.55601    0.00000    0.55601
  11.00000    0.53438    0.00000    0.53438
  11.50000    0.50864    0.00000    0.50864
  12.00000    0.48490    0.00000    0.48490
  12.50000    0.49983    0.00000    0.49983
  13.00000    0.49397    0.00000    0.49397
  13.50000    0.49144    0.00000    0.49144
  14.00000    0.46980    0.00000    0.46980
  14.50000    0.50075    0.00000    0.50075
  15.00000    0.52267    0.00000    0.52267
  15.50000    0.54949    0.00000    0.54949
  16.00000    0.52115    0.00000    0.52115
  16.50000    0.50897    0.00000    0.50897
  17.00000    0.52494    0.00000    0.52494
  17.50000    0.55185    0.00000    0.55185
  18.00000    0.53298    0.00000    0.53298
  18.50000    0.54345    0.00000    0.54345
  19.00000    0.56355    0.00000    0.56355
  19.50000    0.53793    0.00000    0.53793
  20.00000    0.49393    0.00000    0.49393
  20.50000    0.48702    0.00000    0.48702
  21.00000    0.50657    0.00000    0.50657
  21.50000    0.50774    0.00000    0.50774
  22.00000    0.52113    0.00000    0.52113
  22.50000    0.51847    0.00000    0.51847
  23.00000    0.51823    0.00000    0.51823
  23.50000    0.53412    0.00000    0.53412
  24.00000    0.55475    0.00000    0.55475
  24.50000    0.54606    0.00000    0.54606
  25.00000    0.51110    0.00000    0.51110
  25.50000    0.51294    0.00000    0.51294
  26.00000    0.49458    0.00000    0.49458
  26.50000    0.49552    0.00000    0.49552
  27.00000    0.50181    0.00000    0.50181
  27.50000    0.50196    0.00000    0.50196
  28.00000    0.49140    0.00000    0.49140
  28.50000    0.50262    0.00000    0.50262
  29.00000    0.54296    0.00000    0.54296
  29.50000    0.54967    0.00000    0.54967
  30.00000    0.53044    0.00000    0.53044
  30.50000    0.50738    0.00000    0.50738
  31.00000    0.48574    0.00000    0.48574
  31.50000    0.50609    0.00000    0.50609
  32.00000    0.52781    0.00000    0.52781
  32.50000    0.54405    0.00000    0.54405
  33.00000    0.54730    0.00000    0.54730
  33.50000    0.53356    0.00000    0.53356
  34.00000    0.52996    0.00000    0.52996
  34.50000    0.52549    0.00000    0.52549
  35.00000    0.53194    0.00000    0.53194
  35.50000    0.51719    0.00000    0.51719
  36.00000    0.52395    0.00000    0.52395
  36.50000    0.53246    0.00000    0.53246
  37.00000    0.54921    0.00000    0.54921
  37.50000    0.55226    0.00000    0.55226
  38.00000    0.54465    0.00000    0.54465
  38.50000    0.54730    0.00000    0.54730
  39.00000    0.53891    0.00000    0.53891
  39.50000    0.50584    0.00000    0.50584
  40.00000    0.50376    0.00000    0.50376
  40.50000    0.54366    0.00000    0.54366
  41.00000    0.55976    0.00000    0.55976
  41.50000    0.53270    0.00000    0.53270
  42.00000    0.51774    0.00000    0.51774
  42.50000    0.49651    0.00000    0.49651
  43.00000    0.50486    0.00000    0.50486
  43.50000    0.50260    0.00000    0.50260
  44.00000    0.52793    0.00000    0.52793
  44.50000    0.54439    0.00000    0.54439
  45.00000    0.52692    0.00000    0.52692
  45.50000    0.49460    0.00000    0.49460
  46.00000    0.49794    0.00000    0.49794
  46.50000    0.50817    0.00000    0.50817
  47.00000    0.51919    0.00000    0.51919
  47.50000    0.54351    0.00000    0.54351
  48.00000    0.56788    0.00000    0.56788
  48.50000    0.52879    0.00000    0.52879
  49.00000    0.53084    0.00000    0.53084
  49.50000    0.52858    0.00000    0.52858
  50.00000    0.53746    0.00000    0.53746
  50.50000    0.52058    0.00000    0.52058
  51.00000    0.53248    0.00000    0.53248
  51.50000    0.53756    0.00000    0.53756
  52.00000    0.53384    0.00000    0.53384
  52.50000    0.54859    0.00000    0.54859
  53.00000    0.52643    0.00000    0.52643
  53.50000    0.49626    0.00000    0.49626
  54.00000    0.50020    0.00000    0.50020
  54.50000    0.54066    0.00000    0.54066
  55.00000    0.54323    0.00000    0.54323
  55.50000    0.55289    0.00000    0.55289
  56.00000    0.55932    0.00000    0.55932
  56.50000    0.51875    0.00000    0.51875
  57.00000    0.48217    0.00000    0.48217
  57.50000    0.52005    0.00000    0.52005
  58.00000    0.56654    0.00000    0.56654
  58.50000    0.54855    0.00000    0.54855
  59.00000    0.51772    0.00000    0.51772
  59.50000    0.50361    0.00000    0.50361
  60.00000    0.49631    0.00000    0.49631
  60.50000    0.49925    0.00000    0.49925
  61.00000    0.54014    0.00000    0.54014
  61.50000    0.54742    0.00000    0.54742
  62.00000    0.55144    0.00000    0.55144
  62.50000    0.51661    0.00000    0.51661
  63.00000    0.53553    0.00000    0.53553
  63.50000    0.56309    0.00000    0.56309
  64.00000    0.58133    0.00000    0.58133
  64.50000    0.52770    0.00000    0.52770
  65.00000    0.49812    0.00000    0.49812
  65.50000    0.54297    0.00000    0.54297
  66.00000    0.56305    0.00000    0.56305
  66.50000    0.54654    0.00000    0.54654
  67.00000    0.50877    0.00000    0.50877
  67.50000    0.55306    0.00000    0.55306
  68.00000    0.58585    0.00000    0.58585
  68.50000    0.55447    0.00000    0.55447
  69.00000    0.48776    0.00000    0.48776
  69.50000    0.47200    0.00000    0.47200
  70.00000    0.50138    0.00000    0.50138
  70.50000    0.50580    0.00000    0.50580
  71.00000    0.50971    0.00000    0.50971
  71.50000    0.49006    0.00000    0.49006
  72.00000    0.48273    0.00000    0.48273
  72.50000    0.48807    0.00000    0.48807
  73.00000    0.51340    0.00000    0.51340
  73.50000    0.52262    0.00000    0.52262
  74.00000    0.53020    0.00000    0.53020
  74.50000    0.56164    0.00000    0.56164
  75.00000    0.53661    0.00000    0.53661
  75.50000    0.52732    0.00000    0.52732
  76.00000    0.49771    0.00000    0.49771
  76.50000    0.50496    0.00000    0.50496
  77.00000    0.50527    0.00000    0.50527
  77.50000    0.56670    0.00000    0.56670
  78.00000    0.55884    0.00000    0.55884
  78.50000    0.50987    0.00000    0.50987
  79.00000    0.48348    0.00000    0.48348
  79.50000    0.48440    0.00000    0.48440
  80.00000    0.52323    0.00000    0.52323
  80.50000    0.54574    0.00000    0.54574
  81.00000    0.52312    0.00000    0.52312
  81.50000    0.47518    0.00000    0.47518
  82.00000    0.46811    0.00000    0.46811
  82.50000    0.52897    0.00000    0.52897
  83.00000    0.55079    0.00000    0.55079
  83.50000    0.52722    0.00000    0.52722
  84.00000    0.50942    0.00000    0.50942
  84.50000    0.55538    0.00000    0.55538
  85.00000    0.56434    0.00000    0.56434
  85.50000    0.53131    0.00000    0.53131
  86.00000    0.50452    0.00000    0.50452
  86.50000    0.50570    0.00000    0.50570
  87.00000    0.50449    0.00000    0.50449
  87.50000    0.53462    0.00000    0.53462
  88.00000    0.53909    0.00000    0.53909
  88.50000    0.52810    0.00000    0.52810
  89.00000    0.52802    0.00000    0.52802
  89.50000    0.55516    0.00000    0.55516
  90.00000    0.54888    0.00000    0.54888
  90.50000    0.52640    0.00000    0.52640
  91.00000    0.50968    0.00000    0.50968
  91.50000    0.51049    0.00000    0.51049
  92.00000    0.52688    0.00000    0.52688
  92.50000    0.50507    0.00000    0.50507
  93.00000    0.47500    0.00000    0.47500
  93.50000    0.46372    0.00000    0.46372
  94.00000    0.47975    0.00000    0.47975
  94.50000    0.48810    0.00000    0.48810
  95.00000    0.50405    0.00000    0.50405
  95.50000    0.55222    0.00000    0.55222
  96.00000    0.55744    0.00000    0.55744
  96.50000    0.56755    0.00000    0.56755
  97.00000    0.55810    0.00000    0.55810
  97.50000    0.55403    0.00000    0.55403
  98.00000    0.51600    0.00000    0.51600
  98.50000    0.51363    0.00000    0.51363
  99.00000    0.51629    0.00000    0.51629
  99.50000    0.53746    0.00000    0.53746
 100.00000    0.54827    0.00000    0.54827
 100.50000    0.55060    0.00000    0.55060
 101.00000    0.55132    0.00000    0.55132
 101.50000    0.52680    0.00000    0.52680
 102.00000    0.49479    0.00000    0.49479
 102.50000    0.45294    0.00000    0.45294
 103.00000    0.49256    0.00000    0.49256
 103.50000    0.50146    0.00000    0.50146
 104.00000    0.50659    0.00000    0.50659
 104.50000    0.50300    0.00000    0.50300
 105.00000    0.54088    0.00000    0.54088
 105.50000    0.52342    0.00000    0.52342
 106.00000    0.50525    0.00000    0.50525
 106.50000    0.51147    0.00000    0.51147
 107.00000    0.55750    0.00000    0.55750
 107.50000    0.56560    0.00000    0.56560
 108.00000    0.58634    0.00000    0.58634
 108.50000    0.56185    0.00000    0.56185
 109.00000    0.56134    0.00000    0.56134
 109.50000    0.53947    0.00000    0.53947
 110.00000    0.53749    0.00000    0.53749
 110.50000    0.49902    0.00000    0.49902
 111.00000    0.49850    0.00000    0.49850
 111.50000    0.52575    0.00000    0.52575
 112.00000    0.53504    0.00000    0.53504
 112.50000    0.53207    0.00000    0.53207
 113.00000    0.52288    0.00000    0.52288
 113.50000    0.50724    0.00000    0.50724
 114.00000    0.49647    0.00000    0.49647
 114.50000    0.49475    0.00000    0.49475
 115.00000    0.51158    0.00000    0.51158
 115.50000    0.52152    0.00000    0.52152
 116.00000    0.57825    0.00000    0.57825
 116.50000    0.57552    0.00000    0.57552
 117.00000    0.56711    0.00000    0.56711
 117.50000    0.53549    0.00000    0.53549
 118.00000    0.54208    0.00000    0.54208
 118.50000    0.53491    0.00000    0.53491
 119.00000    0.54168    0.00000    0.54168
 119.50000    0.54336    0.00000    0.54336
 120.00000    0.55360    0.00000    0.55360
 120.50000    0.51275    0.00000    0.51275
 121.00000    0.52738    0.00000    0.52738
 121.50000    0.52695    0.00000    0.52695
 122.00000    0.52764    0.00000    0.52764
 122.50000    0.49991    0.00000    0.49991
 123.00000    0.52485    0.00000    0.52485
 123.50000    0.50208    0.00000    0.50208
 124.00000    0.48911    0.00000    0.48911
 124.50000    0.50058    0.00000    0.50058
 125.00000    0.52984    0.00000    0.52984
 125.50000    0.52596    0.00000    0.52596
 126.00000    0.53212    0.00000    0.53212
 126.50000    0.50140    0.00000    0.50140
 127.00000    0.51695    0.00000    0.51695
 127.50000    0.50753    0.00000    0.50753
 128.00000    0.52069    0.00000    0.52069
 128.50000    0.49719    0.00000    0.49719
 129.00000    0.50430    0.00000    0.50430
 129.50000    0.50776    0.00000    0.50776
 130.00000    0.52519    0.00000    0.52519
 130.50000    0.50188    0.00000    0.50188
 131.00000    0.48837    0.00000    0.48837
 131.50000    0.49843    0.00000    0.49843
 132.00000    0.53149    0.00000    0.53149
 132.50000    0.52690    0.00000    0.52690
 133.00000    0.51530    0.00000    0.51530
 133.50000    0.50541    0.00000    0.50541
 134.00000    0.51511    0.00000    0.51511
 134.50000    0.52198    0.00000    0.52198
 135.00000    0.53039    0.00000    0.53039
 135.50000    0.56233    0.00000    0.56233
 136.00000    0.55873    0.00000    0.55873
 136.50000    0.52320    0.00000    0.52320
 137.00000    0.53147    0.00000    0.53147
 137.50000    0.56524    0.00000    0.56524
 138.00000    0.54681    0.00000    0.54681
 138.50000    0.49329    0.00000    0.49329
 139.00000    0.47705    0.00000    0.47705
 139.50000    0.50666    0.00000    0.50666
 140.00000    0.52270    0.00000    0.52270
 140.50000    0.53176    0.00000    0.53176
 141.00000    0.53955    0.00000    0.53955
 141.50000    0.50957    0.00000    0.50957
 142.00000    0.52724    0.00000    0.52724
 142.50000    0.55308    0.00000    0.55308
 143.00000    0.61395    0.00000    0.61395
 143.50000    0.60395    0.00000    0.60395
 144.00000    0.55621    0.00000    0.55621
 144.50000    0.49390    0.00000    0.49390
 145.00000    0.52293    0.00000    0.52293
 145.50000    0.55252    0.00000    0.55252
 146.00000    0.51265    0.00000    0.51265
 146.50000    0.47331    0.00000    0.47331
 147.00000    0.52222    0.00000    0.52222
 147.50000    0.54280    0.00000    0.54280
 148.00000    0.52109    0.00000    0.52109
 148.50000    0.50009    0.00000    0.50009
 149.00000    0.50758    0.00000    0.50758
 149.50000    0.49511    0.00000    0.49511
 150.00000    0.41191    0.00000    0.41191
