   0.00000    0.50182    0.00000    0.50182
   0.50000    0.49705    0.00000    0.49705
   1.00000    0.51498    0.00000    0.51498
   1.50000    0.52591    0.00000    0.52591
   2.00000    0.53222    0.00000    0.53222
   2.50000    0.49958    0.00000    0.49958
   3.00000    0.52304    0.00000    0.52304
   3.50000    0.56727    0.00000    0.56727
   4.00000    0.56599    0.00000    0.56599
   4.50000    0.53450    0.00000    0.53450
   5.00000    0.49501    0.00000    0.49501
   5.50000    0.50001    0.00000    0.50001
   6.00000    0.50227    0.00000    0.50227
   6.50000    0.55697    0.00000    0.55697
   7.00000    0.54704    0.00000    0.54704
   7.50000    0.50162    0.00000    0.50162
   8.00000    0.46654    0.00000    0.46654
   8.50000    0.50203    0.00000    0.50203
   9.00000    0.52439    0.00000    0.52439
   9.50000    0.51698    0.00000    0.51698
  10.00000    0.53031    0.00000    0.53031
  10.50000    0.55482    0.00000    0.55482
  11.00000    0.57033    0.00000    0.57033
  11.50000    0.55159    0.00000    0.55159
  12.00000    0.51412    0.00000    0.51412
  12.50000    0.50586    0.00000    0.50586
  13.00000    0.48662    0.00000    0.48662
  13.50000    0.50126    0.00000    0.50126
  14.00000    0.51316    0.00000    0.51316
  14.50000    0.54028    0.00000    0.54028
  15.00000    0.55756    0.00000    0.55756
  15.50000    0.61241    0.00000    0.61241
  16.00000    0.57486    0.00000    0.57486
  16.50000    0.53037    0.00000    0.53037
  17.00000    0.51167    0.00000    0.51167
  17.50000    0.53966    0.00000    0.53966
  18.00000    0.52968    0.00000    0.52968
  18.50000    0.54318    0.00000    0.54318
  19.00000    0.55416    0.00000    0.55416
  19.50000    0.53982    0.00000    0.53982
  20.00000    0.53083    0.00000    0.53083
  20.50000    0.52501    0.00000    0.52501
  21.00000    0.52222    0.00000    0.52222
  21.50000    0.51564    0.00000    0.51564
  22.00000    0.52496    0.00000    0.52496
  22.50000    0.50797    0.00000    0.50797
  23.00000    0.50352    0.00000    0.50352
  23.50000    0.54394    0.00000    0.54394
  24.00000    0.60144    0.00000    0.60144
  24.50000    0.56395    0.00000    0.56395
  25.00000    0.50808    0.00000    0.50808
  25.50000    0.50890    0.00000    0.50890
  26.00000    0.51694    0.00000    0.51694
  26.50000    0.50213    0.00000    0.50213
  27.00000    0.50890    0.00000    0.50890
  27.50000    0.52478    0.00000    0.52478
  28.00000    0.52416    0.00000    0.52416
  28.50000    0.51303    0.00000    0.51303
  29.00000    0.53230    0.00000    0.53230
  29.50000    0.53535    0.00000    0.53535
  30.00000    0.52838    0.00000    0.52838
  30.50000    0.53955    0.00000    0.53955
  31.00000    0.52400    0.00000    0.52400
  31.50000    0.53635    0.00000    0.53635
  32.00000    0.52363    0.00000    0.52363
  32.50000    0.53312    0.00000    0.53312
  33.00000    0.54089    0.00000    0.54089
  33.50000    0.55426    0.00000    0.55426
  34.00000    0.54106    0.00000    0.54106
  34.50000    0.53858    0.00000    0.53858
  35.00000    0.54178    0.00000    0.54178
  35.50000    0.52086    0.00000    0.52086
  36.00000    0.51232    0.00000    0.51232
  36.50000    0.52633    0.00000    0.52633
  37.00000    0.51815    0.00000    0.51815
  37.50000    0.51734    0.00000    0.51734
  38.00000    0.52062    0.00000    0.52062
  38.50000    0.55606    0.00000    0.55606
  39.00000    0.53659    0.00000    0.53659
  39.50000    0.51337    0.00000    0.51337
  40.00000    0.49442    0.00000    0.49442
  40.50000    0.57189    0.00000    0.57189
  41.00000    0.60576    0.00000    0.60576
  41.50000    0.56933    0.00000    0.56933
  42.00000    0.50582    0.00000    0.50582
  42.50000    0.47074    0.00000    0.47074
  43.00000    0.48187    0.00000    0.48187
  43.50000    0.48856    0.00000    0.48856
  44.00000    0.51305    0.00000    0.51305
  44.50000    0.53047    0.00000    0.53047
  45.00000    0.51089    0.00000    0.51089
  45.50000    0.50828    0.00000    0.50828
  46.00000    0.49908    0.00000    0.49908
  46.50000    0.51309    0.00000    0.51309
  47.00000    0.51416    0.00000    0.51416
  47.50000    0.55938    0.00000    0.55938
  48.00000    0.58271    0.00000    0.58271
  48.50000    0.55824    0.00000    0.55824
  49.00000    0.54819    0.00000    0.54819
  49.50000    0.53732    0.00000    0.53732
  50.00000    0.53137    0.00000    0.53137
  50.50000    0.51375    0.00000    0.51375
  51.00000    0.52895    0.00000    0.52895
  51.50000    0.55559    0.00000    0.55559
  52.00000    0.55012    0.00000    0.55012
  52.50000    0.55731    0.00000    0.55731
  53.00000    0.51996    0.00000    0.51996
  53.50000    0.49475    0.00000    0.49475
  54.00000    0.49099    0.00000    0.49099
  54.50000    0.55518    0.00000    0.55518
  55.00000    0.54971    0.00000    0.54971
  55.50000    0.54865    0.00000    0.54865
  56.00000    0.52377    0.00000    0.52377
  56.50000    0.51967    0.00000    0.51967
  57.00000    0.49095    0.00000    0.49095
  57.50000    0.53488    0.00000    0.53488
  58.00000    0.57458    0.00000    0.57458
  58.50000    0.56678    0.00000    0.56678
  59.00000    0.55175    0.00000    0.55175
  59.50000    0.53867    0.00000    0.53867
  60.00000    0.52514    0.00000    0.52514
  60.50000    0.50496    0.00000    0.50496
  61.00000    0.54143    0.00000    0.54143
  61.50000    0.54495    0.00000    0.54495
  62.00000    0.55282    0.00000    0.55282
  62.50000    0.51192    0.00000    0.51192
  63.00000    0.53331    0.00000    0.53331
  63.50000    0.57194    0.00000    0.57194
  64.00000    0.59158    0.00000    0.59158
  64.50000    0.52950    0.00000    0.52950
  65.00000    0.50742    0.00000    0.50742
  65.50000    0.57971    0.00000    0.57971
  66.00000    0.58438    0.00000    0.58438
  66.50000    0.56616    0.00000    0.56616
  67.00000    0.52639    0.00000    0.52639
  67.50000    0.58527    0.00000    0.58527
  68.00000    0.60557    0.00000    0.60557
  68.50000    0.57676    0.00000    0.57676
  69.00000    0.50403    0.00000    0.50403
  69.50000    0.47987    0.00000    0.47987
  70.00000    0.51697    0.00000    0.51697
  70.50000    0.52890    0.00000    0.52890
  71.00000    0.53278    0.00000    0.53278
  71.50000    0.49752    0.00000    0.49752
  72.00000    0.49249    0.00000    0.49249
  72.50000    0.49408    0.00000    0.49408
  73.00000    0.51678    0.00000    0.51678
  73.50000    0.55410    0.00000    0.55410
  74.00000    0.57219    0.00000    0.57219
  74.50000    0.58634    0.00000    0.58634
  75.00000    0.53786    0.00000    0.53786
  75.50000    0.51078    0.00000    0.51078
  76.00000    0.47894    0.00000    0.47894
  76.50000    0.50651    0.00000    0.50651
  77.00000    0.52409    0.00000    0.52409
  77.50000    0.55252    0.00000    0.55252
  78.00000    0.54935    0.00000    0.54935
  78.50000    0.51546    0.00000    0.51546
  79.00000    0.50829    0.00000    0.50829
  79.50000    0.49995    0.00000    0.49995
  80.00000    0.54147    0.00000    0.54147
  80.50000    0.54703    0.00000    0.54703
  81.00000    0.53650    0.00000    0.53650
  81.50000    0.49084    0.00000    0.49084
  82.00000    0.48740    0.00000    0.48740
  82.50000    0.51710    0.00000    0.51710
  83.00000    0.54749    0.00000    0.54749
  83.50000    0.52593    0.00000    0.52593
  84.00000    0.53710    0.00000    0.53710
  84.50000    0.58031    0.00000    0.58031
  85.00000    0.59909    0.00000    0.59909
  85.50000    0.54255    0.00000    0.54255
  86.00000    0.50879    0.00000    0.50879
  86.50000    0.53864    0.00000    0.53864
  87.00000    0.54454    0.00000    0.54454
  87.50000    0.55686    0.00000    0.55686
  88.00000    0.53096    0.00000    0.53096
  88.50000    0.54140    0.00000    0.54140
  89.00000    0.54216    0.00000    0.54216
  89.50000    0.56035    0.00000    0.56035
  90.00000    0.55099    0.00000    0.55099
  90.50000    0.54265    0.00000    0.54265
  91.00000    0.52014    0.00000    0.52014
  91.50000    0.49832    0.00000    0.49832
  92.00000    0.51907    0.00000    0.51907
  92.50000    0.51832    0.00000    0.51832
  93.00000    0.51029    0.00000    0.51029
  93.50000    0.50942    0.00000    0.50942
  94.00000    0.50312    0.00000    0.50312
  94.50000    0.49926    0.00000    0.49926
  95.00000    0.50877    0.00000    0.50877
  95.50000    0.57353    0.00000    0.57353
  96.00000    0.55157    0.00000    0.55157
  96.50000    0.57690    0.00000    0.57690
  97.00000    0.55222    0.00000    0.55222
  97.50000    0.56496    0.00000    0.56496
  98.00000    0.52316    0.00000    0.52316
  98.50000    0.53523    0.00000    0.53523
  99.00000    0.52240    0.00000    0.52240
  99.50000    0.54887    0.00000    0.54887
 100.00000    0.54310    0.00000    0.54310
 100.50000    0.54737    0.00000    0.54737
 101.00000    0.54178    0.00000    0.54178
 101.50000    0.53747    0.00000    0.53747
 102.00000    0.49313    0.00000    0.49313
 102.50000    0.48025    0.00000    0.48025
 103.00000    0.51803    0.00000    0.51803
 103.50000    0.50873    0.00000    0.50873
 104.00000    0.49201    0.00000    0.49201
 104.50000    0.50567    0.00000    0.50567
 105.00000    0.56029    0.00000    0.56029
 105.50000    0.54838    0.00000    0.54838
 106.00000    0.52222    0.00000    0.52222
 106.50000    0.52333    0.00000    0.52333
 107.00000    0.54936    0.00000    0.54936
 107.50000    0.55267    0.00000    0.55267
 108.00000    0.56235    0.00000    0.56235
 108.50000    0.56211    0.00000    0.56211
 109.00000    0.57541    0.00000    0.57541
 109.50000    0.55896    0.00000    0.55896
 110.00000    0.52954    0.00000    0.52954
 110.50000    0.49311    0.00000    0.49311
 111.00000    0.49476    0.00000    0.49476
 111.50000    0.53251    0.00000    0.53251
 112.00000    0.53415    0.00000    0.53415
 112.50000    0.54393    0.00000    0.54393
 113.00000    0.54112    0.00000    0.54112
 113.50000    0.49963    0.00000    0.49963
 114.00000    0.48882    0.00000    0.48882
 114.50000    0.48957    0.00000    0.48957
 115.00000    0.50920    0.00000    0.50920
 115.50000    0.52185    0.00000    0.52185
 116.00000    0.59475    0.00000    0.59475
 116.50000    0.60684    0.00000    0.60684
 117.00000    0.57636    0.00000    0.57636
 117.50000    0.53486    0.00000    0.53486
 118.00000    0.53096    0.00000    0.53096
 118.50000    0.53744    0.00000    0.53744
 119.00000    0.53846    0.00000    0.53846
 119.50000    0.55226    0.00000    0.55226
 120.00000    0.55976    0.00000    0.55976
 120.50000    0.49827    0.00000    0.49827
 121.00000    0.50139    0.00000    0.50139
 121.50000    0.52667    0.00000    0.52667
 122.00000    0.55142    0.00000    0.55142
 122.50000    0.51849    0.00000    0.51849
 123.00000    0.54397    0.00000    0.54397
 123.50000    0.51192    0.00000    0.51192
 124.00000    0.49334    0.00000    0.49334
 124.50000    0.49378    0.00000    0.49378
 125.00000    0.53224    0.00000    0.53224
 125.50000    0.54136    0.00000    0.54136
 126.00000    0.53841    0.00000    0.53841
 126.50000    0.51138    0.00000    0.51138
 127.00000    0.53588    0.00000    0.53588
 127.50000    0.55229    0.00000    0.55229
 128.00000    0.54308    0.00000    0.54308
 128.50000    0.48725    0.00000    0.48725
 129.00000    0.48501    0.00000    0.48501
 129.50000    0.52496    0.00000    0.52496
 130.00000    0.56749    0.00000    0.56749
 130.50000    0.52210    0.00000    0.52210
 131.00000    0.48002    0.00000    0.48002
 131.50000    0.49655    0.00000    0.49655
 132.00000    0.53409    0.00000    0.53409
 132.50000    0.52811    0.00000    0.52811
 133.00000    0.51636    0.00000    0.51636
 133.50000    0.52076    0.00000    0.52076
 134.00000    0.52332    0.00000    0.52332
 134.50000    0.54245    0.00000    0.54245
 135.00000    0.56984    0.00000    0.56984
 135.50000    0.57987    0.00000    0.57987
 136.00000    0.54953    0.00000    0.54953
 136.50000    0.50937    0.00000    0.50937
 137.00000    0.51284    0.00000    0.51284
 137.50000    0.55628    0.00000    0.55628
 138.00000    0.54944    0.00000    0.54944
 138.50000    0.51030    0.00000    0.51030
 139.00000    0.48126    0.00000    0.48126
 139.50000    0.53309    0.00000    0.53309
 140.00000    0.53858    0.00000    0.53858
 140.50000    0.55695    0.00000    0.55695
 141.00000    0.56712    0.00000    0.56712
 141.50000    0.52891    0.00000    0.52891
 142.00000    0.53798    0.00000    0.53798
 142.50000    0.56642    0.00000    0.56642
 143.00000    0.62435    0.00000    0.62435
 143.50000    0.57745    0.00000    0.57745
 144.00000    0.55515    0.00000    0.55515
 144.50000    0.51988    0.00000    0.51988
 145.00000    0.55260    0.00000    0.55260
 145.50000    0.57337    0.00000    0.57337
 146.00000    0.55126    0.00000    0.55126
 146.50000    0.49754    0.00000    0.49754
 147.00000    0.51857    0.00000    0.51857
 147.50000    0.53704    0.00000    0.53704
 148.00000    0.51590    0.00000    0.51590
 148.50000    0.48697    0.00000    0.48697
 149.00000    0.50300    0.00000    0.50300
 149.50000    0.53147    0.00000    0.53147
 150.00000    0.49121    0.00000    0.49121
