   0.00000    0.51652    0.00000    0.51652
   0.50000    0.58671    0.00000    0.58671
   1.00000    0.58676    0.00000    0.58676
   1.50000    0.56520    0.00000    0.56520
   2.00000    0.57093    0.00000    0.57093
   2.50000    0.56897    0.00000    0.56897
   3.00000    0.57664    0.00000    0.57664
   3.50000    0.59450    0.00000    0.59450
   4.00000    0.57833    0.00000    0.57833
   4.50000    0.57014    0.00000    0.57014
   5.00000    0.55283    0.00000    0.55283
   5.50000    0.57870    0.00000    0.57870
   6.00000    0.57027    0.00000    0.57027
   6.50000    0.61781    0.00000    0.61781
   7.00000    0.60578    0.00000    0.60578
   7.50000    0.56627    0.00000    0.56627
   8.00000    0.53011    0.00000    0.53011
   8.50000    0.56165    0.00000    0.56165
   9.00000    0.58112    0.00000    0.58112
   9.50000    0.60487    0.00000    0.60487
  10.00000    0.61549    0.00000    0.61549
  10.50000    0.61122    0.00000    0.61122
  11.00000    0.58642    0.00000    0.58642
  11.50000    0.58830    0.00000    0.58830
  12.00000    0.57024    0.00000    0.57024
  12.50000    0.59477    0.00000    0.59477
  13.00000    0.58064    0.00000    0.58064
  13.50000    0.59729    0.00000    0.59729
  14.00000    0.56381    0.00000    0.56381
  14.50000    0.57438    0.00000    0.57438
  15.00000    0.57989    0.00000    0.57989
  15.50000    0.63826    0.00000    0.63826
  16.00000    0.59883    0.00000    0.59883
  16.50000    0.57015    0.00000    0.57015
  17.00000    0.56926    0.00000    0.56926
  17.50000    0.60355    0.00000    0.60355
  18.00000    0.58704    0.00000    0.58704
  18.50000    0.60341    0.00000    0.60341
  19.00000    0.60514    0.00000    0.60514
  19.50000    0.57868    0.00000    0.57868
  20.00000    0.54197    0.00000    0.54197
  20.50000    0.55155    0.00000    0.55155
  21.00000    0.56272    0.00000    0.56272
  21.50000    0.58417    0.00000    0.58417
  22.00000    0.60450    0.00000    0.60450
  22.50000    0.60412    0.00000    0.60412
  23.00000    0.57708    0.00000    0.57708
  23.50000    0.59911    0.00000    0.59911
  24.00000    0.62373    0.00000    0.62373
  24.50000    0.61171    0.00000    0.61171
  25.00000    0.56406    0.00000    0.56406
  25.50000    0.56614    0.00000    0.56614
  26.00000    0.59004    0.00000    0.59004
  26.50000    0.58698    0.00000    0.58698
  27.00000    0.59145    0.00000    0.59145
  27.50000    0.59043    0.00000    0.59043
  28.00000    0.59077    0.00000    0.59077
  28.50000    0.55381    0.00000    0.55381
  29.00000    0.58190    0.00000    0.58190
  29.50000    0.59679    0.00000    0.59679
  30.00000    0.59288    0.00000    0.59288
  30.50000    0.57105    0.00000    0.57105
  31.00000    0.54646    0.00000    0.54646
  31.50000    0.53948    0.00000    0.53948
  32.00000    0.55172    0.00000    0.55172
  32.50000    0.60772    0.00000    0.60772
  33.00000    0.61375    0.00000    0.61375
  33.50000    0.58569    0.00000    0.58569
  34.00000    0.57062    0.00000    0.57062
  34.50000    0.61460    0.00000    0.61460
  35.00000    0.59411    0.00000    0.59411
  35.50000    0.56864    0.00000    0.56864
  36.00000    0.57381    0.00000    0.57381
  36.50000    0.59693    0.00000    0.59693
  37.00000    0.55793    0.00000    0.55793
  37.50000    0.56710    0.00000    0.56710
  38.00000    0.60892    0.00000    0.60892
  38.50000    0.66429    0.00000    0.66429
  39.00000    0.64880    0.00000    0.64880
  39.50000    0.58315    0.00000    0.58315
  40.00000    0.59784    0.00000    0.59784
  40.50000    0.63940    0.00000    0.63940
  41.00000    0.67623    0.00000    0.67623
  41.50000    0.63348    0.00000    0.63348
  42.00000    0.60220    0.00000    0.60220
  42.50000    0.54811    0.00000    0.54811
  43.00000    0.56314    0.00000    0.56314
  43.50000    0.58269    0.00000    0.58269
  44.00000    0.58242    0.00000    0.58242
  44.50000    0.59180    0.00000    0.59180
  45.00000    0.57130    0.00000    0.57130
  45.50000    0.55298    0.00000    0.55298
  46.00000    0.55829    0.00000    0.55829
  46.50000    0.57292    0.00000    0.57292
  47.00000    0.58344    0.00000    0.58344
  47.50000    0.60251    0.00000    0.60251
  48.00000    0.64994    0.00000    0.64994
  48.50000    0.60004    0.00000    0.60004
  49.00000    0.60676    0.00000    0.60676
  49.50000    0.61123    0.00000    0.61123
  50.00000    0.62317    0.00000    0.62317
  50.50000    0.58563    0.00000    0.58563
  51.00000    0.60198    0.00000    0.60198
  51.50000    0.61489    0.00000    0.61489
  52.00000    0.61663    0.00000    0.61663
  52.50000    0.62607    0.00000    0.62607
  53.00000    0.59670    0.00000    0.59670
  53.50000    0.54606    0.00000    0.54606
  54.00000    0.56327    0.00000    0.56327
  54.50000    0.59151    0.00000    0.59151
  55.00000    0.59555    0.00000    0.59555
  55.50000    0.61696    0.00000    0.61696
  56.00000    0.63118    0.00000    0.63118
  56.50000    0.56565    0.00000    0.56565
  57.00000    0.50639    0.00000    0.50639
  57.50000    0.53266    0.00000    0.53266
  58.00000    0.60564    0.00000    0.60564
  58.50000    0.63048    0.00000    0.63048
  59.00000    0.61461    0.00000    0.61461
  59.50000    0.55978    0.00000    0.55978
  60.00000    0.54213    0.00000    0.54213
  60.50000    0.54918    0.00000    0.54918
  61.00000    0.62464    0.00000    0.62464
  61.50000    0.64781    0.00000    0.64781
  62.00000    0.64710    0.00000    0.64710
  62.50000    0.59265    0.00000    0.59265
  63.00000    0.62834    0.00000    0.62834
  63.50000    0.67537    0.00000    0.67537
  64.00000    0.68584    0.00000    0.68584
  64.50000    0.60970    0.00000    0.60970
  65.00000    0.56624    0.00000    0.56624
  65.50000    0.59719    0.00000    0.59719
  66.00000    0.61129    0.00000    0.61129
  66.50000    0.60153    0.00000    0.60153
  67.00000    0.58609    0.00000    0.58609
  67.50000    0.61591    0.00000    0.61591
  68.00000    0.63890    0.00000    0.63890
  68.50000    0.60083    0.00000    0.60083
  69.00000    0.54463    0.00000    0.54463
  69.50000    0.52156    0.00000    0.52156
  70.00000    0.57358    0.00000    0.57358
  70.50000    0.58151    0.00000    0.58151
  71.00000    0.58113    0.00000    0.58113
  71.50000    0.55470    0.00000    0.55470
  72.00000    0.54603    0.00000    0.54603
  72.50000    0.56254    0.00000    0.56254
  73.00000    0.60492    0.00000    0.60492
  73.50000    0.62530    0.00000    0.62530
  74.00000    0.62618    0.00000    0.62618
  74.50000    0.66997    0.00000    0.66997
  75.00000    0.64245    0.00000    0.64245
  75.50000    0.59250    0.00000    0.59250
  76.00000    0.53384    0.00000    0.53384
  76.50000    0.56562    0.00000    0.56562
  77.00000    0.57473    0.00000    0.57473
  77.50000    0.62188    0.00000    0.62188
  78.00000    0.60670    0.00000    0.60670
  78.50000    0.56835    0.00000    0.56835
  79.00000    0.53370    0.00000    0.53370
  79.50000    0.53744    0.00000    0.53744
  80.00000    0.58125    0.00000    0.58125
  80.50000    0.60395    0.00000    0.60395
  81.00000    0.57669    0.00000    0.57669
  81.50000    0.54530    0.00000    0.54530
  82.00000    0.54896    0.00000    0.54896
  82.50000    0.58851    0.00000    0.58851
  83.00000    0.58279    0.00000    0.58279
  83.50000    0.56747    0.00000    0.56747
  84.00000    0.58112    0.00000    0.58112
  84.50000    0.62787    0.00000    0.62787
  85.00000    0.62518    0.00000    0.62518
  85.50000    0.59351    0.00000    0.59351
  86.00000    0.57583    0.00000    0.57583
  86.50000    0.60428    0.00000    0.60428
  87.00000    0.61705    0.00000    0.61705
  87.50000    0.62877    0.00000    0.62877
  88.00000    0.59806    0.00000    0.59806
  88.50000    0.60305    0.00000    0.60305
  89.00000    0.62854    0.00000    0.62854
  89.50000    0.63172    0.00000    0.63172
  90.00000    0.61393    0.00000    0.61393
  90.50000    0.59860    0.00000    0.59860
  91.00000    0.58415    0.00000    0.58415
  91.50000    0.56424    0.00000    0.56424
  92.00000    0.56570    0.00000    0.56570
  92.50000    0.55359    0.00000    0.55359
  93.00000    0.55682    0.00000    0.55682
  93.50000    0.55563    0.00000    0.55563
  94.00000    0.54450    0.00000    0.54450
  94.50000    0.54431    0.00000    0.54431
  95.00000    0.57002    0.00000    0.57002
  95.50000    0.61231    0.00000    0.61231
  96.00000    0.61841    0.00000    0.61841
  96.50000    0.64414    0.00000    0.64414
  97.00000    0.62413    0.00000    0.62413
  97.50000    0.61515    0.00000    0.61515
  98.00000    0.59532    0.00000    0.59532
  98.50000    0.58150    0.00000    0.58150
  99.00000    0.57149    0.00000    0.57149
  99.50000    0.58125    0.00000    0.58125
 100.00000    0.59145    0.00000    0.59145
 100.50000    0.59502    0.00000    0.59502
 101.00000    0.61733    0.00000    0.61733
 101.50000    0.61178    0.00000    0.61178
 102.00000    0.55905    0.00000    0.55905
 102.50000    0.50324    0.00000    0.50324
 103.00000    0.51434    0.00000    0.51434
 103.50000    0.54388    0.00000    0.54388
 104.00000    0.57834    0.00000    0.57834
 104.50000    0.59118    0.00000    0.59118
 105.00000    0.63179    0.00000    0.63179
 105.50000    0.61516    0.00000    0.61516
 106.00000    0.58797    0.00000    0.58797
 106.50000    0.58817    0.00000    0.58817
 107.00000    0.62679    0.00000    0.62679
 107.50000    0.63109    0.00000    0.63109
 108.00000    0.63440    0.00000    0.63440
 108.50000    0.62272    0.00000    0.62272
 109.00000    0.60884    0.00000    0.60884
 109.50000    0.60654    0.00000    0.60654
 110.00000    0.62495    0.00000    0.62495
 110.50000    0.62484    0.00000    0.62484
 111.00000    0.61355    0.00000    0.61355
 111.50000    0.60914    0.00000    0.60914
 112.00000    0.59009    0.00000    0.59009
 112.50000    0.57762    0.00000    0.57762
 113.00000    0.57724    0.00000    0.57724
 113.50000    0.57523    0.00000    0.57523
 114.00000    0.58084    0.00000    0.58084
 114.50000    0.56512    0.00000    0.56512
 115.00000    0.54642    0.00000    0.54642
 115.50000    0.56162    0.00000    0.56162
 116.00000    0.63822    0.00000    0.63822
 116.50000    0.64460    0.00000    0.64460
 117.00000    0.61680    0.00000    0.61680
 117.50000    0.61817    0.00000    0.61817
 118.00000    0.62936    0.00000    0.62936
 118.50000    0.60474    0.00000    0.60474
 119.00000    0.58501    0.00000    0.58501
 119.50000    0.59786    0.00000    0.59786
 120.00000    0.60229    0.00000    0.60229
 120.50000    0.57020    0.00000    0.57020
 121.00000    0.58814    0.00000    0.58814
 121.50000    0.56807    0.00000    0.56807
 122.00000    0.56902    0.00000    0.56902
 122.50000    0.56771    0.00000    0.56771
 123.00000    0.59749    0.00000    0.59749
 123.50000    0.56344    0.00000    0.56344
 124.00000    0.53977    0.00000    0.53977
 124.50000    0.56310    0.00000    0.56310
 125.00000    0.60793    0.00000    0.60793
 125.50000    0.63698    0.00000    0.63698
 126.00000    0.62167    0.00000    0.62167
 126.50000    0.56350    0.00000    0.56350
 127.00000    0.58648    0.00000    0.58648
 127.50000    0.59701    0.00000    0.59701
 128.00000    0.61130    0.00000    0.61130
 128.50000    0.57589    0.00000    0.57589
 129.00000    0.57861    0.00000    0.57861
 129.50000    0.58827    0.00000    0.58827
 130.00000    0.58589    0.00000    0.58589
 130.50000    0.57385    0.00000    0.57385
 131.00000    0.56260    0.00000    0.56260
 131.50000    0.58380    0.00000    0.58380
 132.00000    0.57415    0.00000    0.57415
 132.50000    0.58937    0.00000    0.58937
 133.00000    0.58370    0.00000    0.58370
 133.50000    0.59157    0.00000    0.59157
 134.00000    0.57995    0.00000    0.57995
 134.50000    0.58885    0.00000    0.58885
 135.00000    0.58229    0.00000    0.58229
 135.50000    0.59051    0.00000    0.59051
 136.00000    0.59767    0.00000    0.59767
 136.50000    0.60440    0.00000    0.60440
 137.00000    0.61472    0.00000    0.61472
 137.50000    0.61500    0.00000    0.61500
 138.00000    0.60179    0.00000    0.60179
 138.50000    0.58883    0.00000    0.58883
 139.00000    0.58591    0.00000    0.58591
 139.50000    0.59701    0.00000    0.59701
 140.00000    0.60083    0.00000    0.60083
 140.50000    0.59575    0.00000    0.59575
 141.00000    0.62272    0.00000    0.62272
 141.50000    0.58560    0.00000    0.58560
 142.00000    0.59913    0.00000    0.59913
 142.50000    0.60099    0.00000    0.60099
 143.00000    0.65314    0.00000    0.65314
 143.50000    0.65033    0.00000    0.65033
 144.00000    0.61131    0.00000    0.61131
 144.50000    0.57148    0.00000    0.57148
 145.00000    0.58238    0.00000    0.58238
 145.50000    0.60440    0.00000    0.60440
 146.00000    0.57935    0.00000    0.57935
 146.50000    0.57525    0.00000    0.57525
 147.00000    0.60440    0.00000    0.60440
 147.50000    0.57311    0.00000    0.57311
 148.00000    0.55305    0.00000    0.55305
 148.50000    0.55980    0.00000    0.55980
 149.00000    0.60247    0.00000    0.60247
 149.50000    0.59415    0.00000    0.59415
 150.00000    0.52174    0.00000    0.52174
