   0.00000    0.47476    0.00000    0.47476
   0.50000    0.47619    0.00000    0.47619
   1.00000    0.49420    0.00000    0.49420
   1.50000    0.50821    0.00000    0.50821
   2.00000    0.51334    0.00000    0.51334
   2.50000    0.49726    0.00000    0.49726
   3.00000    0.51017    0.00000    0.51017
   3.50000    0.53565    0.00000    0.53565
   4.00000    0.52613    0.00000    0.52613
   4.50000    0.51108    0.00000    0.51108
   5.00000    0.48455    0.00000    0.48455
   5.50000    0.48877    0.00000    0.48877
   6.00000    0.47966    0.00000    0.47966
   6.50000    0.52058    0.00000    0.52058
   7.00000    0.52333    0.00000    0.52333
   7.50000    0.50084    0.00000    0.50084
   8.00000    0.46566    0.00000    0.46566
   8.50000    0.49302    0.00000    0.49302
   9.00000    0.51757    0.00000    0.51757
   9.50000    0.53216    0.00000    0.53216
  10.00000    0.54075    0.00000    0.54075
  10.50000    0.55277    0.00000    0.55277
  11.00000    0.54388    0.00000    0.54388
  11.50000    0.52999    0.00000    0.52999
  12.00000    0.49315    0.00000    0.49315
  12.50000    0.49530    0.00000    0.49530
  13.00000    0.48280    0.00000    0.48280
  13.50000    0.49050    0.00000    0.49050
  14.00000    0.48180    0.00000    0.48180
  14.50000    0.49516    0.00000    0.49516
  15.00000    0.51553    0.00000    0.51553
  15.50000    0.54444    0.00000    0.54444
  16.00000    0.52395    0.00000    0.52395
  16.50000    0.49565    0.00000    0.49565
  17.00000    0.49830    0.00000    0.49830
  17.50000    0.51149    0.00000    0.51149
  18.00000    0.50679    0.00000    0.50679
  18.50000    0.52313    0.00000    0.52313
  19.00000    0.54905    0.00000    0.54905
  19.50000    0.53083    0.00000    0.53083
  20.00000    0.50373    0.00000    0.50373
  20.50000    0.49138    0.00000    0.49138
  21.00000    0.51112    0.00000    0.51112
  21.50000    0.51030    0.00000    0.51030
  22.00000    0.52153    0.00000    0.52153
  22.50000    0.51535    0.00000    0.51535
  23.00000    0.50226    0.00000    0.50226
  23.50000    0.51557    0.00000    0.51557
  24.00000    0.55481    0.00000    0.55481
  24.50000    0.55024    0.00000    0.55024
  25.00000    0.50088    0.00000    0.50088
  25.50000    0.49967    0.00000    0.49967
  26.00000    0.50815    0.00000    0.50815
  26.50000    0.50415    0.00000    0.50415
  27.00000    0.50170    0.00000    0.50170
  27.50000    0.49181    0.00000    0.49181
  28.00000    0.49657    0.00000    0.49657
  28.50000    0.48761    0.00000    0.48761
  29.00000    0.52059    0.00000    0.52059
  29.50000    0.52605    0.00000    0.52605
  30.00000    0.50929    0.00000    0.50929
  30.50000    0.48632    0.00000    0.48632
  31.00000    0.47214    0.00000    0.47214
  31.50000    0.50201    0.00000    0.50201
  32.00000    0.52391    0.00000    0.52391
  32.50000    0.54452    0.00000    0.54452
  33.00000    0.54471    0.00000    0.54471
  33.50000    0.53653    0.00000    0.53653
  34.00000    0.52773    0.00000    0.52773
  34.50000    0.52437    0.00000    0.52437
  35.00000    0.51988    0.00000    0.51988
  35.50000    0.50359    0.00000    0.50359
  36.00000    0.51093    0.00000    0.51093
  36.50000    0.52922    0.00000    0.52922
  37.00000    0.53664    0.00000    0.53664
  37.50000    0.52800    0.00000    0.52800
  38.00000    0.52904    0.00000    0.52904
  38.50000    0.53892    0.00000    0.53892
  39.00000    0.53936    0.00000    0.53936
  39.50000    0.50020    0.00000    0.50020
  40.00000    0.50219    0.00000    0.50219
  40.50000    0.54529    0.00000    0.54529
  41.00000    0.57234    0.00000    0.57234
  41.50000    0.53404    0.00000    0.53404
  42.00000    0.50482    0.00000    0.50482
  42.50000    0.47485    0.00000    0.47485
  43.00000    0.48416    0.00000    0.48416
  43.50000    0.49309    0.00000    0.49309
  44.00000    0.50916    0.00000    0.50916
  44.50000    0.52305    0.00000    0.52305
  45.00000    0.51159    0.00000    0.51159
  45.50000    0.49307    0.00000    0.49307
  46.00000    0.49555    0.00000    0.49555
  46.50000    0.50394    0.00000    0.50394
  47.00000    0.51537    0.00000    0.51537
  47.50000    0.54161    0.00000    0.54161
  48.00000    0.56900    0.00000    0.56900
  48.50000    0.52347    0.00000    0.52347
  49.00000    0.52988    0.00000    0.52988
  49.50000    0.53224    0.00000    0.53224
  50.00000    0.53632    0.00000    0.53632
  50.50000    0.50918    0.00000    0.50918
  51.00000    0.52598    0.00000    0.52598
  51.50000    0.53952    0.00000    0.53952
  52.00000    0.53283    0.00000    0.53283
  52.50000    0.53421    0.00000    0.53421
  53.00000    0.51388    0.00000    0.51388
  53.50000    0.48398    0.00000    0.48398
  54.00000    0.49867    0.00000    0.49867
  54.50000    0.52970    0.00000    0.52970
  55.00000    0.53139    0.00000    0.53139
  55.50000    0.53617    0.00000    0.53617
  56.00000    0.55095    0.00000    0.55095
  56.50000    0.50523    0.00000    0.50523
  57.00000    0.46721    0.00000    0.46721
  57.50000    0.50385    0.00000    0.50385
  58.00000    0.55606    0.00000    0.55606
  58.50000    0.54105    0.00000    0.54105
  59.00000    0.51277    0.00000    0.51277
  59.50000    0.48484    0.00000    0.48484
  60.00000    0.47661    0.00000    0.47661
  60.50000    0.47959    0.00000    0.47959
  61.00000    0.52694    0.00000    0.52694
  61.50000    0.53781    0.00000    0.53781
  62.00000    0.53847    0.00000    0.53847
  62.50000    0.49613    0.00000    0.49613
  63.00000    0.52499    0.00000    0.52499
  63.50000    0.57119    0.00000    0.57119
  64.00000    0.58568    0.00000    0.58568
  64.50000    0.52132    0.00000    0.52132
  65.00000    0.48225    0.00000    0.48225
  65.50000    0.54002    0.00000    0.54002
  66.00000    0.56638    0.00000    0.56638
  66.50000    0.54619    0.00000    0.54619
  67.00000    0.50332    0.00000    0.50332
  67.50000    0.54250    0.00000    0.54250
  68.00000    0.57999    0.00000    0.57999
  68.50000    0.54345    0.00000    0.54345
  69.00000    0.48053    0.00000    0.48053
  69.50000    0.45627    0.00000    0.45627
  70.00000    0.49200    0.00000    0.49200
  70.50000    0.50481    0.00000    0.50481
  71.00000    0.50307    0.00000    0.50307
  71.50000    0.48098    0.00000    0.48098
  72.00000    0.47694    0.00000    0.47694
  72.50000    0.49623    0.00000    0.49623
  73.00000    0.51789    0.00000    0.51789
  73.50000    0.52714    0.00000    0.52714
  74.00000    0.53345    0.00000    0.53345
  74.50000    0.55107    0.00000    0.55107
  75.00000    0.52126    0.00000    0.52126
  75.50000    0.50048    0.00000    0.50048
  76.00000    0.47571    0.00000    0.47571
  76.50000    0.48096    0.00000    0.48096
  77.00000    0.49344    0.00000    0.49344
  77.50000    0.54549    0.00000    0.54549
  78.00000    0.54232    0.00000    0.54232
  78.50000    0.49517    0.00000    0.49517
  79.00000    0.47621    0.00000    0.47621
  79.50000    0.48983    0.00000    0.48983
  80.00000    0.52595    0.00000    0.52595
  80.50000    0.53272    0.00000    0.53272
  81.00000    0.49864    0.00000    0.49864
  81.50000    0.46128    0.00000    0.46128
  82.00000    0.45940    0.00000    0.45940
  82.50000    0.50420    0.00000    0.50420
  83.00000    0.52056    0.00000    0.52056
  83.50000    0.51365    0.00000    0.51365
  84.00000    0.52428    0.00000    0.52428
  84.50000    0.57165    0.00000    0.57165
  85.00000    0.57385    0.00000    0.57385
  85.50000    0.52791    0.00000    0.52791
  86.00000    0.48892    0.00000    0.48892
  86.50000    0.50870    0.00000    0.50870
  87.00000    0.52231    0.00000    0.52231
  87.50000    0.54421    0.00000    0.54421
  88.00000    0.52369    0.00000    0.52369
  88.50000    0.52286    0.00000    0.52286
  89.00000    0.52858    0.00000    0.52858
  89.50000    0.54093    0.00000    0.54093
  90.00000    0.52247    0.00000    0.52247
  90.50000    0.51214    0.00000    0.51214
  91.00000    0.49574    0.00000    0.49574
  91.50000    0.49266    0.00000    0.49266
  92.00000    0.50651    0.00000    0.50651
  92.50000    0.49015    0.00000    0.49015
  93.00000    0.46271    0.00000    0.46271
  93.50000    0.45175    0.00000    0.45175
  94.00000    0.47127    0.00000    0.47127
  94.50000    0.47481    0.00000    0.47481
  95.00000    0.49337    0.00000    0.49337
  95.50000    0.53715    0.00000    0.53715
  96.00000    0.55328    0.00000    0.55328
  96.50000    0.56612    0.00000    0.56612
  97.00000    0.55009    0.00000    0.55009
  97.50000    0.55213    0.00000    0.55213
  98.00000    0.51789    0.00000    0.51789
  98.50000    0.50675    0.00000    0.50675
  99.00000    0.49405    0.00000    0.49405
  99.50000    0.52365    0.00000    0.52365
 100.00000    0.52753    0.00000    0.52753
 100.50000    0.53461    0.00000    0.53461
 101.00000    0.52770    0.00000    0.52770
 101.50000    0.52275    0.00000    0.52275
 102.00000    0.47646    0.00000    0.47646
 102.50000    0.44839    0.00000    0.44839
 103.00000    0.48294    0.00000    0.48294
 103.50000    0.50094    0.00000    0.50094
 104.00000    0.50681    0.00000    0.50681
 104.50000    0.51087    0.00000    0.51087
 105.00000    0.54866    0.00000    0.54866
 105.50000    0.51956    0.00000    0.51956
 106.00000    0.49533    0.00000    0.49533
 106.50000    0.50635    0.00000    0.50635
 107.00000    0.54644    0.00000    0.54644
 107.50000    0.55213    0.00000    0.55213
 108.00000    0.55646    0.00000    0.55646
 108.50000    0.54298    0.00000    0.54298
 109.00000    0.54494    0.00000    0.54494
 109.50000    0.53889    0.00000    0.53889
 110.00000    0.54071    0.00000    0.54071
 110.50000    0.50200    0.00000    0.50200
 111.00000    0.49884    0.00000    0.49884
 111.50000    0.52082    0.00000    0.52082
 112.00000    0.53099    0.00000    0.53099
 112.50000    0.52388    0.00000    0.52388
 113.00000    0.52183    0.00000    0.52183
 113.50000    0.51280    0.00000    0.51280
 114.00000    0.50498    0.00000    0.50498
 114.50000    0.49488    0.00000    0.49488
 115.00000    0.49367    0.00000    0.49367
 115.50000    0.50028    0.00000    0.50028
 116.00000    0.56314    0.00000    0.56314
 116.50000    0.56801    0.00000    0.56801
 117.00000    0.54996    0.00000    0.54996
 117.50000    0.52343    0.00000    0.52343
 118.00000    0.52366    0.00000    0.52366
 118.50000    0.51384    0.00000    0.51384
 119.00000    0.51610    0.00000    0.51610
 119.50000    0.54082    0.00000    0.54082
 120.00000    0.54151    0.00000    0.54151
 120.50000    0.50290    0.00000    0.50290
 121.00000    0.51150    0.00000    0.51150
 121.50000    0.51782    0.00000    0.51782
 122.00000    0.51153    0.00000    0.51153
 122.50000    0.49062    0.00000    0.49062
 123.00000    0.51272    0.00000    0.51272
 123.50000    0.48802    0.00000    0.48802
 124.00000    0.47603    0.00000    0.47603
 124.50000    0.48919    0.00000    0.48919
 125.00000    0.51948    0.00000    0.51948
 125.50000    0.52098    0.00000    0.52098
 126.00000    0.52646    0.00000    0.52646
 126.50000    0.49777    0.00000    0.49777
 127.00000    0.51493    0.00000    0.51493
 127.50000    0.51338    0.00000    0.51338
 128.00000    0.53261    0.00000    0.53261
 128.50000    0.51210    0.00000    0.51210
 129.00000    0.50754    0.00000    0.50754
 129.50000    0.50661    0.00000    0.50661
 130.00000    0.52066    0.00000    0.52066
 130.50000    0.49490    0.00000    0.49490
 131.00000    0.48007    0.00000    0.48007
 131.50000    0.50569    0.00000    0.50569
 132.00000    0.52405    0.00000    0.52405
 132.50000    0.50635    0.00000    0.50635
 133.00000    0.49349    0.00000    0.49349
 133.50000    0.49655    0.00000    0.49655
 134.00000    0.51198    0.00000    0.51198
 134.50000    0.53054    0.00000    0.53054
 135.00000    0.54263    0.00000    0.54263
 135.50000    0.54806    0.00000    0.54806
 136.00000    0.54018    0.00000    0.54018
 136.50000    0.51563    0.00000    0.51563
 137.00000    0.52831    0.00000    0.52831
 137.50000    0.54438    0.00000    0.54438
 138.00000    0.52934    0.00000    0.52934
 138.50000    0.49803    0.00000    0.49803
 139.00000    0.48732    0.00000    0.48732
 139.50000    0.50447    0.00000    0.50447
 140.00000    0.50864    0.00000    0.50864
 140.50000    0.52490    0.00000    0.52490
 141.00000    0.53877    0.00000    0.53877
 141.50000    0.50049    0.00000    0.50049
 142.00000    0.51295    0.00000    0.51295
 142.50000    0.53663    0.00000    0.53663
 143.00000    0.60140    0.00000    0.60140
 143.50000    0.57862    0.00000    0.57862
 144.00000    0.54724    0.00000    0.54724
 144.50000    0.51017    0.00000    0.51017
 145.00000    0.53591    0.00000    0.53591
 145.50000    0.53272    0.00000    0.53272
 146.00000    0.48950    0.00000    0.48950
 146.50000    0.46715    0.00000    0.46715
 147.00000    0.50452    0.00000    0.50452
 147.50000    0.52648    0.00000    0.52648
 148.00000    0.51472    0.00000    0.51472
 148.50000    0.48567    0.00000    0.48567
 149.00000    0.48300    0.00000    0.48300
 149.50000    0.49267    0.00000    0.49267
 150.00000    0.42953    0.00000    0.42953
