   0.00000    0.50651    0.00000    0.50651
   0.50000    0.49788    0.00000    0.49788
   1.00000    0.52118    0.00000    0.52118
   1.50000    0.53217    0.00000    0.53217
   2.00000    0.54094    0.00000    0.54094
   2.50000    0.50697    0.00000    0.50697
   3.00000    0.53440    0.00000    0.53440
   3.50000    0.57781    0.00000    0.57781
   4.00000    0.57638    0.00000    0.57638
   4.50000    0.53976    0.00000    0.53976
   5.00000    0.49551    0.00000    0.49551
   5.50000    0.50541    0.00000    0.50541
   6.00000    0.50398    0.00000    0.50398
   6.50000    0.55604    0.00000    0.55604
   7.00000    0.54872    0.00000    0.54872
   7.50000    0.50697    0.00000    0.50697
   8.00000    0.47150    0.00000    0.47150
   8.50000    0.50763    0.00000    0.50763
   9.00000    0.54540    0.00000    0.54540
   9.50000    0.54181    0.00000    0.54181
  10.00000    0.54988    0.00000    0.54988
  10.50000    0.56547    0.00000    0.56547
  11.00000    0.57154    0.00000    0.57154
  11.50000    0.55967    0.00000    0.55967
  12.00000    0.52352    0.00000    0.52352
  12.50000    0.52262    0.00000    0.52262
  13.00000    0.50091    0.00000    0.50091
  13.50000    0.51721    0.00000    0.51721
  14.00000    0.52962    0.00000    0.52962
  14.50000    0.54340    0.00000    0.54340
  15.00000    0.56179    0.00000    0.56179
  15.50000    0.61575    0.00000    0.61575
  16.00000    0.59122    0.00000    0.59122
  16.50000    0.53636    0.00000    0.53636
  17.00000    0.52096    0.00000    0.52096
  17.50000    0.54920    0.00000    0.54920
  18.00000    0.53892    0.00000    0.53892
  18.50000    0.55365    0.00000    0.55365
  19.00000    0.57143    0.00000    0.57143
  19.50000    0.55774    0.00000    0.55774
  20.00000    0.53729    0.00000    0.53729
  20.50000    0.52273    0.00000    0.52273
  21.00000    0.52296    0.00000    0.52296
  21.50000    0.52175    0.00000    0.52175
  22.00000    0.53896    0.00000    0.53896
  22.50000    0.52037    0.00000    0.52037
  23.00000    0.51084    0.00000    0.51084
  23.50000    0.54535    0.00000    0.54535
  24.00000    0.59197    0.00000    0.59197
  24.50000    0.55902    0.00000    0.55902
  25.00000    0.49949    0.00000    0.49949
  25.50000    0.51266    0.00000    0.51266
  26.00000    0.52479    0.00000    0.52479
  26.50000    0.51943    0.00000    0.51943
  27.00000    0.51338    0.00000    0.51338
  27.50000    0.52596    0.00000    0.52596
  28.00000    0.52339    0.00000    0.52339
  28.50000    0.51437    0.00000    0.51437
  29.00000    0.53456    0.00000    0.53456
  29.50000    0.54159    0.00000    0.54159
  30.00000    0.52874    0.00000    0.52874
  30.50000    0.52775    0.00000    0.52775
  31.00000    0.51790    0.00000    0.51790
  31.50000    0.53330    0.00000    0.53330
  32.00000    0.52726    0.00000    0.52726
  32.50000    0.53121    0.00000    0.53121
  33.00000    0.54925    0.00000    0.54925
  33.50000    0.56468    0.00000    0.56468
  34.00000    0.55410    0.00000    0.55410
  34.50000    0.54766    0.00000    0.54766
  35.00000    0.54317    0.00000    0.54317
  35.50000    0.52895    0.00000    0.52895
  36.00000    0.51627    0.00000    0.51627
  36.50000    0.53068    0.00000    0.53068
  37.00000    0.51817    0.00000    0.51817
  37.50000    0.52153    0.00000    0.52153
  38.00000    0.52854    0.00000    0.52854
  38.50000    0.56617    0.00000    0.56617
  39.00000    0.55054    0.00000    0.55054
  39.50000    0.51985    0.00000    0.51985
  40.00000    0.51797    0.00000    0.51797
  40.50000    0.59397    0.00000    0.59397
  41.00000    0.62171    0.00000    0.62171
  41.50000    0.57555    0.00000    0.57555
  42.00000    0.51466    0.00000    0.51466
  42.50000    0.47902    0.00000    0.47902
  43.00000    0.48898    0.00000    0.48898
  43.50000    0.49028    0.00000    0.49028
  44.00000    0.51008    0.00000    0.51008
  44.50000    0.53383    0.00000    0.53383
  45.00000    0.51447    0.00000    0.51447
  45.50000    0.50645    0.00000    0.50645
  46.00000    0.50423    0.00000    0.50423
  46.50000    0.52454    0.00000    0.52454
  47.00000    0.51953    0.00000    0.51953
  47.50000    0.56220    0.00000    0.56220
  48.00000    0.58527    0.00000    0.58527
  48.50000    0.56679    0.00000    0.56679
  49.00000    0.56683    0.00000    0.56683
  49.50000    0.55156    0.00000    0.55156
  50.00000    0.53551    0.00000    0.53551
  50.50000    0.51233    0.00000    0.51233
  51.00000    0.54771    0.00000    0.54771
  51.50000    0.56812    0.00000    0.56812
  52.00000    0.55692    0.00000    0.55692
  52.50000    0.55525    0.00000    0.55525
  53.00000    0.52419    0.00000    0.52419
  53.50000    0.49416    0.00000    0.49416
  54.00000    0.49214    0.00000    0.49214
  54.50000    0.55480    0.00000    0.55480
  55.00000    0.55528    0.00000    0.55528
  55.50000    0.56373    0.00000    0.56373
  56.00000    0.55058    0.00000    0.55058
  56.50000    0.53132    0.00000    0.53132
  57.00000    0.49922    0.00000    0.49922
  57.50000    0.54541    0.00000    0.54541
  58.00000    0.59473    0.00000    0.59473
  58.50000    0.57677    0.00000    0.57677
  59.00000    0.55729    0.00000    0.55729
  59.50000    0.53581    0.00000    0.53581
  60.00000    0.52449    0.00000    0.52449
  60.50000    0.50728    0.00000    0.50728
  61.00000    0.54602    0.00000    0.54602
  61.50000    0.55194    0.00000    0.55194
  62.00000    0.56193    0.00000    0.56193
  62.50000    0.52302    0.00000    0.52302
  63.00000    0.54661    0.00000    0.54661
  63.50000    0.59552    0.00000    0.59552
  64.00000    0.60693    0.00000    0.60693
  64.50000    0.53691    0.00000    0.53691
  65.00000    0.50313    0.00000    0.50313
  65.50000    0.58096    0.00000    0.58096
  66.00000    0.59238    0.00000    0.59238
  66.50000    0.58369    0.00000    0.58369
  67.00000    0.54745    0.00000    0.54745
  67.50000    0.60348    0.00000    0.60348
  68.00000    0.61622    0.00000    0.61622
  68.50000    0.57486    0.00000    0.57486
  69.00000    0.50488    0.00000    0.50488
  69.50000    0.48133    0.00000    0.48133
  70.00000    0.52226    0.00000    0.52226
  70.50000    0.53127    0.00000    0.53127
  71.00000    0.53416    0.00000    0.53416
  71.50000    0.50204    0.00000    0.50204
  72.00000    0.50166    0.00000    0.50166
  72.50000    0.51072    0.00000    0.51072
  73.00000    0.52944    0.00000    0.52944
  73.50000    0.56682    0.00000    0.56682
  74.00000    0.57441    0.00000    0.57441
  74.50000    0.59392    0.00000    0.59392
  75.00000    0.54889    0.00000    0.54889
  75.50000    0.52863    0.00000    0.52863
  76.00000    0.48267    0.00000    0.48267
  76.50000    0.49770    0.00000    0.49770
  77.00000    0.51525    0.00000    0.51525
  77.50000    0.56164    0.00000    0.56164
  78.00000    0.55546    0.00000    0.55546
  78.50000    0.51817    0.00000    0.51817
  79.00000    0.51298    0.00000    0.51298
  79.50000    0.51205    0.00000    0.51205
  80.00000    0.55355    0.00000    0.55355
  80.50000    0.55360    0.00000    0.55360
  81.00000    0.53271    0.00000    0.53271
  81.50000    0.48328    0.00000    0.48328
  82.00000    0.49348    0.00000    0.49348
  82.50000    0.53676    0.00000    0.53676
  83.00000    0.55012    0.00000    0.55012
  83.50000    0.52641    0.00000    0.52641
  84.00000    0.53995    0.00000    0.53995
  84.50000    0.58954    0.00000    0.58954
  85.00000    0.60074    0.00000    0.60074
  85.50000    0.55592    0.00000    0.55592
  86.00000    0.52112    0.00000    0.52112
  86.50000    0.55174    0.00000    0.55174
  87.00000    0.56060    0.00000    0.56060
  87.50000    0.57413    0.00000    0.57413
  88.00000    0.53515    0.00000    0.53515
  88.50000    0.55295    0.00000    0.55295
  89.00000    0.55498    0.00000    0.55498
  89.50000    0.57605    0.00000    0.57605
  90.00000    0.56776    0.00000    0.56776
  90.50000    0.56197    0.00000    0.56197
  91.00000    0.52309    0.00000    0.52309
  91.50000    0.49382    0.00000    0.49382
  92.00000    0.51504    0.00000    0.51504
  92.50000    0.51717    0.00000    0.51717
  93.00000    0.50140    0.00000    0.50140
  93.50000    0.49622    0.00000    0.49622
  94.00000    0.49381    0.00000    0.49381
  94.50000    0.50554    0.00000    0.50554
  95.00000    0.52253    0.00000    0.52253
  95.50000    0.58844    0.00000    0.58844
  96.00000    0.56997    0.00000    0.56997
  96.50000    0.58977    0.00000    0.58977
  97.00000    0.55909    0.00000    0.55909
  97.50000    0.57232    0.00000    0.57232
  98.00000    0.53144    0.00000    0.53144
  98.50000    0.52750    0.00000    0.52750
  99.00000    0.51723    0.00000    0.51723
  99.50000    0.55924    0.00000    0.55924
 100.00000    0.55730    0.00000    0.55730
 100.50000    0.55013    0.00000    0.55013
 101.00000    0.53977    0.00000    0.53977
 101.50000    0.54388    0.00000    0.54388
 102.00000    0.49877    0.00000    0.49877
 102.50000    0.48391    0.00000    0.48391
 103.00000    0.51532    0.00000    0.51532
 103.50000    0.51494    0.00000    0.51494
 104.00000    0.51305    0.00000    0.51305
 104.50000    0.53396    0.00000    0.53396
 105.00000    0.58009    0.00000    0.58009
 105.50000    0.56040    0.00000    0.56040
 106.00000    0.53147    0.00000    0.53147
 106.50000    0.53331    0.00000    0.53331
 107.00000    0.55348    0.00000    0.55348
 107.50000    0.55911    0.00000    0.55911
 108.00000    0.57409    0.00000    0.57409
 108.50000    0.57315    0.00000    0.57315
 109.00000    0.57065    0.00000    0.57065
 109.50000    0.55897    0.00000    0.55897
 110.00000    0.54805    0.00000    0.54805
 110.50000    0.51120    0.00000    0.51120
 111.00000    0.49969    0.00000    0.49969
 111.50000    0.54266    0.00000    0.54266
 112.00000    0.55541    0.00000    0.55541
 112.50000    0.55723    0.00000    0.55723
 113.00000    0.53477    0.00000    0.53477
 113.50000    0.50501    0.00000    0.50501
 114.00000    0.50394    0.00000    0.50394
 114.50000    0.50703    0.00000    0.50703
 115.00000    0.51098    0.00000    0.51098
 115.50000    0.53097    0.00000    0.53097
 116.00000    0.60624    0.00000    0.60624
 116.50000    0.61782    0.00000    0.61782
 117.00000    0.58982    0.00000    0.58982
 117.50000    0.55079    0.00000    0.55079
 118.00000    0.54223    0.00000    0.54223
 118.50000    0.54051    0.00000    0.54051
 119.00000    0.54032    0.00000    0.54032
 119.50000    0.56167    0.00000    0.56167
 120.00000    0.56587    0.00000    0.56587
 120.50000    0.51029    0.00000    0.51029
 121.00000    0.51244    0.00000    0.51244
 121.50000    0.54445    0.00000    0.54445
 122.00000    0.56222    0.00000    0.56222
 122.50000    0.52257    0.00000    0.52257
 123.00000    0.54376    0.00000    0.54376
 123.50000    0.51256    0.00000    0.51256
 124.00000    0.50158    0.00000    0.50158
 124.50000    0.50768    0.00000    0.50768
 125.00000    0.55523    0.00000    0.55523
 125.50000    0.54830    0.00000    0.54830
 126.00000    0.54381    0.00000    0.54381
 126.50000    0.51477    0.00000    0.51477
 127.00000    0.53690    0.00000    0.53690
 127.50000    0.55317    0.00000    0.55317
 128.00000    0.56034    0.00000    0.56034
 128.50000    0.52060    0.00000    0.52060
 129.00000    0.50462    0.00000    0.50462
 129.50000    0.53892    0.00000    0.53892
 130.00000    0.56833    0.00000    0.56833
 130.50000    0.53083    0.00000    0.53083
 131.00000    0.49590    0.00000    0.49590
 131.50000    0.51684    0.00000    0.51684
 132.00000    0.54543    0.00000    0.54543
 132.50000    0.53404    0.00000    0.53404
 133.00000    0.52160    0.00000    0.52160
 133.50000    0.51790    0.00000    0.51790
 134.00000    0.52530    0.00000    0.52530
 134.50000    0.55012    0.00000    0.55012
 135.00000    0.57437    0.00000    0.57437
 135.50000    0.58476    0.00000    0.58476
 136.00000    0.55639    0.00000    0.55639
 136.50000    0.51861    0.00000    0.51861
 137.00000    0.52115    0.00000    0.52115
 137.50000    0.56299    0.00000    0.56299
 138.00000    0.55507    0.00000    0.55507
 138.50000    0.51196    0.00000    0.51196
 139.00000    0.49323    0.00000    0.49323
 139.50000    0.53295    0.00000    0.53295
 140.00000    0.53669    0.00000    0.53669
 140.50000    0.54426    0.00000    0.54426
 141.00000    0.56944    0.00000    0.56944
 141.50000    0.53608    0.00000    0.53608
 142.00000    0.54233    0.00000    0.54233
 142.50000    0.56234    0.00000    0.56234
 143.00000    0.63249    0.00000    0.63249
 143.50000    0.58694    0.00000    0.58694
 144.00000    0.55452    0.00000    0.55452
 144.50000    0.51705    0.00000    0.51705
 145.00000    0.55571    0.00000    0.55571
 145.50000    0.56500    0.00000    0.56500
 146.00000    0.54293    0.00000    0.54293
 146.50000    0.50623    0.00000    0.50623
 147.00000    0.52709    0.00000    0.52709
 147.50000    0.53653    0.00000    0.53653
 148.00000    0.51602    0.00000    0.51602
 148.50000    0.49096    0.00000    0.49096
 149.00000    0.50430    0.00000    0.50430
 149.50000    0.53533    0.00000    0.53533
 150.00000    0.49607    0.00000    0.49607
