   0.00000    0.41970    0.00000    0.41970
   0.50000    0.47163    0.00000    0.47163
   1.00000    0.47385    0.00000    0.47385
   1.50000    0.47248    0.00000    0.47248
   2.00000    0.48498    0.00000    0.48498
   2.50000    0.49036    0.00000    0.49036
   3.00000    0.48624    0.00000    0.48624
   3.50000    0.50277    0.00000    0.50277
   4.00000    0.48132    0.00000    0.48132
   4.50000    0.48374    0.00000    0.48374
   5.00000    0.46240    0.00000    0.46240
   5.50000    0.47869    0.00000    0.47869
   6.00000    0.47080    0.00000    0.47080
   6.50000    0.52264    0.00000    0.52264
   7.00000    0.52920    0.00000    0.52920
   7.50000    0.48472    0.00000    0.48472
   8.00000    0.43767    0.00000    0.43767
   8.50000    0.45429    0.00000    0.45429
   9.00000    0.48745    0.00000    0.48745
   9.50000    0.47311    0.00000    0.47311
  10.00000    0.46772    0.00000    0.46772
  10.50000    0.47731    0.00000    0.47731
  11.00000    0.48742    0.00000    0.48742
  11.50000    0.47229    0.00000    0.47229
  12.00000    0.46109    0.00000    0.46109
  12.50000    0.46776    0.00000    0.46776
  13.00000    0.45327    0.00000    0.45327
  13.50000    0.45583    0.00000    0.45583
  14.00000    0.45926    0.00000    0.45926
  14.50000    0.47436    0.00000    0.47436
  15.00000    0.48444    0.00000    0.48444
  15.50000    0.50039    0.00000    0.50039
  16.00000    0.49161    0.00000    0.49161
  16.50000    0.49081    0.00000    0.49081
  17.00000    0.50483    0.00000    0.50483
  17.50000    0.49452    0.00000    0.49452
  18.00000    0.49047    0.00000    0.49047
  18.50000    0.51968    0.00000    0.51968
  19.00000    0.53158    0.00000    0.53158
  19.50000    0.50035    0.00000    0.50035
  20.00000    0.47955    0.00000    0.47955
  20.50000    0.47625    0.00000    0.47625
  21.00000    0.46939    0.00000    0.46939
  21.50000    0.47532    0.00000    0.47532
  22.00000    0.48174    0.00000    0.48174
  22.50000    0.48052    0.00000    0.48052
  23.00000    0.48567    0.00000    0.48567
  23.50000    0.50608    0.00000    0.50608
  24.00000    0.52421    0.00000    0.52421
  24.50000    0.49587    0.00000    0.49587
  25.00000    0.47978    0.00000    0.47978
  25.50000    0.46165    0.00000    0.46165
  26.00000    0.46027    0.00000    0.46027
  26.50000    0.46682    0.00000    0.46682
  27.00000    0.48129    0.00000    0.48129
  27.50000    0.47063    0.00000    0.47063
  28.00000    0.46975    0.00000    0.46975
  28.50000    0.47828    0.00000    0.47828
  29.00000    0.48570    0.00000    0.48570
  29.50000    0.50071    0.00000    0.50071
  30.00000    0.51382    0.00000    0.51382
  30.50000    0.51370    0.00000    0.51370
  31.00000    0.49316    0.00000    0.49316
  31.50000    0.51088    0.00000    0.51088
  32.00000    0.49999    0.00000    0.49999
  32.50000    0.50231    0.00000    0.50231
  33.00000    0.48306    0.00000    0.48306
  33.50000    0.48807    0.00000    0.48807
  34.00000    0.49035    0.00000    0.49035
  34.50000    0.49715    0.00000    0.49715
  35.00000    0.49913    0.00000    0.49913
  35.50000    0.48648    0.00000    0.48648
  36.00000    0.49382    0.00000    0.49382
  36.50000    0.47154    0.00000    0.47154
  37.00000    0.47068    0.00000    0.47068
  37.50000    0.47327    0.00000    0.47327
  38.00000    0.49607    0.00000    0.49607
  38.50000    0.49994    0.00000    0.49994
  39.00000    0.49230    0.00000    0.49230
  39.50000    0.45860    0.00000    0.45860
  40.00000    0.46131    0.00000    0.46131
  40.50000    0.50849    0.00000    0.50849
  41.00000    0.53668    0.00000    0.53668
  41.50000    0.50702    0.00000    0.50702
  42.00000    0.48695    0.00000    0.48695
  42.50000    0.45724    0.00000    0.45724
  43.00000    0.47350    0.00000    0.47350
  43.50000    0.47736    0.00000    0.47736
  44.00000    0.50190    0.00000    0.50190
  44.50000    0.49877    0.00000    0.49877
  45.00000    0.50666    0.00000    0.50666
  45.50000    0.50065    0.00000    0.50065
  46.00000    0.49138    0.00000    0.49138
  46.50000    0.47727    0.00000    0.47727
  47.00000    0.49689    0.00000    0.49689
  47.50000    0.51957    0.00000    0.51957
  48.00000    0.53762    0.00000    0.53762
  48.50000    0.47428    0.00000    0.47428
  49.00000    0.47205    0.00000    0.47205
  49.50000    0.48859    0.00000    0.48859
  50.00000    0.52354    0.00000    0.52354
  50.50000    0.51170    0.00000    0.51170
  51.00000    0.50348    0.00000    0.50348
  51.50000    0.51357    0.00000    0.51357
  52.00000    0.50506    0.00000    0.50506
  52.50000    0.51433    0.00000    0.51433
  53.00000    0.48108    0.00000    0.48108
  53.50000    0.46381    0.00000    0.46381
  54.00000    0.48199    0.00000    0.48199
  54.50000    0.50118    0.00000    0.50118
  55.00000    0.50675    0.00000    0.50675
  55.50000    0.51601    0.00000    0.51601
  56.00000    0.52745    0.00000    0.52745
  56.50000    0.48459    0.00000    0.48459
  57.00000    0.45560    0.00000    0.45560
  57.50000    0.48862    0.00000    0.48862
  58.00000    0.52546    0.00000    0.52546
  58.50000    0.51517    0.00000    0.51517
  59.00000    0.48300    0.00000    0.48300
  59.50000    0.46067    0.00000    0.46067
  60.00000    0.44860    0.00000    0.44860
  60.50000    0.44589    0.00000    0.44589
  61.00000    0.50226    0.00000    0.50226
  61.50000    0.50290    0.00000    0.50290
  62.00000    0.51531    0.00000    0.51531
  62.50000    0.46861    0.00000    0.46861
  63.00000    0.48703    0.00000    0.48703
  63.50000    0.50699    0.00000    0.50699
  64.00000    0.52448    0.00000    0.52448
  64.50000    0.48954    0.00000    0.48954
  65.00000    0.45269    0.00000    0.45269
  65.50000    0.48707    0.00000    0.48707
  66.00000    0.48138    0.00000    0.48138
  66.50000    0.49009    0.00000    0.49009
  67.00000    0.47157    0.00000    0.47157
  67.50000    0.50489    0.00000    0.50489
  68.00000    0.50851    0.00000    0.50851
  68.50000    0.48772    0.00000    0.48772
  69.00000    0.44503    0.00000    0.44503
  69.50000    0.43509    0.00000    0.43509
  70.00000    0.46021    0.00000    0.46021
  70.50000    0.48779    0.00000    0.48779
  71.00000    0.48776    0.00000    0.48776
  71.50000    0.46460    0.00000    0.46460
  72.00000    0.47692    0.00000    0.47692
  72.50000    0.49460    0.00000    0.49460
  73.00000    0.50745    0.00000    0.50745
  73.50000    0.49550    0.00000    0.49550
  74.00000    0.50918    0.00000    0.50918
  74.50000    0.53240    0.00000    0.53240
  75.00000    0.51040    0.00000    0.51040
  75.50000    0.48711    0.00000    0.48711
  76.00000    0.45560    0.00000    0.45560
  76.50000    0.47903    0.00000    0.47903
  77.00000    0.47935    0.00000    0.47935
  77.50000    0.50247    0.00000    0.50247
  78.00000    0.50015    0.00000    0.50015
  78.50000    0.48033    0.00000    0.48033
  79.00000    0.47107    0.00000    0.47107
  79.50000    0.46036    0.00000    0.46036
  80.00000    0.49468    0.00000    0.49468
  80.50000    0.50069    0.00000    0.50069
  81.00000    0.48235    0.00000    0.48235
  81.50000    0.45031    0.00000    0.45031
  82.00000    0.43160    0.00000    0.43160
  82.50000    0.46092    0.00000    0.46092
  83.00000    0.48420    0.00000    0.48420
  83.50000    0.49712    0.00000    0.49712
  84.00000    0.47584    0.00000    0.47584
  84.50000    0.50985    0.00000    0.50985
  85.00000    0.51789    0.00000    0.51789
  85.50000    0.48956    0.00000    0.48956
  86.00000    0.45669    0.00000    0.45669
  86.50000    0.47746    0.00000    0.47746
  87.00000    0.49933    0.00000    0.49933
  87.50000    0.49363    0.00000    0.49363
  88.00000    0.49535    0.00000    0.49535
  88.50000    0.49785    0.00000    0.49785
  89.00000    0.53074    0.00000    0.53074
  89.50000    0.52768    0.00000    0.52768
  90.00000    0.50819    0.00000    0.50819
  90.50000    0.46407    0.00000    0.46407
  91.00000    0.45782    0.00000    0.45782
  91.50000    0.49551    0.00000    0.49551
  92.00000    0.51653    0.00000    0.51653
  92.50000    0.48647    0.00000    0.48647
  93.00000    0.44911    0.00000    0.44911
  93.50000    0.44609    0.00000    0.44609
  94.00000    0.46185    0.00000    0.46185
  94.50000    0.44385    0.00000    0.44385
  95.00000    0.46257    0.00000    0.46257
  95.50000    0.50519    0.00000    0.50519
  96.00000    0.54250    0.00000    0.54250
  96.50000    0.51867    0.00000    0.51867
  97.00000    0.49472    0.00000    0.49472
  97.50000    0.48517    0.00000    0.48517
  98.00000    0.49626    0.00000    0.49626
  98.50000    0.47714    0.00000    0.47714
  99.00000    0.46574    0.00000    0.46574
  99.50000    0.46317    0.00000    0.46317
 100.00000    0.49065    0.00000    0.49065
 100.50000    0.50295    0.00000    0.50295
 101.00000    0.52659    0.00000    0.52659
 101.50000    0.48790    0.00000    0.48790
 102.00000    0.44531    0.00000    0.44531
 102.50000    0.41763    0.00000    0.41763
 103.00000    0.45270    0.00000    0.45270
 103.50000    0.44759    0.00000    0.44759
 104.00000    0.44136    0.00000    0.44136
 104.50000    0.44396    0.00000    0.44396
 105.00000    0.50272    0.00000    0.50272
 105.50000    0.50577    0.00000    0.50577
 106.00000    0.49031    0.00000    0.49031
 106.50000    0.48114    0.00000    0.48114
 107.00000    0.51639    0.00000    0.51639
 107.50000    0.50033    0.00000    0.50033
 108.00000    0.51028    0.00000    0.51028
 108.50000    0.49659    0.00000    0.49659
 109.00000    0.50927    0.00000    0.50927
 109.50000    0.50149    0.00000    0.50149
 110.00000    0.51915    0.00000    0.51915
 110.50000    0.50300    0.00000    0.50300
 111.00000    0.49043    0.00000    0.49043
 111.50000    0.49402    0.00000    0.49402
 112.00000    0.49916    0.00000    0.49916
 112.50000    0.50731    0.00000    0.50731
 113.00000    0.52628    0.00000    0.52628
 113.50000    0.48417    0.00000    0.48417
 114.00000    0.45433    0.00000    0.45433
 114.50000    0.43091    0.00000    0.43091
 115.00000    0.46620    0.00000    0.46620
 115.50000    0.47422    0.00000    0.47422
 116.00000    0.53666    0.00000    0.53666
 116.50000    0.51354    0.00000    0.51354
 117.00000    0.48172    0.00000    0.48172
 117.50000    0.46165    0.00000    0.46165
 118.00000    0.49494    0.00000    0.49494
 118.50000    0.49430    0.00000    0.49430
 119.00000    0.50246    0.00000    0.50246
 119.50000    0.51142    0.00000    0.51142
 120.00000    0.51613    0.00000    0.51613
 120.50000    0.47900    0.00000    0.47900
 121.00000    0.48980    0.00000    0.48980
 121.50000    0.48104    0.00000    0.48104
 122.00000    0.47632    0.00000    0.47632
 122.50000    0.46579    0.00000    0.46579
 123.00000    0.50457    0.00000    0.50457
 123.50000    0.50226    0.00000    0.50226
 124.00000    0.47834    0.00000    0.47834
 124.50000    0.46820    0.00000    0.46820
 125.00000    0.46575    0.00000    0.46575
 125.50000    0.48978    0.00000    0.48978
 126.00000    0.49276    0.00000    0.49276
 126.50000    0.48960    0.00000    0.48960
 127.00000    0.48420    0.00000    0.48420
 127.50000    0.48337    0.00000    0.48337
 128.00000    0.47520    0.00000    0.47520
 128.50000    0.45328    0.00000    0.45328
 129.00000    0.46660    0.00000    0.46660
 129.50000    0.47317    0.00000    0.47317
 130.00000    0.48834    0.00000    0.48834
 130.50000    0.46221    0.00000    0.46221
 131.00000    0.48179    0.00000    0.48179
 131.50000    0.48779    0.00000    0.48779
 132.00000    0.50202    0.00000    0.50202
 132.50000    0.49689    0.00000    0.49689
 133.00000    0.47263    0.00000    0.47263
 133.50000    0.47137    0.00000    0.47137
 134.00000    0.48853    0.00000    0.48853
 134.50000    0.50161    0.00000    0.50161
 135.00000    0.48303    0.00000    0.48303
 135.50000    0.50342    0.00000    0.50342
 136.00000    0.52138    0.00000    0.52138
 136.50000    0.51358    0.00000    0.51358
 137.00000    0.51390    0.00000    0.51390
 137.50000    0.51580    0.00000    0.51580
 138.00000    0.50648    0.00000    0.50648
 138.50000    0.48830    0.00000    0.48830
 139.00000    0.49083    0.00000    0.49083
 139.50000    0.50249    0.00000    0.50249
 140.00000    0.50535    0.00000    0.50535
 140.50000    0.49429    0.00000    0.49429
 141.00000    0.51273    0.00000    0.51273
 141.50000    0.49293    0.00000    0.49293
 142.00000    0.49810    0.00000    0.49810
 142.50000    0.50107    0.00000    0.50107
 143.00000    0.54431    0.00000    0.54431
 143.50000    0.54778    0.00000    0.54778
 144.00000    0.50669    0.00000    0.50669
 144.50000    0.44958    0.00000    0.44958
 145.00000    0.47102    0.00000    0.47102
 145.50000    0.52267    0.00000    0.52267
 146.00000    0.48781    0.00000    0.48781
 146.50000    0.44390    0.00000    0.44390
 147.00000    0.49013    0.00000    0.49013
 147.50000    0.52153    0.00000    0.52153
 148.00000    0.51111    0.00000    0.51111
 148.50000    0.48211    0.00000    0.48211
 149.00000    0.47886    0.00000    0.47886
 149.50000    0.46224    0.00000    0.46224
 150.00000    0.46713    0.00000    0.46713
