   0.00000    0.41363    0.00000    0.41363
   0.50000    0.46904    0.00000    0.46904
   1.00000    0.46813    0.00000    0.46813
   1.50000    0.46647    0.00000    0.46647
   2.00000    0.48184    0.00000    0.48184
   2.50000    0.51163    0.00000    0.51163
   3.00000    0.51460    0.00000    0.51460
   3.50000    0.52237    0.00000    0.52237
   4.00000    0.48203    0.00000    0.48203
   4.50000    0.48203    0.00000    0.48203
   5.00000    0.46948    0.00000    0.46948
   5.50000    0.48316    0.00000    0.48316
   6.00000    0.46007    0.00000    0.46007
   6.50000    0.50706    0.00000    0.50706
   7.00000    0.52565    0.00000    0.52565
   7.50000    0.49025    0.00000    0.49025
   8.00000    0.44679    0.00000    0.44679
   8.50000    0.46285    0.00000    0.46285
   9.00000    0.48863    0.00000    0.48863
   9.50000    0.48133    0.00000    0.48133
  10.00000    0.48708    0.00000    0.48708
  10.50000    0.51116    0.00000    0.51116
  11.00000    0.50963    0.00000    0.50963
  11.50000    0.49449    0.00000    0.49449
  12.00000    0.46662    0.00000    0.46662
  12.50000    0.47707    0.00000    0.47707
  13.00000    0.46785    0.00000    0.46785
  13.50000    0.48674    0.00000    0.48674
  14.00000    0.47409    0.00000    0.47409
  14.50000    0.48014    0.00000    0.48014
  15.00000    0.48234    0.00000    0.48234
  15.50000    0.49550    0.00000    0.49550
  16.00000    0.48529    0.00000    0.48529
  16.50000    0.48789    0.00000    0.48789
  17.00000    0.50043    0.00000    0.50043
  17.50000    0.49085    0.00000    0.49085
  18.00000    0.49746    0.00000    0.49746
  18.50000    0.53293    0.00000    0.53293
  19.00000    0.54697    0.00000    0.54697
  19.50000    0.51621    0.00000    0.51621
  20.00000    0.49355    0.00000    0.49355
  20.50000    0.47141    0.00000    0.47141
  21.00000    0.47260    0.00000    0.47260
  21.50000    0.48335    0.00000    0.48335
  22.00000    0.50257    0.00000    0.50257
  22.50000    0.49438    0.00000    0.49438
  23.00000    0.50423    0.00000    0.50423
  23.50000    0.51119    0.00000    0.51119
  24.00000    0.52961    0.00000    0.52961
  24.50000    0.50162    0.00000    0.50162
  25.00000    0.48663    0.00000    0.48663
  25.50000    0.46503    0.00000    0.46503
  26.00000    0.48083    0.00000    0.48083
  26.50000    0.49714    0.00000    0.49714
  27.00000    0.50609    0.00000    0.50609
  27.50000    0.47664    0.00000    0.47664
  28.00000    0.47371    0.00000    0.47371
  28.50000    0.48038    0.00000    0.48038
  29.00000    0.49166    0.00000    0.49166
  29.50000    0.50825    0.00000    0.50825
  30.00000    0.51617    0.00000    0.51617
  30.50000    0.51286    0.00000    0.51286
  31.00000    0.48972    0.00000    0.48972
  31.50000    0.50794    0.00000    0.50794
  32.00000    0.49526    0.00000    0.49526
  32.50000    0.51140    0.00000    0.51140
  33.00000    0.49623    0.00000    0.49623
  33.50000    0.49726    0.00000    0.49726
  34.00000    0.49135    0.00000    0.49135
  34.50000    0.49431    0.00000    0.49431
  35.00000    0.50001    0.00000    0.50001
  35.50000    0.48750    0.00000    0.48750
  36.00000    0.50397    0.00000    0.50397
  36.50000    0.48602    0.00000    0.48602
  37.00000    0.48632    0.00000    0.48632
  37.50000    0.47824    0.00000    0.47824
  38.00000    0.50111    0.00000    0.50111
  38.50000    0.50870    0.00000    0.50870
  39.00000    0.50483    0.00000    0.50483
  39.50000    0.47182    0.00000    0.47182
  40.00000    0.47894    0.00000    0.47894
  40.50000    0.52309    0.00000    0.52309
  41.00000    0.55200    0.00000    0.55200
  41.50000    0.51830    0.00000    0.51830
  42.00000    0.49573    0.00000    0.49573
  42.50000    0.45425    0.00000    0.45425
  43.00000    0.47381    0.00000    0.47381
  43.50000    0.47536    0.00000    0.47536
  44.00000    0.49943    0.00000    0.49943
  44.50000    0.49421    0.00000    0.49421
  45.00000    0.50719    0.00000    0.50719
  45.50000    0.50363    0.00000    0.50363
  46.00000    0.50438    0.00000    0.50438
  46.50000    0.49471    0.00000    0.49471
  47.00000    0.50161    0.00000    0.50161
  47.50000    0.51880    0.00000    0.51880
  48.00000    0.54390    0.00000    0.54390
  48.50000    0.48718    0.00000    0.48718
  49.00000    0.48117    0.00000    0.48117
  49.50000    0.50017    0.00000    0.50017
  50.00000    0.52980    0.00000    0.52980
  50.50000    0.51562    0.00000    0.51562
  51.00000    0.49929    0.00000    0.49929
  51.50000    0.50708    0.00000    0.50708
  52.00000    0.50095    0.00000    0.50095
  52.50000    0.52883    0.00000    0.52883
  53.00000    0.49959    0.00000    0.49959
  53.50000    0.46750    0.00000    0.46750
  54.00000    0.48347    0.00000    0.48347
  54.50000    0.50941    0.00000    0.50941
  55.00000    0.51653    0.00000    0.51653
  55.50000    0.51631    0.00000    0.51631
  56.00000    0.52513    0.00000    0.52513
  56.50000    0.48229    0.00000    0.48229
  57.00000    0.45640    0.00000    0.45640
  57.50000    0.48924    0.00000    0.48924
  58.00000    0.52382    0.00000    0.52382
  58.50000    0.52133    0.00000    0.52133
  59.00000    0.48827    0.00000    0.48827
  59.50000    0.46832    0.00000    0.46832
  60.00000    0.45885    0.00000    0.45885
  60.50000    0.46322    0.00000    0.46322
  61.00000    0.51349    0.00000    0.51349
  61.50000    0.50624    0.00000    0.50624
  62.00000    0.51384    0.00000    0.51384
  62.50000    0.46830    0.00000    0.46830
  63.00000    0.49535    0.00000    0.49535
  63.50000    0.51773    0.00000    0.51773
  64.00000    0.54696    0.00000    0.54696
  64.50000    0.51117    0.00000    0.51117
  65.00000    0.46767    0.00000    0.46767
  65.50000    0.48983    0.00000    0.48983
  66.00000    0.50026    0.00000    0.50026
  66.50000    0.49837    0.00000    0.49837
  67.00000    0.47709    0.00000    0.47709
  67.50000    0.50391    0.00000    0.50391
  68.00000    0.52723    0.00000    0.52723
  68.50000    0.49504    0.00000    0.49504
  69.00000    0.45723    0.00000    0.45723
  69.50000    0.44814    0.00000    0.44814
  70.00000    0.47111    0.00000    0.47111
  70.50000    0.50452    0.00000    0.50452
  71.00000    0.50066    0.00000    0.50066
  71.50000    0.47556    0.00000    0.47556
  72.00000    0.47197    0.00000    0.47197
  72.50000    0.49336    0.00000    0.49336
  73.00000    0.50471    0.00000    0.50471
  73.50000    0.50249    0.00000    0.50249
  74.00000    0.52564    0.00000    0.52564
  74.50000    0.53416    0.00000    0.53416
  75.00000    0.51444    0.00000    0.51444
  75.50000    0.49492    0.00000    0.49492
  76.00000    0.47165    0.00000    0.47165
  76.50000    0.48378    0.00000    0.48378
  77.00000    0.48745    0.00000    0.48745
  77.50000    0.51630    0.00000    0.51630
  78.00000    0.50602    0.00000    0.50602
  78.50000    0.48458    0.00000    0.48458
  79.00000    0.47712    0.00000    0.47712
  79.50000    0.47233    0.00000    0.47233
  80.00000    0.49756    0.00000    0.49756
  80.50000    0.50186    0.00000    0.50186
  81.00000    0.47973    0.00000    0.47973
  81.50000    0.45330    0.00000    0.45330
  82.00000    0.44478    0.00000    0.44478
  82.50000    0.47804    0.00000    0.47804
  83.00000    0.48951    0.00000    0.48951
  83.50000    0.49815    0.00000    0.49815
  84.00000    0.47625    0.00000    0.47625
  84.50000    0.51318    0.00000    0.51318
  85.00000    0.53020    0.00000    0.53020
  85.50000    0.50638    0.00000    0.50638
  86.00000    0.47126    0.00000    0.47126
  86.50000    0.48488    0.00000    0.48488
  87.00000    0.50767    0.00000    0.50767
  87.50000    0.50583    0.00000    0.50583
  88.00000    0.51639    0.00000    0.51639
  88.50000    0.50799    0.00000    0.50799
  89.00000    0.52050    0.00000    0.52050
  89.50000    0.51266    0.00000    0.51266
  90.00000    0.50520    0.00000    0.50520
  90.50000    0.47207    0.00000    0.47207
  91.00000    0.47807    0.00000    0.47807
  91.50000    0.51102    0.00000    0.51102
  92.00000    0.52986    0.00000    0.52986
  92.50000    0.49495    0.00000    0.49495
  93.00000    0.46505    0.00000    0.46505
  93.50000    0.44929    0.00000    0.44929
  94.00000    0.46197    0.00000    0.46197
  94.50000    0.44816    0.00000    0.44816
  95.00000    0.47079    0.00000    0.47079
  95.50000    0.50650    0.00000    0.50650
  96.00000    0.53819    0.00000    0.53819
  96.50000    0.52916    0.00000    0.52916
  97.00000    0.51300    0.00000    0.51300
  97.50000    0.50124    0.00000    0.50124
  98.00000    0.50442    0.00000    0.50442
  98.50000    0.49369    0.00000    0.49369
  99.00000    0.48769    0.00000    0.48769
  99.50000    0.48364    0.00000    0.48364
 100.00000    0.50946    0.00000    0.50946
 100.50000    0.52439    0.00000    0.52439
 101.00000    0.53544    0.00000    0.53544
 101.50000    0.48303    0.00000    0.48303
 102.00000    0.43400    0.00000    0.43400
 102.50000    0.41654    0.00000    0.41654
 103.00000    0.46150    0.00000    0.46150
 103.50000    0.45911    0.00000    0.45911
 104.00000    0.45015    0.00000    0.45015
 104.50000    0.46356    0.00000    0.46356
 105.00000    0.52080    0.00000    0.52080
 105.50000    0.51010    0.00000    0.51010
 106.00000    0.49182    0.00000    0.49182
 106.50000    0.49619    0.00000    0.49619
 107.00000    0.53501    0.00000    0.53501
 107.50000    0.51382    0.00000    0.51382
 108.00000    0.51733    0.00000    0.51733
 108.50000    0.49770    0.00000    0.49770
 109.00000    0.50472    0.00000    0.50472
 109.50000    0.49654    0.00000    0.49654
 110.00000    0.50816    0.00000    0.50816
 110.50000    0.49417    0.00000    0.49417
 111.00000    0.49088    0.00000    0.49088
 111.50000    0.51018    0.00000    0.51018
 112.00000    0.52175    0.00000    0.52175
 112.50000    0.52316    0.00000    0.52316
 113.00000    0.53648    0.00000    0.53648
 113.50000    0.48973    0.00000    0.48973
 114.00000    0.46233    0.00000    0.46233
 114.50000    0.44352    0.00000    0.44352
 115.00000    0.48300    0.00000    0.48300
 115.50000    0.48912    0.00000    0.48912
 116.00000    0.55060    0.00000    0.55060
 116.50000    0.52962    0.00000    0.52962
 117.00000    0.49665    0.00000    0.49665
 117.50000    0.47122    0.00000    0.47122
 118.00000    0.50383    0.00000    0.50383
 118.50000    0.49686    0.00000    0.49686
 119.00000    0.50113    0.00000    0.50113
 119.50000    0.51232    0.00000    0.51232
 120.00000    0.51706    0.00000    0.51706
 120.50000    0.48145    0.00000    0.48145
 121.00000    0.49460    0.00000    0.49460
 121.50000    0.49907    0.00000    0.49907
 122.00000    0.49879    0.00000    0.49879
 122.50000    0.48282    0.00000    0.48282
 123.00000    0.51016    0.00000    0.51016
 123.50000    0.50304    0.00000    0.50304
 124.00000    0.47971    0.00000    0.47971
 124.50000    0.46857    0.00000    0.46857
 125.00000    0.46389    0.00000    0.46389
 125.50000    0.48683    0.00000    0.48683
 126.00000    0.49638    0.00000    0.49638
 126.50000    0.51254    0.00000    0.51254
 127.00000    0.51227    0.00000    0.51227
 127.50000    0.50361    0.00000    0.50361
 128.00000    0.47805    0.00000    0.47805
 128.50000    0.46220    0.00000    0.46220
 129.00000    0.47448    0.00000    0.47448
 129.50000    0.48011    0.00000    0.48011
 130.00000    0.48534    0.00000    0.48534
 130.50000    0.45807    0.00000    0.45807
 131.00000    0.47202    0.00000    0.47202
 131.50000    0.47952    0.00000    0.47952
 132.00000    0.49960    0.00000    0.49960
 132.50000    0.49347    0.00000    0.49347
 133.00000    0.47362    0.00000    0.47362
 133.50000    0.47704    0.00000    0.47704
 134.00000    0.50459    0.00000    0.50459
 134.50000    0.51907    0.00000    0.51907
 135.00000    0.50449    0.00000    0.50449
 135.50000    0.51662    0.00000    0.51662
 136.00000    0.53068    0.00000    0.53068
 136.50000    0.51358    0.00000    0.51358
 137.00000    0.51528    0.00000    0.51528
 137.50000    0.52407    0.00000    0.52407
 138.00000    0.51693    0.00000    0.51693
 138.50000    0.48614    0.00000    0.48614
 139.00000    0.48520    0.00000    0.48520
 139.50000    0.50857    0.00000    0.50857
 140.00000    0.50805    0.00000    0.50805
 140.50000    0.49912    0.00000    0.49912
 141.00000    0.52335    0.00000    0.52335
 141.50000    0.51155    0.00000    0.51155
 142.00000    0.50533    0.00000    0.50533
 142.50000    0.50868    0.00000    0.50868
 143.00000    0.54779    0.00000    0.54779
 143.50000    0.55270    0.00000    0.55270
 144.00000    0.52071    0.00000    0.52071
 144.50000    0.46181    0.00000    0.46181
 145.00000    0.46928    0.00000    0.46928
 145.50000    0.51607    0.00000    0.51607
 146.00000    0.49551    0.00000    0.49551
 146.50000    0.45411    0.00000    0.45411
 147.00000    0.50675    0.00000    0.50675
 147.50000    0.53907    0.00000    0.53907
 148.00000    0.51963    0.00000    0.51963
 148.50000    0.47893    0.00000    0.47893
 149.00000    0.47658    0.00000    0.47658
 149.50000    0.46738    0.00000    0.46738
 150.00000    0.47772    0.00000    0.47772
