   0.00000    0.46441    0.00000    0.46441
   0.50000    0.50024    0.00000    0.50024
   1.00000    0.50471    0.00000    0.50471
   1.50000    0.50707    0.00000    0.50707
   2.00000    0.51515    0.00000    0.51515
   2.50000    0.50222    0.00000    0.50222
   3.00000    0.52328    0.00000    0.52328
   3.50000    0.55133    0.00000    0.55133
   4.00000    0.52569    0.00000    0.52569
   4.50000    0.49755    0.00000    0.49755
   5.00000    0.48971    0.00000    0.48971
   5.50000    0.50812    0.00000    0.50812
   6.00000    0.50884    0.00000    0.50884
   6.50000    0.55224    0.00000    0.55224
   7.00000    0.55625    0.00000    0.55625
   7.50000    0.51827    0.00000    0.51827
   8.00000    0.48049    0.00000    0.48049
   8.50000    0.50222    0.00000    0.50222
   9.00000    0.52695    0.00000    0.52695
   9.50000    0.53679    0.00000    0.53679
  10.00000    0.53974    0.00000    0.53974
  10.50000    0.55024    0.00000    0.55024
  11.00000    0.53640    0.00000    0.53640
  11.50000    0.52017    0.00000    0.52017
  12.00000    0.50537    0.00000    0.50537
  12.50000    0.51542    0.00000    0.51542
  13.00000    0.49661    0.00000    0.49661
  13.50000    0.50349    0.00000    0.50349
  14.00000    0.50271    0.00000    0.50271
  14.50000    0.51669    0.00000    0.51669
  15.00000    0.51999    0.00000    0.51999
  15.50000    0.54619    0.00000    0.54619
  16.00000    0.54513    0.00000    0.54513
  16.50000    0.54006    0.00000    0.54006
  17.00000    0.53484    0.00000    0.53484
  17.50000    0.51486    0.00000    0.51486
  18.00000    0.51198    0.00000    0.51198
  18.50000    0.54397    0.00000    0.54397
  19.00000    0.57067    0.00000    0.57067
  19.50000    0.54716    0.00000    0.54716
  20.00000    0.52537    0.00000    0.52537
  20.50000    0.51849    0.00000    0.51849
  21.00000    0.50198    0.00000    0.50198
  21.50000    0.50316    0.00000    0.50316
  22.00000    0.52782    0.00000    0.52782
  22.50000    0.53381    0.00000    0.53381
  23.00000    0.53208    0.00000    0.53208
  23.50000    0.54886    0.00000    0.54886
  24.00000    0.57249    0.00000    0.57249
  24.50000    0.54196    0.00000    0.54196
  25.00000    0.51591    0.00000    0.51591
  25.50000    0.50633    0.00000    0.50633
  26.00000    0.51195    0.00000    0.51195
  26.50000    0.51693    0.00000    0.51693
  27.00000    0.51856    0.00000    0.51856
  27.50000    0.49930    0.00000    0.49930
  28.00000    0.50114    0.00000    0.50114
  28.50000    0.50790    0.00000    0.50790
  29.00000    0.52953    0.00000    0.52953
  29.50000    0.53614    0.00000    0.53614
  30.00000    0.53725    0.00000    0.53725
  30.50000    0.52320    0.00000    0.52320
  31.00000    0.49647    0.00000    0.49647
  31.50000    0.50366    0.00000    0.50366
  32.00000    0.49953    0.00000    0.49953
  32.50000    0.54152    0.00000    0.54152
  33.00000    0.55586    0.00000    0.55586
  33.50000    0.54765    0.00000    0.54765
  34.00000    0.51646    0.00000    0.51646
  34.50000    0.53234    0.00000    0.53234
  35.00000    0.52695    0.00000    0.52695
  35.50000    0.49353    0.00000    0.49353
  36.00000    0.50620    0.00000    0.50620
  36.50000    0.52900    0.00000    0.52900
  37.00000    0.52480    0.00000    0.52480
  37.50000    0.49572    0.00000    0.49572
  38.00000    0.51695    0.00000    0.51695
  38.50000    0.53331    0.00000    0.53331
  39.00000    0.54159    0.00000    0.54159
  39.50000    0.49612    0.00000    0.49612
  40.00000    0.50566    0.00000    0.50566
  40.50000    0.54936    0.00000    0.54936
  41.00000    0.60167    0.00000    0.60167
  41.50000    0.57072    0.00000    0.57072
  42.00000    0.53801    0.00000    0.53801
  42.50000    0.49953    0.00000    0.49953
  43.00000    0.51513    0.00000    0.51513
  43.50000    0.52366    0.00000    0.52366
  44.00000    0.52015    0.00000    0.52015
  44.50000    0.51516    0.00000    0.51516
  45.00000    0.52020    0.00000    0.52020
  45.50000    0.53532    0.00000    0.53532
  46.00000    0.52763    0.00000    0.52763
  46.50000    0.52462    0.00000    0.52462
  47.00000    0.52170    0.00000    0.52170
  47.50000    0.54765    0.00000    0.54765
  48.00000    0.57236    0.00000    0.57236
  48.50000    0.53690    0.00000    0.53690
  49.00000    0.52863    0.00000    0.52863
  49.50000    0.54188    0.00000    0.54188
  50.00000    0.54691    0.00000    0.54691
  50.50000    0.54568    0.00000    0.54568
  51.00000    0.54775    0.00000    0.54775
  51.50000    0.56006    0.00000    0.56006
  52.00000    0.54338    0.00000    0.54338
  52.50000    0.55356    0.00000    0.55356
  53.00000    0.51298    0.00000    0.51298
  53.50000    0.48356    0.00000    0.48356
  54.00000    0.51080    0.00000    0.51080
  54.50000    0.53689    0.00000    0.53689
  55.00000    0.52946    0.00000    0.52946
  55.50000    0.54028    0.00000    0.54028
  56.00000    0.53735    0.00000    0.53735
  56.50000    0.50772    0.00000    0.50772
  57.00000    0.47747    0.00000    0.47747
  57.50000    0.52152    0.00000    0.52152
  58.00000    0.55250    0.00000    0.55250
  58.50000    0.56014    0.00000    0.56014
  59.00000    0.52898    0.00000    0.52898
  59.50000    0.49822    0.00000    0.49822
  60.00000    0.48589    0.00000    0.48589
  60.50000    0.48125    0.00000    0.48125
  61.00000    0.53852    0.00000    0.53852
  61.50000    0.56285    0.00000    0.56285
  62.00000    0.57835    0.00000    0.57835
  62.50000    0.51831    0.00000    0.51831
  63.00000    0.53662    0.00000    0.53662
  63.50000    0.57857    0.00000    0.57857
  64.00000    0.58366    0.00000    0.58366
  64.50000    0.52285    0.00000    0.52285
  65.00000    0.48402    0.00000    0.48402
  65.50000    0.52969    0.00000    0.52969
  66.00000    0.53479    0.00000    0.53479
  66.50000    0.52514    0.00000    0.52514
  67.00000    0.50281    0.00000    0.50281
  67.50000    0.54340    0.00000    0.54340
  68.00000    0.55826    0.00000    0.55826
  68.50000    0.52626    0.00000    0.52626
  69.00000    0.49183    0.00000    0.49183
  69.50000    0.49593    0.00000    0.49593
  70.00000    0.52013    0.00000    0.52013
  70.50000    0.52825    0.00000    0.52825
  71.00000    0.51507    0.00000    0.51507
  71.50000    0.49173    0.00000    0.49173
  72.00000    0.50167    0.00000    0.50167
  72.50000    0.51463    0.00000    0.51463
  73.00000    0.51974    0.00000    0.51974
  73.50000    0.53423    0.00000    0.53423
  74.00000    0.56789    0.00000    0.56789
  74.50000    0.58985    0.00000    0.58985
  75.00000    0.55030    0.00000    0.55030
  75.50000    0.51937    0.00000    0.51937
  76.00000    0.48337    0.00000    0.48337
  76.50000    0.52066    0.00000    0.52066
  77.00000    0.52292    0.00000    0.52292
  77.50000    0.54950    0.00000    0.54950
  78.00000    0.53615    0.00000    0.53615
  78.50000    0.51612    0.00000    0.51612
  79.00000    0.48481    0.00000    0.48481
  79.50000    0.46520    0.00000    0.46520
  80.00000    0.50517    0.00000    0.50517
  80.50000    0.53570    0.00000    0.53570
  81.00000    0.52695    0.00000    0.52695
  81.50000    0.49655    0.00000    0.49655
  82.00000    0.48670    0.00000    0.48670
  82.50000    0.51737    0.00000    0.51737
  83.00000    0.52891    0.00000    0.52891
  83.50000    0.51847    0.00000    0.51847
  84.00000    0.51209    0.00000    0.51209
  84.50000    0.54743    0.00000    0.54743
  85.00000    0.56181    0.00000    0.56181
  85.50000    0.52286    0.00000    0.52286
  86.00000    0.49504    0.00000    0.49504
  86.50000    0.50852    0.00000    0.50852
  87.00000    0.52915    0.00000    0.52915
  87.50000    0.54071    0.00000    0.54071
  88.00000    0.53830    0.00000    0.53830
  88.50000    0.54071    0.00000    0.54071
  89.00000    0.56168    0.00000    0.56168
  89.50000    0.54842    0.00000    0.54842
  90.00000    0.52979    0.00000    0.52979
  90.50000    0.51412    0.00000    0.51412
  91.00000    0.51904    0.00000    0.51904
  91.50000    0.52866    0.00000    0.52866
  92.00000    0.53249    0.00000    0.53249
  92.50000    0.50589    0.00000    0.50589
  93.00000    0.48957    0.00000    0.48957
  93.50000    0.48259    0.00000    0.48259
  94.00000    0.48161    0.00000    0.48161
  94.50000    0.46978    0.00000    0.46978
  95.00000    0.49830    0.00000    0.49830
  95.50000    0.53990    0.00000    0.53990
  96.00000    0.58030    0.00000    0.58030
  96.50000    0.57332    0.00000    0.57332
  97.00000    0.54124    0.00000    0.54124
  97.50000    0.53106    0.00000    0.53106
  98.00000    0.54401    0.00000    0.54401
  98.50000    0.53809    0.00000    0.53809
  99.00000    0.52055    0.00000    0.52055
  99.50000    0.52546    0.00000    0.52546
 100.00000    0.52549    0.00000    0.52549
 100.50000    0.53898    0.00000    0.53898
 101.00000    0.55015    0.00000    0.55015
 101.50000    0.53671    0.00000    0.53671
 102.00000    0.48124    0.00000    0.48124
 102.50000    0.44250    0.00000    0.44250
 103.00000    0.47569    0.00000    0.47569
 103.50000    0.48807    0.00000    0.48807
 104.00000    0.50359    0.00000    0.50359
 104.50000    0.50795    0.00000    0.50795
 105.00000    0.56749    0.00000    0.56749
 105.50000    0.55484    0.00000    0.55484
 106.00000    0.52855    0.00000    0.52855
 106.50000    0.51737    0.00000    0.51737
 107.00000    0.54204    0.00000    0.54204
 107.50000    0.54762    0.00000    0.54762
 108.00000    0.56322    0.00000    0.56322
 108.50000    0.56259    0.00000    0.56259
 109.00000    0.54649    0.00000    0.54649
 109.50000    0.53132    0.00000    0.53132
 110.00000    0.53638    0.00000    0.53638
 110.50000    0.53031    0.00000    0.53031
 111.00000    0.52666    0.00000    0.52666
 111.50000    0.53921    0.00000    0.53921
 112.00000    0.54446    0.00000    0.54446
 112.50000    0.53917    0.00000    0.53917
 113.00000    0.54905    0.00000    0.54905
 113.50000    0.53383    0.00000    0.53383
 114.00000    0.50970    0.00000    0.50970
 114.50000    0.47383    0.00000    0.47383
 115.00000    0.48229    0.00000    0.48229
 115.50000    0.50086    0.00000    0.50086
 116.00000    0.56346    0.00000    0.56346
 116.50000    0.56183    0.00000    0.56183
 117.00000    0.54094    0.00000    0.54094
 117.50000    0.51718    0.00000    0.51718
 118.00000    0.54846    0.00000    0.54846
 118.50000    0.54716    0.00000    0.54716
 119.00000    0.55004    0.00000    0.55004
 119.50000    0.54599    0.00000    0.54599
 120.00000    0.55281    0.00000    0.55281
 120.50000    0.51344    0.00000    0.51344
 121.00000    0.51845    0.00000    0.51845
 121.50000    0.50618    0.00000    0.50618
 122.00000    0.52682    0.00000    0.52682
 122.50000    0.53182    0.00000    0.53182
 123.00000    0.55092    0.00000    0.55092
 123.50000    0.50947    0.00000    0.50947
 124.00000    0.49870    0.00000    0.49870
 124.50000    0.50080    0.00000    0.50080
 125.00000    0.52541    0.00000    0.52541
 125.50000    0.53488    0.00000    0.53488
 126.00000    0.53655    0.00000    0.53655
 126.50000    0.52101    0.00000    0.52101
 127.00000    0.53984    0.00000    0.53984
 127.50000    0.54071    0.00000    0.54071
 128.00000    0.53645    0.00000    0.53645
 128.50000    0.51888    0.00000    0.51888
 129.00000    0.50402    0.00000    0.50402
 129.50000    0.49795    0.00000    0.49795
 130.00000    0.49854    0.00000    0.49854
 130.50000    0.47897    0.00000    0.47897
 131.00000    0.48863    0.00000    0.48863
 131.50000    0.52224    0.00000    0.52224
 132.00000    0.53795    0.00000    0.53795
 132.50000    0.51327    0.00000    0.51327
 133.00000    0.49871    0.00000    0.49871
 133.50000    0.51555    0.00000    0.51555
 134.00000    0.54502    0.00000    0.54502
 134.50000    0.53838    0.00000    0.53838
 135.00000    0.51922    0.00000    0.51922
 135.50000    0.53115    0.00000    0.53115
 136.00000    0.54636    0.00000    0.54636
 136.50000    0.54217    0.00000    0.54217
 137.00000    0.55041    0.00000    0.55041
 137.50000    0.55935    0.00000    0.55935
 138.00000    0.54540    0.00000    0.54540
 138.50000    0.51887    0.00000    0.51887
 139.00000    0.50964    0.00000    0.50964
 139.50000    0.53396    0.00000    0.53396
 140.00000    0.54923    0.00000    0.54923
 140.50000    0.53176    0.00000    0.53176
 141.00000    0.55122    0.00000    0.55122
 141.50000    0.54181    0.00000    0.54181
 142.00000    0.54294    0.00000    0.54294
 142.50000    0.52590    0.00000    0.52590
 143.00000    0.56112    0.00000    0.56112
 143.50000    0.57114    0.00000    0.57114
 144.00000    0.53822    0.00000    0.53822
 144.50000    0.50610    0.00000    0.50610
 145.00000    0.52419    0.00000    0.52419
 145.50000    0.55946    0.00000    0.55946
 146.00000    0.52152    0.00000    0.52152
 146.50000    0.48991    0.00000    0.48991
 147.00000    0.51601    0.00000    0.51601
 147.50000    0.53688    0.00000    0.53688
 148.00000    0.51304    0.00000    0.51304
 148.50000    0.50608    0.00000    0.50608
 149.00000    0.51638    0.00000    0.51638
 149.50000    0.53479    0.00000    0.53479
 150.00000    0.51910    0.00000    0.51910
