   0.00000    0.49381    0.00000    0.49381
   0.50000    0.49979    0.00000    0.49979
   1.00000    0.51722    0.00000    0.51722
   1.50000    0.52362    0.00000    0.52362
   2.00000    0.53552    0.00000    0.53552
   2.50000    0.51206    0.00000    0.51206
   3.00000    0.54295    0.00000    0.54295
   3.50000    0.57501    0.00000    0.57501
   4.00000    0.56249    0.00000    0.56249
   4.50000    0.52494    0.00000    0.52494
   5.00000    0.49805    0.00000    0.49805
   5.50000    0.51794    0.00000    0.51794
   6.00000    0.51239    0.00000    0.51239
   6.50000    0.55932    0.00000    0.55932
   7.00000    0.55374    0.00000    0.55374
   7.50000    0.52639    0.00000    0.52639
   8.00000    0.48746    0.00000    0.48746
   8.50000    0.51956    0.00000    0.51956
   9.00000    0.53788    0.00000    0.53788
   9.50000    0.53265    0.00000    0.53265
  10.00000    0.53926    0.00000    0.53926
  10.50000    0.55884    0.00000    0.55884
  11.00000    0.56019    0.00000    0.56019
  11.50000    0.54254    0.00000    0.54254
  12.00000    0.52056    0.00000    0.52056
  12.50000    0.52540    0.00000    0.52540
  13.00000    0.50650    0.00000    0.50650
  13.50000    0.51124    0.00000    0.51124
  14.00000    0.52293    0.00000    0.52293
  14.50000    0.53919    0.00000    0.53919
  15.00000    0.55935    0.00000    0.55935
  15.50000    0.60810    0.00000    0.60810
  16.00000    0.57830    0.00000    0.57830
  16.50000    0.52903    0.00000    0.52903
  17.00000    0.52135    0.00000    0.52135
  17.50000    0.55029    0.00000    0.55029
  18.00000    0.54519    0.00000    0.54519
  18.50000    0.56309    0.00000    0.56309
  19.00000    0.58080    0.00000    0.58080
  19.50000    0.56456    0.00000    0.56456
  20.00000    0.54046    0.00000    0.54046
  20.50000    0.52594    0.00000    0.52594
  21.00000    0.52031    0.00000    0.52031
  21.50000    0.51755    0.00000    0.51755
  22.00000    0.52710    0.00000    0.52710
  22.50000    0.51582    0.00000    0.51582
  23.00000    0.50782    0.00000    0.50782
  23.50000    0.54942    0.00000    0.54942
  24.00000    0.59582    0.00000    0.59582
  24.50000    0.56115    0.00000    0.56115
  25.00000    0.49607    0.00000    0.49607
  25.50000    0.51087    0.00000    0.51087
  26.00000    0.52936    0.00000    0.52936
  26.50000    0.51952    0.00000    0.51952
  27.00000    0.51466    0.00000    0.51466
  27.50000    0.53029    0.00000    0.53029
  28.00000    0.53491    0.00000    0.53491
  28.50000    0.51660    0.00000    0.51660
  29.00000    0.53958    0.00000    0.53958
  29.50000    0.54071    0.00000    0.54071
  30.00000    0.52587    0.00000    0.52587
  30.50000    0.52605    0.00000    0.52605
  31.00000    0.52234    0.00000    0.52234
  31.50000    0.54233    0.00000    0.54233
  32.00000    0.53096    0.00000    0.53096
  32.50000    0.53878    0.00000    0.53878
  33.00000    0.54465    0.00000    0.54465
  33.50000    0.55819    0.00000    0.55819
  34.00000    0.55534    0.00000    0.55534
  34.50000    0.56337    0.00000    0.56337
  35.00000    0.56070    0.00000    0.56070
  35.50000    0.53086    0.00000    0.53086
  36.00000    0.52019    0.00000    0.52019
  36.50000    0.53537    0.00000    0.53537
  37.00000    0.52625    0.00000    0.52625
  37.50000    0.52697    0.00000    0.52697
  38.00000    0.54053    0.00000    0.54053
  38.50000    0.57510    0.00000    0.57510
  39.00000    0.55483    0.00000    0.55483
  39.50000    0.51875    0.00000    0.51875
  40.00000    0.51504    0.00000    0.51504
  40.50000    0.58861    0.00000    0.58861
  41.00000    0.61546    0.00000    0.61546
  41.50000    0.56749    0.00000    0.56749
  42.00000    0.51646    0.00000    0.51646
  42.50000    0.48008    0.00000    0.48008
  43.00000    0.48396    0.00000    0.48396
  43.50000    0.48208    0.00000    0.48208
  44.00000    0.51231    0.00000    0.51231
  44.50000    0.53724    0.00000    0.53724
  45.00000    0.52134    0.00000    0.52134
  45.50000    0.50840    0.00000    0.50840
  46.00000    0.49902    0.00000    0.49902
  46.50000    0.52279    0.00000    0.52279
  47.00000    0.52209    0.00000    0.52209
  47.50000    0.56348    0.00000    0.56348
  48.00000    0.58127    0.00000    0.58127
  48.50000    0.56710    0.00000    0.56710
  49.00000    0.56189    0.00000    0.56189
  49.50000    0.55098    0.00000    0.55098
  50.00000    0.53861    0.00000    0.53861
  50.50000    0.51050    0.00000    0.51050
  51.00000    0.53566    0.00000    0.53566
  51.50000    0.56205    0.00000    0.56205
  52.00000    0.56463    0.00000    0.56463
  52.50000    0.56599    0.00000    0.56599
  53.00000    0.52640    0.00000    0.52640
  53.50000    0.49685    0.00000    0.49685
  54.00000    0.50138    0.00000    0.50138
  54.50000    0.56454    0.00000    0.56454
  55.00000    0.55353    0.00000    0.55353
  55.50000    0.55976    0.00000    0.55976
  56.00000    0.55064    0.00000    0.55064
  56.50000    0.53680    0.00000    0.53680
  57.00000    0.50252    0.00000    0.50252
  57.50000    0.54704    0.00000    0.54704
  58.00000    0.59159    0.00000    0.59159
  58.50000    0.57583    0.00000    0.57583
  59.00000    0.55297    0.00000    0.55297
  59.50000    0.53305    0.00000    0.53305
  60.00000    0.53111    0.00000    0.53111
  60.50000    0.52054    0.00000    0.52054
  61.00000    0.55036    0.00000    0.55036
  61.50000    0.54350    0.00000    0.54350
  62.00000    0.55454    0.00000    0.55454
  62.50000    0.51240    0.00000    0.51240
  63.00000    0.54018    0.00000    0.54018
  63.50000    0.58764    0.00000    0.58764
  64.00000    0.60296    0.00000    0.60296
  64.50000    0.53773    0.00000    0.53773
  65.00000    0.50783    0.00000    0.50783
  65.50000    0.58610    0.00000    0.58610
  66.00000    0.59522    0.00000    0.59522
  66.50000    0.58378    0.00000    0.58378
  67.00000    0.53670    0.00000    0.53670
  67.50000    0.58759    0.00000    0.58759
  68.00000    0.60753    0.00000    0.60753
  68.50000    0.56929    0.00000    0.56929
  69.00000    0.50124    0.00000    0.50124
  69.50000    0.48139    0.00000    0.48139
  70.00000    0.52020    0.00000    0.52020
  70.50000    0.53213    0.00000    0.53213
  71.00000    0.53009    0.00000    0.53009
  71.50000    0.49997    0.00000    0.49997
  72.00000    0.49397    0.00000    0.49397
  72.50000    0.50419    0.00000    0.50419
  73.00000    0.52380    0.00000    0.52380
  73.50000    0.55503    0.00000    0.55503
  74.00000    0.56269    0.00000    0.56269
  74.50000    0.58136    0.00000    0.58136
  75.00000    0.53916    0.00000    0.53916
  75.50000    0.51843    0.00000    0.51843
  76.00000    0.48163    0.00000    0.48163
  76.50000    0.50768    0.00000    0.50768
  77.00000    0.52658    0.00000    0.52658
  77.50000    0.56513    0.00000    0.56513
  78.00000    0.55676    0.00000    0.55676
  78.50000    0.51507    0.00000    0.51507
  79.00000    0.50933    0.00000    0.50933
  79.50000    0.50839    0.00000    0.50839
  80.00000    0.54953    0.00000    0.54953
  80.50000    0.55206    0.00000    0.55206
  81.00000    0.54193    0.00000    0.54193
  81.50000    0.49120    0.00000    0.49120
  82.00000    0.48775    0.00000    0.48775
  82.50000    0.52755    0.00000    0.52755
  83.00000    0.54841    0.00000    0.54841
  83.50000    0.52161    0.00000    0.52161
  84.00000    0.52255    0.00000    0.52255
  84.50000    0.57838    0.00000    0.57838
  85.00000    0.59790    0.00000    0.59790
  85.50000    0.55906    0.00000    0.55906
  86.00000    0.52631    0.00000    0.52631
  86.50000    0.55931    0.00000    0.55931
  87.00000    0.55627    0.00000    0.55627
  87.50000    0.56523    0.00000    0.56523
  88.00000    0.53737    0.00000    0.53737
  88.50000    0.55472    0.00000    0.55472
  89.00000    0.54599    0.00000    0.54599
  89.50000    0.57280    0.00000    0.57280
  90.00000    0.56710    0.00000    0.56710
  90.50000    0.55928    0.00000    0.55928
  91.00000    0.51813    0.00000    0.51813
  91.50000    0.49628    0.00000    0.49628
  92.00000    0.51451    0.00000    0.51451
  92.50000    0.51647    0.00000    0.51647
  93.00000    0.49798    0.00000    0.49798
  93.50000    0.49664    0.00000    0.49664
  94.00000    0.49106    0.00000    0.49106
  94.50000    0.49767    0.00000    0.49767
  95.00000    0.51452    0.00000    0.51452
  95.50000    0.58359    0.00000    0.58359
  96.00000    0.56387    0.00000    0.56387
  96.50000    0.58537    0.00000    0.58537
  97.00000    0.55807    0.00000    0.55807
  97.50000    0.57787    0.00000    0.57787
  98.00000    0.54267    0.00000    0.54267
  98.50000    0.53950    0.00000    0.53950
  99.00000    0.51381    0.00000    0.51381
  99.50000    0.54736    0.00000    0.54736
 100.00000    0.55307    0.00000    0.55307
 100.50000    0.55946    0.00000    0.55946
 101.00000    0.55557    0.00000    0.55557
 101.50000    0.54730    0.00000    0.54730
 102.00000    0.49072    0.00000    0.49072
 102.50000    0.47257    0.00000    0.47257
 103.00000    0.51422    0.00000    0.51422
 103.50000    0.52376    0.00000    0.52376
 104.00000    0.51957    0.00000    0.51957
 104.50000    0.53562    0.00000    0.53562
 105.00000    0.58430    0.00000    0.58430
 105.50000    0.56297    0.00000    0.56297
 106.00000    0.53026    0.00000    0.53026
 106.50000    0.53098    0.00000    0.53098
 107.00000    0.55172    0.00000    0.55172
 107.50000    0.55643    0.00000    0.55643
 108.00000    0.57478    0.00000    0.57478
 108.50000    0.57142    0.00000    0.57142
 109.00000    0.57091    0.00000    0.57091
 109.50000    0.55923    0.00000    0.55923
 110.00000    0.54877    0.00000    0.54877
 110.50000    0.50763    0.00000    0.50763
 111.00000    0.50239    0.00000    0.50239
 111.50000    0.54310    0.00000    0.54310
 112.00000    0.54876    0.00000    0.54876
 112.50000    0.54434    0.00000    0.54434
 113.00000    0.52495    0.00000    0.52495
 113.50000    0.49219    0.00000    0.49219
 114.00000    0.48986    0.00000    0.48986
 114.50000    0.49279    0.00000    0.49279
 115.00000    0.51118    0.00000    0.51118
 115.50000    0.53042    0.00000    0.53042
 116.00000    0.60169    0.00000    0.60169
 116.50000    0.61086    0.00000    0.61086
 117.00000    0.58547    0.00000    0.58547
 117.50000    0.55227    0.00000    0.55227
 118.00000    0.54228    0.00000    0.54228
 118.50000    0.54268    0.00000    0.54268
 119.00000    0.53630    0.00000    0.53630
 119.50000    0.55651    0.00000    0.55651
 120.00000    0.56066    0.00000    0.56066
 120.50000    0.51273    0.00000    0.51273
 121.00000    0.51386    0.00000    0.51386
 121.50000    0.54881    0.00000    0.54881
 122.00000    0.56349    0.00000    0.56349
 122.50000    0.52819    0.00000    0.52819
 123.00000    0.53524    0.00000    0.53524
 123.50000    0.50476    0.00000    0.50476
 124.00000    0.50534    0.00000    0.50534
 124.50000    0.52151    0.00000    0.52151
 125.00000    0.56185    0.00000    0.56185
 125.50000    0.55023    0.00000    0.55023
 126.00000    0.54563    0.00000    0.54563
 126.50000    0.50895    0.00000    0.50895
 127.00000    0.53473    0.00000    0.53473
 127.50000    0.55014    0.00000    0.55014
 128.00000    0.55205    0.00000    0.55205
 128.50000    0.50352    0.00000    0.50352
 129.00000    0.49533    0.00000    0.49533
 129.50000    0.52677    0.00000    0.52677
 130.00000    0.55904    0.00000    0.55904
 130.50000    0.53050    0.00000    0.53050
 131.00000    0.49464    0.00000    0.49464
 131.50000    0.51377    0.00000    0.51377
 132.00000    0.55026    0.00000    0.55026
 132.50000    0.55168    0.00000    0.55168
 133.00000    0.52315    0.00000    0.52315
 133.50000    0.51988    0.00000    0.51988
 134.00000    0.53106    0.00000    0.53106
 134.50000    0.55098    0.00000    0.55098
 135.00000    0.57447    0.00000    0.57447
 135.50000    0.59446    0.00000    0.59446
 136.00000    0.56859    0.00000    0.56859
 136.50000    0.51696    0.00000    0.51696
 137.00000    0.52021    0.00000    0.52021
 137.50000    0.57184    0.00000    0.57184
 138.00000    0.56220    0.00000    0.56220
 138.50000    0.51084    0.00000    0.51084
 139.00000    0.48718    0.00000    0.48718
 139.50000    0.53515    0.00000    0.53515
 140.00000    0.54512    0.00000    0.54512
 140.50000    0.55758    0.00000    0.55758
 141.00000    0.58136    0.00000    0.58136
 141.50000    0.53900    0.00000    0.53900
 142.00000    0.54342    0.00000    0.54342
 142.50000    0.56910    0.00000    0.56910
 143.00000    0.63935    0.00000    0.63935
 143.50000    0.59751    0.00000    0.59751
 144.00000    0.55998    0.00000    0.55998
 144.50000    0.51866    0.00000    0.51866
 145.00000    0.55666    0.00000    0.55666
 145.50000    0.57411    0.00000    0.57411
 146.00000    0.54910    0.00000    0.54910
 146.50000    0.50051    0.00000    0.50051
 147.00000    0.52428    0.00000    0.52428
 147.50000    0.54150    0.00000    0.54150
 148.00000    0.52765    0.00000    0.52765
 148.50000    0.49926    0.00000    0.49926
 149.00000    0.50850    0.00000    0.50850
 149.50000    0.53200    0.00000    0.53200
 150.00000    0.48449    0.00000    0.48449
