   0.00000    0.42912    0.00000    0.42912
   0.50000    0.48302    0.00000    0.48302
   1.00000    0.47916    0.00000    0.47916
   1.50000    0.47954    0.00000    0.47954
   2.00000    0.49868    0.00000    0.49868
   2.50000    0.52583    0.00000    0.52583
   3.00000    0.52851    0.00000    0.52851
   3.50000    0.53437    0.00000    0.53437
   4.00000    0.49795    0.00000    0.49795
   4.50000    0.49698    0.00000    0.49698
   5.00000    0.49108    0.00000    0.49108
   5.50000    0.50575    0.00000    0.50575
   6.00000    0.47884    0.00000    0.47884
   6.50000    0.52492    0.00000    0.52492
   7.00000    0.54332    0.00000    0.54332
   7.50000    0.50797    0.00000    0.50797
   8.00000    0.45630    0.00000    0.45630
   8.50000    0.47273    0.00000    0.47273
   9.00000    0.50644    0.00000    0.50644
   9.50000    0.50302    0.00000    0.50302
  10.00000    0.51083    0.00000    0.51083
  10.50000    0.52143    0.00000    0.52143
  11.00000    0.51686    0.00000    0.51686
  11.50000    0.49902    0.00000    0.49902
  12.00000    0.49158    0.00000    0.49158
  12.50000    0.50259    0.00000    0.50259
  13.00000    0.49006    0.00000    0.49006
  13.50000    0.50141    0.00000    0.50141
  14.00000    0.48586    0.00000    0.48586
  14.50000    0.49545    0.00000    0.49545
  15.00000    0.50038    0.00000    0.50038
  15.50000    0.51836    0.00000    0.51836
  16.00000    0.49922    0.00000    0.49922
  16.50000    0.50377    0.00000    0.50377
  17.00000    0.52339    0.00000    0.52339
  17.50000    0.51006    0.00000    0.51006
  18.00000    0.51082    0.00000    0.51082
  18.50000    0.55240    0.00000    0.55240
  19.00000    0.56728    0.00000    0.56728
  19.50000    0.52350    0.00000    0.52350
  20.00000    0.50073    0.00000    0.50073
  20.50000    0.49414    0.00000    0.49414
  21.00000    0.49079    0.00000    0.49079
  21.50000    0.50046    0.00000    0.50046
  22.00000    0.52165    0.00000    0.52165
  22.50000    0.52505    0.00000    0.52505
  23.00000    0.52909    0.00000    0.52909
  23.50000    0.53905    0.00000    0.53905
  24.00000    0.54057    0.00000    0.54057
  24.50000    0.51219    0.00000    0.51219
  25.00000    0.50063    0.00000    0.50063
  25.50000    0.48447    0.00000    0.48447
  26.00000    0.48345    0.00000    0.48345
  26.50000    0.49618    0.00000    0.49618
  27.00000    0.51193    0.00000    0.51193
  27.50000    0.49079    0.00000    0.49079
  28.00000    0.49230    0.00000    0.49230
  28.50000    0.50496    0.00000    0.50496
  29.00000    0.51275    0.00000    0.51275
  29.50000    0.51974    0.00000    0.51974
  30.00000    0.53078    0.00000    0.53078
  30.50000    0.53189    0.00000    0.53189
  31.00000    0.51387    0.00000    0.51387
  31.50000    0.53621    0.00000    0.53621
  32.00000    0.52491    0.00000    0.52491
  32.50000    0.52935    0.00000    0.52935
  33.00000    0.50786    0.00000    0.50786
  33.50000    0.51396    0.00000    0.51396
  34.00000    0.50970    0.00000    0.50970
  34.50000    0.50755    0.00000    0.50755
  35.00000    0.51676    0.00000    0.51676
  35.50000    0.50992    0.00000    0.50992
  36.00000    0.52880    0.00000    0.52880
  36.50000    0.49931    0.00000    0.49931
  37.00000    0.50087    0.00000    0.50087
  37.50000    0.49365    0.00000    0.49365
  38.00000    0.51565    0.00000    0.51565
  38.50000    0.52199    0.00000    0.52199
  39.00000    0.51647    0.00000    0.51647
  39.50000    0.48163    0.00000    0.48163
  40.00000    0.49415    0.00000    0.49415
  40.50000    0.54561    0.00000    0.54561
  41.00000    0.57219    0.00000    0.57219
  41.50000    0.53493    0.00000    0.53493
  42.00000    0.51738    0.00000    0.51738
  42.50000    0.47303    0.00000    0.47303
  43.00000    0.49100    0.00000    0.49100
  43.50000    0.49863    0.00000    0.49863
  44.00000    0.52814    0.00000    0.52814
  44.50000    0.52053    0.00000    0.52053
  45.00000    0.52701    0.00000    0.52701
  45.50000    0.52173    0.00000    0.52173
  46.00000    0.51241    0.00000    0.51241
  46.50000    0.49295    0.00000    0.49295
  47.00000    0.50895    0.00000    0.50895
  47.50000    0.53775    0.00000    0.53775
  48.00000    0.56148    0.00000    0.56148
  48.50000    0.50179    0.00000    0.50179
  49.00000    0.50259    0.00000    0.50259
  49.50000    0.52333    0.00000    0.52333
  50.00000    0.54906    0.00000    0.54906
  50.50000    0.53368    0.00000    0.53368
  51.00000    0.52030    0.00000    0.52030
  51.50000    0.52932    0.00000    0.52932
  52.00000    0.52319    0.00000    0.52319
  52.50000    0.55110    0.00000    0.55110
  53.00000    0.52087    0.00000    0.52087
  53.50000    0.49113    0.00000    0.49113
  54.00000    0.50822    0.00000    0.50822
  54.50000    0.53560    0.00000    0.53560
  55.00000    0.54071    0.00000    0.54071
  55.50000    0.54757    0.00000    0.54757
  56.00000    0.55569    0.00000    0.55569
  56.50000    0.50758    0.00000    0.50758
  57.00000    0.47392    0.00000    0.47392
  57.50000    0.51057    0.00000    0.51057
  58.00000    0.54570    0.00000    0.54570
  58.50000    0.54684    0.00000    0.54684
  59.00000    0.51531    0.00000    0.51531
  59.50000    0.49400    0.00000    0.49400
  60.00000    0.48112    0.00000    0.48112
  60.50000    0.48668    0.00000    0.48668
  61.00000    0.52807    0.00000    0.52807
  61.50000    0.51678    0.00000    0.51678
  62.00000    0.52857    0.00000    0.52857
  62.50000    0.49051    0.00000    0.49051
  63.00000    0.51123    0.00000    0.51123
  63.50000    0.53663    0.00000    0.53663
  64.00000    0.56284    0.00000    0.56284
  64.50000    0.52485    0.00000    0.52485
  65.00000    0.47392    0.00000    0.47392
  65.50000    0.50420    0.00000    0.50420
  66.00000    0.51364    0.00000    0.51364
  66.50000    0.51354    0.00000    0.51354
  67.00000    0.48718    0.00000    0.48718
  67.50000    0.51899    0.00000    0.51899
  68.00000    0.54754    0.00000    0.54754
  68.50000    0.51258    0.00000    0.51258
  69.00000    0.46499    0.00000    0.46499
  69.50000    0.45372    0.00000    0.45372
  70.00000    0.49313    0.00000    0.49313
  70.50000    0.52755    0.00000    0.52755
  71.00000    0.51613    0.00000    0.51613
  71.50000    0.48851    0.00000    0.48851
  72.00000    0.49701    0.00000    0.49701
  72.50000    0.51841    0.00000    0.51841
  73.00000    0.52629    0.00000    0.52629
  73.50000    0.52413    0.00000    0.52413
  74.00000    0.54270    0.00000    0.54270
  74.50000    0.55425    0.00000    0.55425
  75.00000    0.53315    0.00000    0.53315
  75.50000    0.51545    0.00000    0.51545
  76.00000    0.48534    0.00000    0.48534
  76.50000    0.50605    0.00000    0.50605
  77.00000    0.51317    0.00000    0.51317
  77.50000    0.54196    0.00000    0.54196
  78.00000    0.52995    0.00000    0.52995
  78.50000    0.50480    0.00000    0.50480
  79.00000    0.48549    0.00000    0.48549
  79.50000    0.47941    0.00000    0.47941
  80.00000    0.51601    0.00000    0.51601
  80.50000    0.53049    0.00000    0.53049
  81.00000    0.49810    0.00000    0.49810
  81.50000    0.45814    0.00000    0.45814
  82.00000    0.44881    0.00000    0.44881
  82.50000    0.49528    0.00000    0.49528
  83.00000    0.50874    0.00000    0.50874
  83.50000    0.51696    0.00000    0.51696
  84.00000    0.49690    0.00000    0.49690
  84.50000    0.53653    0.00000    0.53653
  85.00000    0.55029    0.00000    0.55029
  85.50000    0.53392    0.00000    0.53392
  86.00000    0.49840    0.00000    0.49840
  86.50000    0.50445    0.00000    0.50445
  87.00000    0.52503    0.00000    0.52503
  87.50000    0.52740    0.00000    0.52740
  88.00000    0.53243    0.00000    0.53243
  88.50000    0.52060    0.00000    0.52060
  89.00000    0.54337    0.00000    0.54337
  89.50000    0.54749    0.00000    0.54749
  90.00000    0.53948    0.00000    0.53948
  90.50000    0.49723    0.00000    0.49723
  91.00000    0.49664    0.00000    0.49664
  91.50000    0.52797    0.00000    0.52797
  92.00000    0.54133    0.00000    0.54133
  92.50000    0.50997    0.00000    0.50997
  93.00000    0.48249    0.00000    0.48249
  93.50000    0.47176    0.00000    0.47176
  94.00000    0.48426    0.00000    0.48426
  94.50000    0.46851    0.00000    0.46851
  95.00000    0.48520    0.00000    0.48520
  95.50000    0.52234    0.00000    0.52234
  96.00000    0.56344    0.00000    0.56344
  96.50000    0.55290    0.00000    0.55290
  97.00000    0.52437    0.00000    0.52437
  97.50000    0.50926    0.00000    0.50926
  98.00000    0.51637    0.00000    0.51637
  98.50000    0.50585    0.00000    0.50585
  99.00000    0.49339    0.00000    0.49339
  99.50000    0.49539    0.00000    0.49539
 100.00000    0.53507    0.00000    0.53507
 100.50000    0.54977    0.00000    0.54977
 101.00000    0.55965    0.00000    0.55965
 101.50000    0.50260    0.00000    0.50260
 102.00000    0.45101    0.00000    0.45101
 102.50000    0.43171    0.00000    0.43171
 103.00000    0.47709    0.00000    0.47709
 103.50000    0.47922    0.00000    0.47922
 104.00000    0.45898    0.00000    0.45898
 104.50000    0.46887    0.00000    0.46887
 105.00000    0.52804    0.00000    0.52804
 105.50000    0.53170    0.00000    0.53170
 106.00000    0.51146    0.00000    0.51146
 106.50000    0.50894    0.00000    0.50894
 107.00000    0.54992    0.00000    0.54992
 107.50000    0.52976    0.00000    0.52976
 108.00000    0.53822    0.00000    0.53822
 108.50000    0.52010    0.00000    0.52010
 109.00000    0.53074    0.00000    0.53074
 109.50000    0.52367    0.00000    0.52367
 110.00000    0.54188    0.00000    0.54188
 110.50000    0.52917    0.00000    0.52917
 111.00000    0.51328    0.00000    0.51328
 111.50000    0.52153    0.00000    0.52153
 112.00000    0.52681    0.00000    0.52681
 112.50000    0.53098    0.00000    0.53098
 113.00000    0.54493    0.00000    0.54493
 113.50000    0.50361    0.00000    0.50361
 114.00000    0.47912    0.00000    0.47912
 114.50000    0.46663    0.00000    0.46663
 115.00000    0.50606    0.00000    0.50606
 115.50000    0.50496    0.00000    0.50496
 116.00000    0.56236    0.00000    0.56236
 116.50000    0.54298    0.00000    0.54298
 117.00000    0.51262    0.00000    0.51262
 117.50000    0.48745    0.00000    0.48745
 118.00000    0.52166    0.00000    0.52166
 118.50000    0.51570    0.00000    0.51570
 119.00000    0.51709    0.00000    0.51709
 119.50000    0.52727    0.00000    0.52727
 120.00000    0.53792    0.00000    0.53792
 120.50000    0.49997    0.00000    0.49997
 121.00000    0.51153    0.00000    0.51153
 121.50000    0.51418    0.00000    0.51418
 122.00000    0.51954    0.00000    0.51954
 122.50000    0.50520    0.00000    0.50520
 123.00000    0.52987    0.00000    0.52987
 123.50000    0.52608    0.00000    0.52608
 124.00000    0.50024    0.00000    0.50024
 124.50000    0.49626    0.00000    0.49626
 125.00000    0.48543    0.00000    0.48543
 125.50000    0.51393    0.00000    0.51393
 126.00000    0.51774    0.00000    0.51774
 126.50000    0.53291    0.00000    0.53291
 127.00000    0.52799    0.00000    0.52799
 127.50000    0.52160    0.00000    0.52160
 128.00000    0.49558    0.00000    0.49558
 128.50000    0.47193    0.00000    0.47193
 129.00000    0.48295    0.00000    0.48295
 129.50000    0.49584    0.00000    0.49584
 130.00000    0.50977    0.00000    0.50977
 130.50000    0.48439    0.00000    0.48439
 131.00000    0.49775    0.00000    0.49775
 131.50000    0.50365    0.00000    0.50365
 132.00000    0.52120    0.00000    0.52120
 132.50000    0.51810    0.00000    0.51810
 133.00000    0.49032    0.00000    0.49032
 133.50000    0.49289    0.00000    0.49289
 134.00000    0.52194    0.00000    0.52194
 134.50000    0.53777    0.00000    0.53777
 135.00000    0.51342    0.00000    0.51342
 135.50000    0.52641    0.00000    0.52641
 136.00000    0.55072    0.00000    0.55072
 136.50000    0.54115    0.00000    0.54115
 137.00000    0.54303    0.00000    0.54303
 137.50000    0.54916    0.00000    0.54916
 138.00000    0.54480    0.00000    0.54480
 138.50000    0.51480    0.00000    0.51480
 139.00000    0.50650    0.00000    0.50650
 139.50000    0.52595    0.00000    0.52595
 140.00000    0.53172    0.00000    0.53172
 140.50000    0.52218    0.00000    0.52218
 141.00000    0.54322    0.00000    0.54322
 141.50000    0.52492    0.00000    0.52492
 142.00000    0.51777    0.00000    0.51777
 142.50000    0.51495    0.00000    0.51495
 143.00000    0.56582    0.00000    0.56582
 143.50000    0.57374    0.00000    0.57374
 144.00000    0.53203    0.00000    0.53203
 144.50000    0.46545    0.00000    0.46545
 145.00000    0.48060    0.00000    0.48060
 145.50000    0.53655    0.00000    0.53655
 146.00000    0.50903    0.00000    0.50903
 146.50000    0.46499    0.00000    0.46499
 147.00000    0.52162    0.00000    0.52162
 147.50000    0.55797    0.00000    0.55797
 148.00000    0.53411    0.00000    0.53411
 148.50000    0.49560    0.00000    0.49560
 149.00000    0.49672    0.00000    0.49672
 149.50000    0.48356    0.00000    0.48356
 150.00000    0.49118    0.00000    0.49118
