   0.00000    0.47209    0.00000    0.47209
   0.50000    0.50107    0.00000    0.50107
   1.00000    0.52698    0.00000    0.52698
   1.50000    0.53741    0.00000    0.53741
   2.00000    0.54485    0.00000    0.54485
   2.50000    0.51293    0.00000    0.51293
   3.00000    0.52395    0.00000    0.52395
   3.50000    0.56691    0.00000    0.56691
   4.00000    0.55885    0.00000    0.55885
   4.50000    0.52900    0.00000    0.52900
   5.00000    0.49183    0.00000    0.49183
   5.50000    0.50918    0.00000    0.50918
   6.00000    0.51008    0.00000    0.51008
   6.50000    0.55669    0.00000    0.55669
   7.00000    0.54775    0.00000    0.54775
   7.50000    0.51218    0.00000    0.51218
   8.00000    0.47850    0.00000    0.47850
   8.50000    0.50383    0.00000    0.50383
   9.00000    0.52151    0.00000    0.52151
   9.50000    0.52666    0.00000    0.52666
  10.00000    0.54266    0.00000    0.54266
  10.50000    0.55894    0.00000    0.55894
  11.00000    0.56387    0.00000    0.56387
  11.50000    0.54734    0.00000    0.54734
  12.00000    0.52815    0.00000    0.52815
  12.50000    0.52852    0.00000    0.52852
  13.00000    0.49369    0.00000    0.49369
  13.50000    0.50456    0.00000    0.50456
  14.00000    0.51762    0.00000    0.51762
  14.50000    0.54718    0.00000    0.54718
  15.00000    0.54077    0.00000    0.54077
  15.50000    0.59632    0.00000    0.59632
  16.00000    0.57587    0.00000    0.57587
  16.50000    0.54874    0.00000    0.54874
  17.00000    0.53642    0.00000    0.53642
  17.50000    0.54405    0.00000    0.54405
  18.00000    0.52906    0.00000    0.52906
  18.50000    0.54320    0.00000    0.54320
  19.00000    0.55906    0.00000    0.55906
  19.50000    0.54264    0.00000    0.54264
  20.00000    0.51838    0.00000    0.51838
  20.50000    0.50524    0.00000    0.50524
  21.00000    0.50281    0.00000    0.50281
  21.50000    0.52431    0.00000    0.52431
  22.00000    0.53305    0.00000    0.53305
  22.50000    0.50595    0.00000    0.50595
  23.00000    0.50940    0.00000    0.50940
  23.50000    0.55918    0.00000    0.55918
  24.00000    0.61788    0.00000    0.61788
  24.50000    0.57394    0.00000    0.57394
  25.00000    0.50670    0.00000    0.50670
  25.50000    0.48686    0.00000    0.48686
  26.00000    0.48352    0.00000    0.48352
  26.50000    0.49310    0.00000    0.49310
  27.00000    0.51323    0.00000    0.51323
  27.50000    0.52881    0.00000    0.52881
  28.00000    0.51370    0.00000    0.51370
  28.50000    0.50968    0.00000    0.50968
  29.00000    0.53162    0.00000    0.53162
  29.50000    0.53547    0.00000    0.53547
  30.00000    0.53500    0.00000    0.53500
  30.50000    0.54920    0.00000    0.54920
  31.00000    0.52443    0.00000    0.52443
  31.50000    0.52842    0.00000    0.52842
  32.00000    0.51574    0.00000    0.51574
  32.50000    0.54312    0.00000    0.54312
  33.00000    0.54295    0.00000    0.54295
  33.50000    0.54763    0.00000    0.54763
  34.00000    0.52654    0.00000    0.52654
  34.50000    0.53900    0.00000    0.53900
  35.00000    0.53513    0.00000    0.53513
  35.50000    0.51964    0.00000    0.51964
  36.00000    0.52236    0.00000    0.52236
  36.50000    0.54007    0.00000    0.54007
  37.00000    0.52391    0.00000    0.52391
  37.50000    0.52152    0.00000    0.52152
  38.00000    0.53346    0.00000    0.53346
  38.50000    0.56186    0.00000    0.56186
  39.00000    0.53405    0.00000    0.53405
  39.50000    0.50736    0.00000    0.50736
  40.00000    0.49707    0.00000    0.49707
  40.50000    0.57714    0.00000    0.57714
  41.00000    0.60039    0.00000    0.60039
  41.50000    0.56719    0.00000    0.56719
  42.00000    0.50723    0.00000    0.50723
  42.50000    0.46889    0.00000    0.46889
  43.00000    0.47115    0.00000    0.47115
  43.50000    0.48697    0.00000    0.48697
  44.00000    0.52984    0.00000    0.52984
  44.50000    0.55367    0.00000    0.55367
  45.00000    0.52251    0.00000    0.52251
  45.50000    0.51260    0.00000    0.51260
  46.00000    0.49874    0.00000    0.49874
  46.50000    0.52143    0.00000    0.52143
  47.00000    0.51450    0.00000    0.51450
  47.50000    0.55230    0.00000    0.55230
  48.00000    0.56158    0.00000    0.56158
  48.50000    0.54951    0.00000    0.54951
  49.00000    0.55239    0.00000    0.55239
  49.50000    0.54008    0.00000    0.54008
  50.00000    0.52550    0.00000    0.52550
  50.50000    0.50934    0.00000    0.50934
  51.00000    0.52411    0.00000    0.52411
  51.50000    0.54612    0.00000    0.54612
  52.00000    0.55335    0.00000    0.55335
  52.50000    0.56576    0.00000    0.56576
  53.00000    0.51843    0.00000    0.51843
  53.50000    0.48492    0.00000    0.48492
  54.00000    0.49028    0.00000    0.49028
  54.50000    0.55343    0.00000    0.55343
  55.00000    0.54848    0.00000    0.54848
  55.50000    0.54803    0.00000    0.54803
  56.00000    0.51515    0.00000    0.51515
  56.50000    0.50198    0.00000    0.50198
  57.00000    0.48229    0.00000    0.48229
  57.50000    0.55015    0.00000    0.55015
  58.00000    0.58549    0.00000    0.58549
  58.50000    0.56559    0.00000    0.56559
  59.00000    0.53671    0.00000    0.53671
  59.50000    0.52667    0.00000    0.52667
  60.00000    0.52049    0.00000    0.52049
  60.50000    0.51544    0.00000    0.51544
  61.00000    0.55930    0.00000    0.55930
  61.50000    0.55377    0.00000    0.55377
  62.00000    0.55352    0.00000    0.55352
  62.50000    0.51125    0.00000    0.51125
  63.00000    0.53059    0.00000    0.53059
  63.50000    0.57588    0.00000    0.57588
  64.00000    0.59410    0.00000    0.59410
  64.50000    0.53000    0.00000    0.53000
  65.00000    0.50473    0.00000    0.50473
  65.50000    0.57724    0.00000    0.57724
  66.00000    0.57868    0.00000    0.57868
  66.50000    0.56664    0.00000    0.56664
  67.00000    0.53396    0.00000    0.53396
  67.50000    0.59950    0.00000    0.59950
  68.00000    0.61377    0.00000    0.61377
  68.50000    0.57524    0.00000    0.57524
  69.00000    0.50211    0.00000    0.50211
  69.50000    0.47189    0.00000    0.47189
  70.00000    0.50247    0.00000    0.50247
  70.50000    0.51770    0.00000    0.51770
  71.00000    0.53295    0.00000    0.53295
  71.50000    0.49047    0.00000    0.49047
  72.00000    0.48436    0.00000    0.48436
  72.50000    0.50384    0.00000    0.50384
  73.00000    0.53284    0.00000    0.53284
  73.50000    0.56218    0.00000    0.56218
  74.00000    0.56799    0.00000    0.56799
  74.50000    0.58392    0.00000    0.58392
  75.00000    0.54588    0.00000    0.54588
  75.50000    0.52065    0.00000    0.52065
  76.00000    0.47908    0.00000    0.47908
  76.50000    0.50148    0.00000    0.50148
  77.00000    0.52413    0.00000    0.52413
  77.50000    0.55739    0.00000    0.55739
  78.00000    0.54181    0.00000    0.54181
  78.50000    0.50247    0.00000    0.50247
  79.00000    0.49865    0.00000    0.49865
  79.50000    0.49314    0.00000    0.49314
  80.00000    0.54419    0.00000    0.54419
  80.50000    0.55522    0.00000    0.55522
  81.00000    0.54330    0.00000    0.54330
  81.50000    0.48039    0.00000    0.48039
  82.00000    0.48097    0.00000    0.48097
  82.50000    0.51933    0.00000    0.51933
  83.00000    0.55539    0.00000    0.55539
  83.50000    0.53689    0.00000    0.53689
  84.00000    0.54558    0.00000    0.54558
  84.50000    0.58155    0.00000    0.58155
  85.00000    0.58785    0.00000    0.58785
  85.50000    0.52954    0.00000    0.52954
  86.00000    0.50611    0.00000    0.50611
  86.50000    0.53933    0.00000    0.53933
  87.00000    0.54253    0.00000    0.54253
  87.50000    0.55006    0.00000    0.55006
  88.00000    0.53040    0.00000    0.53040
  88.50000    0.53554    0.00000    0.53554
  89.00000    0.52941    0.00000    0.52941
  89.50000    0.53864    0.00000    0.53864
  90.00000    0.53286    0.00000    0.53286
  90.50000    0.54036    0.00000    0.54036
  91.00000    0.53362    0.00000    0.53362
  91.50000    0.50939    0.00000    0.50939
  92.00000    0.52342    0.00000    0.52342
  92.50000    0.52417    0.00000    0.52417
  93.00000    0.50825    0.00000    0.50825
  93.50000    0.49892    0.00000    0.49892
  94.00000    0.49985    0.00000    0.49985
  94.50000    0.50467    0.00000    0.50467
  95.00000    0.51600    0.00000    0.51600
  95.50000    0.57726    0.00000    0.57726
  96.00000    0.55763    0.00000    0.55763
  96.50000    0.57893    0.00000    0.57893
  97.00000    0.55928    0.00000    0.55928
  97.50000    0.55673    0.00000    0.55673
  98.00000    0.50923    0.00000    0.50923
  98.50000    0.51283    0.00000    0.51283
  99.00000    0.52131    0.00000    0.52131
  99.50000    0.54811    0.00000    0.54811
 100.00000    0.55388    0.00000    0.55388
 100.50000    0.54246    0.00000    0.54246
 101.00000    0.54100    0.00000    0.54100
 101.50000    0.52896    0.00000    0.52896
 102.00000    0.49258    0.00000    0.49258
 102.50000    0.47299    0.00000    0.47299
 103.00000    0.50557    0.00000    0.50557
 103.50000    0.50344    0.00000    0.50344
 104.00000    0.49652    0.00000    0.49652
 104.50000    0.52028    0.00000    0.52028
 105.00000    0.56152    0.00000    0.56152
 105.50000    0.55065    0.00000    0.55065
 106.00000    0.51648    0.00000    0.51648
 106.50000    0.52176    0.00000    0.52176
 107.00000    0.54640    0.00000    0.54640
 107.50000    0.55779    0.00000    0.55779
 108.00000    0.56975    0.00000    0.56975
 108.50000    0.56550    0.00000    0.56550
 109.00000    0.57400    0.00000    0.57400
 109.50000    0.55531    0.00000    0.55531
 110.00000    0.52654    0.00000    0.52654
 110.50000    0.49289    0.00000    0.49289
 111.00000    0.49290    0.00000    0.49290
 111.50000    0.53424    0.00000    0.53424
 112.00000    0.54066    0.00000    0.54066
 112.50000    0.55771    0.00000    0.55771
 113.00000    0.55468    0.00000    0.55468
 113.50000    0.51264    0.00000    0.51264
 114.00000    0.49502    0.00000    0.49502
 114.50000    0.48954    0.00000    0.48954
 115.00000    0.51459    0.00000    0.51459
 115.50000    0.51940    0.00000    0.51940
 116.00000    0.59497    0.00000    0.59497
 116.50000    0.60988    0.00000    0.60988
 117.00000    0.58073    0.00000    0.58073
 117.50000    0.52417    0.00000    0.52417
 118.00000    0.52743    0.00000    0.52743
 118.50000    0.54819    0.00000    0.54819
 119.00000    0.55508    0.00000    0.55508
 119.50000    0.56985    0.00000    0.56985
 120.00000    0.56349    0.00000    0.56349
 120.50000    0.49266    0.00000    0.49266
 121.00000    0.49073    0.00000    0.49073
 121.50000    0.53024    0.00000    0.53024
 122.00000    0.55918    0.00000    0.55918
 122.50000    0.52923    0.00000    0.52923
 123.00000    0.54012    0.00000    0.54012
 123.50000    0.50334    0.00000    0.50334
 124.00000    0.48936    0.00000    0.48936
 124.50000    0.50029    0.00000    0.50029
 125.00000    0.54040    0.00000    0.54040
 125.50000    0.54994    0.00000    0.54994
 126.00000    0.54888    0.00000    0.54888
 126.50000    0.52221    0.00000    0.52221
 127.00000    0.53469    0.00000    0.53469
 127.50000    0.54694    0.00000    0.54694
 128.00000    0.53488    0.00000    0.53488
 128.50000    0.48776    0.00000    0.48776
 129.00000    0.48996    0.00000    0.48996
 129.50000    0.54134    0.00000    0.54134
 130.00000    0.57125    0.00000    0.57125
 130.50000    0.51273    0.00000    0.51273
 131.00000    0.47020    0.00000    0.47020
 131.50000    0.50163    0.00000    0.50163
 132.00000    0.53966    0.00000    0.53966
 132.50000    0.54303    0.00000    0.54303
 133.00000    0.53099    0.00000    0.53099
 133.50000    0.54144    0.00000    0.54144
 134.00000    0.53789    0.00000    0.53789
 134.50000    0.54094    0.00000    0.54094
 135.00000    0.55990    0.00000    0.55990
 135.50000    0.57378    0.00000    0.57378
 136.00000    0.54038    0.00000    0.54038
 136.50000    0.50433    0.00000    0.50433
 137.00000    0.51907    0.00000    0.51907
 137.50000    0.57218    0.00000    0.57218
 138.00000    0.55645    0.00000    0.55645
 138.50000    0.51888    0.00000    0.51888
 139.00000    0.49244    0.00000    0.49244
 139.50000    0.54159    0.00000    0.54159
 140.00000    0.54093    0.00000    0.54093
 140.50000    0.53974    0.00000    0.53974
 141.00000    0.56055    0.00000    0.56055
 141.50000    0.52551    0.00000    0.52551
 142.00000    0.53266    0.00000    0.53266
 142.50000    0.55711    0.00000    0.55711
 143.00000    0.62978    0.00000    0.62978
 143.50000    0.58800    0.00000    0.58800
 144.00000    0.55895    0.00000    0.55895
 144.50000    0.51900    0.00000    0.51900
 145.00000    0.55650    0.00000    0.55650
 145.50000    0.57835    0.00000    0.57835
 146.00000    0.55565    0.00000    0.55565
 146.50000    0.50979    0.00000    0.50979
 147.00000    0.53949    0.00000    0.53949
 147.50000    0.56036    0.00000    0.56036
 148.00000    0.52864    0.00000    0.52864
 148.50000    0.49659    0.00000    0.49659
 149.00000    0.50217    0.00000    0.50217
 149.50000    0.52972    0.00000    0.52972
 150.00000    0.49507    0.00000    0.49507
