   0.00000    0.46527    0.00000    0.46527
   0.50000    0.48070    0.00000    0.48070
   1.00000    0.49932    0.00000    0.49932
   1.50000    0.49906    0.00000    0.49906
   2.00000    0.50449    0.00000    0.50449
   2.50000    0.48984    0.00000    0.48984
   3.00000    0.52382    0.00000    0.52382
   3.50000    0.53530    0.00000    0.53530
   4.00000    0.50616    0.00000    0.50616
   4.50000    0.49140    0.00000    0.49140
   5.00000    0.46889    0.00000    0.46889
   5.50000    0.47250    0.00000    0.47250
   6.00000    0.46836    0.00000    0.46836
   6.50000    0.51800    0.00000    0.51800
   7.00000    0.50997    0.00000    0.50997
   7.50000    0.48004    0.00000    0.48004
   8.00000    0.46187    0.00000    0.46187
   8.50000    0.49978    0.00000    0.49978
   9.00000    0.51007    0.00000    0.51007
   9.50000    0.50291    0.00000    0.50291
  10.00000    0.51294    0.00000    0.51294
  10.50000    0.53138    0.00000    0.53138
  11.00000    0.51799    0.00000    0.51799
  11.50000    0.50433    0.00000    0.50433
  12.00000    0.48093    0.00000    0.48093
  12.50000    0.48453    0.00000    0.48453
  13.00000    0.45845    0.00000    0.45845
  13.50000    0.45715    0.00000    0.45715
  14.00000    0.47599    0.00000    0.47599
  14.50000    0.51321    0.00000    0.51321
  15.00000    0.52217    0.00000    0.52217
  15.50000    0.53739    0.00000    0.53739
  16.00000    0.51291    0.00000    0.51291
  16.50000    0.49576    0.00000    0.49576
  17.00000    0.49641    0.00000    0.49641
  17.50000    0.51010    0.00000    0.51010
  18.00000    0.49118    0.00000    0.49118
  18.50000    0.50647    0.00000    0.50647
  19.00000    0.52953    0.00000    0.52953
  19.50000    0.51044    0.00000    0.51044
  20.00000    0.48922    0.00000    0.48922
  20.50000    0.49200    0.00000    0.49200
  21.00000    0.49702    0.00000    0.49702
  21.50000    0.48703    0.00000    0.48703
  22.00000    0.50311    0.00000    0.50311
  22.50000    0.49799    0.00000    0.49799
  23.00000    0.50798    0.00000    0.50798
  23.50000    0.53402    0.00000    0.53402
  24.00000    0.56059    0.00000    0.56059
  24.50000    0.52410    0.00000    0.52410
  25.00000    0.48745    0.00000    0.48745
  25.50000    0.49652    0.00000    0.49652
  26.00000    0.47769    0.00000    0.47769
  26.50000    0.46349    0.00000    0.46349
  27.00000    0.46327    0.00000    0.46327
  27.50000    0.49000    0.00000    0.49000
  28.00000    0.49273    0.00000    0.49273
  28.50000    0.48171    0.00000    0.48171
  29.00000    0.49259    0.00000    0.49259
  29.50000    0.50066    0.00000    0.50066
  30.00000    0.49926    0.00000    0.49926
  30.50000    0.50858    0.00000    0.50858
  31.00000    0.49358    0.00000    0.49358
  31.50000    0.50364    0.00000    0.50364
  32.00000    0.48978    0.00000    0.48978
  32.50000    0.49630    0.00000    0.49630
  33.00000    0.50206    0.00000    0.50206
  33.50000    0.52352    0.00000    0.52352
  34.00000    0.51583    0.00000    0.51583
  34.50000    0.51412    0.00000    0.51412
  35.00000    0.50984    0.00000    0.50984
  35.50000    0.49083    0.00000    0.49083
  36.00000    0.47520    0.00000    0.47520
  36.50000    0.49300    0.00000    0.49300
  37.00000    0.50872    0.00000    0.50872
  37.50000    0.50930    0.00000    0.50930
  38.00000    0.51720    0.00000    0.51720
  38.50000    0.53724    0.00000    0.53724
  39.00000    0.51324    0.00000    0.51324
  39.50000    0.47723    0.00000    0.47723
  40.00000    0.47618    0.00000    0.47618
  40.50000    0.53958    0.00000    0.53958
  41.00000    0.55378    0.00000    0.55378
  41.50000    0.51159    0.00000    0.51159
  42.00000    0.47167    0.00000    0.47167
  42.50000    0.44172    0.00000    0.44172
  43.00000    0.45850    0.00000    0.45850
  43.50000    0.45689    0.00000    0.45689
  44.00000    0.49219    0.00000    0.49219
  44.50000    0.50758    0.00000    0.50758
  45.00000    0.49502    0.00000    0.49502
  45.50000    0.47555    0.00000    0.47555
  46.00000    0.47830    0.00000    0.47830
  46.50000    0.50057    0.00000    0.50057
  47.00000    0.49331    0.00000    0.49331
  47.50000    0.51965    0.00000    0.51965
  48.00000    0.53933    0.00000    0.53933
  48.50000    0.51811    0.00000    0.51811
  49.00000    0.51177    0.00000    0.51177
  49.50000    0.50855    0.00000    0.50855
  50.00000    0.50531    0.00000    0.50531
  50.50000    0.47956    0.00000    0.47956
  51.00000    0.48850    0.00000    0.48850
  51.50000    0.51145    0.00000    0.51145
  52.00000    0.51816    0.00000    0.51816
  52.50000    0.52622    0.00000    0.52622
  53.00000    0.49506    0.00000    0.49506
  53.50000    0.47482    0.00000    0.47482
  54.00000    0.47908    0.00000    0.47908
  54.50000    0.51718    0.00000    0.51718
  55.00000    0.51144    0.00000    0.51144
  55.50000    0.50623    0.00000    0.50623
  56.00000    0.49920    0.00000    0.49920
  56.50000    0.48953    0.00000    0.48953
  57.00000    0.46828    0.00000    0.46828
  57.50000    0.50029    0.00000    0.50029
  58.00000    0.53177    0.00000    0.53177
  58.50000    0.52865    0.00000    0.52865
  59.00000    0.51246    0.00000    0.51246
  59.50000    0.51311    0.00000    0.51311
  60.00000    0.49795    0.00000    0.49795
  60.50000    0.48906    0.00000    0.48906
  61.00000    0.51609    0.00000    0.51609
  61.50000    0.51956    0.00000    0.51956
  62.00000    0.51409    0.00000    0.51409
  62.50000    0.47043    0.00000    0.47043
  63.00000    0.50200    0.00000    0.50200
  63.50000    0.54199    0.00000    0.54199
  64.00000    0.56309    0.00000    0.56309
  64.50000    0.50499    0.00000    0.50499
  65.00000    0.49688    0.00000    0.49688
  65.50000    0.54632    0.00000    0.54632
  66.00000    0.55518    0.00000    0.55518
  66.50000    0.52833    0.00000    0.52833
  67.00000    0.48203    0.00000    0.48203
  67.50000    0.53042    0.00000    0.53042
  68.00000    0.56403    0.00000    0.56403
  68.50000    0.54765    0.00000    0.54765
  69.00000    0.47760    0.00000    0.47760
  69.50000    0.46565    0.00000    0.46565
  70.00000    0.47925    0.00000    0.47925
  70.50000    0.48527    0.00000    0.48527
  71.00000    0.48455    0.00000    0.48455
  71.50000    0.46331    0.00000    0.46331
  72.00000    0.45164    0.00000    0.45164
  72.50000    0.46165    0.00000    0.46165
  73.00000    0.49274    0.00000    0.49274
  73.50000    0.51576    0.00000    0.51576
  74.00000    0.52238    0.00000    0.52238
  74.50000    0.54156    0.00000    0.54156
  75.00000    0.50620    0.00000    0.50620
  75.50000    0.48970    0.00000    0.48970
  76.00000    0.45763    0.00000    0.45763
  76.50000    0.47987    0.00000    0.47987
  77.00000    0.48979    0.00000    0.48979
  77.50000    0.53891    0.00000    0.53891
  78.00000    0.52737    0.00000    0.52737
  78.50000    0.48217    0.00000    0.48217
  79.00000    0.47049    0.00000    0.47049
  79.50000    0.47830    0.00000    0.47830
  80.00000    0.51421    0.00000    0.51421
  80.50000    0.51397    0.00000    0.51397
  81.00000    0.50409    0.00000    0.50409
  81.50000    0.46559    0.00000    0.46559
  82.00000    0.47394    0.00000    0.47394
  82.50000    0.50537    0.00000    0.50537
  83.00000    0.52022    0.00000    0.52022
  83.50000    0.49945    0.00000    0.49945
  84.00000    0.50786    0.00000    0.50786
  84.50000    0.54365    0.00000    0.54365
  85.00000    0.55011    0.00000    0.55011
  85.50000    0.50777    0.00000    0.50777
  86.00000    0.48665    0.00000    0.48665
  86.50000    0.51310    0.00000    0.51310
  87.00000    0.51335    0.00000    0.51335
  87.50000    0.52035    0.00000    0.52035
  88.00000    0.50667    0.00000    0.50667
  88.50000    0.51192    0.00000    0.51192
  89.00000    0.50672    0.00000    0.50672
  89.50000    0.52983    0.00000    0.52983
  90.00000    0.52359    0.00000    0.52359
  90.50000    0.50959    0.00000    0.50959
  91.00000    0.48908    0.00000    0.48908
  91.50000    0.47752    0.00000    0.47752
  92.00000    0.49089    0.00000    0.49089
  92.50000    0.48492    0.00000    0.48492
  93.00000    0.47436    0.00000    0.47436
  93.50000    0.48212    0.00000    0.48212
  94.00000    0.48395    0.00000    0.48395
  94.50000    0.46746    0.00000    0.46746
  95.00000    0.46344    0.00000    0.46344
  95.50000    0.52034    0.00000    0.52034
  96.00000    0.51693    0.00000    0.51693
  96.50000    0.53027    0.00000    0.53027
  97.00000    0.51779    0.00000    0.51779
  97.50000    0.53634    0.00000    0.53634
  98.00000    0.50009    0.00000    0.50009
  98.50000    0.49853    0.00000    0.49853
  99.00000    0.48547    0.00000    0.48547
  99.50000    0.51579    0.00000    0.51579
 100.00000    0.50608    0.00000    0.50608
 100.50000    0.50551    0.00000    0.50551
 101.00000    0.50457    0.00000    0.50457
 101.50000    0.49965    0.00000    0.49965
 102.00000    0.47073    0.00000    0.47073
 102.50000    0.44439    0.00000    0.44439
 103.00000    0.48330    0.00000    0.48330
 103.50000    0.47902    0.00000    0.47902
 104.00000    0.48605    0.00000    0.48605
 104.50000    0.49431    0.00000    0.49431
 105.00000    0.54048    0.00000    0.54048
 105.50000    0.51975    0.00000    0.51975
 106.00000    0.49269    0.00000    0.49269
 106.50000    0.49868    0.00000    0.49868
 107.00000    0.53315    0.00000    0.53315
 107.50000    0.53993    0.00000    0.53993
 108.00000    0.55035    0.00000    0.55035
 108.50000    0.54018    0.00000    0.54018
 109.00000    0.53616    0.00000    0.53616
 109.50000    0.51936    0.00000    0.51936
 110.00000    0.49922    0.00000    0.49922
 110.50000    0.46825    0.00000    0.46825
 111.00000    0.47387    0.00000    0.47387
 111.50000    0.50306    0.00000    0.50306
 112.00000    0.51549    0.00000    0.51549
 112.50000    0.51276    0.00000    0.51276
 113.00000    0.50666    0.00000    0.50666
 113.50000    0.45762    0.00000    0.45762
 114.00000    0.45796    0.00000    0.45796
 114.50000    0.47169    0.00000    0.47169
 115.00000    0.50352    0.00000    0.50352
 115.50000    0.50625    0.00000    0.50625
 116.00000    0.53827    0.00000    0.53827
 116.50000    0.54037    0.00000    0.54037
 117.00000    0.53262    0.00000    0.53262
 117.50000    0.50190    0.00000    0.50190
 118.00000    0.49845    0.00000    0.49845
 118.50000    0.50618    0.00000    0.50618
 119.00000    0.51245    0.00000    0.51245
 119.50000    0.51628    0.00000    0.51628
 120.00000    0.52859    0.00000    0.52859
 120.50000    0.47538    0.00000    0.47538
 121.00000    0.47764    0.00000    0.47764
 121.50000    0.49389    0.00000    0.49389
 122.00000    0.51246    0.00000    0.51246
 122.50000    0.48401    0.00000    0.48401
 123.00000    0.50983    0.00000    0.50983
 123.50000    0.47681    0.00000    0.47681
 124.00000    0.46769    0.00000    0.46769
 124.50000    0.47791    0.00000    0.47791
 125.00000    0.51519    0.00000    0.51519
 125.50000    0.50071    0.00000    0.50071
 126.00000    0.49763    0.00000    0.49763
 126.50000    0.47035    0.00000    0.47035
 127.00000    0.50260    0.00000    0.50260
 127.50000    0.51305    0.00000    0.51305
 128.00000    0.51067    0.00000    0.51067
 128.50000    0.46418    0.00000    0.46418
 129.00000    0.47100    0.00000    0.47100
 129.50000    0.49489    0.00000    0.49489
 130.00000    0.52482    0.00000    0.52482
 130.50000    0.47728    0.00000    0.47728
 131.00000    0.44541    0.00000    0.44541
 131.50000    0.46193    0.00000    0.46193
 132.00000    0.50839    0.00000    0.50839
 132.50000    0.50548    0.00000    0.50548
 133.00000    0.48186    0.00000    0.48186
 133.50000    0.48822    0.00000    0.48822
 134.00000    0.49655    0.00000    0.49655
 134.50000    0.51791    0.00000    0.51791
 135.00000    0.53127    0.00000    0.53127
 135.50000    0.55362    0.00000    0.55362
 136.00000    0.51533    0.00000    0.51533
 136.50000    0.47233    0.00000    0.47233
 137.00000    0.48567    0.00000    0.48567
 137.50000    0.53625    0.00000    0.53625
 138.00000    0.51990    0.00000    0.51990
 138.50000    0.46296    0.00000    0.46296
 139.00000    0.45084    0.00000    0.45084
 139.50000    0.49603    0.00000    0.49603
 140.00000    0.50861    0.00000    0.50861
 140.50000    0.50800    0.00000    0.50800
 141.00000    0.52889    0.00000    0.52889
 141.50000    0.49754    0.00000    0.49754
 142.00000    0.51432    0.00000    0.51432
 142.50000    0.54357    0.00000    0.54357
 143.00000    0.59579    0.00000    0.59579
 143.50000    0.56378    0.00000    0.56378
 144.00000    0.52458    0.00000    0.52458
 144.50000    0.48163    0.00000    0.48163
 145.00000    0.51469    0.00000    0.51469
 145.50000    0.55670    0.00000    0.55670
 146.00000    0.53090    0.00000    0.53090
 146.50000    0.47945    0.00000    0.47945
 147.00000    0.49250    0.00000    0.49250
 147.50000    0.51133    0.00000    0.51133
 148.00000    0.49681    0.00000    0.49681
 148.50000    0.48178    0.00000    0.48178
 149.00000    0.48268    0.00000    0.48268
 149.50000    0.48868    0.00000    0.48868
 150.00000    0.42395    0.00000    0.42395
