   0.00000    0.49333    0.00000    0.49333
   0.50000    0.54671    0.00000    0.54671
   1.00000    0.54411    0.00000    0.54411
   1.50000    0.52764    0.00000    0.52764
   2.00000    0.55359    0.00000    0.55359
   2.50000    0.56127    0.00000    0.56127
   3.00000    0.56580    0.00000    0.56580
   3.50000    0.57346    0.00000    0.57346
   4.00000    0.56890    0.00000    0.56890
   4.50000    0.56751    0.00000    0.56751
   5.00000    0.56451    0.00000    0.56451
   5.50000    0.58438    0.00000    0.58438
   6.00000    0.55976    0.00000    0.55976
   6.50000    0.57287    0.00000    0.57287
   7.00000    0.57365    0.00000    0.57365
   7.50000    0.54010    0.00000    0.54010
   8.00000    0.51842    0.00000    0.51842
   8.50000    0.53601    0.00000    0.53601
   9.00000    0.56097    0.00000    0.56097
   9.50000    0.53394    0.00000    0.53394
  10.00000    0.53123    0.00000    0.53123
  10.50000    0.58560    0.00000    0.58560
  11.00000    0.59402    0.00000    0.59402
  11.50000    0.57069    0.00000    0.57069
  12.00000    0.54166    0.00000    0.54166
  12.50000    0.57156    0.00000    0.57156
  13.00000    0.55676    0.00000    0.55676
  13.50000    0.56430    0.00000    0.56430
  14.00000    0.54137    0.00000    0.54137
  14.50000    0.56082    0.00000    0.56082
  15.00000    0.57336    0.00000    0.57336
  15.50000    0.60911    0.00000    0.60911
  16.00000    0.58266    0.00000    0.58266
  16.50000    0.59288    0.00000    0.59288
  17.00000    0.58646    0.00000    0.58646
  17.50000    0.56334    0.00000    0.56334
  18.00000    0.54682    0.00000    0.54682
  18.50000    0.60513    0.00000    0.60513
  19.00000    0.61001    0.00000    0.61001
  19.50000    0.56912    0.00000    0.56912
  20.00000    0.56749    0.00000    0.56749
  20.50000    0.56769    0.00000    0.56769
  21.00000    0.53585    0.00000    0.53585
  21.50000    0.53874    0.00000    0.53874
  22.00000    0.58079    0.00000    0.58079
  22.50000    0.58071    0.00000    0.58071
  23.00000    0.57078    0.00000    0.57078
  23.50000    0.60956    0.00000    0.60956
  24.00000    0.61429    0.00000    0.61429
  24.50000    0.58188    0.00000    0.58188
  25.00000    0.54398    0.00000    0.54398
  25.50000    0.54894    0.00000    0.54894
  26.00000    0.55106    0.00000    0.55106
  26.50000    0.56815    0.00000    0.56815
  27.00000    0.56416    0.00000    0.56416
  27.50000    0.54929    0.00000    0.54929
  28.00000    0.55299    0.00000    0.55299
  28.50000    0.55779    0.00000    0.55779
  29.00000    0.56473    0.00000    0.56473
  29.50000    0.58918    0.00000    0.58918
  30.00000    0.60056    0.00000    0.60056
  30.50000    0.58072    0.00000    0.58072
  31.00000    0.55135    0.00000    0.55135
  31.50000    0.56830    0.00000    0.56830
  32.00000    0.56852    0.00000    0.56852
  32.50000    0.58713    0.00000    0.58713
  33.00000    0.57115    0.00000    0.57115
  33.50000    0.56229    0.00000    0.56229
  34.00000    0.54266    0.00000    0.54266
  34.50000    0.57646    0.00000    0.57646
  35.00000    0.56943    0.00000    0.56943
  35.50000    0.56370    0.00000    0.56370
  36.00000    0.56896    0.00000    0.56896
  36.50000    0.57564    0.00000    0.57564
  37.00000    0.54657    0.00000    0.54657
  37.50000    0.52468    0.00000    0.52468
  38.00000    0.54686    0.00000    0.54686
  38.50000    0.58231    0.00000    0.58231
  39.00000    0.58573    0.00000    0.58573
  39.50000    0.53651    0.00000    0.53651
  40.00000    0.55017    0.00000    0.55017
  40.50000    0.63288    0.00000    0.63288
  41.00000    0.66847    0.00000    0.66847
  41.50000    0.59542    0.00000    0.59542
  42.00000    0.54842    0.00000    0.54842
  42.50000    0.52304    0.00000    0.52304
  43.00000    0.54652    0.00000    0.54652
  43.50000    0.54624    0.00000    0.54624
  44.00000    0.55874    0.00000    0.55874
  44.50000    0.55562    0.00000    0.55562
  45.00000    0.56003    0.00000    0.56003
  45.50000    0.57900    0.00000    0.57900
  46.00000    0.58942    0.00000    0.58942
  46.50000    0.56809    0.00000    0.56809
  47.00000    0.55714    0.00000    0.55714
  47.50000    0.58098    0.00000    0.58098
  48.00000    0.62513    0.00000    0.62513
  48.50000    0.57479    0.00000    0.57479
  49.00000    0.55890    0.00000    0.55890
  49.50000    0.57134    0.00000    0.57134
  50.00000    0.60144    0.00000    0.60144
  50.50000    0.59785    0.00000    0.59785
  51.00000    0.58127    0.00000    0.58127
  51.50000    0.58757    0.00000    0.58757
  52.00000    0.57444    0.00000    0.57444
  52.50000    0.60795    0.00000    0.60795
  53.00000    0.58434    0.00000    0.58434
  53.50000    0.54499    0.00000    0.54499
  54.00000    0.55862    0.00000    0.55862
  54.50000    0.58525    0.00000    0.58525
  55.00000    0.58567    0.00000    0.58567
  55.50000    0.59877    0.00000    0.59877
  56.00000    0.60528    0.00000    0.60528
  56.50000    0.55694    0.00000    0.55694
  57.00000    0.50507    0.00000    0.50507
  57.50000    0.54549    0.00000    0.54549
  58.00000    0.59604    0.00000    0.59604
  58.50000    0.61784    0.00000    0.61784
  59.00000    0.58303    0.00000    0.58303
  59.50000    0.53789    0.00000    0.53789
  60.00000    0.53193    0.00000    0.53193
  60.50000    0.54237    0.00000    0.54237
  61.00000    0.57562    0.00000    0.57562
  61.50000    0.58657    0.00000    0.58657
  62.00000    0.59585    0.00000    0.59585
  62.50000    0.54162    0.00000    0.54162
  63.00000    0.55078    0.00000    0.55078
  63.50000    0.61619    0.00000    0.61619
  64.00000    0.63661    0.00000    0.63661
  64.50000    0.58491    0.00000    0.58491
  65.00000    0.53402    0.00000    0.53402
  65.50000    0.57179    0.00000    0.57179
  66.00000    0.57229    0.00000    0.57229
  66.50000    0.57096    0.00000    0.57096
  67.00000    0.56741    0.00000    0.56741
  67.50000    0.59700    0.00000    0.59700
  68.00000    0.60712    0.00000    0.60712
  68.50000    0.58897    0.00000    0.58897
  69.00000    0.54466    0.00000    0.54466
  69.50000    0.52116    0.00000    0.52116
  70.00000    0.54699    0.00000    0.54699
  70.50000    0.60948    0.00000    0.60948
  71.00000    0.58166    0.00000    0.58166
  71.50000    0.54237    0.00000    0.54237
  72.00000    0.54654    0.00000    0.54654
  72.50000    0.58859    0.00000    0.58859
  73.00000    0.58734    0.00000    0.58734
  73.50000    0.60128    0.00000    0.60128
  74.00000    0.63646    0.00000    0.63646
  74.50000    0.66540    0.00000    0.66540
  75.00000    0.61668    0.00000    0.61668
  75.50000    0.57810    0.00000    0.57810
  76.00000    0.51717    0.00000    0.51717
  76.50000    0.54316    0.00000    0.54316
  77.00000    0.56160    0.00000    0.56160
  77.50000    0.60972    0.00000    0.60972
  78.00000    0.56682    0.00000    0.56682
  78.50000    0.53719    0.00000    0.53719
  79.00000    0.52882    0.00000    0.52882
  79.50000    0.53567    0.00000    0.53567
  80.00000    0.56548    0.00000    0.56548
  80.50000    0.57700    0.00000    0.57700
  81.00000    0.54311    0.00000    0.54311
  81.50000    0.49426    0.00000    0.49426
  82.00000    0.49645    0.00000    0.49645
  82.50000    0.55287    0.00000    0.55287
  83.00000    0.56349    0.00000    0.56349
  83.50000    0.56249    0.00000    0.56249
  84.00000    0.54674    0.00000    0.54674
  84.50000    0.58599    0.00000    0.58599
  85.00000    0.59211    0.00000    0.59211
  85.50000    0.58837    0.00000    0.58837
  86.00000    0.56897    0.00000    0.56897
  86.50000    0.58170    0.00000    0.58170
  87.00000    0.58984    0.00000    0.58984
  87.50000    0.57998    0.00000    0.57998
  88.00000    0.59260    0.00000    0.59260
  88.50000    0.58445    0.00000    0.58445
  89.00000    0.60768    0.00000    0.60768
  89.50000    0.58015    0.00000    0.58015
  90.00000    0.58165    0.00000    0.58165
  90.50000    0.54454    0.00000    0.54454
  91.00000    0.55583    0.00000    0.55583
  91.50000    0.57892    0.00000    0.57892
  92.00000    0.61166    0.00000    0.61166
  92.50000    0.58200    0.00000    0.58200
  93.00000    0.56011    0.00000    0.56011
  93.50000    0.54056    0.00000    0.54056
  94.00000    0.54438    0.00000    0.54438
  94.50000    0.52777    0.00000    0.52777
  95.00000    0.55573    0.00000    0.55573
  95.50000    0.59274    0.00000    0.59274
  96.00000    0.61158    0.00000    0.61158
  96.50000    0.60229    0.00000    0.60229
  97.00000    0.57304    0.00000    0.57304
  97.50000    0.57036    0.00000    0.57036
  98.00000    0.58508    0.00000    0.58508
  98.50000    0.58812    0.00000    0.58812
  99.00000    0.57107    0.00000    0.57107
  99.50000    0.56802    0.00000    0.56802
 100.00000    0.59796    0.00000    0.59796
 100.50000    0.60719    0.00000    0.60719
 101.00000    0.60658    0.00000    0.60658
 101.50000    0.55219    0.00000    0.55219
 102.00000    0.50827    0.00000    0.50827
 102.50000    0.50167    0.00000    0.50167
 103.00000    0.52594    0.00000    0.52594
 103.50000    0.51381    0.00000    0.51381
 104.00000    0.52754    0.00000    0.52754
 104.50000    0.57934    0.00000    0.57934
 105.00000    0.61509    0.00000    0.61509
 105.50000    0.57979    0.00000    0.57979
 106.00000    0.56881    0.00000    0.56881
 106.50000    0.58465    0.00000    0.58465
 107.00000    0.59370    0.00000    0.59370
 107.50000    0.57824    0.00000    0.57824
 108.00000    0.59047    0.00000    0.59047
 108.50000    0.60706    0.00000    0.60706
 109.00000    0.59561    0.00000    0.59561
 109.50000    0.58666    0.00000    0.58666
 110.00000    0.59975    0.00000    0.59975
 110.50000    0.61180    0.00000    0.61180
 111.00000    0.58550    0.00000    0.58550
 111.50000    0.57360    0.00000    0.57360
 112.00000    0.57008    0.00000    0.57008
 112.50000    0.56735    0.00000    0.56735
 113.00000    0.57147    0.00000    0.57147
 113.50000    0.56385    0.00000    0.56385
 114.00000    0.55880    0.00000    0.55880
 114.50000    0.53036    0.00000    0.53036
 115.00000    0.52969    0.00000    0.52969
 115.50000    0.54284    0.00000    0.54284
 116.00000    0.63158    0.00000    0.63158
 116.50000    0.63014    0.00000    0.63014
 117.00000    0.58182    0.00000    0.58182
 117.50000    0.55954    0.00000    0.55954
 118.00000    0.59331    0.00000    0.59331
 118.50000    0.60826    0.00000    0.60826
 119.00000    0.58631    0.00000    0.58631
 119.50000    0.58310    0.00000    0.58310
 120.00000    0.58560    0.00000    0.58560
 120.50000    0.56321    0.00000    0.56321
 121.00000    0.57948    0.00000    0.57948
 121.50000    0.57104    0.00000    0.57104
 122.00000    0.60202    0.00000    0.60202
 122.50000    0.61059    0.00000    0.61059
 123.00000    0.62992    0.00000    0.62992
 123.50000    0.57475    0.00000    0.57475
 124.00000    0.54961    0.00000    0.54961
 124.50000    0.55495    0.00000    0.55495
 125.00000    0.55437    0.00000    0.55437
 125.50000    0.56751    0.00000    0.56751
 126.00000    0.57650    0.00000    0.57650
 126.50000    0.58571    0.00000    0.58571
 127.00000    0.59457    0.00000    0.59457
 127.50000    0.59332    0.00000    0.59332
 128.00000    0.55856    0.00000    0.55856
 128.50000    0.52717    0.00000    0.52717
 129.00000    0.52544    0.00000    0.52544
 129.50000    0.54314    0.00000    0.54314
 130.00000    0.57186    0.00000    0.57186
 130.50000    0.56153    0.00000    0.56153
 131.00000    0.57289    0.00000    0.57289
 131.50000    0.57373    0.00000    0.57373
 132.00000    0.57540    0.00000    0.57540
 132.50000    0.56081    0.00000    0.56081
 133.00000    0.54844    0.00000    0.54844
 133.50000    0.56898    0.00000    0.56898
 134.00000    0.60289    0.00000    0.60289
 134.50000    0.57773    0.00000    0.57773
 135.00000    0.53646    0.00000    0.53646
 135.50000    0.55080    0.00000    0.55080
 136.00000    0.59133    0.00000    0.59133
 136.50000    0.59691    0.00000    0.59691
 137.00000    0.60581    0.00000    0.60581
 137.50000    0.61284    0.00000    0.61284
 138.00000    0.57946    0.00000    0.57946
 138.50000    0.56105    0.00000    0.56105
 139.00000    0.56015    0.00000    0.56015
 139.50000    0.59975    0.00000    0.59975
 140.00000    0.61116    0.00000    0.61116
 140.50000    0.58692    0.00000    0.58692
 141.00000    0.60736    0.00000    0.60736
 141.50000    0.59981    0.00000    0.59981
 142.00000    0.60539    0.00000    0.60539
 142.50000    0.57500    0.00000    0.57500
 143.00000    0.60414    0.00000    0.60414
 143.50000    0.61146    0.00000    0.61146
 144.00000    0.58487    0.00000    0.58487
 144.50000    0.52283    0.00000    0.52283
 145.00000    0.53237    0.00000    0.53237
 145.50000    0.56978    0.00000    0.56978
 146.00000    0.56014    0.00000    0.56014
 146.50000    0.52949    0.00000    0.52949
 147.00000    0.59616    0.00000    0.59616
 147.50000    0.59864    0.00000    0.59864
 148.00000    0.58348    0.00000    0.58348
 148.50000    0.55988    0.00000    0.55988
 149.00000    0.57458    0.00000    0.57458
 149.50000    0.53912    0.00000    0.53912
 150.00000    0.54898    0.00000    0.54898
