   0.00000    0.41612    0.00000    0.41612
   0.50000    0.47832    0.00000    0.47832
   1.00000    0.47684    0.00000    0.47684
   1.50000    0.46661    0.00000    0.46661
   2.00000    0.48002    0.00000    0.48002
   2.50000    0.49470    0.00000    0.49470
   3.00000    0.49091    0.00000    0.49091
   3.50000    0.51275    0.00000    0.51275
   4.00000    0.50134    0.00000    0.50134
   4.50000    0.50130    0.00000    0.50130
   5.00000    0.47820    0.00000    0.47820
   5.50000    0.49400    0.00000    0.49400
   6.00000    0.47034    0.00000    0.47034
   6.50000    0.51624    0.00000    0.51624
   7.00000    0.53012    0.00000    0.53012
   7.50000    0.49475    0.00000    0.49475
   8.00000    0.44159    0.00000    0.44159
   8.50000    0.46996    0.00000    0.46996
   9.00000    0.50278    0.00000    0.50278
   9.50000    0.49027    0.00000    0.49027
  10.00000    0.48315    0.00000    0.48315
  10.50000    0.49385    0.00000    0.49385
  11.00000    0.49836    0.00000    0.49836
  11.50000    0.49814    0.00000    0.49814
  12.00000    0.49184    0.00000    0.49184
  12.50000    0.49373    0.00000    0.49373
  13.00000    0.47001    0.00000    0.47001
  13.50000    0.49725    0.00000    0.49725
  14.00000    0.49239    0.00000    0.49239
  14.50000    0.48894    0.00000    0.48894
  15.00000    0.47332    0.00000    0.47332
  15.50000    0.50294    0.00000    0.50294
  16.00000    0.50240    0.00000    0.50240
  16.50000    0.50294    0.00000    0.50294
  17.00000    0.51570    0.00000    0.51570
  17.50000    0.50363    0.00000    0.50363
  18.00000    0.50395    0.00000    0.50395
  18.50000    0.53396    0.00000    0.53396
  19.00000    0.55456    0.00000    0.55456
  19.50000    0.52392    0.00000    0.52392
  20.00000    0.51567    0.00000    0.51567
  20.50000    0.49681    0.00000    0.49681
  21.00000    0.48321    0.00000    0.48321
  21.50000    0.48215    0.00000    0.48215
  22.00000    0.50250    0.00000    0.50250
  22.50000    0.50230    0.00000    0.50230
  23.00000    0.50276    0.00000    0.50276
  23.50000    0.51630    0.00000    0.51630
  24.00000    0.53267    0.00000    0.53267
  24.50000    0.51124    0.00000    0.51124
  25.00000    0.49250    0.00000    0.49250
  25.50000    0.47635    0.00000    0.47635
  26.00000    0.50131    0.00000    0.50131
  26.50000    0.51461    0.00000    0.51461
  27.00000    0.51557    0.00000    0.51557
  27.50000    0.48358    0.00000    0.48358
  28.00000    0.48918    0.00000    0.48918
  28.50000    0.49233    0.00000    0.49233
  29.00000    0.48909    0.00000    0.48909
  29.50000    0.50058    0.00000    0.50058
  30.00000    0.51143    0.00000    0.51143
  30.50000    0.50797    0.00000    0.50797
  31.00000    0.48841    0.00000    0.48841
  31.50000    0.51255    0.00000    0.51255
  32.00000    0.50042    0.00000    0.50042
  32.50000    0.50623    0.00000    0.50623
  33.00000    0.49786    0.00000    0.49786
  33.50000    0.50004    0.00000    0.50004
  34.00000    0.48704    0.00000    0.48704
  34.50000    0.48876    0.00000    0.48876
  35.00000    0.49804    0.00000    0.49804
  35.50000    0.49670    0.00000    0.49670
  36.00000    0.51995    0.00000    0.51995
  36.50000    0.50411    0.00000    0.50411
  37.00000    0.48607    0.00000    0.48607
  37.50000    0.47956    0.00000    0.47956
  38.00000    0.50429    0.00000    0.50429
  38.50000    0.51860    0.00000    0.51860
  39.00000    0.50581    0.00000    0.50581
  39.50000    0.46687    0.00000    0.46687
  40.00000    0.48230    0.00000    0.48230
  40.50000    0.53979    0.00000    0.53979
  41.00000    0.57325    0.00000    0.57325
  41.50000    0.53359    0.00000    0.53359
  42.00000    0.50749    0.00000    0.50749
  42.50000    0.46905    0.00000    0.46905
  43.00000    0.48194    0.00000    0.48194
  43.50000    0.49159    0.00000    0.49159
  44.00000    0.51220    0.00000    0.51220
  44.50000    0.51740    0.00000    0.51740
  45.00000    0.52214    0.00000    0.52214
  45.50000    0.50767    0.00000    0.50767
  46.00000    0.49548    0.00000    0.49548
  46.50000    0.48920    0.00000    0.48920
  47.00000    0.50144    0.00000    0.50144
  47.50000    0.51500    0.00000    0.51500
  48.00000    0.54486    0.00000    0.54486
  48.50000    0.49419    0.00000    0.49419
  49.00000    0.48709    0.00000    0.48709
  49.50000    0.50619    0.00000    0.50619
  50.00000    0.54577    0.00000    0.54577
  50.50000    0.53537    0.00000    0.53537
  51.00000    0.50924    0.00000    0.50924
  51.50000    0.50969    0.00000    0.50969
  52.00000    0.51041    0.00000    0.51041
  52.50000    0.54256    0.00000    0.54256
  53.00000    0.51121    0.00000    0.51121
  53.50000    0.48045    0.00000    0.48045
  54.00000    0.50448    0.00000    0.50448
  54.50000    0.53036    0.00000    0.53036
  55.00000    0.52404    0.00000    0.52404
  55.50000    0.51183    0.00000    0.51183
  56.00000    0.51443    0.00000    0.51443
  56.50000    0.47933    0.00000    0.47933
  57.00000    0.45068    0.00000    0.45068
  57.50000    0.48334    0.00000    0.48334
  58.00000    0.52285    0.00000    0.52285
  58.50000    0.52506    0.00000    0.52506
  59.00000    0.47969    0.00000    0.47969
  59.50000    0.45403    0.00000    0.45403
  60.00000    0.45724    0.00000    0.45724
  60.50000    0.46433    0.00000    0.46433
  61.00000    0.50653    0.00000    0.50653
  61.50000    0.51385    0.00000    0.51385
  62.00000    0.52615    0.00000    0.52615
  62.50000    0.47410    0.00000    0.47410
  63.00000    0.48049    0.00000    0.48049
  63.50000    0.51334    0.00000    0.51334
  64.00000    0.53873    0.00000    0.53873
  64.50000    0.51284    0.00000    0.51284
  65.00000    0.47050    0.00000    0.47050
  65.50000    0.49887    0.00000    0.49887
  66.00000    0.49972    0.00000    0.49972
  66.50000    0.49399    0.00000    0.49399
  67.00000    0.46856    0.00000    0.46856
  67.50000    0.49897    0.00000    0.49897
  68.00000    0.52920    0.00000    0.52920
  68.50000    0.50273    0.00000    0.50273
  69.00000    0.47330    0.00000    0.47330
  69.50000    0.46172    0.00000    0.46172
  70.00000    0.47886    0.00000    0.47886
  70.50000    0.50031    0.00000    0.50031
  71.00000    0.49900    0.00000    0.49900
  71.50000    0.48185    0.00000    0.48185
  72.00000    0.48524    0.00000    0.48524
  72.50000    0.51634    0.00000    0.51634
  73.00000    0.51689    0.00000    0.51689
  73.50000    0.50752    0.00000    0.50752
  74.00000    0.52584    0.00000    0.52584
  74.50000    0.53985    0.00000    0.53985
  75.00000    0.52332    0.00000    0.52332
  75.50000    0.50187    0.00000    0.50187
  76.00000    0.47984    0.00000    0.47984
  76.50000    0.48626    0.00000    0.48626
  77.00000    0.47397    0.00000    0.47397
  77.50000    0.49741    0.00000    0.49741
  78.00000    0.50601    0.00000    0.50601
  78.50000    0.49288    0.00000    0.49288
  79.00000    0.46873    0.00000    0.46873
  79.50000    0.45862    0.00000    0.45862
  80.00000    0.50529    0.00000    0.50529
  80.50000    0.51183    0.00000    0.51183
  81.00000    0.48865    0.00000    0.48865
  81.50000    0.45378    0.00000    0.45378
  82.00000    0.45499    0.00000    0.45499
  82.50000    0.48369    0.00000    0.48369
  83.00000    0.49962    0.00000    0.49962
  83.50000    0.49723    0.00000    0.49723
  84.00000    0.48057    0.00000    0.48057
  84.50000    0.51692    0.00000    0.51692
  85.00000    0.53624    0.00000    0.53624
  85.50000    0.50930    0.00000    0.50930
  86.00000    0.47273    0.00000    0.47273
  86.50000    0.49593    0.00000    0.49593
  87.00000    0.52285    0.00000    0.52285
  87.50000    0.52075    0.00000    0.52075
  88.00000    0.51518    0.00000    0.51518
  88.50000    0.50963    0.00000    0.50963
  89.00000    0.52556    0.00000    0.52556
  89.50000    0.51466    0.00000    0.51466
  90.00000    0.51074    0.00000    0.51074
  90.50000    0.47445    0.00000    0.47445
  91.00000    0.47773    0.00000    0.47773
  91.50000    0.50348    0.00000    0.50348
  92.00000    0.52501    0.00000    0.52501
  92.50000    0.49962    0.00000    0.49962
  93.00000    0.47496    0.00000    0.47496
  93.50000    0.45661    0.00000    0.45661
  94.00000    0.45845    0.00000    0.45845
  94.50000    0.45218    0.00000    0.45218
  95.00000    0.48330    0.00000    0.48330
  95.50000    0.50988    0.00000    0.50988
  96.00000    0.53505    0.00000    0.53505
  96.50000    0.53123    0.00000    0.53123
  97.00000    0.51043    0.00000    0.51043
  97.50000    0.49355    0.00000    0.49355
  98.00000    0.49712    0.00000    0.49712
  98.50000    0.49377    0.00000    0.49377
  99.00000    0.49252    0.00000    0.49252
  99.50000    0.48955    0.00000    0.48955
 100.00000    0.50477    0.00000    0.50477
 100.50000    0.51604    0.00000    0.51604
 101.00000    0.54737    0.00000    0.54737
 101.50000    0.49847    0.00000    0.49847
 102.00000    0.43573    0.00000    0.43573
 102.50000    0.41761    0.00000    0.41761
 103.00000    0.46059    0.00000    0.46059
 103.50000    0.46957    0.00000    0.46957
 104.00000    0.46374    0.00000    0.46374
 104.50000    0.46979    0.00000    0.46979
 105.00000    0.52239    0.00000    0.52239
 105.50000    0.50423    0.00000    0.50423
 106.00000    0.47813    0.00000    0.47813
 106.50000    0.47030    0.00000    0.47030
 107.00000    0.52024    0.00000    0.52024
 107.50000    0.50522    0.00000    0.50522
 108.00000    0.52689    0.00000    0.52689
 108.50000    0.51181    0.00000    0.51181
 109.00000    0.51278    0.00000    0.51278
 109.50000    0.49162    0.00000    0.49162
 110.00000    0.50602    0.00000    0.50602
 110.50000    0.49133    0.00000    0.49133
 111.00000    0.49546    0.00000    0.49546
 111.50000    0.51076    0.00000    0.51076
 112.00000    0.51065    0.00000    0.51065
 112.50000    0.51041    0.00000    0.51041
 113.00000    0.52025    0.00000    0.52025
 113.50000    0.47872    0.00000    0.47872
 114.00000    0.45113    0.00000    0.45113
 114.50000    0.44141    0.00000    0.44141
 115.00000    0.47336    0.00000    0.47336
 115.50000    0.47774    0.00000    0.47774
 116.00000    0.54096    0.00000    0.54096
 116.50000    0.53802    0.00000    0.53802
 117.00000    0.50281    0.00000    0.50281
 117.50000    0.48717    0.00000    0.48717
 118.00000    0.51592    0.00000    0.51592
 118.50000    0.51242    0.00000    0.51242
 119.00000    0.49429    0.00000    0.49429
 119.50000    0.50703    0.00000    0.50703
 120.00000    0.52210    0.00000    0.52210
 120.50000    0.49088    0.00000    0.49088
 121.00000    0.50525    0.00000    0.50525
 121.50000    0.50643    0.00000    0.50643
 122.00000    0.51559    0.00000    0.51559
 122.50000    0.48932    0.00000    0.48932
 123.00000    0.50862    0.00000    0.50862
 123.50000    0.49976    0.00000    0.49976
 124.00000    0.48605    0.00000    0.48605
 124.50000    0.47898    0.00000    0.47898
 125.00000    0.47517    0.00000    0.47517
 125.50000    0.49358    0.00000    0.49358
 126.00000    0.48657    0.00000    0.48657
 126.50000    0.49032    0.00000    0.49032
 127.00000    0.49353    0.00000    0.49353
 127.50000    0.48802    0.00000    0.48802
 128.00000    0.47477    0.00000    0.47477
 128.50000    0.46674    0.00000    0.46674
 129.00000    0.47137    0.00000    0.47137
 129.50000    0.47693    0.00000    0.47693
 130.00000    0.49376    0.00000    0.49376
 130.50000    0.48090    0.00000    0.48090
 131.00000    0.48440    0.00000    0.48440
 131.50000    0.49792    0.00000    0.49792
 132.00000    0.52420    0.00000    0.52420
 132.50000    0.51753    0.00000    0.51753
 133.00000    0.47492    0.00000    0.47492
 133.50000    0.46942    0.00000    0.46942
 134.00000    0.50843    0.00000    0.50843
 134.50000    0.52381    0.00000    0.52381
 135.00000    0.50150    0.00000    0.50150
 135.50000    0.51146    0.00000    0.51146
 136.00000    0.52978    0.00000    0.52978
 136.50000    0.52638    0.00000    0.52638
 137.00000    0.52685    0.00000    0.52685
 137.50000    0.53233    0.00000    0.53233
 138.00000    0.52017    0.00000    0.52017
 138.50000    0.50014    0.00000    0.50014
 139.00000    0.47901    0.00000    0.47901
 139.50000    0.49527    0.00000    0.49527
 140.00000    0.50377    0.00000    0.50377
 140.50000    0.50059    0.00000    0.50059
 141.00000    0.52045    0.00000    0.52045
 141.50000    0.51053    0.00000    0.51053
 142.00000    0.51200    0.00000    0.51200
 142.50000    0.50627    0.00000    0.50627
 143.00000    0.55308    0.00000    0.55308
 143.50000    0.55802    0.00000    0.55802
 144.00000    0.52492    0.00000    0.52492
 144.50000    0.47215    0.00000    0.47215
 145.00000    0.49091    0.00000    0.49091
 145.50000    0.53221    0.00000    0.53221
 146.00000    0.49614    0.00000    0.49614
 146.50000    0.45075    0.00000    0.45075
 147.00000    0.49200    0.00000    0.49200
 147.50000    0.52802    0.00000    0.52802
 148.00000    0.51911    0.00000    0.51911
 148.50000    0.48780    0.00000    0.48780
 149.00000    0.48768    0.00000    0.48768
 149.50000    0.48547    0.00000    0.48547
 150.00000    0.49924    0.00000    0.49924
