   0.00000    0.48004    0.00000    0.48004
   0.50000    0.49721    0.00000    0.49721
   1.00000    0.51839    0.00000    0.51839
   1.50000    0.52465    0.00000    0.52465
   2.00000    0.52783    0.00000    0.52783
   2.50000    0.49898    0.00000    0.49898
   3.00000    0.52790    0.00000    0.52790
   3.50000    0.56943    0.00000    0.56943
   4.00000    0.55680    0.00000    0.55680
   4.50000    0.51960    0.00000    0.51960
   5.00000    0.48731    0.00000    0.48731
   5.50000    0.49988    0.00000    0.49988
   6.00000    0.50241    0.00000    0.50241
   6.50000    0.55067    0.00000    0.55067
   7.00000    0.54063    0.00000    0.54063
   7.50000    0.50009    0.00000    0.50009
   8.00000    0.46602    0.00000    0.46602
   8.50000    0.50319    0.00000    0.50319
   9.00000    0.52681    0.00000    0.52681
   9.50000    0.52135    0.00000    0.52135
  10.00000    0.53085    0.00000    0.53085
  10.50000    0.55275    0.00000    0.55275
  11.00000    0.56221    0.00000    0.56221
  11.50000    0.54418    0.00000    0.54418
  12.00000    0.51672    0.00000    0.51672
  12.50000    0.51143    0.00000    0.51143
  13.00000    0.48199    0.00000    0.48199
  13.50000    0.49077    0.00000    0.49077
  14.00000    0.50870    0.00000    0.50870
  14.50000    0.53945    0.00000    0.53945
  15.00000    0.54995    0.00000    0.54995
  15.50000    0.59754    0.00000    0.59754
  16.00000    0.56484    0.00000    0.56484
  16.50000    0.52809    0.00000    0.52809
  17.00000    0.51483    0.00000    0.51483
  17.50000    0.53642    0.00000    0.53642
  18.00000    0.52313    0.00000    0.52313
  18.50000    0.53501    0.00000    0.53501
  19.00000    0.55494    0.00000    0.55494
  19.50000    0.53763    0.00000    0.53763
  20.00000    0.52229    0.00000    0.52229
  20.50000    0.51477    0.00000    0.51477
  21.00000    0.52013    0.00000    0.52013
  21.50000    0.51742    0.00000    0.51742
  22.00000    0.52372    0.00000    0.52372
  22.50000    0.50258    0.00000    0.50258
  23.00000    0.50163    0.00000    0.50163
  23.50000    0.54604    0.00000    0.54604
  24.00000    0.60333    0.00000    0.60333
  24.50000    0.56187    0.00000    0.56187
  25.00000    0.49987    0.00000    0.49987
  25.50000    0.50092    0.00000    0.50092
  26.00000    0.50810    0.00000    0.50810
  26.50000    0.49658    0.00000    0.49658
  27.00000    0.50033    0.00000    0.50033
  27.50000    0.52231    0.00000    0.52231
  28.00000    0.51990    0.00000    0.51990
  28.50000    0.50400    0.00000    0.50400
  29.00000    0.52072    0.00000    0.52072
  29.50000    0.53584    0.00000    0.53584
  30.00000    0.52596    0.00000    0.52596
  30.50000    0.53354    0.00000    0.53354
  31.00000    0.51418    0.00000    0.51418
  31.50000    0.53282    0.00000    0.53282
  32.00000    0.51363    0.00000    0.51363
  32.50000    0.52718    0.00000    0.52718
  33.00000    0.53493    0.00000    0.53493
  33.50000    0.54746    0.00000    0.54746
  34.00000    0.52486    0.00000    0.52486
  34.50000    0.52703    0.00000    0.52703
  35.00000    0.53026    0.00000    0.53026
  35.50000    0.50978    0.00000    0.50978
  36.00000    0.50067    0.00000    0.50067
  36.50000    0.51870    0.00000    0.51870
  37.00000    0.51283    0.00000    0.51283
  37.50000    0.51580    0.00000    0.51580
  38.00000    0.52277    0.00000    0.52277
  38.50000    0.55046    0.00000    0.55046
  39.00000    0.52961    0.00000    0.52961
  39.50000    0.51385    0.00000    0.51385
  40.00000    0.49928    0.00000    0.49928
  40.50000    0.56809    0.00000    0.56809
  41.00000    0.59741    0.00000    0.59741
  41.50000    0.56560    0.00000    0.56560
  42.00000    0.50449    0.00000    0.50449
  42.50000    0.46361    0.00000    0.46361
  43.00000    0.47308    0.00000    0.47308
  43.50000    0.48550    0.00000    0.48550
  44.00000    0.50918    0.00000    0.50918
  44.50000    0.52909    0.00000    0.52909
  45.00000    0.51291    0.00000    0.51291
  45.50000    0.51256    0.00000    0.51256
  46.00000    0.49374    0.00000    0.49374
  46.50000    0.51022    0.00000    0.51022
  47.00000    0.50860    0.00000    0.50860
  47.50000    0.55526    0.00000    0.55526
  48.00000    0.57407    0.00000    0.57407
  48.50000    0.55751    0.00000    0.55751
  49.00000    0.54780    0.00000    0.54780
  49.50000    0.53943    0.00000    0.53943
  50.00000    0.52780    0.00000    0.52780
  50.50000    0.51090    0.00000    0.51090
  51.00000    0.51849    0.00000    0.51849
  51.50000    0.55003    0.00000    0.55003
  52.00000    0.54904    0.00000    0.54904
  52.50000    0.55571    0.00000    0.55571
  53.00000    0.51413    0.00000    0.51413
  53.50000    0.49422    0.00000    0.49422
  54.00000    0.49850    0.00000    0.49850
  54.50000    0.55839    0.00000    0.55839
  55.00000    0.54922    0.00000    0.54922
  55.50000    0.53905    0.00000    0.53905
  56.00000    0.51344    0.00000    0.51344
  56.50000    0.51265    0.00000    0.51265
  57.00000    0.49111    0.00000    0.49111
  57.50000    0.53030    0.00000    0.53030
  58.00000    0.56278    0.00000    0.56278
  58.50000    0.55707    0.00000    0.55707
  59.00000    0.54555    0.00000    0.54555
  59.50000    0.53356    0.00000    0.53356
  60.00000    0.52131    0.00000    0.52131
  60.50000    0.50646    0.00000    0.50646
  61.00000    0.54305    0.00000    0.54305
  61.50000    0.54286    0.00000    0.54286
  62.00000    0.54411    0.00000    0.54411
  62.50000    0.50589    0.00000    0.50589
  63.00000    0.53504    0.00000    0.53504
  63.50000    0.57314    0.00000    0.57314
  64.00000    0.58701    0.00000    0.58701
  64.50000    0.52608    0.00000    0.52608
  65.00000    0.50601    0.00000    0.50601
  65.50000    0.57457    0.00000    0.57457
  66.00000    0.58347    0.00000    0.58347
  66.50000    0.56202    0.00000    0.56202
  67.00000    0.51417    0.00000    0.51417
  67.50000    0.57107    0.00000    0.57107
  68.00000    0.59905    0.00000    0.59905
  68.50000    0.57334    0.00000    0.57334
  69.00000    0.50187    0.00000    0.50187
  69.50000    0.48097    0.00000    0.48097
  70.00000    0.51181    0.00000    0.51181
  70.50000    0.51922    0.00000    0.51922
  71.00000    0.52136    0.00000    0.52136
  71.50000    0.48759    0.00000    0.48759
  72.00000    0.48522    0.00000    0.48522
  72.50000    0.49363    0.00000    0.49363
  73.00000    0.52247    0.00000    0.52247
  73.50000    0.55302    0.00000    0.55302
  74.00000    0.56488    0.00000    0.56488
  74.50000    0.57977    0.00000    0.57977
  75.00000    0.53352    0.00000    0.53352
  75.50000    0.50756    0.00000    0.50756
  76.00000    0.47371    0.00000    0.47371
  76.50000    0.50241    0.00000    0.50241
  77.00000    0.52315    0.00000    0.52315
  77.50000    0.55720    0.00000    0.55720
  78.00000    0.54862    0.00000    0.54862
  78.50000    0.50908    0.00000    0.50908
  79.00000    0.50363    0.00000    0.50363
  79.50000    0.50150    0.00000    0.50150
  80.00000    0.54711    0.00000    0.54711
  80.50000    0.54959    0.00000    0.54959
  81.00000    0.53487    0.00000    0.53487
  81.50000    0.48615    0.00000    0.48615
  82.00000    0.48764    0.00000    0.48764
  82.50000    0.51511    0.00000    0.51511
  83.00000    0.54235    0.00000    0.54235
  83.50000    0.52335    0.00000    0.52335
  84.00000    0.53849    0.00000    0.53849
  84.50000    0.58431    0.00000    0.58431
  85.00000    0.59619    0.00000    0.59619
  85.50000    0.53601    0.00000    0.53601
  86.00000    0.50191    0.00000    0.50191
  86.50000    0.53729    0.00000    0.53729
  87.00000    0.54518    0.00000    0.54518
  87.50000    0.54926    0.00000    0.54926
  88.00000    0.52124    0.00000    0.52124
  88.50000    0.52980    0.00000    0.52980
  89.00000    0.53539    0.00000    0.53539
  89.50000    0.54830    0.00000    0.54830
  90.00000    0.53848    0.00000    0.53848
  90.50000    0.53182    0.00000    0.53182
  91.00000    0.51314    0.00000    0.51314
  91.50000    0.49367    0.00000    0.49367
  92.00000    0.51605    0.00000    0.51605
  92.50000    0.52064    0.00000    0.52064
  93.00000    0.50811    0.00000    0.50811
  93.50000    0.50583    0.00000    0.50583
  94.00000    0.49754    0.00000    0.49754
  94.50000    0.49237    0.00000    0.49237
  95.00000    0.49597    0.00000    0.49597
  95.50000    0.56116    0.00000    0.56116
  96.00000    0.54484    0.00000    0.54484
  96.50000    0.57559    0.00000    0.57559
  97.00000    0.55294    0.00000    0.55294
  97.50000    0.56143    0.00000    0.56143
  98.00000    0.51538    0.00000    0.51538
  98.50000    0.52413    0.00000    0.52413
  99.00000    0.51559    0.00000    0.51559
  99.50000    0.54330    0.00000    0.54330
 100.00000    0.53560    0.00000    0.53560
 100.50000    0.53536    0.00000    0.53536
 101.00000    0.53275    0.00000    0.53275
 101.50000    0.53303    0.00000    0.53303
 102.00000    0.49072    0.00000    0.49072
 102.50000    0.46992    0.00000    0.46992
 103.00000    0.50857    0.00000    0.50857
 103.50000    0.50506    0.00000    0.50506
 104.00000    0.49540    0.00000    0.49540
 104.50000    0.51191    0.00000    0.51191
 105.00000    0.56824    0.00000    0.56824
 105.50000    0.54833    0.00000    0.54833
 106.00000    0.50859    0.00000    0.50859
 106.50000    0.51106    0.00000    0.51106
 107.00000    0.54279    0.00000    0.54279
 107.50000    0.55536    0.00000    0.55536
 108.00000    0.56739    0.00000    0.56739
 108.50000    0.56522    0.00000    0.56522
 109.00000    0.57335    0.00000    0.57335
 109.50000    0.55901    0.00000    0.55901
 110.00000    0.53136    0.00000    0.53136
 110.50000    0.49044    0.00000    0.49044
 111.00000    0.49706    0.00000    0.49706
 111.50000    0.53525    0.00000    0.53525
 112.00000    0.53761    0.00000    0.53761
 112.50000    0.53913    0.00000    0.53913
 113.00000    0.54123    0.00000    0.54123
 113.50000    0.50294    0.00000    0.50294
 114.00000    0.49025    0.00000    0.49025
 114.50000    0.48622    0.00000    0.48622
 115.00000    0.50683    0.00000    0.50683
 115.50000    0.51808    0.00000    0.51808
 116.00000    0.58414    0.00000    0.58414
 116.50000    0.59888    0.00000    0.59888
 117.00000    0.57150    0.00000    0.57150
 117.50000    0.53350    0.00000    0.53350
 118.00000    0.53305    0.00000    0.53305
 118.50000    0.54095    0.00000    0.54095
 119.00000    0.54093    0.00000    0.54093
 119.50000    0.55491    0.00000    0.55491
 120.00000    0.55637    0.00000    0.55637
 120.50000    0.48967    0.00000    0.48967
 121.00000    0.49662    0.00000    0.49662
 121.50000    0.52827    0.00000    0.52827
 122.00000    0.54853    0.00000    0.54853
 122.50000    0.51638    0.00000    0.51638
 123.00000    0.54005    0.00000    0.54005
 123.50000    0.50757    0.00000    0.50757
 124.00000    0.48864    0.00000    0.48864
 124.50000    0.49169    0.00000    0.49169
 125.00000    0.52986    0.00000    0.52986
 125.50000    0.53547    0.00000    0.53547
 126.00000    0.53145    0.00000    0.53145
 126.50000    0.50296    0.00000    0.50296
 127.00000    0.52899    0.00000    0.52899
 127.50000    0.55047    0.00000    0.55047
 128.00000    0.54427    0.00000    0.54427
 128.50000    0.48761    0.00000    0.48761
 129.00000    0.48487    0.00000    0.48487
 129.50000    0.52702    0.00000    0.52702
 130.00000    0.56893    0.00000    0.56893
 130.50000    0.51458    0.00000    0.51458
 131.00000    0.47044    0.00000    0.47044
 131.50000    0.49029    0.00000    0.49029
 132.00000    0.53037    0.00000    0.53037
 132.50000    0.52112    0.00000    0.52112
 133.00000    0.51177    0.00000    0.51177
 133.50000    0.52347    0.00000    0.52347
 134.00000    0.52940    0.00000    0.52940
 134.50000    0.53996    0.00000    0.53996
 135.00000    0.56689    0.00000    0.56689
 135.50000    0.57749    0.00000    0.57749
 136.00000    0.54146    0.00000    0.54146
 136.50000    0.49601    0.00000    0.49601
 137.00000    0.50762    0.00000    0.50762
 137.50000    0.56010    0.00000    0.56010
 138.00000    0.55133    0.00000    0.55133
 138.50000    0.50633    0.00000    0.50633
 139.00000    0.47799    0.00000    0.47799
 139.50000    0.52770    0.00000    0.52770
 140.00000    0.53353    0.00000    0.53353
 140.50000    0.54760    0.00000    0.54760
 141.00000    0.56447    0.00000    0.56447
 141.50000    0.52854    0.00000    0.52854
 142.00000    0.53782    0.00000    0.53782
 142.50000    0.56668    0.00000    0.56668
 143.00000    0.61939    0.00000    0.61939
 143.50000    0.57265    0.00000    0.57265
 144.00000    0.54991    0.00000    0.54991
 144.50000    0.52148    0.00000    0.52148
 145.00000    0.55267    0.00000    0.55267
 145.50000    0.57403    0.00000    0.57403
 146.00000    0.54726    0.00000    0.54726
 146.50000    0.49423    0.00000    0.49423
 147.00000    0.51794    0.00000    0.51794
 147.50000    0.54207    0.00000    0.54207
 148.00000    0.52254    0.00000    0.52254
 148.50000    0.48904    0.00000    0.48904
 149.00000    0.49559    0.00000    0.49559
 149.50000    0.51864    0.00000    0.51864
 150.00000    0.48447    0.00000    0.48447
