   0.00000    0.47806    0.00000    0.47806
   0.50000    0.49871    0.00000    0.49871
   1.00000    0.51648    0.00000    0.51648
   1.50000    0.52456    0.00000    0.52456
   2.00000    0.53382    0.00000    0.53382
   2.50000    0.50270    0.00000    0.50270
   3.00000    0.53027    0.00000    0.53027
   3.50000    0.58098    0.00000    0.58098
   4.00000    0.56972    0.00000    0.56972
   4.50000    0.52365    0.00000    0.52365
   5.00000    0.48637    0.00000    0.48637
   5.50000    0.50858    0.00000    0.50858
   6.00000    0.51427    0.00000    0.51427
   6.50000    0.55588    0.00000    0.55588
   7.00000    0.53845    0.00000    0.53845
   7.50000    0.49838    0.00000    0.49838
   8.00000    0.46514    0.00000    0.46514
   8.50000    0.49689    0.00000    0.49689
   9.00000    0.51783    0.00000    0.51783
   9.50000    0.51125    0.00000    0.51125
  10.00000    0.52732    0.00000    0.52732
  10.50000    0.55851    0.00000    0.55851
  11.00000    0.57765    0.00000    0.57765
  11.50000    0.54976    0.00000    0.54976
  12.00000    0.51941    0.00000    0.51941
  12.50000    0.50922    0.00000    0.50922
  13.00000    0.48776    0.00000    0.48776
  13.50000    0.50078    0.00000    0.50078
  14.00000    0.52128    0.00000    0.52128
  14.50000    0.53949    0.00000    0.53949
  15.00000    0.54862    0.00000    0.54862
  15.50000    0.60390    0.00000    0.60390
  16.00000    0.57965    0.00000    0.57965
  16.50000    0.54192    0.00000    0.54192
  17.00000    0.52350    0.00000    0.52350
  17.50000    0.53875    0.00000    0.53875
  18.00000    0.52930    0.00000    0.52930
  18.50000    0.54302    0.00000    0.54302
  19.00000    0.55312    0.00000    0.55312
  19.50000    0.52956    0.00000    0.52956
  20.00000    0.52672    0.00000    0.52672
  20.50000    0.52396    0.00000    0.52396
  21.00000    0.52641    0.00000    0.52641
  21.50000    0.51814    0.00000    0.51814
  22.00000    0.52682    0.00000    0.52682
  22.50000    0.50523    0.00000    0.50523
  23.00000    0.51004    0.00000    0.51004
  23.50000    0.54964    0.00000    0.54964
  24.00000    0.59720    0.00000    0.59720
  24.50000    0.55477    0.00000    0.55477
  25.00000    0.49744    0.00000    0.49744
  25.50000    0.49686    0.00000    0.49686
  26.00000    0.50435    0.00000    0.50435
  26.50000    0.49685    0.00000    0.49685
  27.00000    0.50356    0.00000    0.50356
  27.50000    0.51774    0.00000    0.51774
  28.00000    0.52060    0.00000    0.52060
  28.50000    0.50840    0.00000    0.50840
  29.00000    0.52704    0.00000    0.52704
  29.50000    0.53089    0.00000    0.53089
  30.00000    0.53338    0.00000    0.53338
  30.50000    0.53613    0.00000    0.53613
  31.00000    0.51929    0.00000    0.51929
  31.50000    0.53058    0.00000    0.53058
  32.00000    0.51903    0.00000    0.51903
  32.50000    0.53015    0.00000    0.53015
  33.00000    0.53976    0.00000    0.53976
  33.50000    0.55149    0.00000    0.55149
  34.00000    0.52770    0.00000    0.52770
  34.50000    0.53030    0.00000    0.53030
  35.00000    0.52578    0.00000    0.52578
  35.50000    0.50623    0.00000    0.50623
  36.00000    0.49517    0.00000    0.49517
  36.50000    0.51394    0.00000    0.51394
  37.00000    0.50263    0.00000    0.50263
  37.50000    0.50273    0.00000    0.50273
  38.00000    0.51431    0.00000    0.51431
  38.50000    0.55576    0.00000    0.55576
  39.00000    0.53942    0.00000    0.53942
  39.50000    0.51747    0.00000    0.51747
  40.00000    0.50136    0.00000    0.50136
  40.50000    0.57586    0.00000    0.57586
  41.00000    0.60861    0.00000    0.60861
  41.50000    0.57414    0.00000    0.57414
  42.00000    0.50986    0.00000    0.50986
  42.50000    0.46716    0.00000    0.46716
  43.00000    0.47632    0.00000    0.47632
  43.50000    0.48586    0.00000    0.48586
  44.00000    0.50807    0.00000    0.50807
  44.50000    0.52098    0.00000    0.52098
  45.00000    0.50461    0.00000    0.50461
  45.50000    0.50847    0.00000    0.50847
  46.00000    0.49306    0.00000    0.49306
  46.50000    0.51108    0.00000    0.51108
  47.00000    0.51628    0.00000    0.51628
  47.50000    0.56293    0.00000    0.56293
  48.00000    0.57612    0.00000    0.57612
  48.50000    0.55553    0.00000    0.55553
  49.00000    0.54558    0.00000    0.54558
  49.50000    0.53043    0.00000    0.53043
  50.00000    0.51574    0.00000    0.51574
  50.50000    0.51224    0.00000    0.51224
  51.00000    0.53129    0.00000    0.53129
  51.50000    0.55510    0.00000    0.55510
  52.00000    0.54532    0.00000    0.54532
  52.50000    0.56051    0.00000    0.56051
  53.00000    0.51829    0.00000    0.51829
  53.50000    0.48622    0.00000    0.48622
  54.00000    0.48991    0.00000    0.48991
  54.50000    0.55369    0.00000    0.55369
  55.00000    0.53897    0.00000    0.53897
  55.50000    0.53201    0.00000    0.53201
  56.00000    0.51096    0.00000    0.51096
  56.50000    0.50585    0.00000    0.50585
  57.00000    0.48422    0.00000    0.48422
  57.50000    0.53830    0.00000    0.53830
  58.00000    0.57769    0.00000    0.57769
  58.50000    0.56336    0.00000    0.56336
  59.00000    0.54275    0.00000    0.54275
  59.50000    0.52634    0.00000    0.52634
  60.00000    0.51145    0.00000    0.51145
  60.50000    0.50296    0.00000    0.50296
  61.00000    0.53920    0.00000    0.53920
  61.50000    0.54428    0.00000    0.54428
  62.00000    0.55310    0.00000    0.55310
  62.50000    0.51903    0.00000    0.51903
  63.00000    0.53711    0.00000    0.53711
  63.50000    0.57210    0.00000    0.57210
  64.00000    0.58819    0.00000    0.58819
  64.50000    0.52012    0.00000    0.52012
  65.00000    0.50336    0.00000    0.50336
  65.50000    0.57970    0.00000    0.57970
  66.00000    0.58731    0.00000    0.58731
  66.50000    0.56219    0.00000    0.56219
  67.00000    0.52329    0.00000    0.52329
  67.50000    0.57578    0.00000    0.57578
  68.00000    0.59295    0.00000    0.59295
  68.50000    0.56629    0.00000    0.56629
  69.00000    0.50781    0.00000    0.50781
  69.50000    0.48543    0.00000    0.48543
  70.00000    0.51701    0.00000    0.51701
  70.50000    0.51774    0.00000    0.51774
  71.00000    0.52422    0.00000    0.52422
  71.50000    0.49301    0.00000    0.49301
  72.00000    0.49356    0.00000    0.49356
  72.50000    0.49313    0.00000    0.49313
  73.00000    0.51768    0.00000    0.51768
  73.50000    0.55172    0.00000    0.55172
  74.00000    0.56885    0.00000    0.56885
  74.50000    0.58077    0.00000    0.58077
  75.00000    0.53375    0.00000    0.53375
  75.50000    0.50622    0.00000    0.50622
  76.00000    0.47316    0.00000    0.47316
  76.50000    0.50170    0.00000    0.50170
  77.00000    0.52340    0.00000    0.52340
  77.50000    0.55913    0.00000    0.55913
  78.00000    0.54895    0.00000    0.54895
  78.50000    0.51948    0.00000    0.51948
  79.00000    0.50844    0.00000    0.50844
  79.50000    0.49351    0.00000    0.49351
  80.00000    0.52858    0.00000    0.52858
  80.50000    0.54486    0.00000    0.54486
  81.00000    0.53452    0.00000    0.53452
  81.50000    0.48627    0.00000    0.48627
  82.00000    0.48376    0.00000    0.48376
  82.50000    0.52003    0.00000    0.52003
  83.00000    0.55017    0.00000    0.55017
  83.50000    0.53229    0.00000    0.53229
  84.00000    0.53576    0.00000    0.53576
  84.50000    0.57552    0.00000    0.57552
  85.00000    0.58493    0.00000    0.58493
  85.50000    0.52553    0.00000    0.52553
  86.00000    0.49313    0.00000    0.49313
  86.50000    0.53052    0.00000    0.53052
  87.00000    0.54368    0.00000    0.54368
  87.50000    0.55817    0.00000    0.55817
  88.00000    0.53021    0.00000    0.53021
  88.50000    0.53115    0.00000    0.53115
  89.00000    0.53030    0.00000    0.53030
  89.50000    0.54703    0.00000    0.54703
  90.00000    0.54064    0.00000    0.54064
  90.50000    0.53897    0.00000    0.53897
  91.00000    0.52187    0.00000    0.52187
  91.50000    0.49824    0.00000    0.49824
  92.00000    0.52220    0.00000    0.52220
  92.50000    0.52544    0.00000    0.52544
  93.00000    0.51712    0.00000    0.51712
  93.50000    0.50782    0.00000    0.50782
  94.00000    0.49569    0.00000    0.49569
  94.50000    0.49052    0.00000    0.49052
  95.00000    0.50561    0.00000    0.50561
  95.50000    0.56929    0.00000    0.56929
  96.00000    0.54399    0.00000    0.54399
  96.50000    0.56638    0.00000    0.56638
  97.00000    0.54414    0.00000    0.54414
  97.50000    0.55377    0.00000    0.55377
  98.00000    0.50961    0.00000    0.50961
  98.50000    0.51768    0.00000    0.51768
  99.00000    0.51473    0.00000    0.51473
  99.50000    0.55131    0.00000    0.55131
 100.00000    0.54801    0.00000    0.54801
 100.50000    0.54196    0.00000    0.54196
 101.00000    0.53196    0.00000    0.53196
 101.50000    0.53295    0.00000    0.53295
 102.00000    0.49439    0.00000    0.49439
 102.50000    0.47592    0.00000    0.47592
 103.00000    0.51356    0.00000    0.51356
 103.50000    0.50200    0.00000    0.50200
 104.00000    0.48785    0.00000    0.48785
 104.50000    0.50219    0.00000    0.50219
 105.00000    0.56442    0.00000    0.56442
 105.50000    0.55460    0.00000    0.55460
 106.00000    0.51757    0.00000    0.51757
 106.50000    0.51276    0.00000    0.51276
 107.00000    0.53851    0.00000    0.53851
 107.50000    0.55429    0.00000    0.55429
 108.00000    0.57218    0.00000    0.57218
 108.50000    0.57276    0.00000    0.57276
 109.00000    0.58630    0.00000    0.58630
 109.50000    0.56861    0.00000    0.56861
 110.00000    0.53250    0.00000    0.53250
 110.50000    0.48857    0.00000    0.48857
 111.00000    0.49287    0.00000    0.49287
 111.50000    0.53570    0.00000    0.53570
 112.00000    0.53927    0.00000    0.53927
 112.50000    0.54998    0.00000    0.54998
 113.00000    0.55123    0.00000    0.55123
 113.50000    0.51409    0.00000    0.51409
 114.00000    0.49832    0.00000    0.49832
 114.50000    0.49070    0.00000    0.49070
 115.00000    0.50802    0.00000    0.50802
 115.50000    0.51797    0.00000    0.51797
 116.00000    0.58554    0.00000    0.58554
 116.50000    0.60596    0.00000    0.60596
 117.00000    0.57271    0.00000    0.57271
 117.50000    0.53283    0.00000    0.53283
 118.00000    0.53846    0.00000    0.53846
 118.50000    0.54678    0.00000    0.54678
 119.00000    0.53551    0.00000    0.53551
 119.50000    0.54436    0.00000    0.54436
 120.00000    0.55862    0.00000    0.55862
 120.50000    0.48737    0.00000    0.48737
 121.00000    0.49800    0.00000    0.49800
 121.50000    0.53044    0.00000    0.53044
 122.00000    0.56285    0.00000    0.56285
 122.50000    0.53140    0.00000    0.53140
 123.00000    0.55026    0.00000    0.55026
 123.50000    0.50624    0.00000    0.50624
 124.00000    0.48575    0.00000    0.48575
 124.50000    0.49456    0.00000    0.49456
 125.00000    0.53177    0.00000    0.53177
 125.50000    0.53235    0.00000    0.53235
 126.00000    0.52729    0.00000    0.52729
 126.50000    0.50462    0.00000    0.50462
 127.00000    0.53535    0.00000    0.53535
 127.50000    0.55778    0.00000    0.55778
 128.00000    0.54435    0.00000    0.54435
 128.50000    0.49499    0.00000    0.49499
 129.00000    0.49777    0.00000    0.49777
 129.50000    0.53752    0.00000    0.53752
 130.00000    0.56596    0.00000    0.56596
 130.50000    0.51237    0.00000    0.51237
 131.00000    0.47824    0.00000    0.47824
 131.50000    0.50339    0.00000    0.50339
 132.00000    0.53418    0.00000    0.53418
 132.50000    0.52273    0.00000    0.52273
 133.00000    0.52831    0.00000    0.52831
 133.50000    0.53740    0.00000    0.53740
 134.00000    0.53202    0.00000    0.53202
 134.50000    0.53897    0.00000    0.53897
 135.00000    0.57092    0.00000    0.57092
 135.50000    0.57917    0.00000    0.57917
 136.00000    0.54661    0.00000    0.54661
 136.50000    0.50701    0.00000    0.50701
 137.00000    0.51077    0.00000    0.51077
 137.50000    0.55483    0.00000    0.55483
 138.00000    0.54405    0.00000    0.54405
 138.50000    0.50718    0.00000    0.50718
 139.00000    0.48645    0.00000    0.48645
 139.50000    0.53341    0.00000    0.53341
 140.00000    0.53732    0.00000    0.53732
 140.50000    0.54776    0.00000    0.54776
 141.00000    0.56118    0.00000    0.56118
 141.50000    0.52378    0.00000    0.52378
 142.00000    0.53198    0.00000    0.53198
 142.50000    0.55881    0.00000    0.55881
 143.00000    0.61872    0.00000    0.61872
 143.50000    0.58223    0.00000    0.58223
 144.00000    0.55547    0.00000    0.55547
 144.50000    0.52073    0.00000    0.52073
 145.00000    0.55355    0.00000    0.55355
 145.50000    0.57325    0.00000    0.57325
 146.00000    0.54717    0.00000    0.54717
 146.50000    0.49932    0.00000    0.49932
 147.00000    0.52344    0.00000    0.52344
 147.50000    0.54106    0.00000    0.54106
 148.00000    0.52226    0.00000    0.52226
 148.50000    0.49126    0.00000    0.49126
 149.00000    0.49644    0.00000    0.49644
 149.50000    0.51510    0.00000    0.51510
 150.00000    0.48320    0.00000    0.48320
