   0.00000    0.47165    0.00000    0.47165
   0.50000    0.50742    0.00000    0.50742
   1.00000    0.49932    0.00000    0.49932
   1.50000    0.49441    0.00000    0.49441
   2.00000    0.51396    0.00000    0.51396
   2.50000    0.51321    0.00000    0.51321
   3.00000    0.53658    0.00000    0.53658
   3.50000    0.54985    0.00000    0.54985
   4.00000    0.52108    0.00000    0.52108
   4.50000    0.50034    0.00000    0.50034
   5.00000    0.49588    0.00000    0.49588
   5.50000    0.50764    0.00000    0.50764
   6.00000    0.50581    0.00000    0.50581
   6.50000    0.54938    0.00000    0.54938
   7.00000    0.55481    0.00000    0.55481
   7.50000    0.52548    0.00000    0.52548
   8.00000    0.48432    0.00000    0.48432
   8.50000    0.50657    0.00000    0.50657
   9.00000    0.52988    0.00000    0.52988
   9.50000    0.54216    0.00000    0.54216
  10.00000    0.54315    0.00000    0.54315
  10.50000    0.55797    0.00000    0.55797
  11.00000    0.54013    0.00000    0.54013
  11.50000    0.51988    0.00000    0.51988
  12.00000    0.50890    0.00000    0.50890
  12.50000    0.52912    0.00000    0.52912
  13.00000    0.50874    0.00000    0.50874
  13.50000    0.50802    0.00000    0.50802
  14.00000    0.49682    0.00000    0.49682
  14.50000    0.51490    0.00000    0.51490
  15.00000    0.52449    0.00000    0.52449
  15.50000    0.54834    0.00000    0.54834
  16.00000    0.53608    0.00000    0.53608
  16.50000    0.53203    0.00000    0.53203
  17.00000    0.53991    0.00000    0.53991
  17.50000    0.52413    0.00000    0.52413
  18.00000    0.50988    0.00000    0.50988
  18.50000    0.53391    0.00000    0.53391
  19.00000    0.57150    0.00000    0.57150
  19.50000    0.56704    0.00000    0.56704
  20.00000    0.53858    0.00000    0.53858
  20.50000    0.51021    0.00000    0.51021
  21.00000    0.49248    0.00000    0.49248
  21.50000    0.50774    0.00000    0.50774
  22.00000    0.53476    0.00000    0.53476
  22.50000    0.53468    0.00000    0.53468
  23.00000    0.53529    0.00000    0.53529
  23.50000    0.55518    0.00000    0.55518
  24.00000    0.58537    0.00000    0.58537
  24.50000    0.55707    0.00000    0.55707
  25.00000    0.53038    0.00000    0.53038
  25.50000    0.50710    0.00000    0.50710
  26.00000    0.50801    0.00000    0.50801
  26.50000    0.51728    0.00000    0.51728
  27.00000    0.54170    0.00000    0.54170
  27.50000    0.51719    0.00000    0.51719
  28.00000    0.50009    0.00000    0.50009
  28.50000    0.49210    0.00000    0.49210
  29.00000    0.52944    0.00000    0.52944
  29.50000    0.55111    0.00000    0.55111
  30.00000    0.55783    0.00000    0.55783
  30.50000    0.53654    0.00000    0.53654
  31.00000    0.50423    0.00000    0.50423
  31.50000    0.50780    0.00000    0.50780
  32.00000    0.50833    0.00000    0.50833
  32.50000    0.55184    0.00000    0.55184
  33.00000    0.56533    0.00000    0.56533
  33.50000    0.55798    0.00000    0.55798
  34.00000    0.52926    0.00000    0.52926
  34.50000    0.53733    0.00000    0.53733
  35.00000    0.52851    0.00000    0.52851
  35.50000    0.50339    0.00000    0.50339
  36.00000    0.52036    0.00000    0.52036
  36.50000    0.53270    0.00000    0.53270
  37.00000    0.52516    0.00000    0.52516
  37.50000    0.50444    0.00000    0.50444
  38.00000    0.52870    0.00000    0.52870
  38.50000    0.54331    0.00000    0.54331
  39.00000    0.54555    0.00000    0.54555
  39.50000    0.50310    0.00000    0.50310
  40.00000    0.51011    0.00000    0.51011
  40.50000    0.54526    0.00000    0.54526
  41.00000    0.59773    0.00000    0.59773
  41.50000    0.57128    0.00000    0.57128
  42.00000    0.54565    0.00000    0.54565
  42.50000    0.49868    0.00000    0.49868
  43.00000    0.52072    0.00000    0.52072
  43.50000    0.52221    0.00000    0.52221
  44.00000    0.51555    0.00000    0.51555
  44.50000    0.51198    0.00000    0.51198
  45.00000    0.52168    0.00000    0.52168
  45.50000    0.53400    0.00000    0.53400
  46.00000    0.52844    0.00000    0.52844
  46.50000    0.53604    0.00000    0.53604
  47.00000    0.53169    0.00000    0.53169
  47.50000    0.55125    0.00000    0.55125
  48.00000    0.57201    0.00000    0.57201
  48.50000    0.53800    0.00000    0.53800
  49.00000    0.53039    0.00000    0.53039
  49.50000    0.54155    0.00000    0.54155
  50.00000    0.55142    0.00000    0.55142
  50.50000    0.54614    0.00000    0.54614
  51.00000    0.54964    0.00000    0.54964
  51.50000    0.55935    0.00000    0.55935
  52.00000    0.54707    0.00000    0.54707
  52.50000    0.55323    0.00000    0.55323
  53.00000    0.51330    0.00000    0.51330
  53.50000    0.48143    0.00000    0.48143
  54.00000    0.51057    0.00000    0.51057
  54.50000    0.53983    0.00000    0.53983
  55.00000    0.53877    0.00000    0.53877
  55.50000    0.54736    0.00000    0.54736
  56.00000    0.55179    0.00000    0.55179
  56.50000    0.51886    0.00000    0.51886
  57.00000    0.48617    0.00000    0.48617
  57.50000    0.52823    0.00000    0.52823
  58.00000    0.56526    0.00000    0.56526
  58.50000    0.57604    0.00000    0.57604
  59.00000    0.53953    0.00000    0.53953
  59.50000    0.51166    0.00000    0.51166
  60.00000    0.49245    0.00000    0.49245
  60.50000    0.48535    0.00000    0.48535
  61.00000    0.53983    0.00000    0.53983
  61.50000    0.56936    0.00000    0.56936
  62.00000    0.58940    0.00000    0.58940
  62.50000    0.52363    0.00000    0.52363
  63.00000    0.53952    0.00000    0.53952
  63.50000    0.58079    0.00000    0.58079
  64.00000    0.59948    0.00000    0.59948
  64.50000    0.54105    0.00000    0.54105
  65.00000    0.49498    0.00000    0.49498
  65.50000    0.53043    0.00000    0.53043
  66.00000    0.53649    0.00000    0.53649
  66.50000    0.53401    0.00000    0.53401
  67.00000    0.51537    0.00000    0.51537
  67.50000    0.54942    0.00000    0.54942
  68.00000    0.55564    0.00000    0.55564
  68.50000    0.53052    0.00000    0.53052
  69.00000    0.49447    0.00000    0.49447
  69.50000    0.49888    0.00000    0.49888
  70.00000    0.51692    0.00000    0.51692
  70.50000    0.53051    0.00000    0.53051
  71.00000    0.51282    0.00000    0.51282
  71.50000    0.49866    0.00000    0.49866
  72.00000    0.51022    0.00000    0.51022
  72.50000    0.51810    0.00000    0.51810
  73.00000    0.51842    0.00000    0.51842
  73.50000    0.52966    0.00000    0.52966
  74.00000    0.56678    0.00000    0.56678
  74.50000    0.58395    0.00000    0.58395
  75.00000    0.54560    0.00000    0.54560
  75.50000    0.51995    0.00000    0.51995
  76.00000    0.49456    0.00000    0.49456
  76.50000    0.52745    0.00000    0.52745
  77.00000    0.52511    0.00000    0.52511
  77.50000    0.55164    0.00000    0.55164
  78.00000    0.54022    0.00000    0.54022
  78.50000    0.51430    0.00000    0.51430
  79.00000    0.47945    0.00000    0.47945
  79.50000    0.45717    0.00000    0.45717
  80.00000    0.50086    0.00000    0.50086
  80.50000    0.52785    0.00000    0.52785
  81.00000    0.52102    0.00000    0.52102
  81.50000    0.49476    0.00000    0.49476
  82.00000    0.49410    0.00000    0.49410
  82.50000    0.51845    0.00000    0.51845
  83.00000    0.52689    0.00000    0.52689
  83.50000    0.51801    0.00000    0.51801
  84.00000    0.52330    0.00000    0.52330
  84.50000    0.55700    0.00000    0.55700
  85.00000    0.57198    0.00000    0.57198
  85.50000    0.53043    0.00000    0.53043
  86.00000    0.50046    0.00000    0.50046
  86.50000    0.51023    0.00000    0.51023
  87.00000    0.52595    0.00000    0.52595
  87.50000    0.54698    0.00000    0.54698
  88.00000    0.54422    0.00000    0.54422
  88.50000    0.54440    0.00000    0.54440
  89.00000    0.55385    0.00000    0.55385
  89.50000    0.54911    0.00000    0.54911
  90.00000    0.52740    0.00000    0.52740
  90.50000    0.50372    0.00000    0.50372
  91.00000    0.50755    0.00000    0.50755
  91.50000    0.52650    0.00000    0.52650
  92.00000    0.54012    0.00000    0.54012
  92.50000    0.50835    0.00000    0.50835
  93.00000    0.49594    0.00000    0.49594
  93.50000    0.49106    0.00000    0.49106
  94.00000    0.49484    0.00000    0.49484
  94.50000    0.47461    0.00000    0.47461
  95.00000    0.50200    0.00000    0.50200
  95.50000    0.54264    0.00000    0.54264
  96.00000    0.58238    0.00000    0.58238
  96.50000    0.57508    0.00000    0.57508
  97.00000    0.54744    0.00000    0.54744
  97.50000    0.53692    0.00000    0.53692
  98.00000    0.54953    0.00000    0.54953
  98.50000    0.53662    0.00000    0.53662
  99.00000    0.52132    0.00000    0.52132
  99.50000    0.52251    0.00000    0.52251
 100.00000    0.53213    0.00000    0.53213
 100.50000    0.54557    0.00000    0.54557
 101.00000    0.56158    0.00000    0.56158
 101.50000    0.54856    0.00000    0.54856
 102.00000    0.49107    0.00000    0.49107
 102.50000    0.44457    0.00000    0.44457
 103.00000    0.47915    0.00000    0.47915
 103.50000    0.49813    0.00000    0.49813
 104.00000    0.50877    0.00000    0.50877
 104.50000    0.50904    0.00000    0.50904
 105.00000    0.56785    0.00000    0.56785
 105.50000    0.56141    0.00000    0.56141
 106.00000    0.53961    0.00000    0.53961
 106.50000    0.52217    0.00000    0.52217
 107.00000    0.54258    0.00000    0.54258
 107.50000    0.54484    0.00000    0.54484
 108.00000    0.56192    0.00000    0.56192
 108.50000    0.56047    0.00000    0.56047
 109.00000    0.54871    0.00000    0.54871
 109.50000    0.53414    0.00000    0.53414
 110.00000    0.53949    0.00000    0.53949
 110.50000    0.53130    0.00000    0.53130
 111.00000    0.52389    0.00000    0.52389
 111.50000    0.53817    0.00000    0.53817
 112.00000    0.55192    0.00000    0.55192
 112.50000    0.54835    0.00000    0.54835
 113.00000    0.55702    0.00000    0.55702
 113.50000    0.53574    0.00000    0.53574
 114.00000    0.50789    0.00000    0.50789
 114.50000    0.46905    0.00000    0.46905
 115.00000    0.48226    0.00000    0.48226
 115.50000    0.50286    0.00000    0.50286
 116.00000    0.57169    0.00000    0.57169
 116.50000    0.56596    0.00000    0.56596
 117.00000    0.54278    0.00000    0.54278
 117.50000    0.51919    0.00000    0.51919
 118.00000    0.55065    0.00000    0.55065
 118.50000    0.54452    0.00000    0.54452
 119.00000    0.55067    0.00000    0.55067
 119.50000    0.56013    0.00000    0.56013
 120.00000    0.55948    0.00000    0.55948
 120.50000    0.51186    0.00000    0.51186
 121.00000    0.51222    0.00000    0.51222
 121.50000    0.50495    0.00000    0.50495
 122.00000    0.52177    0.00000    0.52177
 122.50000    0.53248    0.00000    0.53248
 123.00000    0.55873    0.00000    0.55873
 123.50000    0.51682    0.00000    0.51682
 124.00000    0.50056    0.00000    0.50056
 124.50000    0.49893    0.00000    0.49893
 125.00000    0.53110    0.00000    0.53110
 125.50000    0.54408    0.00000    0.54408
 126.00000    0.54904    0.00000    0.54904
 126.50000    0.52015    0.00000    0.52015
 127.00000    0.54064    0.00000    0.54064
 127.50000    0.54460    0.00000    0.54460
 128.00000    0.54147    0.00000    0.54147
 128.50000    0.51672    0.00000    0.51672
 129.00000    0.50233    0.00000    0.50233
 129.50000    0.49671    0.00000    0.49671
 130.00000    0.49546    0.00000    0.49546
 130.50000    0.48333    0.00000    0.48333
 131.00000    0.49441    0.00000    0.49441
 131.50000    0.51802    0.00000    0.51802
 132.00000    0.52906    0.00000    0.52906
 132.50000    0.50893    0.00000    0.50893
 133.00000    0.50472    0.00000    0.50472
 133.50000    0.51926    0.00000    0.51926
 134.00000    0.54738    0.00000    0.54738
 134.50000    0.53322    0.00000    0.53322
 135.00000    0.51771    0.00000    0.51771
 135.50000    0.53062    0.00000    0.53062
 136.00000    0.54702    0.00000    0.54702
 136.50000    0.54188    0.00000    0.54188
 137.00000    0.55802    0.00000    0.55802
 137.50000    0.56732    0.00000    0.56732
 138.00000    0.54476    0.00000    0.54476
 138.50000    0.50931    0.00000    0.50931
 139.00000    0.50338    0.00000    0.50338
 139.50000    0.53642    0.00000    0.53642
 140.00000    0.55375    0.00000    0.55375
 140.50000    0.54451    0.00000    0.54451
 141.00000    0.56482    0.00000    0.56482
 141.50000    0.54681    0.00000    0.54681
 142.00000    0.53625    0.00000    0.53625
 142.50000    0.53428    0.00000    0.53428
 143.00000    0.58088    0.00000    0.58088
 143.50000    0.59362    0.00000    0.59362
 144.00000    0.55548    0.00000    0.55548
 144.50000    0.52018    0.00000    0.52018
 145.00000    0.53208    0.00000    0.53208
 145.50000    0.56358    0.00000    0.56358
 146.00000    0.52445    0.00000    0.52445
 146.50000    0.48377    0.00000    0.48377
 147.00000    0.50915    0.00000    0.50915
 147.50000    0.53193    0.00000    0.53193
 148.00000    0.51526    0.00000    0.51526
 148.50000    0.50535    0.00000    0.50535
 149.00000    0.51690    0.00000    0.51690
 149.50000    0.53548    0.00000    0.53548
 150.00000    0.51915    0.00000    0.51915
