   0.00000    0.48614    0.00000    0.48614
   0.50000    0.49407    0.00000    0.49407
   1.00000    0.51833    0.00000    0.51833
   1.50000    0.51752    0.00000    0.51752
   2.00000    0.50484    0.00000    0.50484
   2.50000    0.48415    0.00000    0.48415
   3.00000    0.52482    0.00000    0.52482
   3.50000    0.55808    0.00000    0.55808
   4.00000    0.53384    0.00000    0.53384
   4.50000    0.50108    0.00000    0.50108
   5.00000    0.48062    0.00000    0.48062
   5.50000    0.49475    0.00000    0.49475
   6.00000    0.48525    0.00000    0.48525
   6.50000    0.52433    0.00000    0.52433
   7.00000    0.52981    0.00000    0.52981
   7.50000    0.50521    0.00000    0.50521
   8.00000    0.47066    0.00000    0.47066
   8.50000    0.49352    0.00000    0.49352
   9.00000    0.51605    0.00000    0.51605
   9.50000    0.52146    0.00000    0.52146
  10.00000    0.53511    0.00000    0.53511
  10.50000    0.55363    0.00000    0.55363
  11.00000    0.54483    0.00000    0.54483
  11.50000    0.52087    0.00000    0.52087
  12.00000    0.49094    0.00000    0.49094
  12.50000    0.49427    0.00000    0.49427
  13.00000    0.48482    0.00000    0.48482
  13.50000    0.48592    0.00000    0.48592
  14.00000    0.49984    0.00000    0.49984
  14.50000    0.52175    0.00000    0.52175
  15.00000    0.54765    0.00000    0.54765
  15.50000    0.57480    0.00000    0.57480
  16.00000    0.55346    0.00000    0.55346
  16.50000    0.51255    0.00000    0.51255
  17.00000    0.51039    0.00000    0.51039
  17.50000    0.52932    0.00000    0.52932
  18.00000    0.53125    0.00000    0.53125
  18.50000    0.53577    0.00000    0.53577
  19.00000    0.55533    0.00000    0.55533
  19.50000    0.52917    0.00000    0.52917
  20.00000    0.51580    0.00000    0.51580
  20.50000    0.51403    0.00000    0.51403
  21.00000    0.52260    0.00000    0.52260
  21.50000    0.49994    0.00000    0.49994
  22.00000    0.50022    0.00000    0.50022
  22.50000    0.49668    0.00000    0.49668
  23.00000    0.50600    0.00000    0.50600
  23.50000    0.53740    0.00000    0.53740
  24.00000    0.56761    0.00000    0.56761
  24.50000    0.53386    0.00000    0.53386
  25.00000    0.49651    0.00000    0.49651
  25.50000    0.51722    0.00000    0.51722
  26.00000    0.52028    0.00000    0.52028
  26.50000    0.50173    0.00000    0.50173
  27.00000    0.49128    0.00000    0.49128
  27.50000    0.50633    0.00000    0.50633
  28.00000    0.51209    0.00000    0.51209
  28.50000    0.49431    0.00000    0.49431
  29.00000    0.50081    0.00000    0.50081
  29.50000    0.51928    0.00000    0.51928
  30.00000    0.52114    0.00000    0.52114
  30.50000    0.51798    0.00000    0.51798
  31.00000    0.49625    0.00000    0.49625
  31.50000    0.51956    0.00000    0.51956
  32.00000    0.51585    0.00000    0.51585
  32.50000    0.52302    0.00000    0.52302
  33.00000    0.52993    0.00000    0.52993
  33.50000    0.55002    0.00000    0.55002
  34.00000    0.54817    0.00000    0.54817
  34.50000    0.53710    0.00000    0.53710
  35.00000    0.53003    0.00000    0.53003
  35.50000    0.50087    0.00000    0.50087
  36.00000    0.49229    0.00000    0.49229
  36.50000    0.50987    0.00000    0.50987
  37.00000    0.51931    0.00000    0.51931
  37.50000    0.51588    0.00000    0.51588
  38.00000    0.52311    0.00000    0.52311
  38.50000    0.55154    0.00000    0.55154
  39.00000    0.52978    0.00000    0.52978
  39.50000    0.49864    0.00000    0.49864
  40.00000    0.49846    0.00000    0.49846
  40.50000    0.57001    0.00000    0.57001
  41.00000    0.59534    0.00000    0.59534
  41.50000    0.55290    0.00000    0.55290
  42.00000    0.50359    0.00000    0.50359
  42.50000    0.46906    0.00000    0.46906
  43.00000    0.48180    0.00000    0.48180
  43.50000    0.47893    0.00000    0.47893
  44.00000    0.49859    0.00000    0.49859
  44.50000    0.51679    0.00000    0.51679
  45.00000    0.51183    0.00000    0.51183
  45.50000    0.50671    0.00000    0.50671
  46.00000    0.49985    0.00000    0.49985
  46.50000    0.50873    0.00000    0.50873
  47.00000    0.50094    0.00000    0.50094
  47.50000    0.53996    0.00000    0.53996
  48.00000    0.56275    0.00000    0.56275
  48.50000    0.53193    0.00000    0.53193
  49.00000    0.52648    0.00000    0.52648
  49.50000    0.52904    0.00000    0.52904
  50.00000    0.53450    0.00000    0.53450
  50.50000    0.50892    0.00000    0.50892
  51.00000    0.51619    0.00000    0.51619
  51.50000    0.53769    0.00000    0.53769
  52.00000    0.54185    0.00000    0.54185
  52.50000    0.55746    0.00000    0.55746
  53.00000    0.52115    0.00000    0.52115
  53.50000    0.48710    0.00000    0.48710
  54.00000    0.48409    0.00000    0.48409
  54.50000    0.54225    0.00000    0.54225
  55.00000    0.53856    0.00000    0.53856
  55.50000    0.54032    0.00000    0.54032
  56.00000    0.53150    0.00000    0.53150
  56.50000    0.51822    0.00000    0.51822
  57.00000    0.48932    0.00000    0.48932
  57.50000    0.52609    0.00000    0.52609
  58.00000    0.56036    0.00000    0.56036
  58.50000    0.54728    0.00000    0.54728
  59.00000    0.52979    0.00000    0.52979
  59.50000    0.52205    0.00000    0.52205
  60.00000    0.51477    0.00000    0.51477
  60.50000    0.49232    0.00000    0.49232
  61.00000    0.51738    0.00000    0.51738
  61.50000    0.52861    0.00000    0.52861
  62.00000    0.53361    0.00000    0.53361
  62.50000    0.50012    0.00000    0.50012
  63.00000    0.52832    0.00000    0.52832
  63.50000    0.57363    0.00000    0.57363
  64.00000    0.57532    0.00000    0.57532
  64.50000    0.51822    0.00000    0.51822
  65.00000    0.49380    0.00000    0.49380
  65.50000    0.56227    0.00000    0.56227
  66.00000    0.58142    0.00000    0.58142
  66.50000    0.55347    0.00000    0.55347
  67.00000    0.49909    0.00000    0.49909
  67.50000    0.54043    0.00000    0.54043
  68.00000    0.58325    0.00000    0.58325
  68.50000    0.55959    0.00000    0.55959
  69.00000    0.50198    0.00000    0.50198
  69.50000    0.48460    0.00000    0.48460
  70.00000    0.51160    0.00000    0.51160
  70.50000    0.50924    0.00000    0.50924
  71.00000    0.50003    0.00000    0.50003
  71.50000    0.48593    0.00000    0.48593
  72.00000    0.47906    0.00000    0.47906
  72.50000    0.48279    0.00000    0.48279
  73.00000    0.49839    0.00000    0.49839
  73.50000    0.53379    0.00000    0.53379
  74.00000    0.54515    0.00000    0.54515
  74.50000    0.56221    0.00000    0.56221
  75.00000    0.52662    0.00000    0.52662
  75.50000    0.50795    0.00000    0.50795
  76.00000    0.46800    0.00000    0.46800
  76.50000    0.48055    0.00000    0.48055
  77.00000    0.49763    0.00000    0.49763
  77.50000    0.55706    0.00000    0.55706
  78.00000    0.55424    0.00000    0.55424
  78.50000    0.51392    0.00000    0.51392
  79.00000    0.49175    0.00000    0.49175
  79.50000    0.49109    0.00000    0.49109
  80.00000    0.53320    0.00000    0.53320
  80.50000    0.54787    0.00000    0.54787
  81.00000    0.52812    0.00000    0.52812
  81.50000    0.48390    0.00000    0.48390
  82.00000    0.48085    0.00000    0.48085
  82.50000    0.51017    0.00000    0.51017
  83.00000    0.51766    0.00000    0.51766
  83.50000    0.50140    0.00000    0.50140
  84.00000    0.50904    0.00000    0.50904
  84.50000    0.55511    0.00000    0.55511
  85.00000    0.57278    0.00000    0.57278
  85.50000    0.53264    0.00000    0.53264
  86.00000    0.50134    0.00000    0.50134
  86.50000    0.53540    0.00000    0.53540
  87.00000    0.54223    0.00000    0.54223
  87.50000    0.55517    0.00000    0.55517
  88.00000    0.53177    0.00000    0.53177
  88.50000    0.54048    0.00000    0.54048
  89.00000    0.53179    0.00000    0.53179
  89.50000    0.55904    0.00000    0.55904
  90.00000    0.54953    0.00000    0.54953
  90.50000    0.53399    0.00000    0.53399
  91.00000    0.49651    0.00000    0.49651
  91.50000    0.48689    0.00000    0.48689
  92.00000    0.50961    0.00000    0.50961
  92.50000    0.50798    0.00000    0.50798
  93.00000    0.48571    0.00000    0.48571
  93.50000    0.48325    0.00000    0.48325
  94.00000    0.47761    0.00000    0.47761
  94.50000    0.48150    0.00000    0.48150
  95.00000    0.49693    0.00000    0.49693
  95.50000    0.56212    0.00000    0.56212
  96.00000    0.54773    0.00000    0.54773
  96.50000    0.57023    0.00000    0.57023
  97.00000    0.54309    0.00000    0.54309
  97.50000    0.56208    0.00000    0.56208
  98.00000    0.53008    0.00000    0.53008
  98.50000    0.53192    0.00000    0.53192
  99.00000    0.50925    0.00000    0.50925
  99.50000    0.54272    0.00000    0.54272
 100.00000    0.54170    0.00000    0.54170
 100.50000    0.53516    0.00000    0.53516
 101.00000    0.52038    0.00000    0.52038
 101.50000    0.52119    0.00000    0.52119
 102.00000    0.48765    0.00000    0.48765
 102.50000    0.46644    0.00000    0.46644
 103.00000    0.49948    0.00000    0.49948
 103.50000    0.50389    0.00000    0.50389
 104.00000    0.50174    0.00000    0.50174
 104.50000    0.51428    0.00000    0.51428
 105.00000    0.56182    0.00000    0.56182
 105.50000    0.54618    0.00000    0.54618
 106.00000    0.51869    0.00000    0.51869
 106.50000    0.52715    0.00000    0.52715
 107.00000    0.55272    0.00000    0.55272
 107.50000    0.55802    0.00000    0.55802
 108.00000    0.56429    0.00000    0.56429
 108.50000    0.55934    0.00000    0.55934
 109.00000    0.55639    0.00000    0.55639
 109.50000    0.54967    0.00000    0.54967
 110.00000    0.53182    0.00000    0.53182
 110.50000    0.49229    0.00000    0.49229
 111.00000    0.49549    0.00000    0.49549
 111.50000    0.52660    0.00000    0.52660
 112.00000    0.53152    0.00000    0.53152
 112.50000    0.52776    0.00000    0.52776
 113.00000    0.52981    0.00000    0.52981
 113.50000    0.49883    0.00000    0.49883
 114.00000    0.50004    0.00000    0.50004
 114.50000    0.49712    0.00000    0.49712
 115.00000    0.49259    0.00000    0.49259
 115.50000    0.50247    0.00000    0.50247
 116.00000    0.56595    0.00000    0.56595
 116.50000    0.58008    0.00000    0.58008
 117.00000    0.55572    0.00000    0.55572
 117.50000    0.53483    0.00000    0.53483
 118.00000    0.53233    0.00000    0.53233
 118.50000    0.53032    0.00000    0.53032
 119.00000    0.53011    0.00000    0.53011
 119.50000    0.54813    0.00000    0.54813
 120.00000    0.54008    0.00000    0.54008
 120.50000    0.47746    0.00000    0.47746
 121.00000    0.49295    0.00000    0.49295
 121.50000    0.52910    0.00000    0.52910
 122.00000    0.54591    0.00000    0.54591
 122.50000    0.50624    0.00000    0.50624
 123.00000    0.53175    0.00000    0.53175
 123.50000    0.49378    0.00000    0.49378
 124.00000    0.47728    0.00000    0.47728
 124.50000    0.48517    0.00000    0.48517
 125.00000    0.53174    0.00000    0.53174
 125.50000    0.52427    0.00000    0.52427
 126.00000    0.50687    0.00000    0.50687
 126.50000    0.48450    0.00000    0.48450
 127.00000    0.51376    0.00000    0.51376
 127.50000    0.53177    0.00000    0.53177
 128.00000    0.53307    0.00000    0.53307
 128.50000    0.49066    0.00000    0.49066
 129.00000    0.48577    0.00000    0.48577
 129.50000    0.52303    0.00000    0.52303
 130.00000    0.56682    0.00000    0.56682
 130.50000    0.51321    0.00000    0.51321
 131.00000    0.47058    0.00000    0.47058
 131.50000    0.49103    0.00000    0.49103
 132.00000    0.53933    0.00000    0.53933
 132.50000    0.52137    0.00000    0.52137
 133.00000    0.49490    0.00000    0.49490
 133.50000    0.49378    0.00000    0.49378
 134.00000    0.51555    0.00000    0.51555
 134.50000    0.54382    0.00000    0.54382
 135.00000    0.56277    0.00000    0.56277
 135.50000    0.57072    0.00000    0.57072
 136.00000    0.54663    0.00000    0.54663
 136.50000    0.51199    0.00000    0.51199
 137.00000    0.51439    0.00000    0.51439
 137.50000    0.55304    0.00000    0.55304
 138.00000    0.54531    0.00000    0.54531
 138.50000    0.50785    0.00000    0.50785
 139.00000    0.47717    0.00000    0.47717
 139.50000    0.50738    0.00000    0.50738
 140.00000    0.52138    0.00000    0.52138
 140.50000    0.54184    0.00000    0.54184
 141.00000    0.55355    0.00000    0.55355
 141.50000    0.51777    0.00000    0.51777
 142.00000    0.53833    0.00000    0.53833
 142.50000    0.56488    0.00000    0.56488
 143.00000    0.61761    0.00000    0.61761
 143.50000    0.57666    0.00000    0.57666
 144.00000    0.54067    0.00000    0.54067
 144.50000    0.51108    0.00000    0.51108
 145.00000    0.54853    0.00000    0.54853
 145.50000    0.55891    0.00000    0.55891
 146.00000    0.51935    0.00000    0.51935
 146.50000    0.48122    0.00000    0.48122
 147.00000    0.50770    0.00000    0.50770
 147.50000    0.52953    0.00000    0.52953
 148.00000    0.51099    0.00000    0.51099
 148.50000    0.48709    0.00000    0.48709
 149.00000    0.49329    0.00000    0.49329
 149.50000    0.51050    0.00000    0.51050
 150.00000    0.43940    0.00000    0.43940
