   0.00000    0.41890    0.00000    0.41890
   0.50000    0.50263    0.00000    0.50263
   1.00000    0.48385    0.00000    0.48385
   1.50000    0.45537    0.00000    0.45537
   2.00000    0.45458    0.00000    0.45458
   2.50000    0.47521    0.00000    0.47521
   3.00000    0.49407    0.00000    0.49407
   3.50000    0.52262    0.00000    0.52262
   4.00000    0.49616    0.00000    0.49616
   4.50000    0.47888    0.00000    0.47888
   5.00000    0.46641    0.00000    0.46641
   5.50000    0.47324    0.00000    0.47324
   6.00000    0.45625    0.00000    0.45625
   6.50000    0.49233    0.00000    0.49233
   7.00000    0.49473    0.00000    0.49473
   7.50000    0.45288    0.00000    0.45288
   8.00000    0.41968    0.00000    0.41968
   8.50000    0.46742    0.00000    0.46742
   9.00000    0.49415    0.00000    0.49415
   9.50000    0.48840    0.00000    0.48840
  10.00000    0.47162    0.00000    0.47162
  10.50000    0.49646    0.00000    0.49646
  11.00000    0.48100    0.00000    0.48100
  11.50000    0.47714    0.00000    0.47714
  12.00000    0.46731    0.00000    0.46731
  12.50000    0.47819    0.00000    0.47819
  13.00000    0.44972    0.00000    0.44972
  13.50000    0.45414    0.00000    0.45414
  14.00000    0.45403    0.00000    0.45403
  14.50000    0.44763    0.00000    0.44763
  15.00000    0.46745    0.00000    0.46745
  15.50000    0.51508    0.00000    0.51508
  16.00000    0.53002    0.00000    0.53002
  16.50000    0.50936    0.00000    0.50936
  17.00000    0.50143    0.00000    0.50143
  17.50000    0.49545    0.00000    0.49545
  18.00000    0.49509    0.00000    0.49509
  18.50000    0.50498    0.00000    0.50498
  19.00000    0.51975    0.00000    0.51975
  19.50000    0.50326    0.00000    0.50326
  20.00000    0.50937    0.00000    0.50937
  20.50000    0.49922    0.00000    0.49922
  21.00000    0.48928    0.00000    0.48928
  21.50000    0.46863    0.00000    0.46863
  22.00000    0.47912    0.00000    0.47912
  22.50000    0.49560    0.00000    0.49560
  23.00000    0.50015    0.00000    0.50015
  23.50000    0.51148    0.00000    0.51148
  24.00000    0.50655    0.00000    0.50655
  24.50000    0.48874    0.00000    0.48874
  25.00000    0.47953    0.00000    0.47953
  25.50000    0.46691    0.00000    0.46691
  26.00000    0.45080    0.00000    0.45080
  26.50000    0.45454    0.00000    0.45454
  27.00000    0.47947    0.00000    0.47947
  27.50000    0.48727    0.00000    0.48727
  28.00000    0.49484    0.00000    0.49484
  28.50000    0.50307    0.00000    0.50307
  29.00000    0.49666    0.00000    0.49666
  29.50000    0.50698    0.00000    0.50698
  30.00000    0.52009    0.00000    0.52009
  30.50000    0.51398    0.00000    0.51398
  31.00000    0.49675    0.00000    0.49675
  31.50000    0.51996    0.00000    0.51996
  32.00000    0.50739    0.00000    0.50739
  32.50000    0.49810    0.00000    0.49810
  33.00000    0.48020    0.00000    0.48020
  33.50000    0.46611    0.00000    0.46611
  34.00000    0.45247    0.00000    0.45247
  34.50000    0.48212    0.00000    0.48212
  35.00000    0.50784    0.00000    0.50784
  35.50000    0.48884    0.00000    0.48884
  36.00000    0.48898    0.00000    0.48898
  36.50000    0.47963    0.00000    0.47963
  37.00000    0.47807    0.00000    0.47807
  37.50000    0.47331    0.00000    0.47331
  38.00000    0.49531    0.00000    0.49531
  38.50000    0.50057    0.00000    0.50057
  39.00000    0.49151    0.00000    0.49151
  39.50000    0.45421    0.00000    0.45421
  40.00000    0.46757    0.00000    0.46757
  40.50000    0.51086    0.00000    0.51086
  41.00000    0.53413    0.00000    0.53413
  41.50000    0.50337    0.00000    0.50337
  42.00000    0.49080    0.00000    0.49080
  42.50000    0.45109    0.00000    0.45109
  43.00000    0.46142    0.00000    0.46142
  43.50000    0.45566    0.00000    0.45566
  44.00000    0.47488    0.00000    0.47488
  44.50000    0.47150    0.00000    0.47150
  45.00000    0.49522    0.00000    0.49522
  45.50000    0.50492    0.00000    0.50492
  46.00000    0.49217    0.00000    0.49217
  46.50000    0.46838    0.00000    0.46838
  47.00000    0.46254    0.00000    0.46254
  47.50000    0.48955    0.00000    0.48955
  48.00000    0.52122    0.00000    0.52122
  48.50000    0.50635    0.00000    0.50635
  49.00000    0.48715    0.00000    0.48715
  49.50000    0.50701    0.00000    0.50701
  50.00000    0.52034    0.00000    0.52034
  50.50000    0.53550    0.00000    0.53550
  51.00000    0.50487    0.00000    0.50487
  51.50000    0.49518    0.00000    0.49518
  52.00000    0.47903    0.00000    0.47903
  52.50000    0.51033    0.00000    0.51033
  53.00000    0.50067    0.00000    0.50067
  53.50000    0.47006    0.00000    0.47006
  54.00000    0.50326    0.00000    0.50326
  54.50000    0.52669    0.00000    0.52669
  55.00000    0.51855    0.00000    0.51855
  55.50000    0.50217    0.00000    0.50217
  56.00000    0.52220    0.00000    0.52220
  56.50000    0.49699    0.00000    0.49699
  57.00000    0.46253    0.00000    0.46253
  57.50000    0.48818    0.00000    0.48818
  58.00000    0.52196    0.00000    0.52196
  58.50000    0.51805    0.00000    0.51805
  59.00000    0.48274    0.00000    0.48274
  59.50000    0.46058    0.00000    0.46058
  60.00000    0.45114    0.00000    0.45114
  60.50000    0.45827    0.00000    0.45827
  61.00000    0.51375    0.00000    0.51375
  61.50000    0.52320    0.00000    0.52320
  62.00000    0.53261    0.00000    0.53261
  62.50000    0.47278    0.00000    0.47278
  63.00000    0.49345    0.00000    0.49345
  63.50000    0.51316    0.00000    0.51316
  64.00000    0.53962    0.00000    0.53962
  64.50000    0.47901    0.00000    0.47901
  65.00000    0.44850    0.00000    0.44850
  65.50000    0.47541    0.00000    0.47541
  66.00000    0.51686    0.00000    0.51686
  66.50000    0.52432    0.00000    0.52432
  67.00000    0.49126    0.00000    0.49126
  67.50000    0.49858    0.00000    0.49858
  68.00000    0.52667    0.00000    0.52667
  68.50000    0.50718    0.00000    0.50718
  69.00000    0.46301    0.00000    0.46301
  69.50000    0.43724    0.00000    0.43724
  70.00000    0.46744    0.00000    0.46744
  70.50000    0.49005    0.00000    0.49005
  71.00000    0.48454    0.00000    0.48454
  71.50000    0.45620    0.00000    0.45620
  72.00000    0.46755    0.00000    0.46755
  72.50000    0.49373    0.00000    0.49373
  73.00000    0.49072    0.00000    0.49072
  73.50000    0.48727    0.00000    0.48727
  74.00000    0.49904    0.00000    0.49904
  74.50000    0.53397    0.00000    0.53397
  75.00000    0.50122    0.00000    0.50122
  75.50000    0.47686    0.00000    0.47686
  76.00000    0.44092    0.00000    0.44092
  76.50000    0.48441    0.00000    0.48441
  77.00000    0.48232    0.00000    0.48232
  77.50000    0.49299    0.00000    0.49299
  78.00000    0.48628    0.00000    0.48628
  78.50000    0.48018    0.00000    0.48018
  79.00000    0.45526    0.00000    0.45526
  79.50000    0.44335    0.00000    0.44335
  80.00000    0.49577    0.00000    0.49577
  80.50000    0.50264    0.00000    0.50264
  81.00000    0.47442    0.00000    0.47442
  81.50000    0.44113    0.00000    0.44113
  82.00000    0.44388    0.00000    0.44388
  82.50000    0.48025    0.00000    0.48025
  83.00000    0.50989    0.00000    0.50989
  83.50000    0.49678    0.00000    0.49678
  84.00000    0.47486    0.00000    0.47486
  84.50000    0.51975    0.00000    0.51975
  85.00000    0.53575    0.00000    0.53575
  85.50000    0.50244    0.00000    0.50244
  86.00000    0.46743    0.00000    0.46743
  86.50000    0.47730    0.00000    0.47730
  87.00000    0.49059    0.00000    0.49059
  87.50000    0.49557    0.00000    0.49557
  88.00000    0.50130    0.00000    0.50130
  88.50000    0.50866    0.00000    0.50866
  89.00000    0.53524    0.00000    0.53524
  89.50000    0.48943    0.00000    0.48943
  90.00000    0.46182    0.00000    0.46182
  90.50000    0.43285    0.00000    0.43285
  91.00000    0.44907    0.00000    0.44907
  91.50000    0.47535    0.00000    0.47535
  92.00000    0.51492    0.00000    0.51492
  92.50000    0.49731    0.00000    0.49731
  93.00000    0.46826    0.00000    0.46826
  93.50000    0.46138    0.00000    0.46138
  94.00000    0.46499    0.00000    0.46499
  94.50000    0.45320    0.00000    0.45320
  95.00000    0.45960    0.00000    0.45960
  95.50000    0.49604    0.00000    0.49604
  96.00000    0.53087    0.00000    0.53087
  96.50000    0.53317    0.00000    0.53317
  97.00000    0.48955    0.00000    0.48955
  97.50000    0.47943    0.00000    0.47943
  98.00000    0.48541    0.00000    0.48541
  98.50000    0.47827    0.00000    0.47827
  99.00000    0.46194    0.00000    0.46194
  99.50000    0.47450    0.00000    0.47450
 100.00000    0.49195    0.00000    0.49195
 100.50000    0.50314    0.00000    0.50314
 101.00000    0.52086    0.00000    0.52086
 101.50000    0.50174    0.00000    0.50174
 102.00000    0.46388    0.00000    0.46388
 102.50000    0.44099    0.00000    0.44099
 103.00000    0.45301    0.00000    0.45301
 103.50000    0.45713    0.00000    0.45713
 104.00000    0.45573    0.00000    0.45573
 104.50000    0.46603    0.00000    0.46603
 105.00000    0.49962    0.00000    0.49962
 105.50000    0.50476    0.00000    0.50476
 106.00000    0.47975    0.00000    0.47975
 106.50000    0.48072    0.00000    0.48072
 107.00000    0.49885    0.00000    0.49885
 107.50000    0.47818    0.00000    0.47818
 108.00000    0.47629    0.00000    0.47629
 108.50000    0.48207    0.00000    0.48207
 109.00000    0.50082    0.00000    0.50082
 109.50000    0.49796    0.00000    0.49796
 110.00000    0.51303    0.00000    0.51303
 110.50000    0.51388    0.00000    0.51388
 111.00000    0.50719    0.00000    0.50719
 111.50000    0.51374    0.00000    0.51374
 112.00000    0.50415    0.00000    0.50415
 112.50000    0.51324    0.00000    0.51324
 113.00000    0.52380    0.00000    0.52380
 113.50000    0.49376    0.00000    0.49376
 114.00000    0.45166    0.00000    0.45166
 114.50000    0.43350    0.00000    0.43350
 115.00000    0.45577    0.00000    0.45577
 115.50000    0.46618    0.00000    0.46618
 116.00000    0.52329    0.00000    0.52329
 116.50000    0.52907    0.00000    0.52907
 117.00000    0.50385    0.00000    0.50385
 117.50000    0.48156    0.00000    0.48156
 118.00000    0.49659    0.00000    0.49659
 118.50000    0.48139    0.00000    0.48139
 119.00000    0.49109    0.00000    0.49109
 119.50000    0.51964    0.00000    0.51964
 120.00000    0.52585    0.00000    0.52585
 120.50000    0.48946    0.00000    0.48946
 121.00000    0.48376    0.00000    0.48376
 121.50000    0.48006    0.00000    0.48006
 122.00000    0.48118    0.00000    0.48118
 122.50000    0.48241    0.00000    0.48241
 123.00000    0.49202    0.00000    0.49202
 123.50000    0.48255    0.00000    0.48255
 124.00000    0.45874    0.00000    0.45874
 124.50000    0.47654    0.00000    0.47654
 125.00000    0.47568    0.00000    0.47568
 125.50000    0.47484    0.00000    0.47484
 126.00000    0.44654    0.00000    0.44654
 126.50000    0.46518    0.00000    0.46518
 127.00000    0.47626    0.00000    0.47626
 127.50000    0.49507    0.00000    0.49507
 128.00000    0.48674    0.00000    0.48674
 128.50000    0.46476    0.00000    0.46476
 129.00000    0.45341    0.00000    0.45341
 129.50000    0.44864    0.00000    0.44864
 130.00000    0.47289    0.00000    0.47289
 130.50000    0.47858    0.00000    0.47858
 131.00000    0.49036    0.00000    0.49036
 131.50000    0.48645    0.00000    0.48645
 132.00000    0.49970    0.00000    0.49970
 132.50000    0.50112    0.00000    0.50112
 133.00000    0.47371    0.00000    0.47371
 133.50000    0.47867    0.00000    0.47867
 134.00000    0.49343    0.00000    0.49343
 134.50000    0.50408    0.00000    0.50408
 135.00000    0.48372    0.00000    0.48372
 135.50000    0.47865    0.00000    0.47865
 136.00000    0.49171    0.00000    0.49171
 136.50000    0.50250    0.00000    0.50250
 137.00000    0.51195    0.00000    0.51195
 137.50000    0.51257    0.00000    0.51257
 138.00000    0.50924    0.00000    0.50924
 138.50000    0.48038    0.00000    0.48038
 139.00000    0.45582    0.00000    0.45582
 139.50000    0.48482    0.00000    0.48482
 140.00000    0.51472    0.00000    0.51472
 140.50000    0.50793    0.00000    0.50793
 141.00000    0.50760    0.00000    0.50760
 141.50000    0.48610    0.00000    0.48610
 142.00000    0.47774    0.00000    0.47774
 142.50000    0.47188    0.00000    0.47188
 143.00000    0.52006    0.00000    0.52006
 143.50000    0.53537    0.00000    0.53537
 144.00000    0.51435    0.00000    0.51435
 144.50000    0.46463    0.00000    0.46463
 145.00000    0.47093    0.00000    0.47093
 145.50000    0.51458    0.00000    0.51458
 146.00000    0.49220    0.00000    0.49220
 146.50000    0.45109    0.00000    0.45109
 147.00000    0.48482    0.00000    0.48482
 147.50000    0.53158    0.00000    0.53158
 148.00000    0.52862    0.00000    0.52862
 148.50000    0.48504    0.00000    0.48504
 149.00000    0.47447    0.00000    0.47447
 149.50000    0.47707    0.00000    0.47707
 150.00000    0.47733    0.00000    0.47733
