   0.00000    0.53748    0.00000    0.53748
   0.50000    0.56647    0.00000    0.56647
   1.00000    0.55401    0.00000    0.55401
   1.50000    0.53386    0.00000    0.53386
   2.00000    0.55155    0.00000    0.55155
   2.50000    0.54025    0.00000    0.54025
   3.00000    0.56921    0.00000    0.56921
   3.50000    0.59500    0.00000    0.59500
   4.00000    0.57889    0.00000    0.57889
   4.50000    0.55435    0.00000    0.55435
   5.00000    0.52680    0.00000    0.52680
   5.50000    0.54292    0.00000    0.54292
   6.00000    0.53969    0.00000    0.53969
   6.50000    0.58965    0.00000    0.58965
   7.00000    0.57709    0.00000    0.57709
   7.50000    0.54711    0.00000    0.54711
   8.00000    0.50755    0.00000    0.50755
   8.50000    0.53454    0.00000    0.53454
   9.00000    0.55356    0.00000    0.55356
   9.50000    0.57637    0.00000    0.57637
  10.00000    0.57025    0.00000    0.57025
  10.50000    0.58754    0.00000    0.58754
  11.00000    0.56917    0.00000    0.56917
  11.50000    0.57337    0.00000    0.57337
  12.00000    0.55000    0.00000    0.55000
  12.50000    0.57066    0.00000    0.57066
  13.00000    0.54194    0.00000    0.54194
  13.50000    0.53739    0.00000    0.53739
  14.00000    0.52542    0.00000    0.52542
  14.50000    0.54010    0.00000    0.54010
  15.00000    0.57406    0.00000    0.57406
  15.50000    0.61281    0.00000    0.61281
  16.00000    0.61074    0.00000    0.61074
  16.50000    0.57253    0.00000    0.57253
  17.00000    0.58603    0.00000    0.58603
  17.50000    0.60082    0.00000    0.60082
  18.00000    0.58938    0.00000    0.58938
  18.50000    0.58182    0.00000    0.58182
  19.00000    0.61245    0.00000    0.61245
  19.50000    0.61478    0.00000    0.61478
  20.00000    0.59089    0.00000    0.59089
  20.50000    0.55981    0.00000    0.55981
  21.00000    0.54060    0.00000    0.54060
  21.50000    0.55056    0.00000    0.55056
  22.00000    0.58017    0.00000    0.58017
  22.50000    0.58593    0.00000    0.58593
  23.00000    0.58492    0.00000    0.58492
  23.50000    0.61691    0.00000    0.61691
  24.00000    0.65051    0.00000    0.65051
  24.50000    0.61036    0.00000    0.61036
  25.00000    0.56531    0.00000    0.56531
  25.50000    0.54352    0.00000    0.54352
  26.00000    0.55609    0.00000    0.55609
  26.50000    0.55482    0.00000    0.55482
  27.00000    0.58697    0.00000    0.58697
  27.50000    0.57608    0.00000    0.57608
  28.00000    0.55920    0.00000    0.55920
  28.50000    0.52652    0.00000    0.52652
  29.00000    0.58215    0.00000    0.58215
  29.50000    0.60890    0.00000    0.60890
  30.00000    0.61812    0.00000    0.61812
  30.50000    0.59651    0.00000    0.59651
  31.00000    0.57788    0.00000    0.57788
  31.50000    0.56332    0.00000    0.56332
  32.00000    0.55732    0.00000    0.55732
  32.50000    0.58522    0.00000    0.58522
  33.00000    0.59341    0.00000    0.59341
  33.50000    0.57718    0.00000    0.57718
  34.00000    0.56862    0.00000    0.56862
  34.50000    0.58869    0.00000    0.58869
  35.00000    0.57780    0.00000    0.57780
  35.50000    0.55656    0.00000    0.55656
  36.00000    0.57314    0.00000    0.57314
  36.50000    0.59239    0.00000    0.59239
  37.00000    0.56898    0.00000    0.56898
  37.50000    0.56229    0.00000    0.56229
  38.00000    0.59432    0.00000    0.59432
  38.50000    0.61724    0.00000    0.61724
  39.00000    0.59021    0.00000    0.59021
  39.50000    0.54157    0.00000    0.54157
  40.00000    0.55416    0.00000    0.55416
  40.50000    0.59329    0.00000    0.59329
  41.00000    0.62275    0.00000    0.62275
  41.50000    0.58290    0.00000    0.58290
  42.00000    0.55422    0.00000    0.55422
  42.50000    0.52957    0.00000    0.52957
  43.00000    0.55718    0.00000    0.55718
  43.50000    0.55717    0.00000    0.55717
  44.00000    0.56153    0.00000    0.56153
  44.50000    0.56793    0.00000    0.56793
  45.00000    0.56336    0.00000    0.56336
  45.50000    0.55418    0.00000    0.55418
  46.00000    0.54616    0.00000    0.54616
  46.50000    0.55922    0.00000    0.55922
  47.00000    0.57507    0.00000    0.57507
  47.50000    0.60681    0.00000    0.60681
  48.00000    0.62232    0.00000    0.62232
  48.50000    0.58757    0.00000    0.58757
  49.00000    0.57220    0.00000    0.57220
  49.50000    0.57792    0.00000    0.57792
  50.00000    0.59473    0.00000    0.59473
  50.50000    0.59508    0.00000    0.59508
  51.00000    0.58647    0.00000    0.58647
  51.50000    0.59814    0.00000    0.59814
  52.00000    0.59351    0.00000    0.59351
  52.50000    0.59766    0.00000    0.59766
  53.00000    0.55499    0.00000    0.55499
  53.50000    0.52233    0.00000    0.52233
  54.00000    0.54796    0.00000    0.54796
  54.50000    0.57874    0.00000    0.57874
  55.00000    0.58748    0.00000    0.58748
  55.50000    0.59272    0.00000    0.59272
  56.00000    0.59726    0.00000    0.59726
  56.50000    0.56494    0.00000    0.56494
  57.00000    0.53262    0.00000    0.53262
  57.50000    0.58244    0.00000    0.58244
  58.00000    0.62331    0.00000    0.62331
  58.50000    0.62010    0.00000    0.62010
  59.00000    0.57296    0.00000    0.57296
  59.50000    0.56066    0.00000    0.56066
  60.00000    0.55089    0.00000    0.55089
  60.50000    0.53955    0.00000    0.53955
  61.00000    0.58380    0.00000    0.58380
  61.50000    0.60479    0.00000    0.60479
  62.00000    0.63365    0.00000    0.63365
  62.50000    0.56781    0.00000    0.56781
  63.00000    0.57850    0.00000    0.57850
  63.50000    0.61051    0.00000    0.61051
  64.00000    0.63550    0.00000    0.63550
  64.50000    0.57970    0.00000    0.57970
  65.00000    0.55159    0.00000    0.55159
  65.50000    0.60702    0.00000    0.60702
  66.00000    0.61767    0.00000    0.61767
  66.50000    0.60988    0.00000    0.60988
  67.00000    0.57119    0.00000    0.57119
  67.50000    0.60367    0.00000    0.60367
  68.00000    0.61918    0.00000    0.61918
  68.50000    0.58538    0.00000    0.58538
  69.00000    0.52292    0.00000    0.52292
  69.50000    0.52355    0.00000    0.52355
  70.00000    0.55656    0.00000    0.55656
  70.50000    0.55395    0.00000    0.55395
  71.00000    0.54255    0.00000    0.54255
  71.50000    0.52253    0.00000    0.52253
  72.00000    0.52973    0.00000    0.52973
  72.50000    0.53936    0.00000    0.53936
  73.00000    0.55908    0.00000    0.55908
  73.50000    0.58892    0.00000    0.58892
  74.00000    0.60899    0.00000    0.60899
  74.50000    0.63405    0.00000    0.63405
  75.00000    0.58150    0.00000    0.58150
  75.50000    0.56514    0.00000    0.56514
  76.00000    0.52247    0.00000    0.52247
  76.50000    0.55307    0.00000    0.55307
  77.00000    0.53930    0.00000    0.53930
  77.50000    0.58304    0.00000    0.58304
  78.00000    0.57757    0.00000    0.57757
  78.50000    0.56061    0.00000    0.56061
  79.00000    0.52974    0.00000    0.52974
  79.50000    0.53012    0.00000    0.53012
  80.00000    0.57982    0.00000    0.57982
  80.50000    0.58786    0.00000    0.58786
  81.00000    0.56686    0.00000    0.56686
  81.50000    0.52573    0.00000    0.52573
  82.00000    0.52491    0.00000    0.52491
  82.50000    0.56113    0.00000    0.56113
  83.00000    0.58428    0.00000    0.58428
  83.50000    0.56931    0.00000    0.56931
  84.00000    0.55947    0.00000    0.55947
  84.50000    0.59546    0.00000    0.59546
  85.00000    0.60837    0.00000    0.60837
  85.50000    0.58160    0.00000    0.58160
  86.00000    0.54835    0.00000    0.54835
  86.50000    0.56106    0.00000    0.56106
  87.00000    0.56369    0.00000    0.56369
  87.50000    0.59163    0.00000    0.59163
  88.00000    0.58765    0.00000    0.58765
  88.50000    0.60784    0.00000    0.60784
  89.00000    0.60753    0.00000    0.60753
  89.50000    0.58504    0.00000    0.58504
  90.00000    0.56237    0.00000    0.56237
  90.50000    0.54476    0.00000    0.54476
  91.00000    0.55696    0.00000    0.55696
  91.50000    0.56080    0.00000    0.56080
  92.00000    0.59126    0.00000    0.59126
  92.50000    0.55445    0.00000    0.55445
  93.00000    0.52566    0.00000    0.52566
  93.50000    0.50474    0.00000    0.50474
  94.00000    0.53248    0.00000    0.53248
  94.50000    0.53224    0.00000    0.53224
  95.00000    0.55726    0.00000    0.55726
  95.50000    0.59846    0.00000    0.59846
  96.00000    0.64252    0.00000    0.64252
  96.50000    0.63913    0.00000    0.63913
  97.00000    0.59886    0.00000    0.59886
  97.50000    0.59048    0.00000    0.59048
  98.00000    0.58524    0.00000    0.58524
  98.50000    0.56308    0.00000    0.56308
  99.00000    0.53911    0.00000    0.53911
  99.50000    0.55687    0.00000    0.55687
 100.00000    0.57031    0.00000    0.57031
 100.50000    0.58780    0.00000    0.58780
 101.00000    0.61973    0.00000    0.61973
 101.50000    0.59139    0.00000    0.59139
 102.00000    0.53128    0.00000    0.53128
 102.50000    0.48402    0.00000    0.48402
 103.00000    0.53825    0.00000    0.53825
 103.50000    0.54853    0.00000    0.54853
 104.00000    0.55678    0.00000    0.55678
 104.50000    0.54469    0.00000    0.54469
 105.00000    0.59091    0.00000    0.59091
 105.50000    0.59374    0.00000    0.59374
 106.00000    0.58637    0.00000    0.58637
 106.50000    0.58721    0.00000    0.58721
 107.00000    0.59534    0.00000    0.59534
 107.50000    0.59343    0.00000    0.59343
 108.00000    0.61392    0.00000    0.61392
 108.50000    0.61502    0.00000    0.61502
 109.00000    0.60242    0.00000    0.60242
 109.50000    0.57092    0.00000    0.57092
 110.00000    0.57915    0.00000    0.57915
 110.50000    0.56549    0.00000    0.56549
 111.00000    0.56424    0.00000    0.56424
 111.50000    0.57870    0.00000    0.57870
 112.00000    0.59403    0.00000    0.59403
 112.50000    0.60280    0.00000    0.60280
 113.00000    0.59181    0.00000    0.59181
 113.50000    0.55020    0.00000    0.55020
 114.00000    0.52788    0.00000    0.52788
 114.50000    0.51731    0.00000    0.51731
 115.00000    0.53747    0.00000    0.53747
 115.50000    0.55526    0.00000    0.55526
 116.00000    0.62082    0.00000    0.62082
 116.50000    0.61512    0.00000    0.61512
 117.00000    0.59682    0.00000    0.59682
 117.50000    0.57348    0.00000    0.57348
 118.00000    0.59489    0.00000    0.59489
 118.50000    0.58645    0.00000    0.58645
 119.00000    0.60045    0.00000    0.60045
 119.50000    0.60171    0.00000    0.60171
 120.00000    0.60301    0.00000    0.60301
 120.50000    0.54560    0.00000    0.54560
 121.00000    0.55468    0.00000    0.55468
 121.50000    0.54801    0.00000    0.54801
 122.00000    0.57168    0.00000    0.57168
 122.50000    0.56972    0.00000    0.56972
 123.00000    0.59011    0.00000    0.59011
 123.50000    0.53799    0.00000    0.53799
 124.00000    0.52215    0.00000    0.52215
 124.50000    0.53326    0.00000    0.53326
 125.00000    0.56962    0.00000    0.56962
 125.50000    0.59036    0.00000    0.59036
 126.00000    0.58956    0.00000    0.58956
 126.50000    0.55283    0.00000    0.55283
 127.00000    0.56709    0.00000    0.56709
 127.50000    0.57247    0.00000    0.57247
 128.00000    0.57677    0.00000    0.57677
 128.50000    0.54652    0.00000    0.54652
 129.00000    0.55526    0.00000    0.55526
 129.50000    0.56002    0.00000    0.56002
 130.00000    0.56897    0.00000    0.56897
 130.50000    0.54866    0.00000    0.54866
 131.00000    0.55561    0.00000    0.55561
 131.50000    0.55538    0.00000    0.55538
 132.00000    0.56501    0.00000    0.56501
 132.50000    0.56859    0.00000    0.56859
 133.00000    0.56683    0.00000    0.56683
 133.50000    0.57013    0.00000    0.57013
 134.00000    0.58641    0.00000    0.58641
 134.50000    0.58470    0.00000    0.58470
 135.00000    0.56290    0.00000    0.56290
 135.50000    0.59026    0.00000    0.59026
 136.00000    0.60094    0.00000    0.60094
 136.50000    0.58450    0.00000    0.58450
 137.00000    0.60527    0.00000    0.60527
 137.50000    0.61902    0.00000    0.61902
 138.00000    0.59916    0.00000    0.59916
 138.50000    0.54617    0.00000    0.54617
 139.00000    0.55026    0.00000    0.55026
 139.50000    0.57969    0.00000    0.57969
 140.00000    0.59337    0.00000    0.59337
 140.50000    0.59150    0.00000    0.59150
 141.00000    0.60512    0.00000    0.60512
 141.50000    0.57646    0.00000    0.57646
 142.00000    0.57889    0.00000    0.57889
 142.50000    0.58360    0.00000    0.58360
 143.00000    0.62889    0.00000    0.62889
 143.50000    0.63810    0.00000    0.63810
 144.00000    0.61790    0.00000    0.61790
 144.50000    0.56675    0.00000    0.56675
 145.00000    0.58920    0.00000    0.58920
 145.50000    0.62634    0.00000    0.62634
 146.00000    0.57236    0.00000    0.57236
 146.50000    0.50992    0.00000    0.50992
 147.00000    0.53112    0.00000    0.53112
 147.50000    0.56725    0.00000    0.56725
 148.00000    0.55095    0.00000    0.55095
 148.50000    0.55079    0.00000    0.55079
 149.00000    0.56808    0.00000    0.56808
 149.50000    0.59168    0.00000    0.59168
 150.00000    0.52776    0.00000    0.52776
