   0.00000    0.39115    0.00000    0.39115
   0.50000    0.47262    0.00000    0.47262
   1.00000    0.46065    0.00000    0.46065
   1.50000    0.43356    0.00000    0.43356
   2.00000    0.43808    0.00000    0.43808
   2.50000    0.45981    0.00000    0.45981
   3.00000    0.46616    0.00000    0.46616
   3.50000    0.49378    0.00000    0.49378
   4.00000    0.48199    0.00000    0.48199
   4.50000    0.45957    0.00000    0.45957
   5.00000    0.43699    0.00000    0.43699
   5.50000    0.45241    0.00000    0.45241
   6.00000    0.44345    0.00000    0.44345
   6.50000    0.47824    0.00000    0.47824
   7.00000    0.48475    0.00000    0.48475
   7.50000    0.45639    0.00000    0.45639
   8.00000    0.41954    0.00000    0.41954
   8.50000    0.45394    0.00000    0.45394
   9.00000    0.46922    0.00000    0.46922
   9.50000    0.46375    0.00000    0.46375
  10.00000    0.45494    0.00000    0.45494
  10.50000    0.48847    0.00000    0.48847
  11.00000    0.49161    0.00000    0.49161
  11.50000    0.48282    0.00000    0.48282
  12.00000    0.46506    0.00000    0.46506
  12.50000    0.46542    0.00000    0.46542
  13.00000    0.43970    0.00000    0.43970
  13.50000    0.44984    0.00000    0.44984
  14.00000    0.45295    0.00000    0.45295
  14.50000    0.45453    0.00000    0.45453
  15.00000    0.46902    0.00000    0.46902
  15.50000    0.49488    0.00000    0.49488
  16.00000    0.49686    0.00000    0.49686
  16.50000    0.48236    0.00000    0.48236
  17.00000    0.48917    0.00000    0.48917
  17.50000    0.47011    0.00000    0.47011
  18.00000    0.47148    0.00000    0.47148
  18.50000    0.48629    0.00000    0.48629
  19.00000    0.50449    0.00000    0.50449
  19.50000    0.49751    0.00000    0.49751
  20.00000    0.49468    0.00000    0.49468
  20.50000    0.48147    0.00000    0.48147
  21.00000    0.45890    0.00000    0.45890
  21.50000    0.45765    0.00000    0.45765
  22.00000    0.47766    0.00000    0.47766
  22.50000    0.48910    0.00000    0.48910
  23.00000    0.48236    0.00000    0.48236
  23.50000    0.48424    0.00000    0.48424
  24.00000    0.48970    0.00000    0.48970
  24.50000    0.46669    0.00000    0.46669
  25.00000    0.46383    0.00000    0.46383
  25.50000    0.46643    0.00000    0.46643
  26.00000    0.46384    0.00000    0.46384
  26.50000    0.45366    0.00000    0.45366
  27.00000    0.46360    0.00000    0.46360
  27.50000    0.47198    0.00000    0.47198
  28.00000    0.48147    0.00000    0.48147
  28.50000    0.48216    0.00000    0.48216
  29.00000    0.48642    0.00000    0.48642
  29.50000    0.49332    0.00000    0.49332
  30.00000    0.50328    0.00000    0.50328
  30.50000    0.48644    0.00000    0.48644
  31.00000    0.48326    0.00000    0.48326
  31.50000    0.50904    0.00000    0.50904
  32.00000    0.50159    0.00000    0.50159
  32.50000    0.49444    0.00000    0.49444
  33.00000    0.47102    0.00000    0.47102
  33.50000    0.46355    0.00000    0.46355
  34.00000    0.43955    0.00000    0.43955
  34.50000    0.46619    0.00000    0.46619
  35.00000    0.47465    0.00000    0.47465
  35.50000    0.45790    0.00000    0.45790
  36.00000    0.46194    0.00000    0.46194
  36.50000    0.45887    0.00000    0.45887
  37.00000    0.45080    0.00000    0.45080
  37.50000    0.44021    0.00000    0.44021
  38.00000    0.46629    0.00000    0.46629
  38.50000    0.47687    0.00000    0.47687
  39.00000    0.47511    0.00000    0.47511
  39.50000    0.45539    0.00000    0.45539
  40.00000    0.47415    0.00000    0.47415
  40.50000    0.49968    0.00000    0.49968
  41.00000    0.50739    0.00000    0.50739
  41.50000    0.48078    0.00000    0.48078
  42.00000    0.47734    0.00000    0.47734
  42.50000    0.44519    0.00000    0.44519
  43.00000    0.45140    0.00000    0.45140
  43.50000    0.45050    0.00000    0.45050
  44.00000    0.45207    0.00000    0.45207
  44.50000    0.46574    0.00000    0.46574
  45.00000    0.48698    0.00000    0.48698
  45.50000    0.49760    0.00000    0.49760
  46.00000    0.46365    0.00000    0.46365
  46.50000    0.46272    0.00000    0.46272
  47.00000    0.47491    0.00000    0.47491
  47.50000    0.49888    0.00000    0.49888
  48.00000    0.50731    0.00000    0.50731
  48.50000    0.47518    0.00000    0.47518
  49.00000    0.45805    0.00000    0.45805
  49.50000    0.48285    0.00000    0.48285
  50.00000    0.50150    0.00000    0.50150
  50.50000    0.50515    0.00000    0.50515
  51.00000    0.47930    0.00000    0.47930
  51.50000    0.48222    0.00000    0.48222
  52.00000    0.46572    0.00000    0.46572
  52.50000    0.49347    0.00000    0.49347
  53.00000    0.48112    0.00000    0.48112
  53.50000    0.45005    0.00000    0.45005
  54.00000    0.46692    0.00000    0.46692
  54.50000    0.50356    0.00000    0.50356
  55.00000    0.51058    0.00000    0.51058
  55.50000    0.49391    0.00000    0.49391
  56.00000    0.49592    0.00000    0.49592
  56.50000    0.46354    0.00000    0.46354
  57.00000    0.43209    0.00000    0.43209
  57.50000    0.46465    0.00000    0.46465
  58.00000    0.50952    0.00000    0.50952
  58.50000    0.49542    0.00000    0.49542
  59.00000    0.45642    0.00000    0.45642
  59.50000    0.43546    0.00000    0.43546
  60.00000    0.43581    0.00000    0.43581
  60.50000    0.44266    0.00000    0.44266
  61.00000    0.49551    0.00000    0.49551
  61.50000    0.50339    0.00000    0.50339
  62.00000    0.51048    0.00000    0.51048
  62.50000    0.48279    0.00000    0.48279
  63.00000    0.50012    0.00000    0.50012
  63.50000    0.52429    0.00000    0.52429
  64.00000    0.53393    0.00000    0.53393
  64.50000    0.47070    0.00000    0.47070
  65.00000    0.44151    0.00000    0.44151
  65.50000    0.47122    0.00000    0.47122
  66.00000    0.50291    0.00000    0.50291
  66.50000    0.48332    0.00000    0.48332
  67.00000    0.47050    0.00000    0.47050
  67.50000    0.47226    0.00000    0.47226
  68.00000    0.49508    0.00000    0.49508
  68.50000    0.47390    0.00000    0.47390
  69.00000    0.43989    0.00000    0.43989
  69.50000    0.42110    0.00000    0.42110
  70.00000    0.46005    0.00000    0.46005
  70.50000    0.49343    0.00000    0.49343
  71.00000    0.47675    0.00000    0.47675
  71.50000    0.43624    0.00000    0.43624
  72.00000    0.43652    0.00000    0.43652
  72.50000    0.46990    0.00000    0.46990
  73.00000    0.47162    0.00000    0.47162
  73.50000    0.48386    0.00000    0.48386
  74.00000    0.49336    0.00000    0.49336
  74.50000    0.52335    0.00000    0.52335
  75.00000    0.48679    0.00000    0.48679
  75.50000    0.47486    0.00000    0.47486
  76.00000    0.44423    0.00000    0.44423
  76.50000    0.46765    0.00000    0.46765
  77.00000    0.45895    0.00000    0.45895
  77.50000    0.47372    0.00000    0.47372
  78.00000    0.47299    0.00000    0.47299
  78.50000    0.45945    0.00000    0.45945
  79.00000    0.43832    0.00000    0.43832
  79.50000    0.42840    0.00000    0.42840
  80.00000    0.47446    0.00000    0.47446
  80.50000    0.46790    0.00000    0.46790
  81.00000    0.43950    0.00000    0.43950
  81.50000    0.41665    0.00000    0.41665
  82.00000    0.42497    0.00000    0.42497
  82.50000    0.45646    0.00000    0.45646
  83.00000    0.48899    0.00000    0.48899
  83.50000    0.49536    0.00000    0.49536
  84.00000    0.48357    0.00000    0.48357
  84.50000    0.51337    0.00000    0.51337
  85.00000    0.52367    0.00000    0.52367
  85.50000    0.50117    0.00000    0.50117
  86.00000    0.46308    0.00000    0.46308
  86.50000    0.47251    0.00000    0.47251
  87.00000    0.48086    0.00000    0.48086
  87.50000    0.49023    0.00000    0.49023
  88.00000    0.48666    0.00000    0.48666
  88.50000    0.49375    0.00000    0.49375
  89.00000    0.51302    0.00000    0.51302
  89.50000    0.46226    0.00000    0.46226
  90.00000    0.44475    0.00000    0.44475
  90.50000    0.41307    0.00000    0.41307
  91.00000    0.44079    0.00000    0.44079
  91.50000    0.46027    0.00000    0.46027
  92.00000    0.50118    0.00000    0.50118
  92.50000    0.47500    0.00000    0.47500
  93.00000    0.44333    0.00000    0.44333
  93.50000    0.42962    0.00000    0.42962
  94.00000    0.44041    0.00000    0.44041
  94.50000    0.44548    0.00000    0.44548
  95.00000    0.45311    0.00000    0.45311
  95.50000    0.48691    0.00000    0.48691
  96.00000    0.51310    0.00000    0.51310
  96.50000    0.52699    0.00000    0.52699
  97.00000    0.47884    0.00000    0.47884
  97.50000    0.45765    0.00000    0.45765
  98.00000    0.45070    0.00000    0.45070
  98.50000    0.45995    0.00000    0.45995
  99.00000    0.45568    0.00000    0.45568
  99.50000    0.46173    0.00000    0.46173
 100.00000    0.46523    0.00000    0.46523
 100.50000    0.48012    0.00000    0.48012
 101.00000    0.51087    0.00000    0.51087
 101.50000    0.48183    0.00000    0.48183
 102.00000    0.42890    0.00000    0.42890
 102.50000    0.41598    0.00000    0.41598
 103.00000    0.44642    0.00000    0.44642
 103.50000    0.44873    0.00000    0.44873
 104.00000    0.43322    0.00000    0.43322
 104.50000    0.44305    0.00000    0.44305
 105.00000    0.48591    0.00000    0.48591
 105.50000    0.48829    0.00000    0.48829
 106.00000    0.47084    0.00000    0.47084
 106.50000    0.47366    0.00000    0.47366
 107.00000    0.49009    0.00000    0.49009
 107.50000    0.46732    0.00000    0.46732
 108.00000    0.47424    0.00000    0.47424
 108.50000    0.47152    0.00000    0.47152
 109.00000    0.47263    0.00000    0.47263
 109.50000    0.46937    0.00000    0.46937
 110.00000    0.49773    0.00000    0.49773
 110.50000    0.49790    0.00000    0.49790
 111.00000    0.48415    0.00000    0.48415
 111.50000    0.49519    0.00000    0.49519
 112.00000    0.49921    0.00000    0.49921
 112.50000    0.50640    0.00000    0.50640
 113.00000    0.50211    0.00000    0.50211
 113.50000    0.46169    0.00000    0.46169
 114.00000    0.42355    0.00000    0.42355
 114.50000    0.41572    0.00000    0.41572
 115.00000    0.45078    0.00000    0.45078
 115.50000    0.46299    0.00000    0.46299
 116.00000    0.52053    0.00000    0.52053
 116.50000    0.50407    0.00000    0.50407
 117.00000    0.48755    0.00000    0.48755
 117.50000    0.45880    0.00000    0.45880
 118.00000    0.47536    0.00000    0.47536
 118.50000    0.44981    0.00000    0.44981
 119.00000    0.47134    0.00000    0.47134
 119.50000    0.49982    0.00000    0.49982
 120.00000    0.51693    0.00000    0.51693
 120.50000    0.48155    0.00000    0.48155
 121.00000    0.46650    0.00000    0.46650
 121.50000    0.44793    0.00000    0.44793
 122.00000    0.46130    0.00000    0.46130
 122.50000    0.46674    0.00000    0.46674
 123.00000    0.48591    0.00000    0.48591
 123.50000    0.46411    0.00000    0.46411
 124.00000    0.44999    0.00000    0.44999
 124.50000    0.46821    0.00000    0.46821
 125.00000    0.47693    0.00000    0.47693
 125.50000    0.47144    0.00000    0.47144
 126.00000    0.44578    0.00000    0.44578
 126.50000    0.45449    0.00000    0.45449
 127.00000    0.46482    0.00000    0.46482
 127.50000    0.46981    0.00000    0.46981
 128.00000    0.46329    0.00000    0.46329
 128.50000    0.44825    0.00000    0.44825
 129.00000    0.43402    0.00000    0.43402
 129.50000    0.43270    0.00000    0.43270
 130.00000    0.45778    0.00000    0.45778
 130.50000    0.46124    0.00000    0.46124
 131.00000    0.45946    0.00000    0.45946
 131.50000    0.46483    0.00000    0.46483
 132.00000    0.47813    0.00000    0.47813
 132.50000    0.46917    0.00000    0.46917
 133.00000    0.44683    0.00000    0.44683
 133.50000    0.45394    0.00000    0.45394
 134.00000    0.47730    0.00000    0.47730
 134.50000    0.48631    0.00000    0.48631
 135.00000    0.46122    0.00000    0.46122
 135.50000    0.45748    0.00000    0.45748
 136.00000    0.48168    0.00000    0.48168
 136.50000    0.49287    0.00000    0.49287
 137.00000    0.49038    0.00000    0.49038
 137.50000    0.48859    0.00000    0.48859
 138.00000    0.48645    0.00000    0.48645
 138.50000    0.47473    0.00000    0.47473
 139.00000    0.45157    0.00000    0.45157
 139.50000    0.47360    0.00000    0.47360
 140.00000    0.48243    0.00000    0.48243
 140.50000    0.49521    0.00000    0.49521
 141.00000    0.50062    0.00000    0.50062
 141.50000    0.48111    0.00000    0.48111
 142.00000    0.45354    0.00000    0.45354
 142.50000    0.45227    0.00000    0.45227
 143.00000    0.50174    0.00000    0.50174
 143.50000    0.51475    0.00000    0.51475
 144.00000    0.47908    0.00000    0.47908
 144.50000    0.43891    0.00000    0.43891
 145.00000    0.46102    0.00000    0.46102
 145.50000    0.51305    0.00000    0.51305
 146.00000    0.47131    0.00000    0.47131
 146.50000    0.43873    0.00000    0.43873
 147.00000    0.46783    0.00000    0.46783
 147.50000    0.51444    0.00000    0.51444
 148.00000    0.48468    0.00000    0.48468
 148.50000    0.44832    0.00000    0.44832
 149.00000    0.43537    0.00000    0.43537
 149.50000    0.45671    0.00000    0.45671
 150.00000    0.48430    0.00000    0.48430
