   0.00000    0.40393    0.00000    0.40393
   0.50000    0.47511    0.00000    0.47511
   1.00000    0.46672    0.00000    0.46672
   1.50000    0.46445    0.00000    0.46445
   2.00000    0.47984    0.00000    0.47984
   2.50000    0.50183    0.00000    0.50183
   3.00000    0.50289    0.00000    0.50289
   3.50000    0.52288    0.00000    0.52288
   4.00000    0.47482    0.00000    0.47482
   4.50000    0.48981    0.00000    0.48981
   5.00000    0.47146    0.00000    0.47146
   5.50000    0.48899    0.00000    0.48899
   6.00000    0.45263    0.00000    0.45263
   6.50000    0.49346    0.00000    0.49346
   7.00000    0.50444    0.00000    0.50444
   7.50000    0.48508    0.00000    0.48508
   8.00000    0.45705    0.00000    0.45705
   8.50000    0.46449    0.00000    0.46449
   9.00000    0.47610    0.00000    0.47610
   9.50000    0.47371    0.00000    0.47371
  10.00000    0.49197    0.00000    0.49197
  10.50000    0.49646    0.00000    0.49646
  11.00000    0.48052    0.00000    0.48052
  11.50000    0.47696    0.00000    0.47696
  12.00000    0.46583    0.00000    0.46583
  12.50000    0.47338    0.00000    0.47338
  13.00000    0.45825    0.00000    0.45825
  13.50000    0.48307    0.00000    0.48307
  14.00000    0.48239    0.00000    0.48239
  14.50000    0.48304    0.00000    0.48304
  15.00000    0.47821    0.00000    0.47821
  15.50000    0.49210    0.00000    0.49210
  16.00000    0.49216    0.00000    0.49216
  16.50000    0.47977    0.00000    0.47977
  17.00000    0.48739    0.00000    0.48739
  17.50000    0.48651    0.00000    0.48651
  18.00000    0.49798    0.00000    0.49798
  18.50000    0.52232    0.00000    0.52232
  19.00000    0.53471    0.00000    0.53471
  19.50000    0.50468    0.00000    0.50468
  20.00000    0.48352    0.00000    0.48352
  20.50000    0.46567    0.00000    0.46567
  21.00000    0.47379    0.00000    0.47379
  21.50000    0.47492    0.00000    0.47492
  22.00000    0.47869    0.00000    0.47869
  22.50000    0.47718    0.00000    0.47718
  23.00000    0.49160    0.00000    0.49160
  23.50000    0.51506    0.00000    0.51506
  24.00000    0.53895    0.00000    0.53895
  24.50000    0.51372    0.00000    0.51372
  25.00000    0.49047    0.00000    0.49047
  25.50000    0.46089    0.00000    0.46089
  26.00000    0.47678    0.00000    0.47678
  26.50000    0.48911    0.00000    0.48911
  27.00000    0.49642    0.00000    0.49642
  27.50000    0.47456    0.00000    0.47456
  28.00000    0.47310    0.00000    0.47310
  28.50000    0.48458    0.00000    0.48458
  29.00000    0.48484    0.00000    0.48484
  29.50000    0.50516    0.00000    0.50516
  30.00000    0.50243    0.00000    0.50243
  30.50000    0.50419    0.00000    0.50419
  31.00000    0.48179    0.00000    0.48179
  31.50000    0.50447    0.00000    0.50447
  32.00000    0.48549    0.00000    0.48549
  32.50000    0.49670    0.00000    0.49670
  33.00000    0.49359    0.00000    0.49359
  33.50000    0.50461    0.00000    0.50461
  34.00000    0.50078    0.00000    0.50078
  34.50000    0.48392    0.00000    0.48392
  35.00000    0.47770    0.00000    0.47770
  35.50000    0.47026    0.00000    0.47026
  36.00000    0.49288    0.00000    0.49288
  36.50000    0.47202    0.00000    0.47202
  37.00000    0.46532    0.00000    0.46532
  37.50000    0.47824    0.00000    0.47824
  38.00000    0.51446    0.00000    0.51446
  38.50000    0.53034    0.00000    0.53034
  39.00000    0.50592    0.00000    0.50592
  39.50000    0.46126    0.00000    0.46126
  40.00000    0.46028    0.00000    0.46028
  40.50000    0.51396    0.00000    0.51396
  41.00000    0.54490    0.00000    0.54490
  41.50000    0.51380    0.00000    0.51380
  42.00000    0.48967    0.00000    0.48967
  42.50000    0.45702    0.00000    0.45702
  43.00000    0.47715    0.00000    0.47715
  43.50000    0.46635    0.00000    0.46635
  44.00000    0.49237    0.00000    0.49237
  44.50000    0.49837    0.00000    0.49837
  45.00000    0.50787    0.00000    0.50787
  45.50000    0.48878    0.00000    0.48878
  46.00000    0.48994    0.00000    0.48994
  46.50000    0.49043    0.00000    0.49043
  47.00000    0.49477    0.00000    0.49477
  47.50000    0.51576    0.00000    0.51576
  48.00000    0.55292    0.00000    0.55292
  48.50000    0.50024    0.00000    0.50024
  49.00000    0.47702    0.00000    0.47702
  49.50000    0.48324    0.00000    0.48324
  50.00000    0.53853    0.00000    0.53853
  50.50000    0.53013    0.00000    0.53013
  51.00000    0.51140    0.00000    0.51140
  51.50000    0.50019    0.00000    0.50019
  52.00000    0.49659    0.00000    0.49659
  52.50000    0.51275    0.00000    0.51275
  53.00000    0.50047    0.00000    0.50047
  53.50000    0.47901    0.00000    0.47901
  54.00000    0.50182    0.00000    0.50182
  54.50000    0.51776    0.00000    0.51776
  55.00000    0.51746    0.00000    0.51746
  55.50000    0.50384    0.00000    0.50384
  56.00000    0.50611    0.00000    0.50611
  56.50000    0.47037    0.00000    0.47037
  57.00000    0.43539    0.00000    0.43539
  57.50000    0.47462    0.00000    0.47462
  58.00000    0.51461    0.00000    0.51461
  58.50000    0.51329    0.00000    0.51329
  59.00000    0.47138    0.00000    0.47138
  59.50000    0.46278    0.00000    0.46278
  60.00000    0.46111    0.00000    0.46111
  60.50000    0.45320    0.00000    0.45320
  61.00000    0.50017    0.00000    0.50017
  61.50000    0.49914    0.00000    0.49914
  62.00000    0.50805    0.00000    0.50805
  62.50000    0.45228    0.00000    0.45228
  63.00000    0.47595    0.00000    0.47595
  63.50000    0.49589    0.00000    0.49589
  64.00000    0.52843    0.00000    0.52843
  64.50000    0.50558    0.00000    0.50558
  65.00000    0.48441    0.00000    0.48441
  65.50000    0.49379    0.00000    0.49379
  66.00000    0.48795    0.00000    0.48795
  66.50000    0.47707    0.00000    0.47707
  67.00000    0.46659    0.00000    0.46659
  67.50000    0.50155    0.00000    0.50155
  68.00000    0.52150    0.00000    0.52150
  68.50000    0.49986    0.00000    0.49986
  69.00000    0.45874    0.00000    0.45874
  69.50000    0.45035    0.00000    0.45035
  70.00000    0.43880    0.00000    0.43880
  70.50000    0.47371    0.00000    0.47371
  71.00000    0.48860    0.00000    0.48860
  71.50000    0.48684    0.00000    0.48684
  72.00000    0.46932    0.00000    0.46932
  72.50000    0.48194    0.00000    0.48194
  73.00000    0.50260    0.00000    0.50260
  73.50000    0.49448    0.00000    0.49448
  74.00000    0.51587    0.00000    0.51587
  74.50000    0.51838    0.00000    0.51838
  75.00000    0.50180    0.00000    0.50180
  75.50000    0.47910    0.00000    0.47910
  76.00000    0.46570    0.00000    0.46570
  76.50000    0.46687    0.00000    0.46687
  77.00000    0.45723    0.00000    0.45723
  77.50000    0.49836    0.00000    0.49836
  78.00000    0.50225    0.00000    0.50225
  78.50000    0.48964    0.00000    0.48964
  79.00000    0.49121    0.00000    0.49121
  79.50000    0.48693    0.00000    0.48693
  80.00000    0.50109    0.00000    0.50109
  80.50000    0.49230    0.00000    0.49230
  81.00000    0.46599    0.00000    0.46599
  81.50000    0.43603    0.00000    0.43603
  82.00000    0.43901    0.00000    0.43901
  82.50000    0.47536    0.00000    0.47536
  83.00000    0.47265    0.00000    0.47265
  83.50000    0.47980    0.00000    0.47980
  84.00000    0.46582    0.00000    0.46582
  84.50000    0.49930    0.00000    0.49930
  85.00000    0.50612    0.00000    0.50612
  85.50000    0.48871    0.00000    0.48871
  86.00000    0.46630    0.00000    0.46630
  86.50000    0.48903    0.00000    0.48903
  87.00000    0.50611    0.00000    0.50611
  87.50000    0.49191    0.00000    0.49191
  88.00000    0.49996    0.00000    0.49996
  88.50000    0.51097    0.00000    0.51097
  89.00000    0.51691    0.00000    0.51691
  89.50000    0.49970    0.00000    0.49970
  90.00000    0.50305    0.00000    0.50305
  90.50000    0.48742    0.00000    0.48742
  91.00000    0.48704    0.00000    0.48704
  91.50000    0.50003    0.00000    0.50003
  92.00000    0.50631    0.00000    0.50631
  92.50000    0.47780    0.00000    0.47780
  93.00000    0.46012    0.00000    0.46012
  93.50000    0.44779    0.00000    0.44779
  94.00000    0.45280    0.00000    0.45280
  94.50000    0.43915    0.00000    0.43915
  95.00000    0.45864    0.00000    0.45864
  95.50000    0.48147    0.00000    0.48147
  96.00000    0.50477    0.00000    0.50477
  96.50000    0.50327    0.00000    0.50327
  97.00000    0.50564    0.00000    0.50564
  97.50000    0.50090    0.00000    0.50090
  98.00000    0.49483    0.00000    0.49483
  98.50000    0.48757    0.00000    0.48757
  99.00000    0.48393    0.00000    0.48393
  99.50000    0.47953    0.00000    0.47953
 100.00000    0.49418    0.00000    0.49418
 100.50000    0.50214    0.00000    0.50214
 101.00000    0.52452    0.00000    0.52452
 101.50000    0.47889    0.00000    0.47889
 102.00000    0.43852    0.00000    0.43852
 102.50000    0.42109    0.00000    0.42109
 103.00000    0.47082    0.00000    0.47082
 103.50000    0.46094    0.00000    0.46094
 104.00000    0.44326    0.00000    0.44326
 104.50000    0.44998    0.00000    0.44998
 105.00000    0.50176    0.00000    0.50176
 105.50000    0.49864    0.00000    0.49864
 106.00000    0.47593    0.00000    0.47593
 106.50000    0.46920    0.00000    0.46920
 107.00000    0.51875    0.00000    0.51875
 107.50000    0.51036    0.00000    0.51036
 108.00000    0.53664    0.00000    0.53664
 108.50000    0.50220    0.00000    0.50220
 109.00000    0.50024    0.00000    0.50024
 109.50000    0.47233    0.00000    0.47233
 110.00000    0.49429    0.00000    0.49429
 110.50000    0.47959    0.00000    0.47959
 111.00000    0.48202    0.00000    0.48202
 111.50000    0.49941    0.00000    0.49941
 112.00000    0.52247    0.00000    0.52247
 112.50000    0.52139    0.00000    0.52139
 113.00000    0.51874    0.00000    0.51874
 113.50000    0.46816    0.00000    0.46816
 114.00000    0.45921    0.00000    0.45921
 114.50000    0.45001    0.00000    0.45001
 115.00000    0.47633    0.00000    0.47633
 115.50000    0.48213    0.00000    0.48213
 116.00000    0.53101    0.00000    0.53101
 116.50000    0.51765    0.00000    0.51765
 117.00000    0.48089    0.00000    0.48089
 117.50000    0.45695    0.00000    0.45695
 118.00000    0.50123    0.00000    0.50123
 118.50000    0.51764    0.00000    0.51764
 119.00000    0.50558    0.00000    0.50558
 119.50000    0.48966    0.00000    0.48966
 120.00000    0.50264    0.00000    0.50264
 120.50000    0.46918    0.00000    0.46918
 121.00000    0.49520    0.00000    0.49520
 121.50000    0.50596    0.00000    0.50596
 122.00000    0.50145    0.00000    0.50145
 122.50000    0.46143    0.00000    0.46143
 123.00000    0.48853    0.00000    0.48853
 123.50000    0.48687    0.00000    0.48687
 124.00000    0.46743    0.00000    0.46743
 124.50000    0.44776    0.00000    0.44776
 125.00000    0.43818    0.00000    0.43818
 125.50000    0.46571    0.00000    0.46571
 126.00000    0.48833    0.00000    0.48833
 126.50000    0.48970    0.00000    0.48970
 127.00000    0.48381    0.00000    0.48381
 127.50000    0.47250    0.00000    0.47250
 128.00000    0.46112    0.00000    0.46112
 128.50000    0.44471    0.00000    0.44471
 129.00000    0.46973    0.00000    0.46973
 129.50000    0.48172    0.00000    0.48172
 130.00000    0.49621    0.00000    0.49621
 130.50000    0.45741    0.00000    0.45741
 131.00000    0.46581    0.00000    0.46581
 131.50000    0.46966    0.00000    0.46966
 132.00000    0.49851    0.00000    0.49851
 132.50000    0.49126    0.00000    0.49126
 133.00000    0.46869    0.00000    0.46869
 133.50000    0.46465    0.00000    0.46465
 134.00000    0.49659    0.00000    0.49659
 134.50000    0.51744    0.00000    0.51744
 135.00000    0.50673    0.00000    0.50673
 135.50000    0.51938    0.00000    0.51938
 136.00000    0.53049    0.00000    0.53049
 136.50000    0.52022    0.00000    0.52022
 137.00000    0.51045    0.00000    0.51045
 137.50000    0.50717    0.00000    0.50717
 138.00000    0.49808    0.00000    0.49808
 138.50000    0.48280    0.00000    0.48280
 139.00000    0.48178    0.00000    0.48178
 139.50000    0.50434    0.00000    0.50434
 140.00000    0.51000    0.00000    0.51000
 140.50000    0.50018    0.00000    0.50018
 141.00000    0.52009    0.00000    0.52009
 141.50000    0.50773    0.00000    0.50773
 142.00000    0.51366    0.00000    0.51366
 142.50000    0.51665    0.00000    0.51665
 143.00000    0.54837    0.00000    0.54837
 143.50000    0.54764    0.00000    0.54764
 144.00000    0.51568    0.00000    0.51568
 144.50000    0.45038    0.00000    0.45038
 145.00000    0.46097    0.00000    0.46097
 145.50000    0.51874    0.00000    0.51874
 146.00000    0.50243    0.00000    0.50243
 146.50000    0.44093    0.00000    0.44093
 147.00000    0.49075    0.00000    0.49075
 147.50000    0.53204    0.00000    0.53204
 148.00000    0.51635    0.00000    0.51635
 148.50000    0.47388    0.00000    0.47388
 149.00000    0.47734    0.00000    0.47734
 149.50000    0.46773    0.00000    0.46773
 150.00000    0.44420    0.00000    0.44420
