   0.00000    0.43503    0.00000    0.43503
   0.50000    0.52412    0.00000    0.52412
   1.00000    0.49818    0.00000    0.49818
   1.50000    0.46095    0.00000    0.46095
   2.00000    0.47081    0.00000    0.47081
   2.50000    0.48488    0.00000    0.48488
   3.00000    0.50064    0.00000    0.50064
   3.50000    0.53411    0.00000    0.53411
   4.00000    0.51739    0.00000    0.51739
   4.50000    0.48785    0.00000    0.48785
   5.00000    0.46845    0.00000    0.46845
   5.50000    0.49169    0.00000    0.49169
   6.00000    0.48273    0.00000    0.48273
   6.50000    0.51963    0.00000    0.51963
   7.00000    0.51776    0.00000    0.51776
   7.50000    0.48071    0.00000    0.48071
   8.00000    0.45229    0.00000    0.45229
   8.50000    0.48251    0.00000    0.48251
   9.00000    0.50485    0.00000    0.50485
   9.50000    0.48982    0.00000    0.48982
  10.00000    0.47754    0.00000    0.47754
  10.50000    0.50762    0.00000    0.50762
  11.00000    0.51439    0.00000    0.51439
  11.50000    0.50067    0.00000    0.50067
  12.00000    0.48637    0.00000    0.48637
  12.50000    0.49709    0.00000    0.49709
  13.00000    0.46865    0.00000    0.46865
  13.50000    0.46822    0.00000    0.46822
  14.00000    0.47509    0.00000    0.47509
  14.50000    0.47126    0.00000    0.47126
  15.00000    0.48225    0.00000    0.48225
  15.50000    0.53113    0.00000    0.53113
  16.00000    0.55409    0.00000    0.55409
  16.50000    0.54528    0.00000    0.54528
  17.00000    0.53101    0.00000    0.53101
  17.50000    0.50925    0.00000    0.50925
  18.00000    0.50394    0.00000    0.50394
  18.50000    0.52044    0.00000    0.52044
  19.00000    0.53870    0.00000    0.53870
  19.50000    0.52697    0.00000    0.52697
  20.00000    0.53885    0.00000    0.53885
  20.50000    0.52251    0.00000    0.52251
  21.00000    0.50165    0.00000    0.50165
  21.50000    0.47942    0.00000    0.47942
  22.00000    0.49320    0.00000    0.49320
  22.50000    0.52056    0.00000    0.52056
  23.00000    0.52147    0.00000    0.52147
  23.50000    0.51665    0.00000    0.51665
  24.00000    0.51081    0.00000    0.51081
  24.50000    0.50846    0.00000    0.50846
  25.00000    0.50063    0.00000    0.50063
  25.50000    0.48696    0.00000    0.48696
  26.00000    0.47923    0.00000    0.47923
  26.50000    0.48151    0.00000    0.48151
  27.00000    0.50014    0.00000    0.50014
  27.50000    0.49793    0.00000    0.49793
  28.00000    0.50941    0.00000    0.50941
  28.50000    0.51230    0.00000    0.51230
  29.00000    0.51772    0.00000    0.51772
  29.50000    0.52447    0.00000    0.52447
  30.00000    0.53531    0.00000    0.53531
  30.50000    0.51896    0.00000    0.51896
  31.00000    0.50730    0.00000    0.50730
  31.50000    0.52946    0.00000    0.52946
  32.00000    0.51474    0.00000    0.51474
  32.50000    0.50672    0.00000    0.50672
  33.00000    0.50182    0.00000    0.50182
  33.50000    0.48788    0.00000    0.48788
  34.00000    0.46762    0.00000    0.46762
  34.50000    0.49386    0.00000    0.49386
  35.00000    0.51186    0.00000    0.51186
  35.50000    0.49795    0.00000    0.49795
  36.00000    0.51411    0.00000    0.51411
  36.50000    0.52142    0.00000    0.52142
  37.00000    0.49273    0.00000    0.49273
  37.50000    0.47799    0.00000    0.47799
  38.00000    0.50518    0.00000    0.50518
  38.50000    0.52314    0.00000    0.52314
  39.00000    0.51072    0.00000    0.51072
  39.50000    0.47488    0.00000    0.47488
  40.00000    0.48106    0.00000    0.48106
  40.50000    0.52424    0.00000    0.52424
  41.00000    0.56417    0.00000    0.56417
  41.50000    0.55197    0.00000    0.55197
  42.00000    0.52786    0.00000    0.52786
  42.50000    0.48253    0.00000    0.48253
  43.00000    0.47862    0.00000    0.47862
  43.50000    0.48103    0.00000    0.48103
  44.00000    0.48466    0.00000    0.48466
  44.50000    0.47787    0.00000    0.47787
  45.00000    0.49435    0.00000    0.49435
  45.50000    0.51405    0.00000    0.51405
  46.00000    0.49963    0.00000    0.49963
  46.50000    0.47958    0.00000    0.47958
  47.00000    0.47047    0.00000    0.47047
  47.50000    0.50938    0.00000    0.50938
  48.00000    0.54870    0.00000    0.54870
  48.50000    0.53636    0.00000    0.53636
  49.00000    0.50725    0.00000    0.50725
  49.50000    0.52595    0.00000    0.52595
  50.00000    0.53131    0.00000    0.53131
  50.50000    0.53724    0.00000    0.53724
  51.00000    0.51063    0.00000    0.51063
  51.50000    0.51613    0.00000    0.51613
  52.00000    0.50851    0.00000    0.50851
  52.50000    0.54073    0.00000    0.54073
  53.00000    0.51197    0.00000    0.51197
  53.50000    0.47591    0.00000    0.47591
  54.00000    0.51171    0.00000    0.51171
  54.50000    0.54804    0.00000    0.54804
  55.00000    0.53854    0.00000    0.53854
  55.50000    0.52302    0.00000    0.52302
  56.00000    0.54557    0.00000    0.54557
  56.50000    0.51197    0.00000    0.51197
  57.00000    0.46895    0.00000    0.46895
  57.50000    0.49648    0.00000    0.49648
  58.00000    0.53597    0.00000    0.53597
  58.50000    0.51949    0.00000    0.51949
  59.00000    0.46847    0.00000    0.46847
  59.50000    0.45605    0.00000    0.45605
  60.00000    0.46450    0.00000    0.46450
  60.50000    0.47731    0.00000    0.47731
  61.00000    0.51485    0.00000    0.51485
  61.50000    0.52894    0.00000    0.52894
  62.00000    0.54696    0.00000    0.54696
  62.50000    0.50672    0.00000    0.50672
  63.00000    0.52219    0.00000    0.52219
  63.50000    0.54140    0.00000    0.54140
  64.00000    0.55081    0.00000    0.55081
  64.50000    0.48924    0.00000    0.48924
  65.00000    0.45979    0.00000    0.45979
  65.50000    0.49872    0.00000    0.49872
  66.00000    0.54125    0.00000    0.54125
  66.50000    0.53206    0.00000    0.53206
  67.00000    0.49424    0.00000    0.49424
  67.50000    0.50155    0.00000    0.50155
  68.00000    0.53524    0.00000    0.53524
  68.50000    0.51375    0.00000    0.51375
  69.00000    0.47957    0.00000    0.47957
  69.50000    0.46009    0.00000    0.46009
  70.00000    0.49697    0.00000    0.49697
  70.50000    0.51182    0.00000    0.51182
  71.00000    0.49732    0.00000    0.49732
  71.50000    0.46555    0.00000    0.46555
  72.00000    0.48325    0.00000    0.48325
  72.50000    0.51383    0.00000    0.51383
  73.00000    0.50569    0.00000    0.50569
  73.50000    0.50840    0.00000    0.50840
  74.00000    0.52439    0.00000    0.52439
  74.50000    0.56348    0.00000    0.56348
  75.00000    0.52954    0.00000    0.52954
  75.50000    0.49854    0.00000    0.49854
  76.00000    0.45725    0.00000    0.45725
  76.50000    0.50284    0.00000    0.50284
  77.00000    0.51366    0.00000    0.51366
  77.50000    0.50985    0.00000    0.50985
  78.00000    0.49956    0.00000    0.49956
  78.50000    0.48683    0.00000    0.48683
  79.00000    0.46331    0.00000    0.46331
  79.50000    0.43961    0.00000    0.43961
  80.00000    0.50317    0.00000    0.50317
  80.50000    0.52091    0.00000    0.52091
  81.00000    0.49816    0.00000    0.49816
  81.50000    0.46608    0.00000    0.46608
  82.00000    0.47100    0.00000    0.47100
  82.50000    0.50854    0.00000    0.50854
  83.00000    0.52730    0.00000    0.52730
  83.50000    0.51258    0.00000    0.51258
  84.00000    0.49055    0.00000    0.49055
  84.50000    0.53024    0.00000    0.53024
  85.00000    0.53713    0.00000    0.53713
  85.50000    0.50450    0.00000    0.50450
  86.00000    0.47355    0.00000    0.47355
  86.50000    0.50054    0.00000    0.50054
  87.00000    0.51808    0.00000    0.51808
  87.50000    0.51852    0.00000    0.51852
  88.00000    0.52074    0.00000    0.52074
  88.50000    0.52483    0.00000    0.52483
  89.00000    0.55049    0.00000    0.55049
  89.50000    0.49684    0.00000    0.49684
  90.00000    0.49294    0.00000    0.49294
  90.50000    0.45802    0.00000    0.45802
  91.00000    0.47020    0.00000    0.47020
  91.50000    0.47723    0.00000    0.47723
  92.00000    0.52456    0.00000    0.52456
  92.50000    0.50601    0.00000    0.50601
  93.00000    0.49074    0.00000    0.49074
  93.50000    0.48554    0.00000    0.48554
  94.00000    0.48635    0.00000    0.48635
  94.50000    0.47076    0.00000    0.47076
  95.00000    0.49143    0.00000    0.49143
  95.50000    0.52897    0.00000    0.52897
  96.00000    0.55464    0.00000    0.55464
  96.50000    0.54821    0.00000    0.54821
  97.00000    0.49663    0.00000    0.49663
  97.50000    0.48466    0.00000    0.48466
  98.00000    0.49339    0.00000    0.49339
  98.50000    0.50490    0.00000    0.50490
  99.00000    0.48407    0.00000    0.48407
  99.50000    0.48676    0.00000    0.48676
 100.00000    0.48004    0.00000    0.48004
 100.50000    0.51345    0.00000    0.51345
 101.00000    0.54790    0.00000    0.54790
 101.50000    0.52791    0.00000    0.52791
 102.00000    0.46750    0.00000    0.46750
 102.50000    0.45612    0.00000    0.45612
 103.00000    0.47301    0.00000    0.47301
 103.50000    0.47133    0.00000    0.47133
 104.00000    0.48220    0.00000    0.48220
 104.50000    0.49327    0.00000    0.49327
 105.00000    0.52561    0.00000    0.52561
 105.50000    0.51257    0.00000    0.51257
 106.00000    0.48075    0.00000    0.48075
 106.50000    0.47192    0.00000    0.47192
 107.00000    0.49730    0.00000    0.49730
 107.50000    0.49439    0.00000    0.49439
 108.00000    0.49241    0.00000    0.49241
 108.50000    0.49997    0.00000    0.49997
 109.00000    0.51222    0.00000    0.51222
 109.50000    0.51093    0.00000    0.51093
 110.00000    0.51691    0.00000    0.51691
 110.50000    0.51124    0.00000    0.51124
 111.00000    0.51035    0.00000    0.51035
 111.50000    0.52521    0.00000    0.52521
 112.00000    0.52315    0.00000    0.52315
 112.50000    0.53423    0.00000    0.53423
 113.00000    0.53032    0.00000    0.53032
 113.50000    0.49055    0.00000    0.49055
 114.00000    0.45436    0.00000    0.45436
 114.50000    0.44123    0.00000    0.44123
 115.00000    0.45955    0.00000    0.45955
 115.50000    0.46448    0.00000    0.46448
 116.00000    0.53142    0.00000    0.53142
 116.50000    0.53627    0.00000    0.53627
 117.00000    0.51506    0.00000    0.51506
 117.50000    0.49121    0.00000    0.49121
 118.00000    0.50757    0.00000    0.50757
 118.50000    0.49093    0.00000    0.49093
 119.00000    0.49947    0.00000    0.49947
 119.50000    0.53119    0.00000    0.53119
 120.00000    0.54373    0.00000    0.54373
 120.50000    0.50634    0.00000    0.50634
 121.00000    0.50741    0.00000    0.50741
 121.50000    0.49789    0.00000    0.49789
 122.00000    0.50188    0.00000    0.50188
 122.50000    0.48983    0.00000    0.48983
 123.00000    0.49658    0.00000    0.49658
 123.50000    0.48197    0.00000    0.48197
 124.00000    0.47148    0.00000    0.47148
 124.50000    0.48561    0.00000    0.48561
 125.00000    0.49455    0.00000    0.49455
 125.50000    0.49951    0.00000    0.49951
 126.00000    0.46969    0.00000    0.46969
 126.50000    0.47963    0.00000    0.47963
 127.00000    0.49586    0.00000    0.49586
 127.50000    0.50912    0.00000    0.50912
 128.00000    0.49544    0.00000    0.49544
 128.50000    0.48229    0.00000    0.48229
 129.00000    0.46549    0.00000    0.46549
 129.50000    0.46277    0.00000    0.46277
 130.00000    0.48905    0.00000    0.48905
 130.50000    0.49855    0.00000    0.49855
 131.00000    0.50132    0.00000    0.50132
 131.50000    0.49726    0.00000    0.49726
 132.00000    0.51196    0.00000    0.51196
 132.50000    0.51902    0.00000    0.51902
 133.00000    0.50513    0.00000    0.50513
 133.50000    0.50209    0.00000    0.50209
 134.00000    0.51671    0.00000    0.51671
 134.50000    0.52090    0.00000    0.52090
 135.00000    0.49549    0.00000    0.49549
 135.50000    0.49218    0.00000    0.49218
 136.00000    0.51428    0.00000    0.51428
 136.50000    0.52467    0.00000    0.52467
 137.00000    0.51549    0.00000    0.51549
 137.50000    0.52226    0.00000    0.52226
 138.00000    0.51469    0.00000    0.51469
 138.50000    0.49296    0.00000    0.49296
 139.00000    0.46840    0.00000    0.46840
 139.50000    0.50220    0.00000    0.50220
 140.00000    0.52561    0.00000    0.52561
 140.50000    0.51864    0.00000    0.51864
 141.00000    0.51510    0.00000    0.51510
 141.50000    0.49578    0.00000    0.49578
 142.00000    0.48385    0.00000    0.48385
 142.50000    0.48081    0.00000    0.48081
 143.00000    0.53062    0.00000    0.53062
 143.50000    0.55800    0.00000    0.55800
 144.00000    0.53278    0.00000    0.53278
 144.50000    0.48501    0.00000    0.48501
 145.00000    0.48589    0.00000    0.48589
 145.50000    0.52074    0.00000    0.52074
 146.00000    0.49734    0.00000    0.49734
 146.50000    0.47104    0.00000    0.47104
 147.00000    0.50086    0.00000    0.50086
 147.50000    0.54432    0.00000    0.54432
 148.00000    0.53513    0.00000    0.53513
 148.50000    0.49000    0.00000    0.49000
 149.00000    0.47547    0.00000    0.47547
 149.50000    0.49512    0.00000    0.49512
 150.00000    0.51114    0.00000    0.51114
