   0.00000    0.48831    0.00000    0.48831
   0.50000    0.49158    0.00000    0.49158
   1.00000    0.50416    0.00000    0.50416
   1.50000    0.51391    0.00000    0.51391
   2.00000    0.53174    0.00000    0.53174
   2.50000    0.50193    0.00000    0.50193
   3.00000    0.51990    0.00000    0.51990
   3.50000    0.55806    0.00000    0.55806
   4.00000    0.56128    0.00000    0.56128
   4.50000    0.52884    0.00000    0.52884
   5.00000    0.48957    0.00000    0.48957
   5.50000    0.49398    0.00000    0.49398
   6.00000    0.49665    0.00000    0.49665
   6.50000    0.54005    0.00000    0.54005
   7.00000    0.52267    0.00000    0.52267
   7.50000    0.47545    0.00000    0.47545
   8.00000    0.44950    0.00000    0.44950
   8.50000    0.48942    0.00000    0.48942
   9.00000    0.51385    0.00000    0.51385
   9.50000    0.50616    0.00000    0.50616
  10.00000    0.52144    0.00000    0.52144
  10.50000    0.54368    0.00000    0.54368
  11.00000    0.55933    0.00000    0.55933
  11.50000    0.53819    0.00000    0.53819
  12.00000    0.50238    0.00000    0.50238
  12.50000    0.49154    0.00000    0.49154
  13.00000    0.47790    0.00000    0.47790
  13.50000    0.48842    0.00000    0.48842
  14.00000    0.50114    0.00000    0.50114
  14.50000    0.52100    0.00000    0.52100
  15.00000    0.54117    0.00000    0.54117
  15.50000    0.59078    0.00000    0.59078
  16.00000    0.56688    0.00000    0.56688
  16.50000    0.52512    0.00000    0.52512
  17.00000    0.50866    0.00000    0.50866
  17.50000    0.52013    0.00000    0.52013
  18.00000    0.50315    0.00000    0.50315
  18.50000    0.51796    0.00000    0.51796
  19.00000    0.54428    0.00000    0.54428
  19.50000    0.52868    0.00000    0.52868
  20.00000    0.51988    0.00000    0.51988
  20.50000    0.51067    0.00000    0.51067
  21.00000    0.51824    0.00000    0.51824
  21.50000    0.50524    0.00000    0.50524
  22.00000    0.51820    0.00000    0.51820
  22.50000    0.49765    0.00000    0.49765
  23.00000    0.50805    0.00000    0.50805
  23.50000    0.53656    0.00000    0.53656
  24.00000    0.57682    0.00000    0.57682
  24.50000    0.54424    0.00000    0.54424
  25.00000    0.50400    0.00000    0.50400
  25.50000    0.49710    0.00000    0.49710
  26.00000    0.48676    0.00000    0.48676
  26.50000    0.47943    0.00000    0.47943
  27.00000    0.49024    0.00000    0.49024
  27.50000    0.50717    0.00000    0.50717
  28.00000    0.51038    0.00000    0.51038
  28.50000    0.51161    0.00000    0.51161
  29.00000    0.51637    0.00000    0.51637
  29.50000    0.51130    0.00000    0.51130
  30.00000    0.51058    0.00000    0.51058
  30.50000    0.52214    0.00000    0.52214
  31.00000    0.50650    0.00000    0.50650
  31.50000    0.51242    0.00000    0.51242
  32.00000    0.50482    0.00000    0.50482
  32.50000    0.50876    0.00000    0.50876
  33.00000    0.51684    0.00000    0.51684
  33.50000    0.53177    0.00000    0.53177
  34.00000    0.50840    0.00000    0.50840
  34.50000    0.50594    0.00000    0.50594
  35.00000    0.50656    0.00000    0.50656
  35.50000    0.49401    0.00000    0.49401
  36.00000    0.48863    0.00000    0.48863
  36.50000    0.50105    0.00000    0.50105
  37.00000    0.49939    0.00000    0.49939
  37.50000    0.49004    0.00000    0.49004
  38.00000    0.50673    0.00000    0.50673
  38.50000    0.53806    0.00000    0.53806
  39.00000    0.52362    0.00000    0.52362
  39.50000    0.50775    0.00000    0.50775
  40.00000    0.50125    0.00000    0.50125
  40.50000    0.56480    0.00000    0.56480
  41.00000    0.58654    0.00000    0.58654
  41.50000    0.56185    0.00000    0.56185
  42.00000    0.50423    0.00000    0.50423
  42.50000    0.46191    0.00000    0.46191
  43.00000    0.46662    0.00000    0.46662
  43.50000    0.47837    0.00000    0.47837
  44.00000    0.50890    0.00000    0.50890
  44.50000    0.52002    0.00000    0.52002
  45.00000    0.50193    0.00000    0.50193
  45.50000    0.49574    0.00000    0.49574
  46.00000    0.49716    0.00000    0.49716
  46.50000    0.50298    0.00000    0.50298
  47.00000    0.50014    0.00000    0.50014
  47.50000    0.54201    0.00000    0.54201
  48.00000    0.57266    0.00000    0.57266
  48.50000    0.55161    0.00000    0.55161
  49.00000    0.53220    0.00000    0.53220
  49.50000    0.51377    0.00000    0.51377
  50.00000    0.50586    0.00000    0.50586
  50.50000    0.50606    0.00000    0.50606
  51.00000    0.52042    0.00000    0.52042
  51.50000    0.53086    0.00000    0.53086
  52.00000    0.51386    0.00000    0.51386
  52.50000    0.53076    0.00000    0.53076
  53.00000    0.51534    0.00000    0.51534
  53.50000    0.48631    0.00000    0.48631
  54.00000    0.47927    0.00000    0.47927
  54.50000    0.53401    0.00000    0.53401
  55.00000    0.54332    0.00000    0.54332
  55.50000    0.53340    0.00000    0.53340
  56.00000    0.51707    0.00000    0.51707
  56.50000    0.50209    0.00000    0.50209
  57.00000    0.48599    0.00000    0.48599
  57.50000    0.52307    0.00000    0.52307
  58.00000    0.55586    0.00000    0.55586
  58.50000    0.53841    0.00000    0.53841
  59.00000    0.52904    0.00000    0.52904
  59.50000    0.52559    0.00000    0.52559
  60.00000    0.50293    0.00000    0.50293
  60.50000    0.48576    0.00000    0.48576
  61.00000    0.52355    0.00000    0.52355
  61.50000    0.53550    0.00000    0.53550
  62.00000    0.53305    0.00000    0.53305
  62.50000    0.50700    0.00000    0.50700
  63.00000    0.51995    0.00000    0.51995
  63.50000    0.55524    0.00000    0.55524
  64.00000    0.56707    0.00000    0.56707
  64.50000    0.52407    0.00000    0.52407
  65.00000    0.49590    0.00000    0.49590
  65.50000    0.56243    0.00000    0.56243
  66.00000    0.57518    0.00000    0.57518
  66.50000    0.55430    0.00000    0.55430
  67.00000    0.50553    0.00000    0.50553
  67.50000    0.54993    0.00000    0.54993
  68.00000    0.57913    0.00000    0.57913
  68.50000    0.55647    0.00000    0.55647
  69.00000    0.49180    0.00000    0.49180
  69.50000    0.46446    0.00000    0.46446
  70.00000    0.50410    0.00000    0.50410
  70.50000    0.51416    0.00000    0.51416
  71.00000    0.51877    0.00000    0.51877
  71.50000    0.47694    0.00000    0.47694
  72.00000    0.47050    0.00000    0.47050
  72.50000    0.48271    0.00000    0.48271
  73.00000    0.51654    0.00000    0.51654
  73.50000    0.54671    0.00000    0.54671
  74.00000    0.55303    0.00000    0.55303
  74.50000    0.56730    0.00000    0.56730
  75.00000    0.52992    0.00000    0.52992
  75.50000    0.50534    0.00000    0.50534
  76.00000    0.47884    0.00000    0.47884
  76.50000    0.49118    0.00000    0.49118
  77.00000    0.50521    0.00000    0.50521
  77.50000    0.53913    0.00000    0.53913
  78.00000    0.54443    0.00000    0.54443
  78.50000    0.51125    0.00000    0.51125
  79.00000    0.49509    0.00000    0.49509
  79.50000    0.47826    0.00000    0.47826
  80.00000    0.52003    0.00000    0.52003
  80.50000    0.53993    0.00000    0.53993
  81.00000    0.52137    0.00000    0.52137
  81.50000    0.47063    0.00000    0.47063
  82.00000    0.47132    0.00000    0.47132
  82.50000    0.51798    0.00000    0.51798
  83.00000    0.54281    0.00000    0.54281
  83.50000    0.53126    0.00000    0.53126
  84.00000    0.53139    0.00000    0.53139
  84.50000    0.57847    0.00000    0.57847
  85.00000    0.58532    0.00000    0.58532
  85.50000    0.52164    0.00000    0.52164
  86.00000    0.47836    0.00000    0.47836
  86.50000    0.51328    0.00000    0.51328
  87.00000    0.53526    0.00000    0.53526
  87.50000    0.54426    0.00000    0.54426
  88.00000    0.51844    0.00000    0.51844
  88.50000    0.51546    0.00000    0.51546
  89.00000    0.51361    0.00000    0.51361
  89.50000    0.52170    0.00000    0.52170
  90.00000    0.52225    0.00000    0.52225
  90.50000    0.52431    0.00000    0.52431
  91.00000    0.50516    0.00000    0.50516
  91.50000    0.48201    0.00000    0.48201
  92.00000    0.51038    0.00000    0.51038
  92.50000    0.52405    0.00000    0.52405
  93.00000    0.51811    0.00000    0.51811
  93.50000    0.50660    0.00000    0.50660
  94.00000    0.49086    0.00000    0.49086
  94.50000    0.47980    0.00000    0.47980
  95.00000    0.49352    0.00000    0.49352
  95.50000    0.55538    0.00000    0.55538
  96.00000    0.53063    0.00000    0.53063
  96.50000    0.54962    0.00000    0.54962
  97.00000    0.53654    0.00000    0.53654
  97.50000    0.55177    0.00000    0.55177
  98.00000    0.50414    0.00000    0.50414
  98.50000    0.51136    0.00000    0.51136
  99.00000    0.50372    0.00000    0.50372
  99.50000    0.53331    0.00000    0.53331
 100.00000    0.52482    0.00000    0.52482
 100.50000    0.52390    0.00000    0.52390
 101.00000    0.51866    0.00000    0.51866
 101.50000    0.52945    0.00000    0.52945
 102.00000    0.49899    0.00000    0.49899
 102.50000    0.47505    0.00000    0.47505
 103.00000    0.50671    0.00000    0.50671
 103.50000    0.49844    0.00000    0.49844
 104.00000    0.48323    0.00000    0.48323
 104.50000    0.48395    0.00000    0.48395
 105.00000    0.54253    0.00000    0.54253
 105.50000    0.53617    0.00000    0.53617
 106.00000    0.51729    0.00000    0.51729
 106.50000    0.51520    0.00000    0.51520
 107.00000    0.53708    0.00000    0.53708
 107.50000    0.53894    0.00000    0.53894
 108.00000    0.56019    0.00000    0.56019
 108.50000    0.56261    0.00000    0.56261
 109.00000    0.57651    0.00000    0.57651
 109.50000    0.55996    0.00000    0.55996
 110.00000    0.52652    0.00000    0.52652
 110.50000    0.48176    0.00000    0.48176
 111.00000    0.48595    0.00000    0.48595
 111.50000    0.52387    0.00000    0.52387
 112.00000    0.52330    0.00000    0.52330
 112.50000    0.52766    0.00000    0.52766
 113.00000    0.52782    0.00000    0.52782
 113.50000    0.49831    0.00000    0.49831
 114.00000    0.49435    0.00000    0.49435
 114.50000    0.49011    0.00000    0.49011
 115.00000    0.50090    0.00000    0.50090
 115.50000    0.50138    0.00000    0.50138
 116.00000    0.56718    0.00000    0.56718
 116.50000    0.58346    0.00000    0.58346
 117.00000    0.56222    0.00000    0.56222
 117.50000    0.51817    0.00000    0.51817
 118.00000    0.52466    0.00000    0.52466
 118.50000    0.52998    0.00000    0.52998
 119.00000    0.52544    0.00000    0.52544
 119.50000    0.53016    0.00000    0.53016
 120.00000    0.55555    0.00000    0.55555
 120.50000    0.49254    0.00000    0.49254
 121.00000    0.50174    0.00000    0.50174
 121.50000    0.52631    0.00000    0.52631
 122.00000    0.55160    0.00000    0.55160
 122.50000    0.50429    0.00000    0.50429
 123.00000    0.53087    0.00000    0.53087
 123.50000    0.49845    0.00000    0.49845
 124.00000    0.47474    0.00000    0.47474
 124.50000    0.47444    0.00000    0.47444
 125.00000    0.52258    0.00000    0.52258
 125.50000    0.53169    0.00000    0.53169
 126.00000    0.52379    0.00000    0.52379
 126.50000    0.49372    0.00000    0.49372
 127.00000    0.50939    0.00000    0.50939
 127.50000    0.52447    0.00000    0.52447
 128.00000    0.52150    0.00000    0.52150
 128.50000    0.48338    0.00000    0.48338
 129.00000    0.48488    0.00000    0.48488
 129.50000    0.51902    0.00000    0.51902
 130.00000    0.55179    0.00000    0.55179
 130.50000    0.50242    0.00000    0.50242
 131.00000    0.47620    0.00000    0.47620
 131.50000    0.49820    0.00000    0.49820
 132.00000    0.53891    0.00000    0.53891
 132.50000    0.51149    0.00000    0.51149
 133.00000    0.50161    0.00000    0.50161
 133.50000    0.49783    0.00000    0.49783
 134.00000    0.51600    0.00000    0.51600
 134.50000    0.53664    0.00000    0.53664
 135.00000    0.56026    0.00000    0.56026
 135.50000    0.56127    0.00000    0.56127
 136.00000    0.53581    0.00000    0.53581
 136.50000    0.50391    0.00000    0.50391
 137.00000    0.49902    0.00000    0.49902
 137.50000    0.52666    0.00000    0.52666
 138.00000    0.52158    0.00000    0.52158
 138.50000    0.49870    0.00000    0.49870
 139.00000    0.48236    0.00000    0.48236
 139.50000    0.52799    0.00000    0.52799
 140.00000    0.52835    0.00000    0.52835
 140.50000    0.53190    0.00000    0.53190
 141.00000    0.53554    0.00000    0.53554
 141.50000    0.50972    0.00000    0.50972
 142.00000    0.53090    0.00000    0.53090
 142.50000    0.54730    0.00000    0.54730
 143.00000    0.60055    0.00000    0.60055
 143.50000    0.55667    0.00000    0.55667
 144.00000    0.54518    0.00000    0.54518
 144.50000    0.51526    0.00000    0.51526
 145.00000    0.55117    0.00000    0.55117
 145.50000    0.56436    0.00000    0.56436
 146.00000    0.52905    0.00000    0.52905
 146.50000    0.48577    0.00000    0.48577
 147.00000    0.50632    0.00000    0.50632
 147.50000    0.52316    0.00000    0.52316
 148.00000    0.49807    0.00000    0.49807
 148.50000    0.47489    0.00000    0.47489
 149.00000    0.48265    0.00000    0.48265
 149.50000    0.50107    0.00000    0.50107
 150.00000    0.46928    0.00000    0.46928
