   0.00000    0.58895    0.00000    0.58895
   0.50000    0.58888    0.00000    0.58888
   1.00000    0.60022    0.00000    0.60022
   1.50000    0.60158    0.00000    0.60158
   2.00000    0.62361    0.00000    0.62361
   2.50000    0.58463    0.00000    0.58463
   3.00000    0.58442    0.00000    0.58442
   3.50000    0.60136    0.00000    0.60136
   4.00000    0.61935    0.00000    0.61935
   4.50000    0.60832    0.00000    0.60832
   5.00000    0.57109    0.00000    0.57109
   5.50000    0.56593    0.00000    0.56593
   6.00000    0.55795    0.00000    0.55795
   6.50000    0.61486    0.00000    0.61486
   7.00000    0.60849    0.00000    0.60849
   7.50000    0.56790    0.00000    0.56790
   8.00000    0.53927    0.00000    0.53927
   8.50000    0.56735    0.00000    0.56735
   9.00000    0.58149    0.00000    0.58149
   9.50000    0.57506    0.00000    0.57506
  10.00000    0.58620    0.00000    0.58620
  10.50000    0.59956    0.00000    0.59956
  11.00000    0.63033    0.00000    0.63033
  11.50000    0.62428    0.00000    0.62428
  12.00000    0.57933    0.00000    0.57933
  12.50000    0.55794    0.00000    0.55794
  13.00000    0.54847    0.00000    0.54847
  13.50000    0.56251    0.00000    0.56251
  14.00000    0.56090    0.00000    0.56090
  14.50000    0.58177    0.00000    0.58177
  15.00000    0.59808    0.00000    0.59808
  15.50000    0.65811    0.00000    0.65811
  16.00000    0.60608    0.00000    0.60608
  16.50000    0.56556    0.00000    0.56556
  17.00000    0.57523    0.00000    0.57523
  17.50000    0.59635    0.00000    0.59635
  18.00000    0.57230    0.00000    0.57230
  18.50000    0.58326    0.00000    0.58326
  19.00000    0.60739    0.00000    0.60739
  19.50000    0.58768    0.00000    0.58768
  20.00000    0.56405    0.00000    0.56405
  20.50000    0.56064    0.00000    0.56064
  21.00000    0.58032    0.00000    0.58032
  21.50000    0.58975    0.00000    0.58975
  22.00000    0.58823    0.00000    0.58823
  22.50000    0.55913    0.00000    0.55913
  23.00000    0.55256    0.00000    0.55256
  23.50000    0.58817    0.00000    0.58817
  24.00000    0.60893    0.00000    0.60893
  24.50000    0.57694    0.00000    0.57694
  25.00000    0.51955    0.00000    0.51955
  25.50000    0.54783    0.00000    0.54783
  26.00000    0.55793    0.00000    0.55793
  26.50000    0.54349    0.00000    0.54349
  27.00000    0.55024    0.00000    0.55024
  27.50000    0.56591    0.00000    0.56591
  28.00000    0.57725    0.00000    0.57725
  28.50000    0.54755    0.00000    0.54755
  29.00000    0.56744    0.00000    0.56744
  29.50000    0.57491    0.00000    0.57491
  30.00000    0.59576    0.00000    0.59576
  30.50000    0.58266    0.00000    0.58266
  31.00000    0.56932    0.00000    0.56932
  31.50000    0.56142    0.00000    0.56142
  32.00000    0.54929    0.00000    0.54929
  32.50000    0.55269    0.00000    0.55269
  33.00000    0.57275    0.00000    0.57275
  33.50000    0.58633    0.00000    0.58633
  34.00000    0.56381    0.00000    0.56381
  34.50000    0.58640    0.00000    0.58640
  35.00000    0.58805    0.00000    0.58805
  35.50000    0.57873    0.00000    0.57873
  36.00000    0.54344    0.00000    0.54344
  36.50000    0.54529    0.00000    0.54529
  37.00000    0.52664    0.00000    0.52664
  37.50000    0.54953    0.00000    0.54953
  38.00000    0.56727    0.00000    0.56727
  38.50000    0.62647    0.00000    0.62647
  39.00000    0.61621    0.00000    0.61621
  39.50000    0.58081    0.00000    0.58081
  40.00000    0.58849    0.00000    0.58849
  40.50000    0.67109    0.00000    0.67109
  41.00000    0.71509    0.00000    0.71509
  41.50000    0.65208    0.00000    0.65208
  42.00000    0.58542    0.00000    0.58542
  42.50000    0.52201    0.00000    0.52201
  43.00000    0.55589    0.00000    0.55589
  43.50000    0.56180    0.00000    0.56180
  44.00000    0.58430    0.00000    0.58430
  44.50000    0.59450    0.00000    0.59450
  45.00000    0.57113    0.00000    0.57113
  45.50000    0.54529    0.00000    0.54529
  46.00000    0.54438    0.00000    0.54438
  46.50000    0.57047    0.00000    0.57047
  47.00000    0.57745    0.00000    0.57745
  47.50000    0.61842    0.00000    0.61842
  48.00000    0.64420    0.00000    0.64420
  48.50000    0.59031    0.00000    0.59031
  49.00000    0.58222    0.00000    0.58222
  49.50000    0.58404    0.00000    0.58404
  50.00000    0.59259    0.00000    0.59259
  50.50000    0.56492    0.00000    0.56492
  51.00000    0.57961    0.00000    0.57961
  51.50000    0.59092    0.00000    0.59092
  52.00000    0.58658    0.00000    0.58658
  52.50000    0.59962    0.00000    0.59962
  53.00000    0.58766    0.00000    0.58766
  53.50000    0.54916    0.00000    0.54916
  54.00000    0.54403    0.00000    0.54403
  54.50000    0.60763    0.00000    0.60763
  55.00000    0.62183    0.00000    0.62183
  55.50000    0.62870    0.00000    0.62870
  56.00000    0.61407    0.00000    0.61407
  56.50000    0.57117    0.00000    0.57117
  57.00000    0.52996    0.00000    0.52996
  57.50000    0.54927    0.00000    0.54927
  58.00000    0.61703    0.00000    0.61703
  58.50000    0.63141    0.00000    0.63141
  59.00000    0.64400    0.00000    0.64400
  59.50000    0.59867    0.00000    0.59867
  60.00000    0.56357    0.00000    0.56357
  60.50000    0.53720    0.00000    0.53720
  61.00000    0.59754    0.00000    0.59754
  61.50000    0.63425    0.00000    0.63425
  62.00000    0.64686    0.00000    0.64686
  62.50000    0.58518    0.00000    0.58518
  63.00000    0.60839    0.00000    0.60839
  63.50000    0.65248    0.00000    0.65248
  64.00000    0.65158    0.00000    0.65158
  64.50000    0.58459    0.00000    0.58459
  65.00000    0.57757    0.00000    0.57757
  65.50000    0.63754    0.00000    0.63754
  66.00000    0.63292    0.00000    0.63292
  66.50000    0.62115    0.00000    0.62115
  67.00000    0.60377    0.00000    0.60377
  67.50000    0.63211    0.00000    0.63211
  68.00000    0.63581    0.00000    0.63581
  68.50000    0.62134    0.00000    0.62134
  69.00000    0.57002    0.00000    0.57002
  69.50000    0.52381    0.00000    0.52381
  70.00000    0.54939    0.00000    0.54939
  70.50000    0.57794    0.00000    0.57794
  71.00000    0.60554    0.00000    0.60554
  71.50000    0.57522    0.00000    0.57522
  72.00000    0.55324    0.00000    0.55324
  72.50000    0.56097    0.00000    0.56097
  73.00000    0.59512    0.00000    0.59512
  73.50000    0.62600    0.00000    0.62600
  74.00000    0.61891    0.00000    0.61891
  74.50000    0.65395    0.00000    0.65395
  75.00000    0.61741    0.00000    0.61741
  75.50000    0.58478    0.00000    0.58478
  76.00000    0.53199    0.00000    0.53199
  76.50000    0.55336    0.00000    0.55336
  77.00000    0.55590    0.00000    0.55590
  77.50000    0.60416    0.00000    0.60416
  78.00000    0.59604    0.00000    0.59604
  78.50000    0.55053    0.00000    0.55053
  79.00000    0.53463    0.00000    0.53463
  79.50000    0.54448    0.00000    0.54448
  80.00000    0.58060    0.00000    0.58060
  80.50000    0.57337    0.00000    0.57337
  81.00000    0.55950    0.00000    0.55950
  81.50000    0.52755    0.00000    0.52755
  82.00000    0.54404    0.00000    0.54404
  82.50000    0.59632    0.00000    0.59632
  83.00000    0.61105    0.00000    0.61105
  83.50000    0.58236    0.00000    0.58236
  84.00000    0.58612    0.00000    0.58612
  84.50000    0.64725    0.00000    0.64725
  85.00000    0.66200    0.00000    0.66200
  85.50000    0.60171    0.00000    0.60171
  86.00000    0.55172    0.00000    0.55172
  86.50000    0.58076    0.00000    0.58076
  87.00000    0.59646    0.00000    0.59646
  87.50000    0.60770    0.00000    0.60770
  88.00000    0.57071    0.00000    0.57071
  88.50000    0.59107    0.00000    0.59107
  89.00000    0.61172    0.00000    0.61172
  89.50000    0.63290    0.00000    0.63290
  90.00000    0.61440    0.00000    0.61440
  90.50000    0.59878    0.00000    0.59878
  91.00000    0.57945    0.00000    0.57945
  91.50000    0.56386    0.00000    0.56386
  92.00000    0.58252    0.00000    0.58252
  92.50000    0.57845    0.00000    0.57845
  93.00000    0.58263    0.00000    0.58263
  93.50000    0.58112    0.00000    0.58112
  94.00000    0.55557    0.00000    0.55557
  94.50000    0.55292    0.00000    0.55292
  95.00000    0.56468    0.00000    0.56468
  95.50000    0.61254    0.00000    0.61254
  96.00000    0.57837    0.00000    0.57837
  96.50000    0.62685    0.00000    0.62685
  97.00000    0.61727    0.00000    0.61727
  97.50000    0.63069    0.00000    0.63069
  98.00000    0.56764    0.00000    0.56764
  98.50000    0.56295    0.00000    0.56295
  99.00000    0.55944    0.00000    0.55944
  99.50000    0.60274    0.00000    0.60274
 100.00000    0.59024    0.00000    0.59024
 100.50000    0.58850    0.00000    0.58850
 101.00000    0.58986    0.00000    0.58986
 101.50000    0.60854    0.00000    0.60854
 102.00000    0.54070    0.00000    0.54070
 102.50000    0.51833    0.00000    0.51833
 103.00000    0.54707    0.00000    0.54707
 103.50000    0.57700    0.00000    0.57700
 104.00000    0.56778    0.00000    0.56778
 104.50000    0.58800    0.00000    0.58800
 105.00000    0.63834    0.00000    0.63834
 105.50000    0.62051    0.00000    0.62051
 106.00000    0.58649    0.00000    0.58649
 106.50000    0.58907    0.00000    0.58907
 107.00000    0.61481    0.00000    0.61481
 107.50000    0.61267    0.00000    0.61267
 108.00000    0.62110    0.00000    0.62110
 108.50000    0.62351    0.00000    0.62351
 109.00000    0.61622    0.00000    0.61622
 109.50000    0.61262    0.00000    0.61262
 110.00000    0.59930    0.00000    0.59930
 110.50000    0.58743    0.00000    0.58743
 111.00000    0.57121    0.00000    0.57121
 111.50000    0.58660    0.00000    0.58660
 112.00000    0.56253    0.00000    0.56253
 112.50000    0.57285    0.00000    0.57285
 113.00000    0.57763    0.00000    0.57763
 113.50000    0.57507    0.00000    0.57507
 114.00000    0.57837    0.00000    0.57837
 114.50000    0.56825    0.00000    0.56825
 115.00000    0.54860    0.00000    0.54860
 115.50000    0.54791    0.00000    0.54791
 116.00000    0.62473    0.00000    0.62473
 116.50000    0.65140    0.00000    0.65140
 117.00000    0.61817    0.00000    0.61817
 117.50000    0.58958    0.00000    0.58958
 118.00000    0.59435    0.00000    0.59435
 118.50000    0.59896    0.00000    0.59896
 119.00000    0.57895    0.00000    0.57895
 119.50000    0.60255    0.00000    0.60255
 120.00000    0.63058    0.00000    0.63058
 120.50000    0.56938    0.00000    0.56938
 121.00000    0.55302    0.00000    0.55302
 121.50000    0.55728    0.00000    0.55728
 122.00000    0.57705    0.00000    0.57705
 122.50000    0.54318    0.00000    0.54318
 123.00000    0.57714    0.00000    0.57714
 123.50000    0.56214    0.00000    0.56214
 124.00000    0.54040    0.00000    0.54040
 124.50000    0.55717    0.00000    0.55717
 125.00000    0.60026    0.00000    0.60026
 125.50000    0.61878    0.00000    0.61878
 126.00000    0.60508    0.00000    0.60508
 126.50000    0.57461    0.00000    0.57461
 127.00000    0.58114    0.00000    0.58114
 127.50000    0.59885    0.00000    0.59885
 128.00000    0.58722    0.00000    0.58722
 128.50000    0.54209    0.00000    0.54209
 129.00000    0.53907    0.00000    0.53907
 129.50000    0.57023    0.00000    0.57023
 130.00000    0.58969    0.00000    0.58969
 130.50000    0.57971    0.00000    0.57971
 131.00000    0.58032    0.00000    0.58032
 131.50000    0.58449    0.00000    0.58449
 132.00000    0.58058    0.00000    0.58058
 132.50000    0.56426    0.00000    0.56426
 133.00000    0.54288    0.00000    0.54288
 133.50000    0.54014    0.00000    0.54014
 134.00000    0.55971    0.00000    0.55971
 134.50000    0.59999    0.00000    0.59999
 135.00000    0.61438    0.00000    0.61438
 135.50000    0.61486    0.00000    0.61486
 136.00000    0.61143    0.00000    0.61143
 136.50000    0.60814    0.00000    0.60814
 137.00000    0.59957    0.00000    0.59957
 137.50000    0.58557    0.00000    0.58557
 138.00000    0.58071    0.00000    0.58071
 138.50000    0.57781    0.00000    0.57781
 139.00000    0.57784    0.00000    0.57784
 139.50000    0.59996    0.00000    0.59996
 140.00000    0.60128    0.00000    0.60128
 140.50000    0.59894    0.00000    0.59894
 141.00000    0.60583    0.00000    0.60583
 141.50000    0.56906    0.00000    0.56906
 142.00000    0.60176    0.00000    0.60176
 142.50000    0.62511    0.00000    0.62511
 143.00000    0.68113    0.00000    0.68113
 143.50000    0.64044    0.00000    0.64044
 144.00000    0.61603    0.00000    0.61603
 144.50000    0.56403    0.00000    0.56403
 145.00000    0.58567    0.00000    0.58567
 145.50000    0.60093    0.00000    0.60093
 146.00000    0.59654    0.00000    0.59654
 146.50000    0.57890    0.00000    0.57890
 147.00000    0.58440    0.00000    0.58440
 147.50000    0.58039    0.00000    0.58039
 148.00000    0.56227    0.00000    0.56227
 148.50000    0.54313    0.00000    0.54313
 149.00000    0.54514    0.00000    0.54514
 149.50000    0.56634    0.00000    0.56634
 150.00000    0.52844    0.00000    0.52844
