   0.00000    0.49646    0.00000    0.49646
   0.50000    0.50695    0.00000    0.50695
   1.00000    0.51531    0.00000    0.51531
   1.50000    0.51658    0.00000    0.51658
   2.00000    0.52921    0.00000    0.52921
   2.50000    0.51069    0.00000    0.51069
   3.00000    0.54502    0.00000    0.54502
   3.50000    0.57831    0.00000    0.57831
   4.00000    0.55959    0.00000    0.55959
   4.50000    0.51303    0.00000    0.51303
   5.00000    0.49284    0.00000    0.49284
   5.50000    0.51752    0.00000    0.51752
   6.00000    0.51167    0.00000    0.51167
   6.50000    0.54994    0.00000    0.54994
   7.00000    0.54876    0.00000    0.54876
   7.50000    0.51697    0.00000    0.51697
   8.00000    0.48007    0.00000    0.48007
   8.50000    0.51146    0.00000    0.51146
   9.00000    0.53458    0.00000    0.53458
   9.50000    0.52898    0.00000    0.52898
  10.00000    0.52878    0.00000    0.52878
  10.50000    0.55371    0.00000    0.55371
  11.00000    0.56132    0.00000    0.56132
  11.50000    0.55053    0.00000    0.55053
  12.00000    0.52085    0.00000    0.52085
  12.50000    0.52284    0.00000    0.52284
  13.00000    0.50345    0.00000    0.50345
  13.50000    0.50535    0.00000    0.50535
  14.00000    0.52033    0.00000    0.52033
  14.50000    0.53275    0.00000    0.53275
  15.00000    0.55445    0.00000    0.55445
  15.50000    0.59499    0.00000    0.59499
  16.00000    0.57702    0.00000    0.57702
  16.50000    0.52351    0.00000    0.52351
  17.00000    0.50983    0.00000    0.50983
  17.50000    0.53198    0.00000    0.53198
  18.00000    0.53816    0.00000    0.53816
  18.50000    0.55804    0.00000    0.55804
  19.00000    0.57304    0.00000    0.57304
  19.50000    0.55567    0.00000    0.55567
  20.00000    0.54131    0.00000    0.54131
  20.50000    0.52041    0.00000    0.52041
  21.00000    0.52332    0.00000    0.52332
  21.50000    0.51629    0.00000    0.51629
  22.00000    0.53173    0.00000    0.53173
  22.50000    0.51260    0.00000    0.51260
  23.00000    0.51117    0.00000    0.51117
  23.50000    0.53866    0.00000    0.53866
  24.00000    0.57892    0.00000    0.57892
  24.50000    0.54467    0.00000    0.54467
  25.00000    0.49052    0.00000    0.49052
  25.50000    0.50715    0.00000    0.50715
  26.00000    0.53942    0.00000    0.53942
  26.50000    0.52708    0.00000    0.52708
  27.00000    0.51000    0.00000    0.51000
  27.50000    0.51247    0.00000    0.51247
  28.00000    0.52760    0.00000    0.52760
  28.50000    0.50934    0.00000    0.50934
  29.00000    0.52931    0.00000    0.52931
  29.50000    0.53018    0.00000    0.53018
  30.00000    0.52026    0.00000    0.52026
  30.50000    0.51264    0.00000    0.51264
  31.00000    0.51347    0.00000    0.51347
  31.50000    0.53330    0.00000    0.53330
  32.00000    0.52470    0.00000    0.52470
  32.50000    0.53091    0.00000    0.53091
  33.00000    0.54139    0.00000    0.54139
  33.50000    0.55536    0.00000    0.55536
  34.00000    0.54987    0.00000    0.54987
  34.50000    0.55464    0.00000    0.55464
  35.00000    0.54682    0.00000    0.54682
  35.50000    0.51678    0.00000    0.51678
  36.00000    0.50929    0.00000    0.50929
  36.50000    0.53066    0.00000    0.53066
  37.00000    0.51637    0.00000    0.51637
  37.50000    0.51060    0.00000    0.51060
  38.00000    0.52212    0.00000    0.52212
  38.50000    0.55524    0.00000    0.55524
  39.00000    0.54319    0.00000    0.54319
  39.50000    0.51591    0.00000    0.51591
  40.00000    0.51692    0.00000    0.51692
  40.50000    0.58236    0.00000    0.58236
  41.00000    0.61934    0.00000    0.61934
  41.50000    0.57801    0.00000    0.57801
  42.00000    0.52157    0.00000    0.52157
  42.50000    0.47972    0.00000    0.47972
  43.00000    0.48423    0.00000    0.48423
  43.50000    0.48202    0.00000    0.48202
  44.00000    0.49779    0.00000    0.49779
  44.50000    0.52376    0.00000    0.52376
  45.00000    0.51870    0.00000    0.51870
  45.50000    0.51095    0.00000    0.51095
  46.00000    0.49571    0.00000    0.49571
  46.50000    0.51673    0.00000    0.51673
  47.00000    0.52203    0.00000    0.52203
  47.50000    0.56801    0.00000    0.56801
  48.00000    0.58304    0.00000    0.58304
  48.50000    0.55541    0.00000    0.55541
  49.00000    0.54843    0.00000    0.54843
  49.50000    0.54310    0.00000    0.54310
  50.00000    0.53067    0.00000    0.53067
  50.50000    0.50527    0.00000    0.50527
  51.00000    0.52893    0.00000    0.52893
  51.50000    0.55275    0.00000    0.55275
  52.00000    0.55201    0.00000    0.55201
  52.50000    0.55430    0.00000    0.55430
  53.00000    0.52143    0.00000    0.52143
  53.50000    0.48761    0.00000    0.48761
  54.00000    0.50208    0.00000    0.50208
  54.50000    0.55719    0.00000    0.55719
  55.00000    0.54577    0.00000    0.54577
  55.50000    0.54451    0.00000    0.54451
  56.00000    0.54071    0.00000    0.54071
  56.50000    0.51860    0.00000    0.51860
  57.00000    0.48878    0.00000    0.48878
  57.50000    0.53690    0.00000    0.53690
  58.00000    0.58053    0.00000    0.58053
  58.50000    0.55673    0.00000    0.55673
  59.00000    0.53420    0.00000    0.53420
  59.50000    0.51467    0.00000    0.51467
  60.00000    0.51330    0.00000    0.51330
  60.50000    0.50576    0.00000    0.50576
  61.00000    0.54542    0.00000    0.54542
  61.50000    0.54636    0.00000    0.54636
  62.00000    0.55197    0.00000    0.55197
  62.50000    0.51216    0.00000    0.51216
  63.00000    0.54742    0.00000    0.54742
  63.50000    0.59391    0.00000    0.59391
  64.00000    0.59979    0.00000    0.59979
  64.50000    0.53786    0.00000    0.53786
  65.00000    0.50908    0.00000    0.50908
  65.50000    0.57879    0.00000    0.57879
  66.00000    0.59189    0.00000    0.59189
  66.50000    0.57420    0.00000    0.57420
  67.00000    0.52334    0.00000    0.52334
  67.50000    0.56479    0.00000    0.56479
  68.00000    0.59625    0.00000    0.59625
  68.50000    0.56290    0.00000    0.56290
  69.00000    0.50887    0.00000    0.50887
  69.50000    0.48427    0.00000    0.48427
  70.00000    0.51506    0.00000    0.51506
  70.50000    0.52452    0.00000    0.52452
  71.00000    0.52942    0.00000    0.52942
  71.50000    0.50935    0.00000    0.50935
  72.00000    0.50435    0.00000    0.50435
  72.50000    0.51089    0.00000    0.51089
  73.00000    0.51776    0.00000    0.51776
  73.50000    0.54460    0.00000    0.54460
  74.00000    0.55649    0.00000    0.55649
  74.50000    0.57682    0.00000    0.57682
  75.00000    0.54052    0.00000    0.54052
  75.50000    0.52091    0.00000    0.52091
  76.00000    0.48188    0.00000    0.48188
  76.50000    0.49384    0.00000    0.49384
  77.00000    0.50586    0.00000    0.50586
  77.50000    0.55209    0.00000    0.55209
  78.00000    0.55108    0.00000    0.55108
  78.50000    0.51590    0.00000    0.51590
  79.00000    0.49938    0.00000    0.49938
  79.50000    0.49674    0.00000    0.49674
  80.00000    0.52769    0.00000    0.52769
  80.50000    0.53282    0.00000    0.53282
  81.00000    0.51727    0.00000    0.51727
  81.50000    0.48772    0.00000    0.48772
  82.00000    0.48833    0.00000    0.48833
  82.50000    0.52447    0.00000    0.52447
  83.00000    0.53490    0.00000    0.53490
  83.50000    0.51447    0.00000    0.51447
  84.00000    0.52038    0.00000    0.52038
  84.50000    0.57415    0.00000    0.57415
  85.00000    0.59247    0.00000    0.59247
  85.50000    0.54898    0.00000    0.54898
  86.00000    0.51327    0.00000    0.51327
  86.50000    0.54756    0.00000    0.54756
  87.00000    0.55236    0.00000    0.55236
  87.50000    0.56734    0.00000    0.56734
  88.00000    0.53344    0.00000    0.53344
  88.50000    0.54839    0.00000    0.54839
  89.00000    0.53366    0.00000    0.53366
  89.50000    0.55109    0.00000    0.55109
  90.00000    0.54806    0.00000    0.54806
  90.50000    0.55180    0.00000    0.55180
  91.00000    0.51645    0.00000    0.51645
  91.50000    0.49129    0.00000    0.49129
  92.00000    0.50958    0.00000    0.50958
  92.50000    0.50706    0.00000    0.50706
  93.00000    0.49422    0.00000    0.49422
  93.50000    0.49040    0.00000    0.49040
  94.00000    0.48182    0.00000    0.48182
  94.50000    0.48771    0.00000    0.48771
  95.00000    0.51475    0.00000    0.51475
  95.50000    0.58012    0.00000    0.58012
  96.00000    0.55977    0.00000    0.55977
  96.50000    0.57245    0.00000    0.57245
  97.00000    0.54006    0.00000    0.54006
  97.50000    0.56838    0.00000    0.56838
  98.00000    0.54459    0.00000    0.54459
  98.50000    0.53564    0.00000    0.53564
  99.00000    0.50746    0.00000    0.50746
  99.50000    0.54684    0.00000    0.54684
 100.00000    0.54692    0.00000    0.54692
 100.50000    0.55194    0.00000    0.55194
 101.00000    0.54292    0.00000    0.54292
 101.50000    0.54561    0.00000    0.54561
 102.00000    0.49680    0.00000    0.49680
 102.50000    0.47990    0.00000    0.47990
 103.00000    0.50549    0.00000    0.50549
 103.50000    0.51182    0.00000    0.51182
 104.00000    0.52069    0.00000    0.52069
 104.50000    0.53730    0.00000    0.53730
 105.00000    0.58557    0.00000    0.58557
 105.50000    0.55376    0.00000    0.55376
 106.00000    0.51368    0.00000    0.51368
 106.50000    0.51444    0.00000    0.51444
 107.00000    0.54739    0.00000    0.54739
 107.50000    0.55747    0.00000    0.55747
 108.00000    0.57217    0.00000    0.57217
 108.50000    0.56529    0.00000    0.56529
 109.00000    0.56675    0.00000    0.56675
 109.50000    0.55661    0.00000    0.55661
 110.00000    0.55168    0.00000    0.55168
 110.50000    0.51128    0.00000    0.51128
 111.00000    0.50353    0.00000    0.50353
 111.50000    0.53497    0.00000    0.53497
 112.00000    0.53634    0.00000    0.53634
 112.50000    0.53599    0.00000    0.53599
 113.00000    0.52672    0.00000    0.52672
 113.50000    0.50820    0.00000    0.50820
 114.00000    0.50064    0.00000    0.50064
 114.50000    0.49297    0.00000    0.49297
 115.00000    0.49511    0.00000    0.49511
 115.50000    0.51267    0.00000    0.51267
 116.00000    0.58982    0.00000    0.58982
 116.50000    0.60460    0.00000    0.60460
 117.00000    0.57447    0.00000    0.57447
 117.50000    0.54568    0.00000    0.54568
 118.00000    0.54146    0.00000    0.54146
 118.50000    0.53733    0.00000    0.53733
 119.00000    0.52191    0.00000    0.52191
 119.50000    0.54005    0.00000    0.54005
 120.00000    0.53724    0.00000    0.53724
 120.50000    0.49004    0.00000    0.49004
 121.00000    0.50079    0.00000    0.50079
 121.50000    0.53714    0.00000    0.53714
 122.00000    0.55072    0.00000    0.55072
 122.50000    0.51642    0.00000    0.51642
 123.00000    0.52543    0.00000    0.52543
 123.50000    0.49940    0.00000    0.49940
 124.00000    0.49540    0.00000    0.49540
 124.50000    0.50699    0.00000    0.50699
 125.00000    0.53923    0.00000    0.53923
 125.50000    0.54244    0.00000    0.54244
 126.00000    0.53806    0.00000    0.53806
 126.50000    0.50691    0.00000    0.50691
 127.00000    0.52705    0.00000    0.52705
 127.50000    0.55113    0.00000    0.55113
 128.00000    0.54779    0.00000    0.54779
 128.50000    0.50394    0.00000    0.50394
 129.00000    0.49762    0.00000    0.49762
 129.50000    0.53438    0.00000    0.53438
 130.00000    0.56003    0.00000    0.56003
 130.50000    0.52109    0.00000    0.52109
 131.00000    0.49250    0.00000    0.49250
 131.50000    0.51404    0.00000    0.51404
 132.00000    0.53855    0.00000    0.53855
 132.50000    0.52682    0.00000    0.52682
 133.00000    0.51437    0.00000    0.51437
 133.50000    0.50780    0.00000    0.50780
 134.00000    0.51739    0.00000    0.51739
 134.50000    0.54083    0.00000    0.54083
 135.00000    0.56706    0.00000    0.56706
 135.50000    0.57786    0.00000    0.57786
 136.00000    0.56190    0.00000    0.56190
 136.50000    0.52375    0.00000    0.52375
 137.00000    0.52015    0.00000    0.52015
 137.50000    0.56069    0.00000    0.56069
 138.00000    0.55293    0.00000    0.55293
 138.50000    0.51379    0.00000    0.51379
 139.00000    0.49832    0.00000    0.49832
 139.50000    0.53032    0.00000    0.53032
 140.00000    0.53813    0.00000    0.53813
 140.50000    0.54846    0.00000    0.54846
 141.00000    0.56431    0.00000    0.56431
 141.50000    0.52296    0.00000    0.52296
 142.00000    0.54106    0.00000    0.54106
 142.50000    0.56851    0.00000    0.56851
 143.00000    0.62690    0.00000    0.62690
 143.50000    0.58571    0.00000    0.58571
 144.00000    0.54960    0.00000    0.54960
 144.50000    0.52151    0.00000    0.52151
 145.00000    0.55862    0.00000    0.55862
 145.50000    0.56556    0.00000    0.56556
 146.00000    0.53899    0.00000    0.53899
 146.50000    0.49940    0.00000    0.49940
 147.00000    0.51583    0.00000    0.51583
 147.50000    0.52702    0.00000    0.52702
 148.00000    0.52376    0.00000    0.52376
 148.50000    0.49336    0.00000    0.49336
 149.00000    0.50300    0.00000    0.50300
 149.50000    0.52804    0.00000    0.52804
 150.00000    0.47543    0.00000    0.47543
