   0.00000    0.51769    0.00000    0.51769
   0.50000    0.55014    0.00000    0.55014
   1.00000    0.54423    0.00000    0.54423
   1.50000    0.53474    0.00000    0.53474
   2.00000    0.55833    0.00000    0.55833
   2.50000    0.54198    0.00000    0.54198
   3.00000    0.56827    0.00000    0.56827
   3.50000    0.58486    0.00000    0.58486
   4.00000    0.56656    0.00000    0.56656
   4.50000    0.54931    0.00000    0.54931
   5.00000    0.55098    0.00000    0.55098
   5.50000    0.56429    0.00000    0.56429
   6.00000    0.55568    0.00000    0.55568
   6.50000    0.58771    0.00000    0.58771
   7.00000    0.58211    0.00000    0.58211
   7.50000    0.54907    0.00000    0.54907
   8.00000    0.52394    0.00000    0.52394
   8.50000    0.54555    0.00000    0.54555
   9.00000    0.56714    0.00000    0.56714
   9.50000    0.58002    0.00000    0.58002
  10.00000    0.57735    0.00000    0.57735
  10.50000    0.58455    0.00000    0.58455
  11.00000    0.55863    0.00000    0.55863
  11.50000    0.55714    0.00000    0.55714
  12.00000    0.55473    0.00000    0.55473
  12.50000    0.58461    0.00000    0.58461
  13.00000    0.55585    0.00000    0.55585
  13.50000    0.55005    0.00000    0.55005
  14.00000    0.53199    0.00000    0.53199
  14.50000    0.54042    0.00000    0.54042
  15.00000    0.55332    0.00000    0.55332
  15.50000    0.60929    0.00000    0.60929
  16.00000    0.60616    0.00000    0.60616
  16.50000    0.58589    0.00000    0.58589
  17.00000    0.58352    0.00000    0.58352
  17.50000    0.58748    0.00000    0.58748
  18.00000    0.55911    0.00000    0.55911
  18.50000    0.57749    0.00000    0.57749
  19.00000    0.61665    0.00000    0.61665
  19.50000    0.60781    0.00000    0.60781
  20.00000    0.57528    0.00000    0.57528
  20.50000    0.56292    0.00000    0.56292
  21.00000    0.54267    0.00000    0.54267
  21.50000    0.54901    0.00000    0.54901
  22.00000    0.57582    0.00000    0.57582
  22.50000    0.57591    0.00000    0.57591
  23.00000    0.56945    0.00000    0.56945
  23.50000    0.60893    0.00000    0.60893
  24.00000    0.63761    0.00000    0.63761
  24.50000    0.59639    0.00000    0.59639
  25.00000    0.55687    0.00000    0.55687
  25.50000    0.54829    0.00000    0.54829
  26.00000    0.56483    0.00000    0.56483
  26.50000    0.56590    0.00000    0.56590
  27.00000    0.57961    0.00000    0.57961
  27.50000    0.56287    0.00000    0.56287
  28.00000    0.55807    0.00000    0.55807
  28.50000    0.53360    0.00000    0.53360
  29.00000    0.57141    0.00000    0.57141
  29.50000    0.58861    0.00000    0.58861
  30.00000    0.60068    0.00000    0.60068
  30.50000    0.58527    0.00000    0.58527
  31.00000    0.54957    0.00000    0.54957
  31.50000    0.53880    0.00000    0.53880
  32.00000    0.53383    0.00000    0.53383
  32.50000    0.58297    0.00000    0.58297
  33.00000    0.57096    0.00000    0.57096
  33.50000    0.56146    0.00000    0.56146
  34.00000    0.54053    0.00000    0.54053
  34.50000    0.58365    0.00000    0.58365
  35.00000    0.56432    0.00000    0.56432
  35.50000    0.53285    0.00000    0.53285
  36.00000    0.53877    0.00000    0.53877
  36.50000    0.57208    0.00000    0.57208
  37.00000    0.55330    0.00000    0.55330
  37.50000    0.53465    0.00000    0.53465
  38.00000    0.56784    0.00000    0.56784
  38.50000    0.60657    0.00000    0.60657
  39.00000    0.59853    0.00000    0.59853
  39.50000    0.54936    0.00000    0.54936
  40.00000    0.56733    0.00000    0.56733
  40.50000    0.62165    0.00000    0.62165
  41.00000    0.65877    0.00000    0.65877
  41.50000    0.60978    0.00000    0.60978
  42.00000    0.56751    0.00000    0.56751
  42.50000    0.53687    0.00000    0.53687
  43.00000    0.57019    0.00000    0.57019
  43.50000    0.56454    0.00000    0.56454
  44.00000    0.53947    0.00000    0.53947
  44.50000    0.53444    0.00000    0.53444
  45.00000    0.54851    0.00000    0.54851
  45.50000    0.55649    0.00000    0.55649
  46.00000    0.55152    0.00000    0.55152
  46.50000    0.55729    0.00000    0.55729
  47.00000    0.56325    0.00000    0.56325
  47.50000    0.59300    0.00000    0.59300
  48.00000    0.62575    0.00000    0.62575
  48.50000    0.57831    0.00000    0.57831
  49.00000    0.56907    0.00000    0.56907
  49.50000    0.58033    0.00000    0.58033
  50.00000    0.59264    0.00000    0.59264
  50.50000    0.58554    0.00000    0.58554
  51.00000    0.59596    0.00000    0.59596
  51.50000    0.59645    0.00000    0.59645
  52.00000    0.58309    0.00000    0.58309
  52.50000    0.59003    0.00000    0.59003
  53.00000    0.56327    0.00000    0.56327
  53.50000    0.52136    0.00000    0.52136
  54.00000    0.54440    0.00000    0.54440
  54.50000    0.57798    0.00000    0.57798
  55.00000    0.58359    0.00000    0.58359
  55.50000    0.59558    0.00000    0.59558
  56.00000    0.57891    0.00000    0.57891
  56.50000    0.54541    0.00000    0.54541
  57.00000    0.50809    0.00000    0.50809
  57.50000    0.55480    0.00000    0.55480
  58.00000    0.59591    0.00000    0.59591
  58.50000    0.61501    0.00000    0.61501
  59.00000    0.58897    0.00000    0.58897
  59.50000    0.56535    0.00000    0.56535
  60.00000    0.54467    0.00000    0.54467
  60.50000    0.52749    0.00000    0.52749
  61.00000    0.58306    0.00000    0.58306
  61.50000    0.62498    0.00000    0.62498
  62.00000    0.64235    0.00000    0.64235
  62.50000    0.55988    0.00000    0.55988
  63.00000    0.58430    0.00000    0.58430
  63.50000    0.63702    0.00000    0.63702
  64.00000    0.64378    0.00000    0.64378
  64.50000    0.56824    0.00000    0.56824
  65.00000    0.53923    0.00000    0.53923
  65.50000    0.59023    0.00000    0.59023
  66.00000    0.59931    0.00000    0.59931
  66.50000    0.59364    0.00000    0.59364
  67.00000    0.56812    0.00000    0.56812
  67.50000    0.60117    0.00000    0.60117
  68.00000    0.60467    0.00000    0.60467
  68.50000    0.57876    0.00000    0.57876
  69.00000    0.52665    0.00000    0.52665
  69.50000    0.52812    0.00000    0.52812
  70.00000    0.55457    0.00000    0.55457
  70.50000    0.55992    0.00000    0.55992
  71.00000    0.54384    0.00000    0.54384
  71.50000    0.52436    0.00000    0.52436
  72.00000    0.54534    0.00000    0.54534
  72.50000    0.54315    0.00000    0.54315
  73.00000    0.56277    0.00000    0.56277
  73.50000    0.58578    0.00000    0.58578
  74.00000    0.61392    0.00000    0.61392
  74.50000    0.62821    0.00000    0.62821
  75.00000    0.58919    0.00000    0.58919
  75.50000    0.57007    0.00000    0.57007
  76.00000    0.51761    0.00000    0.51761
  76.50000    0.53352    0.00000    0.53352
  77.00000    0.52126    0.00000    0.52126
  77.50000    0.57505    0.00000    0.57505
  78.00000    0.57460    0.00000    0.57460
  78.50000    0.55777    0.00000    0.55777
  79.00000    0.52408    0.00000    0.52408
  79.50000    0.51633    0.00000    0.51633
  80.00000    0.55407    0.00000    0.55407
  80.50000    0.57383    0.00000    0.57383
  81.00000    0.56738    0.00000    0.56738
  81.50000    0.53829    0.00000    0.53829
  82.00000    0.52874    0.00000    0.52874
  82.50000    0.54894    0.00000    0.54894
  83.00000    0.55928    0.00000    0.55928
  83.50000    0.54697    0.00000    0.54697
  84.00000    0.55556    0.00000    0.55556
  84.50000    0.59367    0.00000    0.59367
  85.00000    0.61542    0.00000    0.61542
  85.50000    0.59365    0.00000    0.59365
  86.00000    0.56588    0.00000    0.56588
  86.50000    0.56804    0.00000    0.56804
  87.00000    0.57507    0.00000    0.57507
  87.50000    0.58450    0.00000    0.58450
  88.00000    0.58093    0.00000    0.58093
  88.50000    0.60381    0.00000    0.60381
  89.00000    0.62476    0.00000    0.62476
  89.50000    0.59059    0.00000    0.59059
  90.00000    0.56998    0.00000    0.56998
  90.50000    0.55381    0.00000    0.55381
  91.00000    0.56687    0.00000    0.56687
  91.50000    0.56266    0.00000    0.56266
  92.00000    0.57640    0.00000    0.57640
  92.50000    0.55507    0.00000    0.55507
  93.00000    0.54971    0.00000    0.54971
  93.50000    0.54153    0.00000    0.54153
  94.00000    0.53832    0.00000    0.53832
  94.50000    0.52711    0.00000    0.52711
  95.00000    0.54065    0.00000    0.54065
  95.50000    0.58603    0.00000    0.58603
  96.00000    0.62790    0.00000    0.62790
  96.50000    0.63080    0.00000    0.63080
  97.00000    0.58636    0.00000    0.58636
  97.50000    0.58055    0.00000    0.58055
  98.00000    0.58352    0.00000    0.58352
  98.50000    0.57331    0.00000    0.57331
  99.00000    0.55959    0.00000    0.55959
  99.50000    0.57303    0.00000    0.57303
 100.00000    0.57358    0.00000    0.57358
 100.50000    0.58238    0.00000    0.58238
 101.00000    0.60709    0.00000    0.60709
 101.50000    0.58663    0.00000    0.58663
 102.00000    0.52675    0.00000    0.52675
 102.50000    0.47435    0.00000    0.47435
 103.00000    0.50335    0.00000    0.50335
 103.50000    0.51141    0.00000    0.51141
 104.00000    0.53726    0.00000    0.53726
 104.50000    0.55169    0.00000    0.55169
 105.00000    0.61799    0.00000    0.61799
 105.50000    0.60673    0.00000    0.60673
 106.00000    0.57838    0.00000    0.57838
 106.50000    0.56664    0.00000    0.56664
 107.00000    0.59688    0.00000    0.59688
 107.50000    0.60923    0.00000    0.60923
 108.00000    0.62293    0.00000    0.62293
 108.50000    0.62517    0.00000    0.62517
 109.00000    0.60651    0.00000    0.60651
 109.50000    0.59590    0.00000    0.59590
 110.00000    0.58583    0.00000    0.58583
 110.50000    0.57893    0.00000    0.57893
 111.00000    0.56424    0.00000    0.56424
 111.50000    0.58237    0.00000    0.58237
 112.00000    0.57603    0.00000    0.57603
 112.50000    0.57821    0.00000    0.57821
 113.00000    0.58577    0.00000    0.58577
 113.50000    0.56652    0.00000    0.56652
 114.00000    0.54898    0.00000    0.54898
 114.50000    0.52177    0.00000    0.52177
 115.00000    0.52673    0.00000    0.52673
 115.50000    0.54615    0.00000    0.54615
 116.00000    0.62117    0.00000    0.62117
 116.50000    0.62543    0.00000    0.62543
 117.00000    0.60224    0.00000    0.60224
 117.50000    0.58783    0.00000    0.58783
 118.00000    0.60884    0.00000    0.60884
 118.50000    0.59938    0.00000    0.59938
 119.00000    0.59518    0.00000    0.59518
 119.50000    0.58359    0.00000    0.58359
 120.00000    0.58651    0.00000    0.58651
 120.50000    0.54303    0.00000    0.54303
 121.00000    0.55731    0.00000    0.55731
 121.50000    0.53533    0.00000    0.53533
 122.00000    0.57026    0.00000    0.57026
 122.50000    0.58048    0.00000    0.58048
 123.00000    0.60182    0.00000    0.60182
 123.50000    0.53604    0.00000    0.53604
 124.00000    0.52277    0.00000    0.52277
 124.50000    0.53432    0.00000    0.53432
 125.00000    0.58392    0.00000    0.58392
 125.50000    0.61269    0.00000    0.61269
 126.00000    0.61241    0.00000    0.61241
 126.50000    0.56215    0.00000    0.56215
 127.00000    0.58436    0.00000    0.58436
 127.50000    0.59043    0.00000    0.59043
 128.00000    0.58860    0.00000    0.58860
 128.50000    0.54329    0.00000    0.54329
 129.00000    0.54292    0.00000    0.54292
 129.50000    0.55351    0.00000    0.55351
 130.00000    0.56171    0.00000    0.56171
 130.50000    0.53503    0.00000    0.53503
 131.00000    0.53808    0.00000    0.53808
 131.50000    0.55798    0.00000    0.55798
 132.00000    0.56610    0.00000    0.56610
 132.50000    0.56508    0.00000    0.56508
 133.00000    0.57342    0.00000    0.57342
 133.50000    0.57186    0.00000    0.57186
 134.00000    0.58231    0.00000    0.58231
 134.50000    0.56449    0.00000    0.56449
 135.00000    0.55846    0.00000    0.55846
 135.50000    0.57170    0.00000    0.57170
 136.00000    0.58809    0.00000    0.58809
 136.50000    0.57254    0.00000    0.57254
 137.00000    0.59252    0.00000    0.59252
 137.50000    0.60257    0.00000    0.60257
 138.00000    0.58050    0.00000    0.58050
 138.50000    0.54732    0.00000    0.54732
 139.00000    0.55572    0.00000    0.55572
 139.50000    0.58777    0.00000    0.58777
 140.00000    0.59647    0.00000    0.59647
 140.50000    0.58236    0.00000    0.58236
 141.00000    0.60230    0.00000    0.60230
 141.50000    0.58575    0.00000    0.58575
 142.00000    0.59223    0.00000    0.59223
 142.50000    0.58390    0.00000    0.58390
 143.00000    0.62027    0.00000    0.62027
 143.50000    0.63115    0.00000    0.63115
 144.00000    0.60761    0.00000    0.60761
 144.50000    0.56157    0.00000    0.56157
 145.00000    0.57763    0.00000    0.57763
 145.50000    0.61366    0.00000    0.61366
 146.00000    0.56965    0.00000    0.56965
 146.50000    0.51920    0.00000    0.51920
 147.00000    0.54384    0.00000    0.54384
 147.50000    0.55628    0.00000    0.55628
 148.00000    0.53496    0.00000    0.53496
 148.50000    0.54086    0.00000    0.54086
 149.00000    0.57393    0.00000    0.57393
 149.50000    0.59257    0.00000    0.59257
 150.00000    0.55319    0.00000    0.55319
