   0.00000    0.42263    0.00000    0.42263
   0.50000    0.51993    0.00000    0.51993
   1.00000    0.49196    0.00000    0.49196
   1.50000    0.44686    0.00000    0.44686
   2.00000    0.45072    0.00000    0.45072
   2.50000    0.46422    0.00000    0.46422
   3.00000    0.48479    0.00000    0.48479
   3.50000    0.52007    0.00000    0.52007
   4.00000    0.52114    0.00000    0.52114
   4.50000    0.48701    0.00000    0.48701
   5.00000    0.47171    0.00000    0.47171
   5.50000    0.50233    0.00000    0.50233
   6.00000    0.49906    0.00000    0.49906
   6.50000    0.50564    0.00000    0.50564
   7.00000    0.50632    0.00000    0.50632
   7.50000    0.47778    0.00000    0.47778
   8.00000    0.44709    0.00000    0.44709
   8.50000    0.47371    0.00000    0.47371
   9.00000    0.49332    0.00000    0.49332
   9.50000    0.49970    0.00000    0.49970
  10.00000    0.49618    0.00000    0.49618
  10.50000    0.53427    0.00000    0.53427
  11.00000    0.51958    0.00000    0.51958
  11.50000    0.51392    0.00000    0.51392
  12.00000    0.48045    0.00000    0.48045
  12.50000    0.50058    0.00000    0.50058
  13.00000    0.48322    0.00000    0.48322
  13.50000    0.51257    0.00000    0.51257
  14.00000    0.49180    0.00000    0.49180
  14.50000    0.49140    0.00000    0.49140
  15.00000    0.48506    0.00000    0.48506
  15.50000    0.52798    0.00000    0.52798
  16.00000    0.52425    0.00000    0.52425
  16.50000    0.53253    0.00000    0.53253
  17.00000    0.52809    0.00000    0.52809
  17.50000    0.51017    0.00000    0.51017
  18.00000    0.49345    0.00000    0.49345
  18.50000    0.51492    0.00000    0.51492
  19.00000    0.51123    0.00000    0.51123
  19.50000    0.51076    0.00000    0.51076
  20.00000    0.53000    0.00000    0.53000
  20.50000    0.52621    0.00000    0.52621
  21.00000    0.49825    0.00000    0.49825
  21.50000    0.48314    0.00000    0.48314
  22.00000    0.50632    0.00000    0.50632
  22.50000    0.51673    0.00000    0.51673
  23.00000    0.51864    0.00000    0.51864
  23.50000    0.51678    0.00000    0.51678
  24.00000    0.52229    0.00000    0.52229
  24.50000    0.49779    0.00000    0.49779
  25.00000    0.48644    0.00000    0.48644
  25.50000    0.48638    0.00000    0.48638
  26.00000    0.50530    0.00000    0.50530
  26.50000    0.50360    0.00000    0.50360
  27.00000    0.51162    0.00000    0.51162
  27.50000    0.49853    0.00000    0.49853
  28.00000    0.50800    0.00000    0.50800
  28.50000    0.50043    0.00000    0.50043
  29.00000    0.50778    0.00000    0.50778
  29.50000    0.51291    0.00000    0.51291
  30.00000    0.52124    0.00000    0.52124
  30.50000    0.50394    0.00000    0.50394
  31.00000    0.49785    0.00000    0.49785
  31.50000    0.52098    0.00000    0.52098
  32.00000    0.52105    0.00000    0.52105
  32.50000    0.52002    0.00000    0.52002
  33.00000    0.50357    0.00000    0.50357
  33.50000    0.49469    0.00000    0.49469
  34.00000    0.46337    0.00000    0.46337
  34.50000    0.48533    0.00000    0.48533
  35.00000    0.48701    0.00000    0.48701
  35.50000    0.49193    0.00000    0.49193
  36.00000    0.51294    0.00000    0.51294
  36.50000    0.52617    0.00000    0.52617
  37.00000    0.48109    0.00000    0.48109
  37.50000    0.45312    0.00000    0.45312
  38.00000    0.49085    0.00000    0.49085
  38.50000    0.51977    0.00000    0.51977
  39.00000    0.50974    0.00000    0.50974
  39.50000    0.48261    0.00000    0.48261
  40.00000    0.51041    0.00000    0.51041
  40.50000    0.54448    0.00000    0.54448
  41.00000    0.56514    0.00000    0.56514
  41.50000    0.52522    0.00000    0.52522
  42.00000    0.51584    0.00000    0.51584
  42.50000    0.47850    0.00000    0.47850
  43.00000    0.48443    0.00000    0.48443
  43.50000    0.47070    0.00000    0.47070
  44.00000    0.46035    0.00000    0.46035
  44.50000    0.46652    0.00000    0.46652
  45.00000    0.48341    0.00000    0.48341
  45.50000    0.49411    0.00000    0.49411
  46.00000    0.48267    0.00000    0.48267
  46.50000    0.49754    0.00000    0.49754
  47.00000    0.49930    0.00000    0.49930
  47.50000    0.51624    0.00000    0.51624
  48.00000    0.53490    0.00000    0.53490
  48.50000    0.51666    0.00000    0.51666
  49.00000    0.48350    0.00000    0.48350
  49.50000    0.50359    0.00000    0.50359
  50.00000    0.51764    0.00000    0.51764
  50.50000    0.53515    0.00000    0.53515
  51.00000    0.51030    0.00000    0.51030
  51.50000    0.49632    0.00000    0.49632
  52.00000    0.48799    0.00000    0.48799
  52.50000    0.52934    0.00000    0.52934
  53.00000    0.52459    0.00000    0.52459
  53.50000    0.48696    0.00000    0.48696
  54.00000    0.50792    0.00000    0.50792
  54.50000    0.53672    0.00000    0.53672
  55.00000    0.52477    0.00000    0.52477
  55.50000    0.50959    0.00000    0.50959
  56.00000    0.52240    0.00000    0.52240
  56.50000    0.50451    0.00000    0.50451
  57.00000    0.45560    0.00000    0.45560
  57.50000    0.46490    0.00000    0.46490
  58.00000    0.50690    0.00000    0.50690
  58.50000    0.51281    0.00000    0.51281
  59.00000    0.47966    0.00000    0.47966
  59.50000    0.47204    0.00000    0.47204
  60.00000    0.47562    0.00000    0.47562
  60.50000    0.47569    0.00000    0.47569
  61.00000    0.49994    0.00000    0.49994
  61.50000    0.53234    0.00000    0.53234
  62.00000    0.53568    0.00000    0.53568
  62.50000    0.51108    0.00000    0.51108
  63.00000    0.51891    0.00000    0.51891
  63.50000    0.56134    0.00000    0.56134
  64.00000    0.55163    0.00000    0.55163
  64.50000    0.49633    0.00000    0.49633
  65.00000    0.46123    0.00000    0.46123
  65.50000    0.50203    0.00000    0.50203
  66.00000    0.51718    0.00000    0.51718
  66.50000    0.50430    0.00000    0.50430
  67.00000    0.49177    0.00000    0.49177
  67.50000    0.51112    0.00000    0.51112
  68.00000    0.51548    0.00000    0.51548
  68.50000    0.49613    0.00000    0.49613
  69.00000    0.46601    0.00000    0.46601
  69.50000    0.46252    0.00000    0.46252
  70.00000    0.48378    0.00000    0.48378
  70.50000    0.52022    0.00000    0.52022
  71.00000    0.49846    0.00000    0.49846
  71.50000    0.46848    0.00000    0.46848
  72.00000    0.46772    0.00000    0.46772
  72.50000    0.51575    0.00000    0.51575
  73.00000    0.51842    0.00000    0.51842
  73.50000    0.53435    0.00000    0.53435
  74.00000    0.53428    0.00000    0.53428
  74.50000    0.55421    0.00000    0.55421
  75.00000    0.49921    0.00000    0.49921
  75.50000    0.49032    0.00000    0.49032
  76.00000    0.46832    0.00000    0.46832
  76.50000    0.49295    0.00000    0.49295
  77.00000    0.47665    0.00000    0.47665
  77.50000    0.48732    0.00000    0.48732
  78.00000    0.47734    0.00000    0.47734
  78.50000    0.46791    0.00000    0.46791
  79.00000    0.45478    0.00000    0.45478
  79.50000    0.45864    0.00000    0.45864
  80.00000    0.49191    0.00000    0.49191
  80.50000    0.50056    0.00000    0.50056
  81.00000    0.47339    0.00000    0.47339
  81.50000    0.45772    0.00000    0.45772
  82.00000    0.45312    0.00000    0.45312
  82.50000    0.48079    0.00000    0.48079
  83.00000    0.50153    0.00000    0.50153
  83.50000    0.50019    0.00000    0.50019
  84.00000    0.50068    0.00000    0.50068
  84.50000    0.53165    0.00000    0.53165
  85.00000    0.54274    0.00000    0.54274
  85.50000    0.51830    0.00000    0.51830
  86.00000    0.48617    0.00000    0.48617
  86.50000    0.50134    0.00000    0.50134
  87.00000    0.52709    0.00000    0.52709
  87.50000    0.53391    0.00000    0.53391
  88.00000    0.51963    0.00000    0.51963
  88.50000    0.51226    0.00000    0.51226
  89.00000    0.53172    0.00000    0.53172
  89.50000    0.47130    0.00000    0.47130
  90.00000    0.46220    0.00000    0.46220
  90.50000    0.43843    0.00000    0.43843
  91.00000    0.47281    0.00000    0.47281
  91.50000    0.48163    0.00000    0.48163
  92.00000    0.52114    0.00000    0.52114
  92.50000    0.49312    0.00000    0.49312
  93.00000    0.47908    0.00000    0.47908
  93.50000    0.46360    0.00000    0.46360
  94.00000    0.47294    0.00000    0.47294
  94.50000    0.47188    0.00000    0.47188
  95.00000    0.48889    0.00000    0.48889
  95.50000    0.50971    0.00000    0.50971
  96.00000    0.51370    0.00000    0.51370
  96.50000    0.52989    0.00000    0.52989
  97.00000    0.48533    0.00000    0.48533
  97.50000    0.49024    0.00000    0.49024
  98.00000    0.49075    0.00000    0.49075
  98.50000    0.51372    0.00000    0.51372
  99.00000    0.47679    0.00000    0.47679
  99.50000    0.47366    0.00000    0.47366
 100.00000    0.48294    0.00000    0.48294
 100.50000    0.52135    0.00000    0.52135
 101.00000    0.54511    0.00000    0.54511
 101.50000    0.50955    0.00000    0.50955
 102.00000    0.45243    0.00000    0.45243
 102.50000    0.45084    0.00000    0.45084
 103.00000    0.47134    0.00000    0.47134
 103.50000    0.45963    0.00000    0.45963
 104.00000    0.45341    0.00000    0.45341
 104.50000    0.47586    0.00000    0.47586
 105.00000    0.51348    0.00000    0.51348
 105.50000    0.51092    0.00000    0.51092
 106.00000    0.50049    0.00000    0.50049
 106.50000    0.51258    0.00000    0.51258
 107.00000    0.51576    0.00000    0.51576
 107.50000    0.51103    0.00000    0.51103
 108.00000    0.51384    0.00000    0.51384
 108.50000    0.52834    0.00000    0.52834
 109.00000    0.51350    0.00000    0.51350
 109.50000    0.49999    0.00000    0.49999
 110.00000    0.49541    0.00000    0.49541
 110.50000    0.50715    0.00000    0.50715
 111.00000    0.50154    0.00000    0.50154
 111.50000    0.51854    0.00000    0.51854
 112.00000    0.51441    0.00000    0.51441
 112.50000    0.52793    0.00000    0.52793
 113.00000    0.51893    0.00000    0.51893
 113.50000    0.48698    0.00000    0.48698
 114.00000    0.47061    0.00000    0.47061
 114.50000    0.45651    0.00000    0.45651
 115.00000    0.46657    0.00000    0.46657
 115.50000    0.46207    0.00000    0.46207
 116.00000    0.53851    0.00000    0.53851
 116.50000    0.55169    0.00000    0.55169
 117.00000    0.53793    0.00000    0.53793
 117.50000    0.50142    0.00000    0.50142
 118.00000    0.51739    0.00000    0.51739
 118.50000    0.51018    0.00000    0.51018
 119.00000    0.51121    0.00000    0.51121
 119.50000    0.51621    0.00000    0.51621
 120.00000    0.52979    0.00000    0.52979
 120.50000    0.49345    0.00000    0.49345
 121.00000    0.48912    0.00000    0.48912
 121.50000    0.48406    0.00000    0.48406
 122.00000    0.51965    0.00000    0.51965
 122.50000    0.51663    0.00000    0.51663
 123.00000    0.53378    0.00000    0.53378
 123.50000    0.49641    0.00000    0.49641
 124.00000    0.48166    0.00000    0.48166
 124.50000    0.48989    0.00000    0.48989
 125.00000    0.50365    0.00000    0.50365
 125.50000    0.49482    0.00000    0.49482
 126.00000    0.48051    0.00000    0.48051
 126.50000    0.49384    0.00000    0.49384
 127.00000    0.51592    0.00000    0.51592
 127.50000    0.51199    0.00000    0.51199
 128.00000    0.49675    0.00000    0.49675
 128.50000    0.47253    0.00000    0.47253
 129.00000    0.46893    0.00000    0.46893
 129.50000    0.47569    0.00000    0.47569
 130.00000    0.50704    0.00000    0.50704
 130.50000    0.49536    0.00000    0.49536
 131.00000    0.48942    0.00000    0.48942
 131.50000    0.49182    0.00000    0.49182
 132.00000    0.51085    0.00000    0.51085
 132.50000    0.50434    0.00000    0.50434
 133.00000    0.49385    0.00000    0.49385
 133.50000    0.49732    0.00000    0.49732
 134.00000    0.51139    0.00000    0.51139
 134.50000    0.49694    0.00000    0.49694
 135.00000    0.47051    0.00000    0.47051
 135.50000    0.47347    0.00000    0.47347
 136.00000    0.50775    0.00000    0.50775
 136.50000    0.52604    0.00000    0.52604
 137.00000    0.52944    0.00000    0.52944
 137.50000    0.53262    0.00000    0.53262
 138.00000    0.51665    0.00000    0.51665
 138.50000    0.49688    0.00000    0.49688
 139.00000    0.47706    0.00000    0.47706
 139.50000    0.50174    0.00000    0.50174
 140.00000    0.50543    0.00000    0.50543
 140.50000    0.51453    0.00000    0.51453
 141.00000    0.52538    0.00000    0.52538
 141.50000    0.50173    0.00000    0.50173
 142.00000    0.49033    0.00000    0.49033
 142.50000    0.49841    0.00000    0.49841
 143.00000    0.52726    0.00000    0.52726
 143.50000    0.52720    0.00000    0.52720
 144.00000    0.50735    0.00000    0.50735
 144.50000    0.48278    0.00000    0.48278
 145.00000    0.49502    0.00000    0.49502
 145.50000    0.52997    0.00000    0.52997
 146.00000    0.48794    0.00000    0.48794
 146.50000    0.45786    0.00000    0.45786
 147.00000    0.49016    0.00000    0.49016
 147.50000    0.52028    0.00000    0.52028
 148.00000    0.51090    0.00000    0.51090
 148.50000    0.49116    0.00000    0.49116
 149.00000    0.47553    0.00000    0.47553
 149.50000    0.46408    0.00000    0.46408
 150.00000    0.52650    0.00000    0.52650
