   0.00000    0.48912    0.00000    0.48912
   0.50000    0.53937    0.00000    0.53937
   1.00000    0.55064    0.00000    0.55064
   1.50000    0.54069    0.00000    0.54069
   2.00000    0.54737    0.00000    0.54737
   2.50000    0.54034    0.00000    0.54034
   3.00000    0.55660    0.00000    0.55660
   3.50000    0.57192    0.00000    0.57192
   4.00000    0.56174    0.00000    0.56174
   4.50000    0.55278    0.00000    0.55278
   5.00000    0.53345    0.00000    0.53345
   5.50000    0.54500    0.00000    0.54500
   6.00000    0.53953    0.00000    0.53953
   6.50000    0.58194    0.00000    0.58194
   7.00000    0.56900    0.00000    0.56900
   7.50000    0.52858    0.00000    0.52858
   8.00000    0.49999    0.00000    0.49999
   8.50000    0.52818    0.00000    0.52818
   9.00000    0.55910    0.00000    0.55910
   9.50000    0.56189    0.00000    0.56189
  10.00000    0.57143    0.00000    0.57143
  10.50000    0.59317    0.00000    0.59317
  11.00000    0.58783    0.00000    0.58783
  11.50000    0.56904    0.00000    0.56904
  12.00000    0.52662    0.00000    0.52662
  12.50000    0.55354    0.00000    0.55354
  13.00000    0.54113    0.00000    0.54113
  13.50000    0.54447    0.00000    0.54447
  14.00000    0.52427    0.00000    0.52427
  14.50000    0.53783    0.00000    0.53783
  15.00000    0.55736    0.00000    0.55736
  15.50000    0.60214    0.00000    0.60214
  16.00000    0.58459    0.00000    0.58459
  16.50000    0.55602    0.00000    0.55602
  17.00000    0.54840    0.00000    0.54840
  17.50000    0.56262    0.00000    0.56262
  18.00000    0.54407    0.00000    0.54407
  18.50000    0.56855    0.00000    0.56855
  19.00000    0.59293    0.00000    0.59293
  19.50000    0.57731    0.00000    0.57731
  20.00000    0.55721    0.00000    0.55721
  20.50000    0.54872    0.00000    0.54872
  21.00000    0.55041    0.00000    0.55041
  21.50000    0.53985    0.00000    0.53985
  22.00000    0.56611    0.00000    0.56611
  22.50000    0.55121    0.00000    0.55121
  23.00000    0.54259    0.00000    0.54259
  23.50000    0.56201    0.00000    0.56201
  24.00000    0.59912    0.00000    0.59912
  24.50000    0.57998    0.00000    0.57998
  25.00000    0.53285    0.00000    0.53285
  25.50000    0.54025    0.00000    0.54025
  26.00000    0.55941    0.00000    0.55941
  26.50000    0.54780    0.00000    0.54780
  27.00000    0.53061    0.00000    0.53061
  27.50000    0.52576    0.00000    0.52576
  28.00000    0.54772    0.00000    0.54772
  28.50000    0.53784    0.00000    0.53784
  29.00000    0.55970    0.00000    0.55970
  29.50000    0.56327    0.00000    0.56327
  30.00000    0.55486    0.00000    0.55486
  30.50000    0.53891    0.00000    0.53891
  31.00000    0.52251    0.00000    0.52251
  31.50000    0.53781    0.00000    0.53781
  32.00000    0.56023    0.00000    0.56023
  32.50000    0.57092    0.00000    0.57092
  33.00000    0.56479    0.00000    0.56479
  33.50000    0.55753    0.00000    0.55753
  34.00000    0.56972    0.00000    0.56972
  34.50000    0.58184    0.00000    0.58184
  35.00000    0.57145    0.00000    0.57145
  35.50000    0.54433    0.00000    0.54433
  36.00000    0.53581    0.00000    0.53581
  36.50000    0.55279    0.00000    0.55279
  37.00000    0.55365    0.00000    0.55365
  37.50000    0.56152    0.00000    0.56152
  38.00000    0.56831    0.00000    0.56831
  38.50000    0.59781    0.00000    0.59781
  39.00000    0.58969    0.00000    0.58969
  39.50000    0.53809    0.00000    0.53809
  40.00000    0.53433    0.00000    0.53433
  40.50000    0.59480    0.00000    0.59480
  41.00000    0.62941    0.00000    0.62941
  41.50000    0.57853    0.00000    0.57853
  42.00000    0.54728    0.00000    0.54728
  42.50000    0.51935    0.00000    0.51935
  43.00000    0.52522    0.00000    0.52522
  43.50000    0.54046    0.00000    0.54046
  44.00000    0.54672    0.00000    0.54672
  44.50000    0.55018    0.00000    0.55018
  45.00000    0.52965    0.00000    0.52965
  45.50000    0.52301    0.00000    0.52301
  46.00000    0.53388    0.00000    0.53388
  46.50000    0.54361    0.00000    0.54361
  47.00000    0.56151    0.00000    0.56151
  47.50000    0.58608    0.00000    0.58608
  48.00000    0.63255    0.00000    0.63255
  48.50000    0.57941    0.00000    0.57941
  49.00000    0.57464    0.00000    0.57464
  49.50000    0.57803    0.00000    0.57803
  50.00000    0.58523    0.00000    0.58523
  50.50000    0.55662    0.00000    0.55662
  51.00000    0.56260    0.00000    0.56260
  51.50000    0.57473    0.00000    0.57473
  52.00000    0.57010    0.00000    0.57010
  52.50000    0.57859    0.00000    0.57859
  53.00000    0.56594    0.00000    0.56594
  53.50000    0.52959    0.00000    0.52959
  54.00000    0.54749    0.00000    0.54749
  54.50000    0.58077    0.00000    0.58077
  55.00000    0.57506    0.00000    0.57506
  55.50000    0.57103    0.00000    0.57103
  56.00000    0.58214    0.00000    0.58214
  56.50000    0.54998    0.00000    0.54998
  57.00000    0.50049    0.00000    0.50049
  57.50000    0.53819    0.00000    0.53819
  58.00000    0.60202    0.00000    0.60202
  58.50000    0.60377    0.00000    0.60377
  59.00000    0.55713    0.00000    0.55713
  59.50000    0.52708    0.00000    0.52708
  60.00000    0.51174    0.00000    0.51174
  60.50000    0.51478    0.00000    0.51478
  61.00000    0.56554    0.00000    0.56554
  61.50000    0.60006    0.00000    0.60006
  62.00000    0.60515    0.00000    0.60515
  62.50000    0.55603    0.00000    0.55603
  63.00000    0.58484    0.00000    0.58484
  63.50000    0.63158    0.00000    0.63158
  64.00000    0.62950    0.00000    0.62950
  64.50000    0.55432    0.00000    0.55432
  65.00000    0.52061    0.00000    0.52061
  65.50000    0.59429    0.00000    0.59429
  66.00000    0.61778    0.00000    0.61778
  66.50000    0.58575    0.00000    0.58575
  67.00000    0.53250    0.00000    0.53250
  67.50000    0.56302    0.00000    0.56302
  68.00000    0.60729    0.00000    0.60729
  68.50000    0.59639    0.00000    0.59639
  69.00000    0.54714    0.00000    0.54714
  69.50000    0.50311    0.00000    0.50311
  70.00000    0.52864    0.00000    0.52864
  70.50000    0.54921    0.00000    0.54921
  71.00000    0.55943    0.00000    0.55943
  71.50000    0.53971    0.00000    0.53971
  72.00000    0.54245    0.00000    0.54245
  72.50000    0.55161    0.00000    0.55161
  73.00000    0.56615    0.00000    0.56615
  73.50000    0.56894    0.00000    0.56894
  74.00000    0.57827    0.00000    0.57827
  74.50000    0.59798    0.00000    0.59798
  75.00000    0.57620    0.00000    0.57620
  75.50000    0.56176    0.00000    0.56176
  76.00000    0.52251    0.00000    0.52251
  76.50000    0.52182    0.00000    0.52182
  77.00000    0.52462    0.00000    0.52462
  77.50000    0.59249    0.00000    0.59249
  78.00000    0.58808    0.00000    0.58808
  78.50000    0.54794    0.00000    0.54794
  79.00000    0.51743    0.00000    0.51743
  79.50000    0.52385    0.00000    0.52385
  80.00000    0.55043    0.00000    0.55043
  80.50000    0.56323    0.00000    0.56323
  81.00000    0.54278    0.00000    0.54278
  81.50000    0.52054    0.00000    0.52054
  82.00000    0.51471    0.00000    0.51471
  82.50000    0.55153    0.00000    0.55153
  83.00000    0.54818    0.00000    0.54818
  83.50000    0.54201    0.00000    0.54201
  84.00000    0.55384    0.00000    0.55384
  84.50000    0.60955    0.00000    0.60955
  85.00000    0.60873    0.00000    0.60873
  85.50000    0.57452    0.00000    0.57452
  86.00000    0.54059    0.00000    0.54059
  86.50000    0.56000    0.00000    0.56000
  87.00000    0.57890    0.00000    0.57890
  87.50000    0.60809    0.00000    0.60809
  88.00000    0.60154    0.00000    0.60154
  88.50000    0.59132    0.00000    0.59132
  89.00000    0.59990    0.00000    0.59990
  89.50000    0.59898    0.00000    0.59898
  90.00000    0.58241    0.00000    0.58241
  90.50000    0.55691    0.00000    0.55691
  91.00000    0.53980    0.00000    0.53980
  91.50000    0.52264    0.00000    0.52264
  92.00000    0.54487    0.00000    0.54487
  92.50000    0.54320    0.00000    0.54320
  93.00000    0.52420    0.00000    0.52420
  93.50000    0.50045    0.00000    0.50045
  94.00000    0.49761    0.00000    0.49761
  94.50000    0.50516    0.00000    0.50516
  95.00000    0.53688    0.00000    0.53688
  95.50000    0.58810    0.00000    0.58810
  96.00000    0.58919    0.00000    0.58919
  96.50000    0.60591    0.00000    0.60591
  97.00000    0.59584    0.00000    0.59584
  97.50000    0.60298    0.00000    0.60298
  98.00000    0.57476    0.00000    0.57476
  98.50000    0.56230    0.00000    0.56230
  99.00000    0.54431    0.00000    0.54431
  99.50000    0.57540    0.00000    0.57540
 100.00000    0.57407    0.00000    0.57407
 100.50000    0.56975    0.00000    0.56975
 101.00000    0.57075    0.00000    0.57075
 101.50000    0.59182    0.00000    0.59182
 102.00000    0.54821    0.00000    0.54821
 102.50000    0.50515    0.00000    0.50515
 103.00000    0.51340    0.00000    0.51340
 103.50000    0.52476    0.00000    0.52476
 104.00000    0.53695    0.00000    0.53695
 104.50000    0.54698    0.00000    0.54698
 105.00000    0.58225    0.00000    0.58225
 105.50000    0.55474    0.00000    0.55474
 106.00000    0.53691    0.00000    0.53691
 106.50000    0.54402    0.00000    0.54402
 107.00000    0.59294    0.00000    0.59294
 107.50000    0.60707    0.00000    0.60707
 108.00000    0.61214    0.00000    0.61214
 108.50000    0.59059    0.00000    0.59059
 109.00000    0.58826    0.00000    0.58826
 109.50000    0.60249    0.00000    0.60249
 110.00000    0.60595    0.00000    0.60595
 110.50000    0.56471    0.00000    0.56471
 111.00000    0.54441    0.00000    0.54441
 111.50000    0.57192    0.00000    0.57192
 112.00000    0.57792    0.00000    0.57792
 112.50000    0.55784    0.00000    0.55784
 113.00000    0.54199    0.00000    0.54199
 113.50000    0.53034    0.00000    0.53034
 114.00000    0.54689    0.00000    0.54689
 114.50000    0.55188    0.00000    0.55188
 115.00000    0.53429    0.00000    0.53429
 115.50000    0.53836    0.00000    0.53836
 116.00000    0.60357    0.00000    0.60357
 116.50000    0.61707    0.00000    0.61707
 117.00000    0.59138    0.00000    0.59138
 117.50000    0.58050    0.00000    0.58050
 118.00000    0.56995    0.00000    0.56995
 118.50000    0.55543    0.00000    0.55543
 119.00000    0.54743    0.00000    0.54743
 119.50000    0.56839    0.00000    0.56839
 120.00000    0.57215    0.00000    0.57215
 120.50000    0.53913    0.00000    0.53913
 121.00000    0.56231    0.00000    0.56231
 121.50000    0.55707    0.00000    0.55707
 122.00000    0.56030    0.00000    0.56030
 122.50000    0.53258    0.00000    0.53258
 123.00000    0.56084    0.00000    0.56084
 123.50000    0.51894    0.00000    0.51894
 124.00000    0.50379    0.00000    0.50379
 124.50000    0.51750    0.00000    0.51750
 125.00000    0.56106    0.00000    0.56106
 125.50000    0.58151    0.00000    0.58151
 126.00000    0.58532    0.00000    0.58532
 126.50000    0.54834    0.00000    0.54834
 127.00000    0.56452    0.00000    0.56452
 127.50000    0.55835    0.00000    0.55835
 128.00000    0.56232    0.00000    0.56232
 128.50000    0.54655    0.00000    0.54655
 129.00000    0.55334    0.00000    0.55334
 129.50000    0.54965    0.00000    0.54965
 130.00000    0.56018    0.00000    0.56018
 130.50000    0.54042    0.00000    0.54042
 131.00000    0.52879    0.00000    0.52879
 131.50000    0.53939    0.00000    0.53939
 132.00000    0.55595    0.00000    0.55595
 132.50000    0.54532    0.00000    0.54532
 133.00000    0.55254    0.00000    0.55254
 133.50000    0.54461    0.00000    0.54461
 134.00000    0.54641    0.00000    0.54641
 134.50000    0.55210    0.00000    0.55210
 135.00000    0.57645    0.00000    0.57645
 135.50000    0.58948    0.00000    0.58948
 136.00000    0.57981    0.00000    0.57981
 136.50000    0.53930    0.00000    0.53930
 137.00000    0.54802    0.00000    0.54802
 137.50000    0.57723    0.00000    0.57723
 138.00000    0.57149    0.00000    0.57149
 138.50000    0.54175    0.00000    0.54175
 139.00000    0.52485    0.00000    0.52485
 139.50000    0.54054    0.00000    0.54054
 140.00000    0.55983    0.00000    0.55983
 140.50000    0.56966    0.00000    0.56966
 141.00000    0.58784    0.00000    0.58784
 141.50000    0.56168    0.00000    0.56168
 142.00000    0.58326    0.00000    0.58326
 142.50000    0.58961    0.00000    0.58961
 143.00000    0.65399    0.00000    0.65399
 143.50000    0.64217    0.00000    0.64217
 144.00000    0.59776    0.00000    0.59776
 144.50000    0.54073    0.00000    0.54073
 145.00000    0.57646    0.00000    0.57646
 145.50000    0.57893    0.00000    0.57893
 146.00000    0.53105    0.00000    0.53105
 146.50000    0.49839    0.00000    0.49839
 147.00000    0.56181    0.00000    0.56181
 147.50000    0.57403    0.00000    0.57403
 148.00000    0.55229    0.00000    0.55229
 148.50000    0.52141    0.00000    0.52141
 149.00000    0.53192    0.00000    0.53192
 149.50000    0.53131    0.00000    0.53131
 150.00000    0.47601    0.00000    0.47601
