   0.00000    0.52788    0.00000    0.52788
   0.50000    0.52215    0.00000    0.52215
   1.00000    0.53939    0.00000    0.53939
   1.50000    0.55063    0.00000    0.55063
   2.00000    0.55636    0.00000    0.55636
   2.50000    0.53491    0.00000    0.53491
   3.00000    0.53871    0.00000    0.53871
   3.50000    0.55293    0.00000    0.55293
   4.00000    0.53753    0.00000    0.53753
   4.50000    0.53892    0.00000    0.53892
   5.00000    0.52006    0.00000    0.52006
   5.50000    0.52555    0.00000    0.52555
   6.00000    0.51075    0.00000    0.51075
   6.50000    0.54307    0.00000    0.54307
   7.00000    0.53744    0.00000    0.53744
   7.50000    0.50672    0.00000    0.50672
   8.00000    0.48471    0.00000    0.48471
   8.50000    0.49460    0.00000    0.49460
   9.00000    0.51884    0.00000    0.51884
   9.50000    0.51183    0.00000    0.51183
  10.00000    0.52972    0.00000    0.52972
  10.50000    0.53065    0.00000    0.53065
  11.00000    0.55141    0.00000    0.55141
  11.50000    0.53716    0.00000    0.53716
  12.00000    0.51131    0.00000    0.51131
  12.50000    0.51157    0.00000    0.51157
  13.00000    0.50369    0.00000    0.50369
  13.50000    0.51160    0.00000    0.51160
  14.00000    0.49987    0.00000    0.49987
  14.50000    0.52759    0.00000    0.52759
  15.00000    0.54984    0.00000    0.54984
  15.50000    0.58388    0.00000    0.58388
  16.00000    0.53153    0.00000    0.53153
  16.50000    0.50613    0.00000    0.50613
  17.00000    0.52998    0.00000    0.52998
  17.50000    0.54460    0.00000    0.54460
  18.00000    0.51505    0.00000    0.51505
  18.50000    0.52950    0.00000    0.52950
  19.00000    0.55610    0.00000    0.55610
  19.50000    0.52736    0.00000    0.52736
  20.00000    0.49883    0.00000    0.49883
  20.50000    0.50185    0.00000    0.50185
  21.00000    0.53289    0.00000    0.53289
  21.50000    0.53103    0.00000    0.53103
  22.00000    0.53498    0.00000    0.53498
  22.50000    0.50968    0.00000    0.50968
  23.00000    0.50585    0.00000    0.50585
  23.50000    0.52814    0.00000    0.52814
  24.00000    0.56887    0.00000    0.56887
  24.50000    0.56537    0.00000    0.56537
  25.00000    0.52033    0.00000    0.52033
  25.50000    0.51876    0.00000    0.51876
  26.00000    0.50796    0.00000    0.50796
  26.50000    0.50295    0.00000    0.50295
  27.00000    0.50932    0.00000    0.50932
  27.50000    0.51550    0.00000    0.51550
  28.00000    0.51661    0.00000    0.51661
  28.50000    0.50167    0.00000    0.50167
  29.00000    0.50786    0.00000    0.50786
  29.50000    0.52317    0.00000    0.52317
  30.00000    0.54832    0.00000    0.54832
  30.50000    0.52931    0.00000    0.52931
  31.00000    0.48451    0.00000    0.48451
  31.50000    0.50093    0.00000    0.50093
  32.00000    0.51348    0.00000    0.51348
  32.50000    0.51611    0.00000    0.51611
  33.00000    0.52510    0.00000    0.52510
  33.50000    0.55294    0.00000    0.55294
  34.00000    0.52720    0.00000    0.52720
  34.50000    0.52250    0.00000    0.52250
  35.00000    0.52683    0.00000    0.52683
  35.50000    0.53666    0.00000    0.53666
  36.00000    0.52250    0.00000    0.52250
  36.50000    0.52332    0.00000    0.52332
  37.00000    0.51307    0.00000    0.51307
  37.50000    0.51283    0.00000    0.51283
  38.00000    0.52059    0.00000    0.52059
  38.50000    0.55930    0.00000    0.55930
  39.00000    0.54319    0.00000    0.54319
  39.50000    0.50879    0.00000    0.50879
  40.00000    0.51836    0.00000    0.51836
  40.50000    0.61178    0.00000    0.61178
  41.00000    0.65569    0.00000    0.65569
  41.50000    0.60321    0.00000    0.60321
  42.00000    0.53116    0.00000    0.53116
  42.50000    0.47572    0.00000    0.47572
  43.00000    0.49796    0.00000    0.49796
  43.50000    0.51280    0.00000    0.51280
  44.00000    0.54547    0.00000    0.54547
  44.50000    0.54077    0.00000    0.54077
  45.00000    0.50990    0.00000    0.50990
  45.50000    0.49962    0.00000    0.49962
  46.00000    0.51571    0.00000    0.51571
  46.50000    0.53017    0.00000    0.53017
  47.00000    0.53940    0.00000    0.53940
  47.50000    0.58756    0.00000    0.58756
  48.00000    0.61730    0.00000    0.61730
  48.50000    0.55054    0.00000    0.55054
  49.00000    0.52336    0.00000    0.52336
  49.50000    0.53037    0.00000    0.53037
  50.00000    0.53712    0.00000    0.53712
  50.50000    0.52102    0.00000    0.52102
  51.00000    0.53786    0.00000    0.53786
  51.50000    0.56168    0.00000    0.56168
  52.00000    0.54492    0.00000    0.54492
  52.50000    0.55633    0.00000    0.55633
  53.00000    0.53448    0.00000    0.53448
  53.50000    0.49591    0.00000    0.49591
  54.00000    0.49140    0.00000    0.49140
  54.50000    0.53028    0.00000    0.53028
  55.00000    0.54125    0.00000    0.54125
  55.50000    0.55395    0.00000    0.55395
  56.00000    0.55611    0.00000    0.55611
  56.50000    0.51546    0.00000    0.51546
  57.00000    0.48511    0.00000    0.48511
  57.50000    0.51788    0.00000    0.51788
  58.00000    0.57024    0.00000    0.57024
  58.50000    0.58144    0.00000    0.58144
  59.00000    0.55489    0.00000    0.55489
  59.50000    0.52493    0.00000    0.52493
  60.00000    0.48828    0.00000    0.48828
  60.50000    0.48587    0.00000    0.48587
  61.00000    0.53805    0.00000    0.53805
  61.50000    0.58104    0.00000    0.58104
  62.00000    0.58836    0.00000    0.58836
  62.50000    0.54118    0.00000    0.54118
  63.00000    0.55359    0.00000    0.55359
  63.50000    0.57984    0.00000    0.57984
  64.00000    0.58097    0.00000    0.58097
  64.50000    0.52719    0.00000    0.52719
  65.00000    0.51757    0.00000    0.51757
  65.50000    0.56753    0.00000    0.56753
  66.00000    0.56442    0.00000    0.56442
  66.50000    0.55723    0.00000    0.55723
  67.00000    0.55543    0.00000    0.55543
  67.50000    0.58589    0.00000    0.58589
  68.00000    0.58589    0.00000    0.58589
  68.50000    0.55586    0.00000    0.55586
  69.00000    0.50135    0.00000    0.50135
  69.50000    0.47145    0.00000    0.47145
  70.00000    0.51807    0.00000    0.51807
  70.50000    0.54353    0.00000    0.54353
  71.00000    0.55522    0.00000    0.55522
  71.50000    0.51084    0.00000    0.51084
  72.00000    0.50658    0.00000    0.50658
  72.50000    0.52748    0.00000    0.52748
  73.00000    0.57017    0.00000    0.57017
  73.50000    0.57913    0.00000    0.57913
  74.00000    0.57458    0.00000    0.57458
  74.50000    0.59502    0.00000    0.59502
  75.00000    0.56595    0.00000    0.56595
  75.50000    0.53400    0.00000    0.53400
  76.00000    0.49248    0.00000    0.49248
  76.50000    0.50270    0.00000    0.50270
  77.00000    0.51292    0.00000    0.51292
  77.50000    0.54665    0.00000    0.54665
  78.00000    0.55268    0.00000    0.55268
  78.50000    0.51805    0.00000    0.51805
  79.00000    0.50930    0.00000    0.50930
  79.50000    0.50270    0.00000    0.50270
  80.00000    0.53602    0.00000    0.53602
  80.50000    0.53717    0.00000    0.53717
  81.00000    0.50269    0.00000    0.50269
  81.50000    0.46787    0.00000    0.46787
  82.00000    0.48147    0.00000    0.48147
  82.50000    0.53544    0.00000    0.53544
  83.00000    0.54462    0.00000    0.54462
  83.50000    0.53217    0.00000    0.53217
  84.00000    0.53368    0.00000    0.53368
  84.50000    0.57402    0.00000    0.57402
  85.00000    0.58931    0.00000    0.58931
  85.50000    0.53535    0.00000    0.53535
  86.00000    0.48122    0.00000    0.48122
  86.50000    0.49641    0.00000    0.49641
  87.00000    0.53387    0.00000    0.53387
  87.50000    0.56038    0.00000    0.56038
  88.00000    0.54969    0.00000    0.54969
  88.50000    0.55122    0.00000    0.55122
  89.00000    0.56349    0.00000    0.56349
  89.50000    0.56178    0.00000    0.56178
  90.00000    0.55014    0.00000    0.55014
  90.50000    0.54700    0.00000    0.54700
  91.00000    0.53176    0.00000    0.53176
  91.50000    0.50125    0.00000    0.50125
  92.00000    0.51837    0.00000    0.51837
  92.50000    0.53829    0.00000    0.53829
  93.00000    0.54545    0.00000    0.54545
  93.50000    0.51282    0.00000    0.51282
  94.00000    0.48840    0.00000    0.48840
  94.50000    0.46930    0.00000    0.46930
  95.00000    0.49986    0.00000    0.49986
  95.50000    0.55165    0.00000    0.55165
  96.00000    0.55031    0.00000    0.55031
  96.50000    0.57262    0.00000    0.57262
  97.00000    0.55418    0.00000    0.55418
  97.50000    0.56645    0.00000    0.56645
  98.00000    0.52465    0.00000    0.52465
  98.50000    0.52218    0.00000    0.52218
  99.00000    0.50886    0.00000    0.50886
  99.50000    0.54479    0.00000    0.54479
 100.00000    0.54684    0.00000    0.54684
 100.50000    0.55275    0.00000    0.55275
 101.00000    0.54647    0.00000    0.54647
 101.50000    0.55116    0.00000    0.55116
 102.00000    0.48965    0.00000    0.48965
 102.50000    0.46679    0.00000    0.46679
 103.00000    0.49727    0.00000    0.49727
 103.50000    0.52452    0.00000    0.52452
 104.00000    0.49907    0.00000    0.49907
 104.50000    0.50775    0.00000    0.50775
 105.00000    0.56573    0.00000    0.56573
 105.50000    0.56111    0.00000    0.56111
 106.00000    0.53543    0.00000    0.53543
 106.50000    0.53698    0.00000    0.53698
 107.00000    0.57421    0.00000    0.57421
 107.50000    0.56970    0.00000    0.56970
 108.00000    0.58092    0.00000    0.58092
 108.50000    0.57760    0.00000    0.57760
 109.00000    0.58337    0.00000    0.58337
 109.50000    0.57587    0.00000    0.57587
 110.00000    0.55696    0.00000    0.55696
 110.50000    0.54270    0.00000    0.54270
 111.00000    0.53349    0.00000    0.53349
 111.50000    0.54175    0.00000    0.54175
 112.00000    0.51698    0.00000    0.51698
 112.50000    0.51635    0.00000    0.51635
 113.00000    0.53862    0.00000    0.53862
 113.50000    0.54457    0.00000    0.54457
 114.00000    0.54795    0.00000    0.54795
 114.50000    0.52935    0.00000    0.52935
 115.00000    0.51277    0.00000    0.51277
 115.50000    0.51559    0.00000    0.51559
 116.00000    0.58377    0.00000    0.58377
 116.50000    0.60655    0.00000    0.60655
 117.00000    0.56584    0.00000    0.56584
 117.50000    0.53186    0.00000    0.53186
 118.00000    0.52845    0.00000    0.52845
 118.50000    0.53085    0.00000    0.53085
 119.00000    0.52317    0.00000    0.52317
 119.50000    0.54602    0.00000    0.54602
 120.00000    0.58316    0.00000    0.58316
 120.50000    0.53755    0.00000    0.53755
 121.00000    0.52725    0.00000    0.52725
 121.50000    0.51882    0.00000    0.51882
 122.00000    0.53524    0.00000    0.53524
 122.50000    0.51055    0.00000    0.51055
 123.00000    0.53936    0.00000    0.53936
 123.50000    0.52529    0.00000    0.52529
 124.00000    0.49393    0.00000    0.49393
 124.50000    0.49960    0.00000    0.49960
 125.00000    0.53193    0.00000    0.53193
 125.50000    0.56576    0.00000    0.56576
 126.00000    0.56020    0.00000    0.56020
 126.50000    0.51651    0.00000    0.51651
 127.00000    0.52053    0.00000    0.52053
 127.50000    0.55067    0.00000    0.55067
 128.00000    0.54940    0.00000    0.54940
 128.50000    0.48996    0.00000    0.48996
 129.00000    0.48723    0.00000    0.48723
 129.50000    0.50875    0.00000    0.50875
 130.00000    0.52914    0.00000    0.52914
 130.50000    0.49841    0.00000    0.49841
 131.00000    0.50623    0.00000    0.50623
 131.50000    0.53492    0.00000    0.53492
 132.00000    0.55605    0.00000    0.55605
 132.50000    0.53013    0.00000    0.53013
 133.00000    0.51416    0.00000    0.51416
 133.50000    0.50973    0.00000    0.50973
 134.00000    0.53349    0.00000    0.53349
 134.50000    0.55857    0.00000    0.55857
 135.00000    0.56716    0.00000    0.56716
 135.50000    0.54109    0.00000    0.54109
 136.00000    0.54484    0.00000    0.54484
 136.50000    0.55255    0.00000    0.55255
 137.00000    0.55493    0.00000    0.55493
 137.50000    0.54026    0.00000    0.54026
 138.00000    0.53740    0.00000    0.53740
 138.50000    0.53555    0.00000    0.53555
 139.00000    0.52532    0.00000    0.52532
 139.50000    0.54057    0.00000    0.54057
 140.00000    0.54249    0.00000    0.54249
 140.50000    0.55678    0.00000    0.55678
 141.00000    0.56384    0.00000    0.56384
 141.50000    0.53963    0.00000    0.53963
 142.00000    0.54194    0.00000    0.54194
 142.50000    0.55095    0.00000    0.55095
 143.00000    0.60518    0.00000    0.60518
 143.50000    0.59321    0.00000    0.59321
 144.00000    0.57042    0.00000    0.57042
 144.50000    0.52299    0.00000    0.52299
 145.00000    0.53803    0.00000    0.53803
 145.50000    0.54939    0.00000    0.54939
 146.00000    0.53991    0.00000    0.53991
 146.50000    0.51952    0.00000    0.51952
 147.00000    0.53050    0.00000    0.53050
 147.50000    0.53019    0.00000    0.53019
 148.00000    0.51952    0.00000    0.51952
 148.50000    0.50493    0.00000    0.50493
 149.00000    0.49988    0.00000    0.49988
 149.50000    0.49323    0.00000    0.49323
 150.00000    0.47539    0.00000    0.47539
