   0.00000    0.49076    0.00000    0.49076
   0.50000    0.49768    0.00000    0.49768
   1.00000    0.52297    0.00000    0.52297
   1.50000    0.53242    0.00000    0.53242
   2.00000    0.53382    0.00000    0.53382
   2.50000    0.50171    0.00000    0.50171
   3.00000    0.52918    0.00000    0.52918
   3.50000    0.56758    0.00000    0.56758
   4.00000    0.56201    0.00000    0.56201
   4.50000    0.53465    0.00000    0.53465
   5.00000    0.49556    0.00000    0.49556
   5.50000    0.49986    0.00000    0.49986
   6.00000    0.49572    0.00000    0.49572
   6.50000    0.54897    0.00000    0.54897
   7.00000    0.54436    0.00000    0.54436
   7.50000    0.50572    0.00000    0.50572
   8.00000    0.47015    0.00000    0.47015
   8.50000    0.50380    0.00000    0.50380
   9.00000    0.54207    0.00000    0.54207
   9.50000    0.53846    0.00000    0.53846
  10.00000    0.55063    0.00000    0.55063
  10.50000    0.56620    0.00000    0.56620
  11.00000    0.57165    0.00000    0.57165
  11.50000    0.55369    0.00000    0.55369
  12.00000    0.51088    0.00000    0.51088
  12.50000    0.50596    0.00000    0.50596
  13.00000    0.48580    0.00000    0.48580
  13.50000    0.50380    0.00000    0.50380
  14.00000    0.51290    0.00000    0.51290
  14.50000    0.52229    0.00000    0.52229
  15.00000    0.54069    0.00000    0.54069
  15.50000    0.59072    0.00000    0.59072
  16.00000    0.57526    0.00000    0.57526
  16.50000    0.53313    0.00000    0.53313
  17.00000    0.52779    0.00000    0.52779
  17.50000    0.55433    0.00000    0.55433
  18.00000    0.54171    0.00000    0.54171
  18.50000    0.55404    0.00000    0.55404
  19.00000    0.56817    0.00000    0.56817
  19.50000    0.54437    0.00000    0.54437
  20.00000    0.52099    0.00000    0.52099
  20.50000    0.51514    0.00000    0.51514
  21.00000    0.52899    0.00000    0.52899
  21.50000    0.52662    0.00000    0.52662
  22.00000    0.53873    0.00000    0.53873
  22.50000    0.51665    0.00000    0.51665
  23.00000    0.51028    0.00000    0.51028
  23.50000    0.54353    0.00000    0.54353
  24.00000    0.58465    0.00000    0.58465
  24.50000    0.55269    0.00000    0.55269
  25.00000    0.50339    0.00000    0.50339
  25.50000    0.51766    0.00000    0.51766
  26.00000    0.52309    0.00000    0.52309
  26.50000    0.51378    0.00000    0.51378
  27.00000    0.51484    0.00000    0.51484
  27.50000    0.52700    0.00000    0.52700
  28.00000    0.52766    0.00000    0.52766
  28.50000    0.51203    0.00000    0.51203
  29.00000    0.53273    0.00000    0.53273
  29.50000    0.54275    0.00000    0.54275
  30.00000    0.53884    0.00000    0.53884
  30.50000    0.53421    0.00000    0.53421
  31.00000    0.51704    0.00000    0.51704
  31.50000    0.53506    0.00000    0.53506
  32.00000    0.52741    0.00000    0.52741
  32.50000    0.53016    0.00000    0.53016
  33.00000    0.54526    0.00000    0.54526
  33.50000    0.56998    0.00000    0.56998
  34.00000    0.56070    0.00000    0.56070
  34.50000    0.54441    0.00000    0.54441
  35.00000    0.53473    0.00000    0.53473
  35.50000    0.51977    0.00000    0.51977
  36.00000    0.51780    0.00000    0.51780
  36.50000    0.53927    0.00000    0.53927
  37.00000    0.53554    0.00000    0.53554
  37.50000    0.53709    0.00000    0.53709
  38.00000    0.54490    0.00000    0.54490
  38.50000    0.57441    0.00000    0.57441
  39.00000    0.55421    0.00000    0.55421
  39.50000    0.51728    0.00000    0.51728
  40.00000    0.51903    0.00000    0.51903
  40.50000    0.59641    0.00000    0.59641
  41.00000    0.63181    0.00000    0.63181
  41.50000    0.58306    0.00000    0.58306
  42.00000    0.51813    0.00000    0.51813
  42.50000    0.47774    0.00000    0.47774
  43.00000    0.48927    0.00000    0.48927
  43.50000    0.49524    0.00000    0.49524
  44.00000    0.51817    0.00000    0.51817
  44.50000    0.53648    0.00000    0.53648
  45.00000    0.51795    0.00000    0.51795
  45.50000    0.50272    0.00000    0.50272
  46.00000    0.50336    0.00000    0.50336
  46.50000    0.52466    0.00000    0.52466
  47.00000    0.51081    0.00000    0.51081
  47.50000    0.54056    0.00000    0.54056
  48.00000    0.57580    0.00000    0.57580
  48.50000    0.56488    0.00000    0.56488
  49.00000    0.55359    0.00000    0.55359
  49.50000    0.54611    0.00000    0.54611
  50.00000    0.54849    0.00000    0.54849
  50.50000    0.52419    0.00000    0.52419
  51.00000    0.53575    0.00000    0.53575
  51.50000    0.55690    0.00000    0.55690
  52.00000    0.55840    0.00000    0.55840
  52.50000    0.57508    0.00000    0.57508
  53.00000    0.53977    0.00000    0.53977
  53.50000    0.49941    0.00000    0.49941
  54.00000    0.49063    0.00000    0.49063
  54.50000    0.55208    0.00000    0.55208
  55.00000    0.55422    0.00000    0.55422
  55.50000    0.55996    0.00000    0.55996
  56.00000    0.55362    0.00000    0.55362
  56.50000    0.53742    0.00000    0.53742
  57.00000    0.50826    0.00000    0.50826
  57.50000    0.54824    0.00000    0.54824
  58.00000    0.59328    0.00000    0.59328
  58.50000    0.57920    0.00000    0.57920
  59.00000    0.55544    0.00000    0.55544
  59.50000    0.54329    0.00000    0.54329
  60.00000    0.52525    0.00000    0.52525
  60.50000    0.50386    0.00000    0.50386
  61.00000    0.54091    0.00000    0.54091
  61.50000    0.55791    0.00000    0.55791
  62.00000    0.56241    0.00000    0.56241
  62.50000    0.51646    0.00000    0.51646
  63.00000    0.53772    0.00000    0.53772
  63.50000    0.58079    0.00000    0.58079
  64.00000    0.59572    0.00000    0.59572
  64.50000    0.53069    0.00000    0.53069
  65.00000    0.50055    0.00000    0.50055
  65.50000    0.57124    0.00000    0.57124
  66.00000    0.59784    0.00000    0.59784
  66.50000    0.58140    0.00000    0.58140
  67.00000    0.54687    0.00000    0.54687
  67.50000    0.59015    0.00000    0.59015
  68.00000    0.61950    0.00000    0.61950
  68.50000    0.58262    0.00000    0.58262
  69.00000    0.52010    0.00000    0.52010
  69.50000    0.49571    0.00000    0.49571
  70.00000    0.53255    0.00000    0.53255
  70.50000    0.52921    0.00000    0.52921
  71.00000    0.52318    0.00000    0.52318
  71.50000    0.49917    0.00000    0.49917
  72.00000    0.49802    0.00000    0.49802
  72.50000    0.50638    0.00000    0.50638
  73.00000    0.52590    0.00000    0.52590
  73.50000    0.55582    0.00000    0.55582
  74.00000    0.56954    0.00000    0.56954
  74.50000    0.59128    0.00000    0.59128
  75.00000    0.55072    0.00000    0.55072
  75.50000    0.52257    0.00000    0.52257
  76.00000    0.49494    0.00000    0.49494
  76.50000    0.50952    0.00000    0.50952
  77.00000    0.52248    0.00000    0.52248
  77.50000    0.55771    0.00000    0.55771
  78.00000    0.55577    0.00000    0.55577
  78.50000    0.51711    0.00000    0.51711
  79.00000    0.51049    0.00000    0.51049
  79.50000    0.50575    0.00000    0.50575
  80.00000    0.55182    0.00000    0.55182
  80.50000    0.56594    0.00000    0.56594
  81.00000    0.54985    0.00000    0.54985
  81.50000    0.49404    0.00000    0.49404
  82.00000    0.48872    0.00000    0.48872
  82.50000    0.53276    0.00000    0.53276
  83.00000    0.54415    0.00000    0.54415
  83.50000    0.51949    0.00000    0.51949
  84.00000    0.53421    0.00000    0.53421
  84.50000    0.58955    0.00000    0.58955
  85.00000    0.59545    0.00000    0.59545
  85.50000    0.54765    0.00000    0.54765
  86.00000    0.51398    0.00000    0.51398
  86.50000    0.54735    0.00000    0.54735
  87.00000    0.55397    0.00000    0.55397
  87.50000    0.57423    0.00000    0.57423
  88.00000    0.54663    0.00000    0.54663
  88.50000    0.55950    0.00000    0.55950
  89.00000    0.55449    0.00000    0.55449
  89.50000    0.57653    0.00000    0.57653
  90.00000    0.56201    0.00000    0.56201
  90.50000    0.54946    0.00000    0.54946
  91.00000    0.51714    0.00000    0.51714
  91.50000    0.49609    0.00000    0.49609
  92.00000    0.52292    0.00000    0.52292
  92.50000    0.52636    0.00000    0.52636
  93.00000    0.50983    0.00000    0.50983
  93.50000    0.49566    0.00000    0.49566
  94.00000    0.49483    0.00000    0.49483
  94.50000    0.49840    0.00000    0.49840
  95.00000    0.51762    0.00000    0.51762
  95.50000    0.58680    0.00000    0.58680
  96.00000    0.57295    0.00000    0.57295
  96.50000    0.58627    0.00000    0.58627
  97.00000    0.56046    0.00000    0.56046
  97.50000    0.57112    0.00000    0.57112
  98.00000    0.53032    0.00000    0.53032
  98.50000    0.53202    0.00000    0.53202
  99.00000    0.51974    0.00000    0.51974
  99.50000    0.55856    0.00000    0.55856
 100.00000    0.55951    0.00000    0.55951
 100.50000    0.55640    0.00000    0.55640
 101.00000    0.54650    0.00000    0.54650
 101.50000    0.53838    0.00000    0.53838
 102.00000    0.49169    0.00000    0.49169
 102.50000    0.46827    0.00000    0.46827
 103.00000    0.51001    0.00000    0.51001
 103.50000    0.51492    0.00000    0.51492
 104.00000    0.51433    0.00000    0.51433
 104.50000    0.52078    0.00000    0.52078
 105.00000    0.56512    0.00000    0.56512
 105.50000    0.55590    0.00000    0.55590
 106.00000    0.53896    0.00000    0.53896
 106.50000    0.53832    0.00000    0.53832
 107.00000    0.56544    0.00000    0.56544
 107.50000    0.56751    0.00000    0.56751
 108.00000    0.57765    0.00000    0.57765
 108.50000    0.57402    0.00000    0.57402
 109.00000    0.58027    0.00000    0.58027
 109.50000    0.55773    0.00000    0.55773
 110.00000    0.53014    0.00000    0.53014
 110.50000    0.49284    0.00000    0.49284
 111.00000    0.49937    0.00000    0.49937
 111.50000    0.54023    0.00000    0.54023
 112.00000    0.55202    0.00000    0.55202
 112.50000    0.55270    0.00000    0.55270
 113.00000    0.54298    0.00000    0.54298
 113.50000    0.50553    0.00000    0.50553
 114.00000    0.50146    0.00000    0.50146
 114.50000    0.50752    0.00000    0.50752
 115.00000    0.51908    0.00000    0.51908
 115.50000    0.53281    0.00000    0.53281
 116.00000    0.59645    0.00000    0.59645
 116.50000    0.60984    0.00000    0.60984
 117.00000    0.58486    0.00000    0.58486
 117.50000    0.55515    0.00000    0.55515
 118.00000    0.55024    0.00000    0.55024
 118.50000    0.54862    0.00000    0.54862
 119.00000    0.55186    0.00000    0.55186
 119.50000    0.57247    0.00000    0.57247
 120.00000    0.57407    0.00000    0.57407
 120.50000    0.51090    0.00000    0.51090
 121.00000    0.51713    0.00000    0.51713
 121.50000    0.54261    0.00000    0.54261
 122.00000    0.55973    0.00000    0.55973
 122.50000    0.51827    0.00000    0.51827
 123.00000    0.54422    0.00000    0.54422
 123.50000    0.51334    0.00000    0.51334
 124.00000    0.50407    0.00000    0.50407
 124.50000    0.50425    0.00000    0.50425
 125.00000    0.54877    0.00000    0.54877
 125.50000    0.54582    0.00000    0.54582
 126.00000    0.53942    0.00000    0.53942
 126.50000    0.51855    0.00000    0.51855
 127.00000    0.54474    0.00000    0.54474
 127.50000    0.55180    0.00000    0.55180
 128.00000    0.54289    0.00000    0.54289
 128.50000    0.51496    0.00000    0.51496
 129.00000    0.51056    0.00000    0.51056
 129.50000    0.54675    0.00000    0.54675
 130.00000    0.57504    0.00000    0.57504
 130.50000    0.53722    0.00000    0.53722
 131.00000    0.49537    0.00000    0.49537
 131.50000    0.51101    0.00000    0.51101
 132.00000    0.54706    0.00000    0.54706
 132.50000    0.53609    0.00000    0.53609
 133.00000    0.51475    0.00000    0.51475
 133.50000    0.50486    0.00000    0.50486
 134.00000    0.52428    0.00000    0.52428
 134.50000    0.56282    0.00000    0.56282
 135.00000    0.58659    0.00000    0.58659
 135.50000    0.58734    0.00000    0.58734
 136.00000    0.55549    0.00000    0.55549
 136.50000    0.52634    0.00000    0.52634
 137.00000    0.53327    0.00000    0.53327
 137.50000    0.57557    0.00000    0.57557
 138.00000    0.56362    0.00000    0.56362
 138.50000    0.51199    0.00000    0.51199
 139.00000    0.48153    0.00000    0.48153
 139.50000    0.52628    0.00000    0.52628
 140.00000    0.54482    0.00000    0.54482
 140.50000    0.56302    0.00000    0.56302
 141.00000    0.58037    0.00000    0.58037
 141.50000    0.53399    0.00000    0.53399
 142.00000    0.53078    0.00000    0.53078
 142.50000    0.55614    0.00000    0.55614
 143.00000    0.63195    0.00000    0.63195
 143.50000    0.59716    0.00000    0.59716
 144.00000    0.56842    0.00000    0.56842
 144.50000    0.52926    0.00000    0.52926
 145.00000    0.56147    0.00000    0.56147
 145.50000    0.56505    0.00000    0.56505
 146.00000    0.53436    0.00000    0.53436
 146.50000    0.49033    0.00000    0.49033
 147.00000    0.51989    0.00000    0.51989
 147.50000    0.54695    0.00000    0.54695
 148.00000    0.53047    0.00000    0.53047
 148.50000    0.50983    0.00000    0.50983
 149.00000    0.51817    0.00000    0.51817
 149.50000    0.53662    0.00000    0.53662
 150.00000    0.47829    0.00000    0.47829
