   0.00000    0.46395    0.00000    0.46395
   0.50000    0.58152    0.00000    0.58152
   1.00000    0.52314    0.00000    0.52314
   1.50000    0.45848    0.00000    0.45848
   2.00000    0.47202    0.00000    0.47202
   2.50000    0.49708    0.00000    0.49708
   3.00000    0.50553    0.00000    0.50553
   3.50000    0.54377    0.00000    0.54377
   4.00000    0.54840    0.00000    0.54840
   4.50000    0.51092    0.00000    0.51092
   5.00000    0.49132    0.00000    0.49132
   5.50000    0.52537    0.00000    0.52537
   6.00000    0.51802    0.00000    0.51802
   6.50000    0.53050    0.00000    0.53050
   7.00000    0.53572    0.00000    0.53572
   7.50000    0.50650    0.00000    0.50650
   8.00000    0.47883    0.00000    0.47883
   8.50000    0.50657    0.00000    0.50657
   9.00000    0.52260    0.00000    0.52260
   9.50000    0.51810    0.00000    0.51810
  10.00000    0.51164    0.00000    0.51164
  10.50000    0.55308    0.00000    0.55308
  11.00000    0.54401    0.00000    0.54401
  11.50000    0.53765    0.00000    0.53765
  12.00000    0.51920    0.00000    0.51920
  12.50000    0.52752    0.00000    0.52752
  13.00000    0.50228    0.00000    0.50228
  13.50000    0.51644    0.00000    0.51644
  14.00000    0.50801    0.00000    0.50801
  14.50000    0.50373    0.00000    0.50373
  15.00000    0.51407    0.00000    0.51407
  15.50000    0.55634    0.00000    0.55634
  16.00000    0.56215    0.00000    0.56215
  16.50000    0.56263    0.00000    0.56263
  17.00000    0.54954    0.00000    0.54954
  17.50000    0.53183    0.00000    0.53183
  18.00000    0.53543    0.00000    0.53543
  18.50000    0.55373    0.00000    0.55373
  19.00000    0.54261    0.00000    0.54261
  19.50000    0.52458    0.00000    0.52458
  20.00000    0.55440    0.00000    0.55440
  20.50000    0.56063    0.00000    0.56063
  21.00000    0.53443    0.00000    0.53443
  21.50000    0.50365    0.00000    0.50365
  22.00000    0.52595    0.00000    0.52595
  22.50000    0.54348    0.00000    0.54348
  23.00000    0.54636    0.00000    0.54636
  23.50000    0.55636    0.00000    0.55636
  24.00000    0.56626    0.00000    0.56626
  24.50000    0.54366    0.00000    0.54366
  25.00000    0.52995    0.00000    0.52995
  25.50000    0.51426    0.00000    0.51426
  26.00000    0.51098    0.00000    0.51098
  26.50000    0.50108    0.00000    0.50108
  27.00000    0.52260    0.00000    0.52260
  27.50000    0.51775    0.00000    0.51775
  28.00000    0.52640    0.00000    0.52640
  28.50000    0.52118    0.00000    0.52118
  29.00000    0.52453    0.00000    0.52453
  29.50000    0.53991    0.00000    0.53991
  30.00000    0.55615    0.00000    0.55615
  30.50000    0.55008    0.00000    0.55008
  31.00000    0.52762    0.00000    0.52762
  31.50000    0.54412    0.00000    0.54412
  32.00000    0.53694    0.00000    0.53694
  32.50000    0.54457    0.00000    0.54457
  33.00000    0.53462    0.00000    0.53462
  33.50000    0.52287    0.00000    0.52287
  34.00000    0.49167    0.00000    0.49167
  34.50000    0.51482    0.00000    0.51482
  35.00000    0.51322    0.00000    0.51322
  35.50000    0.50618    0.00000    0.50618
  36.00000    0.53525    0.00000    0.53525
  36.50000    0.54488    0.00000    0.54488
  37.00000    0.50518    0.00000    0.50518
  37.50000    0.48099    0.00000    0.48099
  38.00000    0.52052    0.00000    0.52052
  38.50000    0.54291    0.00000    0.54291
  39.00000    0.53977    0.00000    0.53977
  39.50000    0.51283    0.00000    0.51283
  40.00000    0.52448    0.00000    0.52448
  40.50000    0.55497    0.00000    0.55497
  41.00000    0.57661    0.00000    0.57661
  41.50000    0.55125    0.00000    0.55125
  42.00000    0.54646    0.00000    0.54646
  42.50000    0.49877    0.00000    0.49877
  43.00000    0.49948    0.00000    0.49948
  43.50000    0.48145    0.00000    0.48145
  44.00000    0.49257    0.00000    0.49257
  44.50000    0.49169    0.00000    0.49169
  45.00000    0.51435    0.00000    0.51435
  45.50000    0.52125    0.00000    0.52125
  46.00000    0.51108    0.00000    0.51108
  46.50000    0.50793    0.00000    0.50793
  47.00000    0.50416    0.00000    0.50416
  47.50000    0.52960    0.00000    0.52960
  48.00000    0.57760    0.00000    0.57760
  48.50000    0.56383    0.00000    0.56383
  49.00000    0.52624    0.00000    0.52624
  49.50000    0.52308    0.00000    0.52308
  50.00000    0.53382    0.00000    0.53382
  50.50000    0.55271    0.00000    0.55271
  51.00000    0.53355    0.00000    0.53355
  51.50000    0.53016    0.00000    0.53016
  52.00000    0.51604    0.00000    0.51604
  52.50000    0.56044    0.00000    0.56044
  53.00000    0.54844    0.00000    0.54844
  53.50000    0.50980    0.00000    0.50980
  54.00000    0.53462    0.00000    0.53462
  54.50000    0.58786    0.00000    0.58786
  55.00000    0.58097    0.00000    0.58097
  55.50000    0.56365    0.00000    0.56365
  56.00000    0.55830    0.00000    0.55830
  56.50000    0.53748    0.00000    0.53748
  57.00000    0.48623    0.00000    0.48623
  57.50000    0.49992    0.00000    0.49992
  58.00000    0.52891    0.00000    0.52891
  58.50000    0.54720    0.00000    0.54720
  59.00000    0.52512    0.00000    0.52512
  59.50000    0.50907    0.00000    0.50907
  60.00000    0.50781    0.00000    0.50781
  60.50000    0.51682    0.00000    0.51682
  61.00000    0.54393    0.00000    0.54393
  61.50000    0.55393    0.00000    0.55393
  62.00000    0.56829    0.00000    0.56829
  62.50000    0.54110    0.00000    0.54110
  63.00000    0.56638    0.00000    0.56638
  63.50000    0.58094    0.00000    0.58094
  64.00000    0.56681    0.00000    0.56681
  64.50000    0.51003    0.00000    0.51003
  65.00000    0.49700    0.00000    0.49700
  65.50000    0.53553    0.00000    0.53553
  66.00000    0.54918    0.00000    0.54918
  66.50000    0.53494    0.00000    0.53494
  67.00000    0.52256    0.00000    0.52256
  67.50000    0.54420    0.00000    0.54420
  68.00000    0.55255    0.00000    0.55255
  68.50000    0.53157    0.00000    0.53157
  69.00000    0.50425    0.00000    0.50425
  69.50000    0.48805    0.00000    0.48805
  70.00000    0.51882    0.00000    0.51882
  70.50000    0.55254    0.00000    0.55254
  71.00000    0.52950    0.00000    0.52950
  71.50000    0.48286    0.00000    0.48286
  72.00000    0.49009    0.00000    0.49009
  72.50000    0.53487    0.00000    0.53487
  73.00000    0.53512    0.00000    0.53512
  73.50000    0.55527    0.00000    0.55527
  74.00000    0.56593    0.00000    0.56593
  74.50000    0.59053    0.00000    0.59053
  75.00000    0.54404    0.00000    0.54404
  75.50000    0.52857    0.00000    0.52857
  76.00000    0.49503    0.00000    0.49503
  76.50000    0.51560    0.00000    0.51560
  77.00000    0.50537    0.00000    0.50537
  77.50000    0.52589    0.00000    0.52589
  78.00000    0.52201    0.00000    0.52201
  78.50000    0.50410    0.00000    0.50410
  79.00000    0.45958    0.00000    0.45958
  79.50000    0.45461    0.00000    0.45461
  80.00000    0.51029    0.00000    0.51029
  80.50000    0.54008    0.00000    0.54008
  81.00000    0.51295    0.00000    0.51295
  81.50000    0.48841    0.00000    0.48841
  82.00000    0.48064    0.00000    0.48064
  82.50000    0.51348    0.00000    0.51348
  83.00000    0.53255    0.00000    0.53255
  83.50000    0.54226    0.00000    0.54226
  84.00000    0.53468    0.00000    0.53468
  84.50000    0.57397    0.00000    0.57397
  85.00000    0.58028    0.00000    0.58028
  85.50000    0.54943    0.00000    0.54943
  86.00000    0.50449    0.00000    0.50449
  86.50000    0.52547    0.00000    0.52547
  87.00000    0.55193    0.00000    0.55193
  87.50000    0.55457    0.00000    0.55457
  88.00000    0.55193    0.00000    0.55193
  88.50000    0.55548    0.00000    0.55548
  89.00000    0.57653    0.00000    0.57653
  89.50000    0.50518    0.00000    0.50518
  90.00000    0.50131    0.00000    0.50131
  90.50000    0.47949    0.00000    0.47949
  91.00000    0.50171    0.00000    0.50171
  91.50000    0.50412    0.00000    0.50412
  92.00000    0.54616    0.00000    0.54616
  92.50000    0.52607    0.00000    0.52607
  93.00000    0.50464    0.00000    0.50464
  93.50000    0.48636    0.00000    0.48636
  94.00000    0.49172    0.00000    0.49172
  94.50000    0.48634    0.00000    0.48634
  95.00000    0.51374    0.00000    0.51374
  95.50000    0.54133    0.00000    0.54133
  96.00000    0.55303    0.00000    0.55303
  96.50000    0.54448    0.00000    0.54448
  97.00000    0.50863    0.00000    0.50863
  97.50000    0.52473    0.00000    0.52473
  98.00000    0.54144    0.00000    0.54144
  98.50000    0.54661    0.00000    0.54661
  99.00000    0.51219    0.00000    0.51219
  99.50000    0.51550    0.00000    0.51550
 100.00000    0.51249    0.00000    0.51249
 100.50000    0.52589    0.00000    0.52589
 101.00000    0.55815    0.00000    0.55815
 101.50000    0.54235    0.00000    0.54235
 102.00000    0.49390    0.00000    0.49390
 102.50000    0.47769    0.00000    0.47769
 103.00000    0.49983    0.00000    0.49983
 103.50000    0.47957    0.00000    0.47957
 104.00000    0.47796    0.00000    0.47796
 104.50000    0.49677    0.00000    0.49677
 105.00000    0.53917    0.00000    0.53917
 105.50000    0.54253    0.00000    0.54253
 106.00000    0.51750    0.00000    0.51750
 106.50000    0.51399    0.00000    0.51399
 107.00000    0.53005    0.00000    0.53005
 107.50000    0.52458    0.00000    0.52458
 108.00000    0.51522    0.00000    0.51522
 108.50000    0.52851    0.00000    0.52851
 109.00000    0.54333    0.00000    0.54333
 109.50000    0.53493    0.00000    0.53493
 110.00000    0.53018    0.00000    0.53018
 110.50000    0.53707    0.00000    0.53707
 111.00000    0.52319    0.00000    0.52319
 111.50000    0.54973    0.00000    0.54973
 112.00000    0.54382    0.00000    0.54382
 112.50000    0.56038    0.00000    0.56038
 113.00000    0.53287    0.00000    0.53287
 113.50000    0.50892    0.00000    0.50892
 114.00000    0.48793    0.00000    0.48793
 114.50000    0.47910    0.00000    0.47910
 115.00000    0.48601    0.00000    0.48601
 115.50000    0.48980    0.00000    0.48980
 116.00000    0.56532    0.00000    0.56532
 116.50000    0.56485    0.00000    0.56485
 117.00000    0.53835    0.00000    0.53835
 117.50000    0.51394    0.00000    0.51394
 118.00000    0.52938    0.00000    0.52938
 118.50000    0.51715    0.00000    0.51715
 119.00000    0.51460    0.00000    0.51460
 119.50000    0.54165    0.00000    0.54165
 120.00000    0.55608    0.00000    0.55608
 120.50000    0.51522    0.00000    0.51522
 121.00000    0.52013    0.00000    0.52013
 121.50000    0.51442    0.00000    0.51442
 122.00000    0.52981    0.00000    0.52981
 122.50000    0.50855    0.00000    0.50855
 123.00000    0.52994    0.00000    0.52994
 123.50000    0.51028    0.00000    0.51028
 124.00000    0.50032    0.00000    0.50032
 124.50000    0.51550    0.00000    0.51550
 125.00000    0.52762    0.00000    0.52762
 125.50000    0.52447    0.00000    0.52447
 126.00000    0.49658    0.00000    0.49658
 126.50000    0.50938    0.00000    0.50938
 127.00000    0.53176    0.00000    0.53176
 127.50000    0.52704    0.00000    0.52704
 128.00000    0.51598    0.00000    0.51598
 128.50000    0.50677    0.00000    0.50677
 129.00000    0.50896    0.00000    0.50896
 129.50000    0.49023    0.00000    0.49023
 130.00000    0.51588    0.00000    0.51588
 130.50000    0.51678    0.00000    0.51678
 131.00000    0.53284    0.00000    0.53284
 131.50000    0.51278    0.00000    0.51278
 132.00000    0.52644    0.00000    0.52644
 132.50000    0.54133    0.00000    0.54133
 133.00000    0.54939    0.00000    0.54939
 133.50000    0.51976    0.00000    0.51976
 134.00000    0.52187    0.00000    0.52187
 134.50000    0.51484    0.00000    0.51484
 135.00000    0.50018    0.00000    0.50018
 135.50000    0.50911    0.00000    0.50911
 136.00000    0.54653    0.00000    0.54653
 136.50000    0.55246    0.00000    0.55246
 137.00000    0.53093    0.00000    0.53093
 137.50000    0.53222    0.00000    0.53222
 138.00000    0.53163    0.00000    0.53163
 138.50000    0.53865    0.00000    0.53865
 139.00000    0.51602    0.00000    0.51602
 139.50000    0.53604    0.00000    0.53604
 140.00000    0.53237    0.00000    0.53237
 140.50000    0.53138    0.00000    0.53138
 141.00000    0.54307    0.00000    0.54307
 141.50000    0.53567    0.00000    0.53567
 142.00000    0.51616    0.00000    0.51616
 142.50000    0.50642    0.00000    0.50642
 143.00000    0.54933    0.00000    0.54933
 143.50000    0.56373    0.00000    0.56373
 144.00000    0.54233    0.00000    0.54233
 144.50000    0.51069    0.00000    0.51069
 145.00000    0.52369    0.00000    0.52369
 145.50000    0.55180    0.00000    0.55180
 146.00000    0.50565    0.00000    0.50565
 146.50000    0.47894    0.00000    0.47894
 147.00000    0.51786    0.00000    0.51786
 147.50000    0.56591    0.00000    0.56591
 148.00000    0.55756    0.00000    0.55756
 148.50000    0.52810    0.00000    0.52810
 149.00000    0.50580    0.00000    0.50580
 149.50000    0.50962    0.00000    0.50962
 150.00000    0.55756    0.00000    0.55756
