   0.00000    0.50254    0.00000    0.50254
   0.50000    0.54074    0.00000    0.54074
   1.00000    0.54515    0.00000    0.54515
   1.50000    0.53849    0.00000    0.53849
   2.00000    0.55446    0.00000    0.55446
   2.50000    0.54778    0.00000    0.54778
   3.00000    0.56864    0.00000    0.56864
   3.50000    0.58801    0.00000    0.58801
   4.00000    0.58299    0.00000    0.58299
   4.50000    0.55269    0.00000    0.55269
   5.00000    0.52911    0.00000    0.52911
   5.50000    0.54321    0.00000    0.54321
   6.00000    0.54758    0.00000    0.54758
   6.50000    0.58498    0.00000    0.58498
   7.00000    0.57844    0.00000    0.57844
   7.50000    0.54101    0.00000    0.54101
   8.00000    0.50623    0.00000    0.50623
   8.50000    0.53511    0.00000    0.53511
   9.00000    0.56927    0.00000    0.56927
   9.50000    0.56687    0.00000    0.56687
  10.00000    0.56545    0.00000    0.56545
  10.50000    0.58285    0.00000    0.58285
  11.00000    0.58716    0.00000    0.58716
  11.50000    0.58157    0.00000    0.58157
  12.00000    0.55378    0.00000    0.55378
  12.50000    0.56463    0.00000    0.56463
  13.00000    0.53966    0.00000    0.53966
  13.50000    0.54501    0.00000    0.54501
  14.00000    0.53993    0.00000    0.53993
  14.50000    0.55510    0.00000    0.55510
  15.00000    0.56519    0.00000    0.56519
  15.50000    0.60680    0.00000    0.60680
  16.00000    0.58607    0.00000    0.58607
  16.50000    0.55872    0.00000    0.55872
  17.00000    0.54974    0.00000    0.54974
  17.50000    0.56735    0.00000    0.56735
  18.00000    0.55914    0.00000    0.55914
  18.50000    0.58714    0.00000    0.58714
  19.00000    0.60612    0.00000    0.60612
  19.50000    0.59552    0.00000    0.59552
  20.00000    0.57468    0.00000    0.57468
  20.50000    0.56305    0.00000    0.56305
  21.00000    0.54951    0.00000    0.54951
  21.50000    0.54478    0.00000    0.54478
  22.00000    0.56986    0.00000    0.56986
  22.50000    0.56427    0.00000    0.56427
  23.00000    0.55856    0.00000    0.55856
  23.50000    0.57912    0.00000    0.57912
  24.00000    0.60525    0.00000    0.60525
  24.50000    0.57776    0.00000    0.57776
  25.00000    0.52672    0.00000    0.52672
  25.50000    0.53988    0.00000    0.53988
  26.00000    0.55996    0.00000    0.55996
  26.50000    0.55420    0.00000    0.55420
  27.00000    0.54144    0.00000    0.54144
  27.50000    0.54207    0.00000    0.54207
  28.00000    0.55712    0.00000    0.55712
  28.50000    0.53677    0.00000    0.53677
  29.00000    0.56353    0.00000    0.56353
  29.50000    0.55815    0.00000    0.55815
  30.00000    0.54187    0.00000    0.54187
  30.50000    0.52843    0.00000    0.52843
  31.00000    0.52989    0.00000    0.52989
  31.50000    0.54764    0.00000    0.54764
  32.00000    0.56609    0.00000    0.56609
  32.50000    0.58018    0.00000    0.58018
  33.00000    0.57042    0.00000    0.57042
  33.50000    0.56656    0.00000    0.56656
  34.00000    0.56813    0.00000    0.56813
  34.50000    0.57848    0.00000    0.57848
  35.00000    0.56324    0.00000    0.56324
  35.50000    0.54375    0.00000    0.54375
  36.00000    0.53723    0.00000    0.53723
  36.50000    0.55679    0.00000    0.55679
  37.00000    0.55373    0.00000    0.55373
  37.50000    0.55599    0.00000    0.55599
  38.00000    0.57121    0.00000    0.57121
  38.50000    0.60463    0.00000    0.60463
  39.00000    0.59410    0.00000    0.59410
  39.50000    0.54459    0.00000    0.54459
  40.00000    0.54932    0.00000    0.54932
  40.50000    0.62536    0.00000    0.62536
  41.00000    0.64902    0.00000    0.64902
  41.50000    0.58362    0.00000    0.58362
  42.00000    0.54788    0.00000    0.54788
  42.50000    0.52387    0.00000    0.52387
  43.00000    0.52169    0.00000    0.52169
  43.50000    0.52384    0.00000    0.52384
  44.00000    0.54439    0.00000    0.54439
  44.50000    0.56422    0.00000    0.56422
  45.00000    0.53902    0.00000    0.53902
  45.50000    0.52269    0.00000    0.52269
  46.00000    0.52109    0.00000    0.52109
  46.50000    0.54479    0.00000    0.54479
  47.00000    0.56258    0.00000    0.56258
  47.50000    0.59441    0.00000    0.59441
  48.00000    0.61510    0.00000    0.61510
  48.50000    0.56615    0.00000    0.56615
  49.00000    0.57806    0.00000    0.57806
  49.50000    0.59661    0.00000    0.59661
  50.00000    0.58051    0.00000    0.58051
  50.50000    0.54157    0.00000    0.54157
  51.00000    0.56812    0.00000    0.56812
  51.50000    0.59671    0.00000    0.59671
  52.00000    0.58725    0.00000    0.58725
  52.50000    0.58774    0.00000    0.58774
  53.00000    0.56319    0.00000    0.56319
  53.50000    0.52760    0.00000    0.52760
  54.00000    0.53748    0.00000    0.53748
  54.50000    0.58801    0.00000    0.58801
  55.00000    0.57335    0.00000    0.57335
  55.50000    0.57770    0.00000    0.57770
  56.00000    0.57207    0.00000    0.57207
  56.50000    0.54833    0.00000    0.54833
  57.00000    0.50815    0.00000    0.50815
  57.50000    0.55443    0.00000    0.55443
  58.00000    0.61615    0.00000    0.61615
  58.50000    0.60910    0.00000    0.60910
  59.00000    0.57593    0.00000    0.57593
  59.50000    0.54310    0.00000    0.54310
  60.00000    0.53272    0.00000    0.53272
  60.50000    0.53029    0.00000    0.53029
  61.00000    0.57318    0.00000    0.57318
  61.50000    0.59273    0.00000    0.59273
  62.00000    0.60458    0.00000    0.60458
  62.50000    0.55807    0.00000    0.55807
  63.00000    0.59052    0.00000    0.59052
  63.50000    0.63722    0.00000    0.63722
  64.00000    0.63940    0.00000    0.63940
  64.50000    0.56176    0.00000    0.56176
  65.00000    0.54024    0.00000    0.54024
  65.50000    0.61349    0.00000    0.61349
  66.00000    0.62426    0.00000    0.62426
  66.50000    0.59535    0.00000    0.59535
  67.00000    0.55015    0.00000    0.55015
  67.50000    0.57137    0.00000    0.57137
  68.00000    0.61037    0.00000    0.61037
  68.50000    0.60544    0.00000    0.60544
  69.00000    0.56265    0.00000    0.56265
  69.50000    0.51660    0.00000    0.51660
  70.00000    0.54477    0.00000    0.54477
  70.50000    0.56915    0.00000    0.56915
  71.00000    0.56842    0.00000    0.56842
  71.50000    0.55013    0.00000    0.55013
  72.00000    0.54439    0.00000    0.54439
  72.50000    0.54770    0.00000    0.54770
  73.00000    0.54707    0.00000    0.54707
  73.50000    0.57480    0.00000    0.57480
  74.00000    0.58787    0.00000    0.58787
  74.50000    0.61104    0.00000    0.61104
  75.00000    0.58480    0.00000    0.58480
  75.50000    0.56908    0.00000    0.56908
  76.00000    0.51751    0.00000    0.51751
  76.50000    0.51738    0.00000    0.51738
  77.00000    0.52053    0.00000    0.52053
  77.50000    0.58487    0.00000    0.58487
  78.00000    0.57876    0.00000    0.57876
  78.50000    0.54839    0.00000    0.54839
  79.00000    0.52939    0.00000    0.52939
  79.50000    0.54255    0.00000    0.54255
  80.00000    0.56145    0.00000    0.56145
  80.50000    0.56092    0.00000    0.56092
  81.00000    0.53777    0.00000    0.53777
  81.50000    0.51655    0.00000    0.51655
  82.00000    0.51874    0.00000    0.51874
  82.50000    0.55465    0.00000    0.55465
  83.00000    0.55210    0.00000    0.55210
  83.50000    0.54480    0.00000    0.54480
  84.00000    0.56560    0.00000    0.56560
  84.50000    0.62027    0.00000    0.62027
  85.00000    0.62315    0.00000    0.62315
  85.50000    0.58693    0.00000    0.58693
  86.00000    0.55031    0.00000    0.55031
  86.50000    0.56539    0.00000    0.56539
  87.00000    0.57002    0.00000    0.57002
  87.50000    0.60025    0.00000    0.60025
  88.00000    0.58829    0.00000    0.58829
  88.50000    0.60236    0.00000    0.60236
  89.00000    0.60734    0.00000    0.60734
  89.50000    0.60630    0.00000    0.60630
  90.00000    0.58354    0.00000    0.58354
  90.50000    0.57234    0.00000    0.57234
  91.00000    0.55523    0.00000    0.55523
  91.50000    0.53125    0.00000    0.53125
  92.00000    0.54573    0.00000    0.54573
  92.50000    0.54930    0.00000    0.54930
  93.00000    0.53167    0.00000    0.53167
  93.50000    0.50851    0.00000    0.50851
  94.00000    0.49967    0.00000    0.49967
  94.50000    0.51922    0.00000    0.51922
  95.00000    0.54187    0.00000    0.54187
  95.50000    0.58879    0.00000    0.58879
  96.00000    0.58479    0.00000    0.58479
  96.50000    0.61191    0.00000    0.61191
  97.00000    0.58990    0.00000    0.58990
  97.50000    0.60071    0.00000    0.60071
  98.00000    0.56795    0.00000    0.56795
  98.50000    0.56260    0.00000    0.56260
  99.00000    0.55587    0.00000    0.55587
  99.50000    0.59916    0.00000    0.59916
 100.00000    0.57838    0.00000    0.57838
 100.50000    0.56732    0.00000    0.56732
 101.00000    0.56590    0.00000    0.56590
 101.50000    0.59244    0.00000    0.59244
 102.00000    0.53369    0.00000    0.53369
 102.50000    0.49729    0.00000    0.49729
 103.00000    0.50873    0.00000    0.50873
 103.50000    0.53425    0.00000    0.53425
 104.00000    0.55076    0.00000    0.55076
 104.50000    0.56803    0.00000    0.56803
 105.00000    0.59762    0.00000    0.59762
 105.50000    0.56841    0.00000    0.56841
 106.00000    0.54161    0.00000    0.54161
 106.50000    0.54902    0.00000    0.54902
 107.00000    0.59007    0.00000    0.59007
 107.50000    0.61649    0.00000    0.61649
 108.00000    0.62271    0.00000    0.62271
 108.50000    0.61376    0.00000    0.61376
 109.00000    0.60953    0.00000    0.60953
 109.50000    0.61789    0.00000    0.61789
 110.00000    0.60014    0.00000    0.60014
 110.50000    0.55977    0.00000    0.55977
 111.00000    0.53898    0.00000    0.53898
 111.50000    0.57434    0.00000    0.57434
 112.00000    0.56772    0.00000    0.56772
 112.50000    0.55704    0.00000    0.55704
 113.00000    0.54754    0.00000    0.54754
 113.50000    0.54536    0.00000    0.54536
 114.00000    0.54253    0.00000    0.54253
 114.50000    0.53811    0.00000    0.53811
 115.00000    0.53533    0.00000    0.53533
 115.50000    0.54758    0.00000    0.54758
 116.00000    0.61601    0.00000    0.61601
 116.50000    0.62288    0.00000    0.62288
 117.00000    0.59970    0.00000    0.59970
 117.50000    0.57540    0.00000    0.57540
 118.00000    0.57548    0.00000    0.57548
 118.50000    0.56190    0.00000    0.56190
 119.00000    0.54998    0.00000    0.54998
 119.50000    0.56409    0.00000    0.56409
 120.00000    0.57913    0.00000    0.57913
 120.50000    0.53881    0.00000    0.53881
 121.00000    0.55638    0.00000    0.55638
 121.50000    0.56171    0.00000    0.56171
 122.00000    0.57397    0.00000    0.57397
 122.50000    0.55593    0.00000    0.55593
 123.00000    0.57322    0.00000    0.57322
 123.50000    0.52691    0.00000    0.52691
 124.00000    0.49959    0.00000    0.49959
 124.50000    0.52291    0.00000    0.52291
 125.00000    0.58023    0.00000    0.58023
 125.50000    0.60291    0.00000    0.60291
 126.00000    0.60237    0.00000    0.60237
 126.50000    0.55228    0.00000    0.55228
 127.00000    0.57876    0.00000    0.57876
 127.50000    0.58597    0.00000    0.58597
 128.00000    0.58278    0.00000    0.58278
 128.50000    0.54492    0.00000    0.54492
 129.00000    0.54205    0.00000    0.54205
 129.50000    0.55928    0.00000    0.55928
 130.00000    0.56327    0.00000    0.56327
 130.50000    0.54528    0.00000    0.54528
 131.00000    0.52773    0.00000    0.52773
 131.50000    0.55673    0.00000    0.55673
 132.00000    0.56841    0.00000    0.56841
 132.50000    0.55590    0.00000    0.55590
 133.00000    0.54526    0.00000    0.54526
 133.50000    0.54067    0.00000    0.54067
 134.00000    0.54650    0.00000    0.54650
 134.50000    0.56368    0.00000    0.56368
 135.00000    0.59324    0.00000    0.59324
 135.50000    0.60867    0.00000    0.60867
 136.00000    0.59251    0.00000    0.59251
 136.50000    0.54672    0.00000    0.54672
 137.00000    0.55133    0.00000    0.55133
 137.50000    0.58168    0.00000    0.58168
 138.00000    0.56814    0.00000    0.56814
 138.50000    0.52725    0.00000    0.52725
 139.00000    0.52848    0.00000    0.52848
 139.50000    0.55478    0.00000    0.55478
 140.00000    0.56683    0.00000    0.56683
 140.50000    0.57283    0.00000    0.57283
 141.00000    0.59747    0.00000    0.59747
 141.50000    0.55957    0.00000    0.55957
 142.00000    0.57664    0.00000    0.57664
 142.50000    0.58419    0.00000    0.58419
 143.00000    0.64713    0.00000    0.64713
 143.50000    0.63947    0.00000    0.63947
 144.00000    0.61044    0.00000    0.61044
 144.50000    0.56872    0.00000    0.56872
 145.00000    0.59469    0.00000    0.59469
 145.50000    0.59376    0.00000    0.59376
 146.00000    0.54776    0.00000    0.54776
 146.50000    0.51724    0.00000    0.51724
 147.00000    0.55911    0.00000    0.55911
 147.50000    0.57215    0.00000    0.57215
 148.00000    0.55958    0.00000    0.55958
 148.50000    0.53178    0.00000    0.53178
 149.00000    0.53601    0.00000    0.53601
 149.50000    0.54624    0.00000    0.54624
 150.00000    0.49665    0.00000    0.49665
