   0.00000    0.41912    0.00000    0.41912
   0.50000    0.50474    0.00000    0.50474
   1.00000    0.47353    0.00000    0.47353
   1.50000    0.44068    0.00000    0.44068
   2.00000    0.45089    0.00000    0.45089
   2.50000    0.44925    0.00000    0.44925
   3.00000    0.46432    0.00000    0.46432
   3.50000    0.50389    0.00000    0.50389
   4.00000    0.51289    0.00000    0.51289
   4.50000    0.47450    0.00000    0.47450
   5.00000    0.46035    0.00000    0.46035
   5.50000    0.48498    0.00000    0.48498
   6.00000    0.47841    0.00000    0.47841
   6.50000    0.48007    0.00000    0.48007
   7.00000    0.48913    0.00000    0.48913
   7.50000    0.47110    0.00000    0.47110
   8.00000    0.45102    0.00000    0.45102
   8.50000    0.47112    0.00000    0.47112
   9.00000    0.48930    0.00000    0.48930
   9.50000    0.48211    0.00000    0.48211
  10.00000    0.48217    0.00000    0.48217
  10.50000    0.52137    0.00000    0.52137
  11.00000    0.51726    0.00000    0.51726
  11.50000    0.51434    0.00000    0.51434
  12.00000    0.47928    0.00000    0.47928
  12.50000    0.48828    0.00000    0.48828
  13.00000    0.46523    0.00000    0.46523
  13.50000    0.49755    0.00000    0.49755
  14.00000    0.47946    0.00000    0.47946
  14.50000    0.48403    0.00000    0.48403
  15.00000    0.47540    0.00000    0.47540
  15.50000    0.52201    0.00000    0.52201
  16.00000    0.51829    0.00000    0.51829
  16.50000    0.52253    0.00000    0.52253
  17.00000    0.51175    0.00000    0.51175
  17.50000    0.50026    0.00000    0.50026
  18.00000    0.47737    0.00000    0.47737
  18.50000    0.49626    0.00000    0.49626
  19.00000    0.49469    0.00000    0.49469
  19.50000    0.50949    0.00000    0.50949
  20.00000    0.53211    0.00000    0.53211
  20.50000    0.52340    0.00000    0.52340
  21.00000    0.48734    0.00000    0.48734
  21.50000    0.47695    0.00000    0.47695
  22.00000    0.49832    0.00000    0.49832
  22.50000    0.50512    0.00000    0.50512
  23.00000    0.49363    0.00000    0.49363
  23.50000    0.50342    0.00000    0.50342
  24.00000    0.50265    0.00000    0.50265
  24.50000    0.48871    0.00000    0.48871
  25.00000    0.46991    0.00000    0.46991
  25.50000    0.47135    0.00000    0.47135
  26.00000    0.48637    0.00000    0.48637
  26.50000    0.49792    0.00000    0.49792
  27.00000    0.50450    0.00000    0.50450
  27.50000    0.49311    0.00000    0.49311
  28.00000    0.50400    0.00000    0.50400
  28.50000    0.49691    0.00000    0.49691
  29.00000    0.49418    0.00000    0.49418
  29.50000    0.50058    0.00000    0.50058
  30.00000    0.51294    0.00000    0.51294
  30.50000    0.49790    0.00000    0.49790
  31.00000    0.49550    0.00000    0.49550
  31.50000    0.51474    0.00000    0.51474
  32.00000    0.50737    0.00000    0.50737
  32.50000    0.50154    0.00000    0.50154
  33.00000    0.49188    0.00000    0.49188
  33.50000    0.48201    0.00000    0.48201
  34.00000    0.44307    0.00000    0.44307
  34.50000    0.46297    0.00000    0.46297
  35.00000    0.47645    0.00000    0.47645
  35.50000    0.48904    0.00000    0.48904
  36.00000    0.50365    0.00000    0.50365
  36.50000    0.49745    0.00000    0.49745
  37.00000    0.44483    0.00000    0.44483
  37.50000    0.43470    0.00000    0.43470
  38.00000    0.47872    0.00000    0.47872
  38.50000    0.50512    0.00000    0.50512
  39.00000    0.48757    0.00000    0.48757
  39.50000    0.47209    0.00000    0.47209
  40.00000    0.49561    0.00000    0.49561
  40.50000    0.53542    0.00000    0.53542
  41.00000    0.54843    0.00000    0.54843
  41.50000    0.51946    0.00000    0.51946
  42.00000    0.50438    0.00000    0.50438
  42.50000    0.47037    0.00000    0.47037
  43.00000    0.46767    0.00000    0.46767
  43.50000    0.45802    0.00000    0.45802
  44.00000    0.44297    0.00000    0.44297
  44.50000    0.44824    0.00000    0.44824
  45.00000    0.45997    0.00000    0.45997
  45.50000    0.47052    0.00000    0.47052
  46.00000    0.46859    0.00000    0.46859
  46.50000    0.48831    0.00000    0.48831
  47.00000    0.47804    0.00000    0.47804
  47.50000    0.49418    0.00000    0.49418
  48.00000    0.52651    0.00000    0.52651
  48.50000    0.51939    0.00000    0.51939
  49.00000    0.48652    0.00000    0.48652
  49.50000    0.50299    0.00000    0.50299
  50.00000    0.50922    0.00000    0.50922
  50.50000    0.51838    0.00000    0.51838
  51.00000    0.49351    0.00000    0.49351
  51.50000    0.47690    0.00000    0.47690
  52.00000    0.47063    0.00000    0.47063
  52.50000    0.50841    0.00000    0.50841
  53.00000    0.51414    0.00000    0.51414
  53.50000    0.48938    0.00000    0.48938
  54.00000    0.51210    0.00000    0.51210
  54.50000    0.52124    0.00000    0.52124
  55.00000    0.50797    0.00000    0.50797
  55.50000    0.49850    0.00000    0.49850
  56.00000    0.51255    0.00000    0.51255
  56.50000    0.49139    0.00000    0.49139
  57.00000    0.44572    0.00000    0.44572
  57.50000    0.45054    0.00000    0.45054
  58.00000    0.49417    0.00000    0.49417
  58.50000    0.50708    0.00000    0.50708
  59.00000    0.47681    0.00000    0.47681
  59.50000    0.46641    0.00000    0.46641
  60.00000    0.46885    0.00000    0.46885
  60.50000    0.47505    0.00000    0.47505
  61.00000    0.48977    0.00000    0.48977
  61.50000    0.51119    0.00000    0.51119
  62.00000    0.50369    0.00000    0.50369
  62.50000    0.49283    0.00000    0.49283
  63.00000    0.51188    0.00000    0.51188
  63.50000    0.55788    0.00000    0.55788
  64.00000    0.53820    0.00000    0.53820
  64.50000    0.48602    0.00000    0.48602
  65.00000    0.45305    0.00000    0.45305
  65.50000    0.49487    0.00000    0.49487
  66.00000    0.51023    0.00000    0.51023
  66.50000    0.50215    0.00000    0.50215
  67.00000    0.49097    0.00000    0.49097
  67.50000    0.50511    0.00000    0.50511
  68.00000    0.50449    0.00000    0.50449
  68.50000    0.49225    0.00000    0.49225
  69.00000    0.47458    0.00000    0.47458
  69.50000    0.46845    0.00000    0.46845
  70.00000    0.47663    0.00000    0.47663
  70.50000    0.50401    0.00000    0.50401
  71.00000    0.48182    0.00000    0.48182
  71.50000    0.46105    0.00000    0.46105
  72.00000    0.46912    0.00000    0.46912
  72.50000    0.50250    0.00000    0.50250
  73.00000    0.49669    0.00000    0.49669
  73.50000    0.52571    0.00000    0.52571
  74.00000    0.53992    0.00000    0.53992
  74.50000    0.54198    0.00000    0.54198
  75.00000    0.47874    0.00000    0.47874
  75.50000    0.47491    0.00000    0.47491
  76.00000    0.46712    0.00000    0.46712
  76.50000    0.49238    0.00000    0.49238
  77.00000    0.46235    0.00000    0.46235
  77.50000    0.47020    0.00000    0.47020
  78.00000    0.46988    0.00000    0.46988
  78.50000    0.46821    0.00000    0.46821
  79.00000    0.43650    0.00000    0.43650
  79.50000    0.42742    0.00000    0.42742
  80.00000    0.47017    0.00000    0.47017
  80.50000    0.49156    0.00000    0.49156
  81.00000    0.47820    0.00000    0.47820
  81.50000    0.44924    0.00000    0.44924
  82.00000    0.44147    0.00000    0.44147
  82.50000    0.46362    0.00000    0.46362
  83.00000    0.48468    0.00000    0.48468
  83.50000    0.47998    0.00000    0.47998
  84.00000    0.48325    0.00000    0.48325
  84.50000    0.52358    0.00000    0.52358
  85.00000    0.53143    0.00000    0.53143
  85.50000    0.50939    0.00000    0.50939
  86.00000    0.47554    0.00000    0.47554
  86.50000    0.48781    0.00000    0.48781
  87.00000    0.51871    0.00000    0.51871
  87.50000    0.52741    0.00000    0.52741
  88.00000    0.50814    0.00000    0.50814
  88.50000    0.49441    0.00000    0.49441
  89.00000    0.51883    0.00000    0.51883
  89.50000    0.45928    0.00000    0.45928
  90.00000    0.45112    0.00000    0.45112
  90.50000    0.42513    0.00000    0.42513
  91.00000    0.46838    0.00000    0.46838
  91.50000    0.47215    0.00000    0.47215
  92.00000    0.51172    0.00000    0.51172
  92.50000    0.48503    0.00000    0.48503
  93.00000    0.48549    0.00000    0.48549
  93.50000    0.46467    0.00000    0.46467
  94.00000    0.46824    0.00000    0.46824
  94.50000    0.45762    0.00000    0.45762
  95.00000    0.48151    0.00000    0.48151
  95.50000    0.49927    0.00000    0.49927
  96.00000    0.50575    0.00000    0.50575
  96.50000    0.50935    0.00000    0.50935
  97.00000    0.46968    0.00000    0.46968
  97.50000    0.47745    0.00000    0.47745
  98.00000    0.48224    0.00000    0.48224
  98.50000    0.50599    0.00000    0.50599
  99.00000    0.46681    0.00000    0.46681
  99.50000    0.45874    0.00000    0.45874
 100.00000    0.46529    0.00000    0.46529
 100.50000    0.50936    0.00000    0.50936
 101.00000    0.53584    0.00000    0.53584
 101.50000    0.49621    0.00000    0.49621
 102.00000    0.44189    0.00000    0.44189
 102.50000    0.44357    0.00000    0.44357
 103.00000    0.46408    0.00000    0.46408
 103.50000    0.45033    0.00000    0.45033
 104.00000    0.44304    0.00000    0.44304
 104.50000    0.45375    0.00000    0.45375
 105.00000    0.48464    0.00000    0.48464
 105.50000    0.48969    0.00000    0.48969
 106.00000    0.49257    0.00000    0.49257
 106.50000    0.50240    0.00000    0.50240
 107.00000    0.50842    0.00000    0.50842
 107.50000    0.50112    0.00000    0.50112
 108.00000    0.50509    0.00000    0.50509
 108.50000    0.51126    0.00000    0.51126
 109.00000    0.49551    0.00000    0.49551
 109.50000    0.47931    0.00000    0.47931
 110.00000    0.48774    0.00000    0.48774
 110.50000    0.50160    0.00000    0.50160
 111.00000    0.48490    0.00000    0.48490
 111.50000    0.49089    0.00000    0.49089
 112.00000    0.49272    0.00000    0.49272
 112.50000    0.49808    0.00000    0.49808
 113.00000    0.48822    0.00000    0.48822
 113.50000    0.46411    0.00000    0.46411
 114.00000    0.46675    0.00000    0.46675
 114.50000    0.45656    0.00000    0.45656
 115.00000    0.46645    0.00000    0.46645
 115.50000    0.44886    0.00000    0.44886
 116.00000    0.51538    0.00000    0.51538
 116.50000    0.54064    0.00000    0.54064
 117.00000    0.53215    0.00000    0.53215
 117.50000    0.49586    0.00000    0.49586
 118.00000    0.49986    0.00000    0.49986
 118.50000    0.49724    0.00000    0.49724
 119.00000    0.49548    0.00000    0.49548
 119.50000    0.49642    0.00000    0.49642
 120.00000    0.50783    0.00000    0.50783
 120.50000    0.47663    0.00000    0.47663
 121.00000    0.47182    0.00000    0.47182
 121.50000    0.46784    0.00000    0.46784
 122.00000    0.50787    0.00000    0.50787
 122.50000    0.50141    0.00000    0.50141
 123.00000    0.50252    0.00000    0.50252
 123.50000    0.47205    0.00000    0.47205
 124.00000    0.46971    0.00000    0.46971
 124.50000    0.48977    0.00000    0.48977
 125.00000    0.50219    0.00000    0.50219
 125.50000    0.49920    0.00000    0.49920
 126.00000    0.48562    0.00000    0.48562
 126.50000    0.48031    0.00000    0.48031
 127.00000    0.49425    0.00000    0.49425
 127.50000    0.48326    0.00000    0.48326
 128.00000    0.48215    0.00000    0.48215
 128.50000    0.46180    0.00000    0.46180
 129.00000    0.47309    0.00000    0.47309
 129.50000    0.47297    0.00000    0.47297
 130.00000    0.50088    0.00000    0.50088
 130.50000    0.49450    0.00000    0.49450
 131.00000    0.49438    0.00000    0.49438
 131.50000    0.49026    0.00000    0.49026
 132.00000    0.50770    0.00000    0.50770
 132.50000    0.50062    0.00000    0.50062
 133.00000    0.49394    0.00000    0.49394
 133.50000    0.48623    0.00000    0.48623
 134.00000    0.49553    0.00000    0.49553
 134.50000    0.46653    0.00000    0.46653
 135.00000    0.44982    0.00000    0.44982
 135.50000    0.45935    0.00000    0.45935
 136.00000    0.49586    0.00000    0.49586
 136.50000    0.50240    0.00000    0.50240
 137.00000    0.49929    0.00000    0.49929
 137.50000    0.51076    0.00000    0.51076
 138.00000    0.49356    0.00000    0.49356
 138.50000    0.47796    0.00000    0.47796
 139.00000    0.45642    0.00000    0.45642
 139.50000    0.50042    0.00000    0.50042
 140.00000    0.50975    0.00000    0.50975
 140.50000    0.50294    0.00000    0.50294
 141.00000    0.50657    0.00000    0.50657
 141.50000    0.48184    0.00000    0.48184
 142.00000    0.47268    0.00000    0.47268
 142.50000    0.47192    0.00000    0.47192
 143.00000    0.50754    0.00000    0.50754
 143.50000    0.51271    0.00000    0.51271
 144.00000    0.48460    0.00000    0.48460
 144.50000    0.46520    0.00000    0.46520
 145.00000    0.48200    0.00000    0.48200
 145.50000    0.52388    0.00000    0.52388
 146.00000    0.48669    0.00000    0.48669
 146.50000    0.45806    0.00000    0.45806
 147.00000    0.48530    0.00000    0.48530
 147.50000    0.50530    0.00000    0.50530
 148.00000    0.49942    0.00000    0.49942
 148.50000    0.47711    0.00000    0.47711
 149.00000    0.46457    0.00000    0.46457
 149.50000    0.45366    0.00000    0.45366
 150.00000    0.50946    0.00000    0.50946
