   0.00000    0.49393    0.00000    0.49393
   0.50000    0.50552    0.00000    0.50552
   1.00000    0.52113    0.00000    0.52113
   1.50000    0.51637    0.00000    0.51637
   2.00000    0.52621    0.00000    0.52621
   2.50000    0.51304    0.00000    0.51304
   3.00000    0.54124    0.00000    0.54124
   3.50000    0.56224    0.00000    0.56224
   4.00000    0.55993    0.00000    0.55993
   4.50000    0.53158    0.00000    0.53158
   5.00000    0.50190    0.00000    0.50190
   5.50000    0.51380    0.00000    0.51380
   6.00000    0.50777    0.00000    0.50777
   6.50000    0.54352    0.00000    0.54352
   7.00000    0.53966    0.00000    0.53966
   7.50000    0.51892    0.00000    0.51892
   8.00000    0.48497    0.00000    0.48497
   8.50000    0.52011    0.00000    0.52011
   9.00000    0.54593    0.00000    0.54593
   9.50000    0.54684    0.00000    0.54684
  10.00000    0.55303    0.00000    0.55303
  10.50000    0.57337    0.00000    0.57337
  11.00000    0.56339    0.00000    0.56339
  11.50000    0.55354    0.00000    0.55354
  12.00000    0.53260    0.00000    0.53260
  12.50000    0.53809    0.00000    0.53809
  13.00000    0.51178    0.00000    0.51178
  13.50000    0.52699    0.00000    0.52699
  14.00000    0.52383    0.00000    0.52383
  14.50000    0.53312    0.00000    0.53312
  15.00000    0.54105    0.00000    0.54105
  15.50000    0.57947    0.00000    0.57947
  16.00000    0.56360    0.00000    0.56360
  16.50000    0.52809    0.00000    0.52809
  17.00000    0.51993    0.00000    0.51993
  17.50000    0.52919    0.00000    0.52919
  18.00000    0.53314    0.00000    0.53314
  18.50000    0.55694    0.00000    0.55694
  19.00000    0.58517    0.00000    0.58517
  19.50000    0.56555    0.00000    0.56555
  20.00000    0.54184    0.00000    0.54184
  20.50000    0.52436    0.00000    0.52436
  21.00000    0.52895    0.00000    0.52895
  21.50000    0.52990    0.00000    0.52990
  22.00000    0.54870    0.00000    0.54870
  22.50000    0.54464    0.00000    0.54464
  23.00000    0.54535    0.00000    0.54535
  23.50000    0.56069    0.00000    0.56069
  24.00000    0.58122    0.00000    0.58122
  24.50000    0.56272    0.00000    0.56272
  25.00000    0.51935    0.00000    0.51935
  25.50000    0.52018    0.00000    0.52018
  26.00000    0.53279    0.00000    0.53279
  26.50000    0.53347    0.00000    0.53347
  27.00000    0.53449    0.00000    0.53449
  27.50000    0.52246    0.00000    0.52246
  28.00000    0.53548    0.00000    0.53548
  28.50000    0.51876    0.00000    0.51876
  29.00000    0.54885    0.00000    0.54885
  29.50000    0.53434    0.00000    0.53434
  30.00000    0.51863    0.00000    0.51863
  30.50000    0.48935    0.00000    0.48935
  31.00000    0.49054    0.00000    0.49054
  31.50000    0.51268    0.00000    0.51268
  32.00000    0.54212    0.00000    0.54212
  32.50000    0.55533    0.00000    0.55533
  33.00000    0.56110    0.00000    0.56110
  33.50000    0.54892    0.00000    0.54892
  34.00000    0.55158    0.00000    0.55158
  34.50000    0.55863    0.00000    0.55863
  35.00000    0.54237    0.00000    0.54237
  35.50000    0.51398    0.00000    0.51398
  36.00000    0.51855    0.00000    0.51855
  36.50000    0.53833    0.00000    0.53833
  37.00000    0.53466    0.00000    0.53466
  37.50000    0.54009    0.00000    0.54009
  38.00000    0.56053    0.00000    0.56053
  38.50000    0.57757    0.00000    0.57757
  39.00000    0.56600    0.00000    0.56600
  39.50000    0.52334    0.00000    0.52334
  40.00000    0.52720    0.00000    0.52720
  40.50000    0.57984    0.00000    0.57984
  41.00000    0.60889    0.00000    0.60889
  41.50000    0.56368    0.00000    0.56368
  42.00000    0.52829    0.00000    0.52829
  42.50000    0.49548    0.00000    0.49548
  43.00000    0.49227    0.00000    0.49227
  43.50000    0.49985    0.00000    0.49985
  44.00000    0.53160    0.00000    0.53160
  44.50000    0.55285    0.00000    0.55285
  45.00000    0.52679    0.00000    0.52679
  45.50000    0.49997    0.00000    0.49997
  46.00000    0.51083    0.00000    0.51083
  46.50000    0.53279    0.00000    0.53279
  47.00000    0.54706    0.00000    0.54706
  47.50000    0.57934    0.00000    0.57934
  48.00000    0.59455    0.00000    0.59455
  48.50000    0.54694    0.00000    0.54694
  49.00000    0.55026    0.00000    0.55026
  49.50000    0.56486    0.00000    0.56486
  50.00000    0.55361    0.00000    0.55361
  50.50000    0.52834    0.00000    0.52834
  51.00000    0.55493    0.00000    0.55493
  51.50000    0.57534    0.00000    0.57534
  52.00000    0.56590    0.00000    0.56590
  52.50000    0.56679    0.00000    0.56679
  53.00000    0.53601    0.00000    0.53601
  53.50000    0.49077    0.00000    0.49077
  54.00000    0.50498    0.00000    0.50498
  54.50000    0.55237    0.00000    0.55237
  55.00000    0.54525    0.00000    0.54525
  55.50000    0.54338    0.00000    0.54338
  56.00000    0.54661    0.00000    0.54661
  56.50000    0.51803    0.00000    0.51803
  57.00000    0.48931    0.00000    0.48931
  57.50000    0.53753    0.00000    0.53753
  58.00000    0.58994    0.00000    0.58994
  58.50000    0.56798    0.00000    0.56798
  59.00000    0.54351    0.00000    0.54351
  59.50000    0.52239    0.00000    0.52239
  60.00000    0.51122    0.00000    0.51122
  60.50000    0.50604    0.00000    0.50604
  61.00000    0.54713    0.00000    0.54713
  61.50000    0.56268    0.00000    0.56268
  62.00000    0.57317    0.00000    0.57317
  62.50000    0.53761    0.00000    0.53761
  63.00000    0.55515    0.00000    0.55515
  63.50000    0.59870    0.00000    0.59870
  64.00000    0.60687    0.00000    0.60687
  64.50000    0.54569    0.00000    0.54569
  65.00000    0.51496    0.00000    0.51496
  65.50000    0.58696    0.00000    0.58696
  66.00000    0.59322    0.00000    0.59322
  66.50000    0.56107    0.00000    0.56107
  67.00000    0.51613    0.00000    0.51613
  67.50000    0.56006    0.00000    0.56006
  68.00000    0.60167    0.00000    0.60167
  68.50000    0.57317    0.00000    0.57317
  69.00000    0.51815    0.00000    0.51815
  69.50000    0.48647    0.00000    0.48647
  70.00000    0.51306    0.00000    0.51306
  70.50000    0.52629    0.00000    0.52629
  71.00000    0.52679    0.00000    0.52679
  71.50000    0.51738    0.00000    0.51738
  72.00000    0.50856    0.00000    0.50856
  72.50000    0.51494    0.00000    0.51494
  73.00000    0.52474    0.00000    0.52474
  73.50000    0.55802    0.00000    0.55802
  74.00000    0.57098    0.00000    0.57098
  74.50000    0.58444    0.00000    0.58444
  75.00000    0.55101    0.00000    0.55101
  75.50000    0.52926    0.00000    0.52926
  76.00000    0.49848    0.00000    0.49848
  76.50000    0.50472    0.00000    0.50472
  77.00000    0.50747    0.00000    0.50747
  77.50000    0.55722    0.00000    0.55722
  78.00000    0.55828    0.00000    0.55828
  78.50000    0.52720    0.00000    0.52720
  79.00000    0.50085    0.00000    0.50085
  79.50000    0.50320    0.00000    0.50320
  80.00000    0.53349    0.00000    0.53349
  80.50000    0.55636    0.00000    0.55636
  81.00000    0.53654    0.00000    0.53654
  81.50000    0.50585    0.00000    0.50585
  82.00000    0.49123    0.00000    0.49123
  82.50000    0.52638    0.00000    0.52638
  83.00000    0.52949    0.00000    0.52949
  83.50000    0.53204    0.00000    0.53204
  84.00000    0.54071    0.00000    0.54071
  84.50000    0.58754    0.00000    0.58754
  85.00000    0.59314    0.00000    0.59314
  85.50000    0.55705    0.00000    0.55705
  86.00000    0.51460    0.00000    0.51460
  86.50000    0.53229    0.00000    0.53229
  87.00000    0.55238    0.00000    0.55238
  87.50000    0.58968    0.00000    0.58968
  88.00000    0.56825    0.00000    0.56825
  88.50000    0.55894    0.00000    0.55894
  89.00000    0.54992    0.00000    0.54992
  89.50000    0.55100    0.00000    0.55100
  90.00000    0.54219    0.00000    0.54219
  90.50000    0.54095    0.00000    0.54095
  91.00000    0.53084    0.00000    0.53084
  91.50000    0.51316    0.00000    0.51316
  92.00000    0.52578    0.00000    0.52578
  92.50000    0.52368    0.00000    0.52368
  93.00000    0.50401    0.00000    0.50401
  93.50000    0.48441    0.00000    0.48441
  94.00000    0.48089    0.00000    0.48089
  94.50000    0.49312    0.00000    0.49312
  95.00000    0.53139    0.00000    0.53139
  95.50000    0.57435    0.00000    0.57435
  96.00000    0.58110    0.00000    0.58110
  96.50000    0.58696    0.00000    0.58696
  97.00000    0.57144    0.00000    0.57144
  97.50000    0.57162    0.00000    0.57162
  98.00000    0.55048    0.00000    0.55048
  98.50000    0.54511    0.00000    0.54511
  99.00000    0.52885    0.00000    0.52885
  99.50000    0.55691    0.00000    0.55691
 100.00000    0.54921    0.00000    0.54921
 100.50000    0.55841    0.00000    0.55841
 101.00000    0.55755    0.00000    0.55755
 101.50000    0.56600    0.00000    0.56600
 102.00000    0.50649    0.00000    0.50649
 102.50000    0.47185    0.00000    0.47185
 103.00000    0.49677    0.00000    0.49677
 103.50000    0.52092    0.00000    0.52092
 104.00000    0.53166    0.00000    0.53166
 104.50000    0.54207    0.00000    0.54207
 105.00000    0.57182    0.00000    0.57182
 105.50000    0.54617    0.00000    0.54617
 106.00000    0.52402    0.00000    0.52402
 106.50000    0.53263    0.00000    0.53263
 107.00000    0.56667    0.00000    0.56667
 107.50000    0.58007    0.00000    0.58007
 108.00000    0.59301    0.00000    0.59301
 108.50000    0.57050    0.00000    0.57050
 109.00000    0.56592    0.00000    0.56592
 109.50000    0.56077    0.00000    0.56077
 110.00000    0.56323    0.00000    0.56323
 110.50000    0.51998    0.00000    0.51998
 111.00000    0.51583    0.00000    0.51583
 111.50000    0.54346    0.00000    0.54346
 112.00000    0.55041    0.00000    0.55041
 112.50000    0.54392    0.00000    0.54392
 113.00000    0.54183    0.00000    0.54183
 113.50000    0.53603    0.00000    0.53603
 114.00000    0.52683    0.00000    0.52683
 114.50000    0.51804    0.00000    0.51804
 115.00000    0.51848    0.00000    0.51848
 115.50000    0.53030    0.00000    0.53030
 116.00000    0.59214    0.00000    0.59214
 116.50000    0.59819    0.00000    0.59819
 117.00000    0.57732    0.00000    0.57732
 117.50000    0.54536    0.00000    0.54536
 118.00000    0.55673    0.00000    0.55673
 118.50000    0.54557    0.00000    0.54557
 119.00000    0.54052    0.00000    0.54052
 119.50000    0.55084    0.00000    0.55084
 120.00000    0.56154    0.00000    0.56154
 120.50000    0.50882    0.00000    0.50882
 121.00000    0.52286    0.00000    0.52286
 121.50000    0.53700    0.00000    0.53700
 122.00000    0.55069    0.00000    0.55069
 122.50000    0.53362    0.00000    0.53362
 123.00000    0.54167    0.00000    0.54167
 123.50000    0.49951    0.00000    0.49951
 124.00000    0.48027    0.00000    0.48027
 124.50000    0.50067    0.00000    0.50067
 125.00000    0.54354    0.00000    0.54354
 125.50000    0.56364    0.00000    0.56364
 126.00000    0.56358    0.00000    0.56358
 126.50000    0.52117    0.00000    0.52117
 127.00000    0.54628    0.00000    0.54628
 127.50000    0.54970    0.00000    0.54970
 128.00000    0.55173    0.00000    0.55173
 128.50000    0.52910    0.00000    0.52910
 129.00000    0.53182    0.00000    0.53182
 129.50000    0.53085    0.00000    0.53085
 130.00000    0.52577    0.00000    0.52577
 130.50000    0.50988    0.00000    0.50988
 131.00000    0.50473    0.00000    0.50473
 131.50000    0.53677    0.00000    0.53677
 132.00000    0.54366    0.00000    0.54366
 132.50000    0.52282    0.00000    0.52282
 133.00000    0.51635    0.00000    0.51635
 133.50000    0.51284    0.00000    0.51284
 134.00000    0.53181    0.00000    0.53181
 134.50000    0.54336    0.00000    0.54336
 135.00000    0.56842    0.00000    0.56842
 135.50000    0.57295    0.00000    0.57295
 136.00000    0.56374    0.00000    0.56374
 136.50000    0.52369    0.00000    0.52369
 137.00000    0.54258    0.00000    0.54258
 137.50000    0.57695    0.00000    0.57695
 138.00000    0.56211    0.00000    0.56211
 138.50000    0.51955    0.00000    0.51955
 139.00000    0.51718    0.00000    0.51718
 139.50000    0.53855    0.00000    0.53855
 140.00000    0.53840    0.00000    0.53840
 140.50000    0.54280    0.00000    0.54280
 141.00000    0.56817    0.00000    0.56817
 141.50000    0.53299    0.00000    0.53299
 142.00000    0.54009    0.00000    0.54009
 142.50000    0.54645    0.00000    0.54645
 143.00000    0.61441    0.00000    0.61441
 143.50000    0.60602    0.00000    0.60602
 144.00000    0.57564    0.00000    0.57564
 144.50000    0.53500    0.00000    0.53500
 145.00000    0.55854    0.00000    0.55854
 145.50000    0.56120    0.00000    0.56120
 146.00000    0.52393    0.00000    0.52393
 146.50000    0.50274    0.00000    0.50274
 147.00000    0.53866    0.00000    0.53866
 147.50000    0.54615    0.00000    0.54615
 148.00000    0.52959    0.00000    0.52959
 148.50000    0.50448    0.00000    0.50448
 149.00000    0.52013    0.00000    0.52013
 149.50000    0.53464    0.00000    0.53464
 150.00000    0.46124    0.00000    0.46124
