   0.00000    0.50913    0.00000    0.50913
   0.50000    0.54020    0.00000    0.54020
   1.00000    0.54495    0.00000    0.54495
   1.50000    0.54197    0.00000    0.54197
   2.00000    0.54517    0.00000    0.54517
   2.50000    0.52762    0.00000    0.52762
   3.00000    0.55048    0.00000    0.55048
   3.50000    0.59102    0.00000    0.59102
   4.00000    0.58428    0.00000    0.58428
   4.50000    0.55633    0.00000    0.55633
   5.00000    0.52662    0.00000    0.52662
   5.50000    0.55694    0.00000    0.55694
   6.00000    0.55561    0.00000    0.55561
   6.50000    0.59938    0.00000    0.59938
   7.00000    0.58063    0.00000    0.58063
   7.50000    0.54193    0.00000    0.54193
   8.00000    0.50292    0.00000    0.50292
   8.50000    0.52565    0.00000    0.52565
   9.00000    0.55007    0.00000    0.55007
   9.50000    0.55141    0.00000    0.55141
  10.00000    0.56953    0.00000    0.56953
  10.50000    0.60388    0.00000    0.60388
  11.00000    0.60759    0.00000    0.60759
  11.50000    0.57462    0.00000    0.57462
  12.00000    0.52388    0.00000    0.52388
  12.50000    0.53310    0.00000    0.53310
  13.00000    0.52912    0.00000    0.52912
  13.50000    0.55306    0.00000    0.55306
  14.00000    0.55159    0.00000    0.55159
  14.50000    0.55158    0.00000    0.55158
  15.00000    0.56582    0.00000    0.56582
  15.50000    0.62803    0.00000    0.62803
  16.00000    0.61663    0.00000    0.61663
  16.50000    0.57664    0.00000    0.57664
  17.00000    0.55747    0.00000    0.55747
  17.50000    0.57269    0.00000    0.57269
  18.00000    0.56215    0.00000    0.56215
  18.50000    0.58997    0.00000    0.58997
  19.00000    0.59846    0.00000    0.59846
  19.50000    0.57667    0.00000    0.57667
  20.00000    0.55406    0.00000    0.55406
  20.50000    0.56266    0.00000    0.56266
  21.00000    0.56665    0.00000    0.56665
  21.50000    0.55909    0.00000    0.55909
  22.00000    0.57594    0.00000    0.57594
  22.50000    0.55794    0.00000    0.55794
  23.00000    0.54147    0.00000    0.54147
  23.50000    0.56727    0.00000    0.56727
  24.00000    0.61212    0.00000    0.61212
  24.50000    0.59505    0.00000    0.59505
  25.00000    0.53390    0.00000    0.53390
  25.50000    0.54168    0.00000    0.54168
  26.00000    0.55694    0.00000    0.55694
  26.50000    0.56197    0.00000    0.56197
  27.00000    0.54755    0.00000    0.54755
  27.50000    0.55757    0.00000    0.55757
  28.00000    0.56862    0.00000    0.56862
  28.50000    0.55313    0.00000    0.55313
  29.00000    0.56463    0.00000    0.56463
  29.50000    0.57117    0.00000    0.57117
  30.00000    0.56454    0.00000    0.56454
  30.50000    0.56073    0.00000    0.56073
  31.00000    0.54542    0.00000    0.54542
  31.50000    0.54992    0.00000    0.54992
  32.00000    0.56201    0.00000    0.56201
  32.50000    0.57382    0.00000    0.57382
  33.00000    0.57373    0.00000    0.57373
  33.50000    0.57704    0.00000    0.57704
  34.00000    0.59961    0.00000    0.59961
  34.50000    0.60396    0.00000    0.60396
  35.00000    0.58540    0.00000    0.58540
  35.50000    0.55132    0.00000    0.55132
  36.00000    0.54841    0.00000    0.54841
  36.50000    0.56077    0.00000    0.56077
  37.00000    0.55298    0.00000    0.55298
  37.50000    0.55590    0.00000    0.55590
  38.00000    0.56832    0.00000    0.56832
  38.50000    0.60060    0.00000    0.60060
  39.00000    0.58753    0.00000    0.58753
  39.50000    0.54430    0.00000    0.54430
  40.00000    0.54467    0.00000    0.54467
  40.50000    0.61936    0.00000    0.61936
  41.00000    0.65077    0.00000    0.65077
  41.50000    0.59004    0.00000    0.59004
  42.00000    0.54314    0.00000    0.54314
  42.50000    0.53028    0.00000    0.53028
  43.00000    0.53303    0.00000    0.53303
  43.50000    0.53164    0.00000    0.53164
  44.00000    0.53902    0.00000    0.53902
  44.50000    0.56678    0.00000    0.56678
  45.00000    0.54083    0.00000    0.54083
  45.50000    0.52089    0.00000    0.52089
  46.00000    0.52061    0.00000    0.52061
  46.50000    0.55474    0.00000    0.55474
  47.00000    0.56145    0.00000    0.56145
  47.50000    0.57893    0.00000    0.57893
  48.00000    0.60652    0.00000    0.60652
  48.50000    0.57591    0.00000    0.57591
  49.00000    0.57674    0.00000    0.57674
  49.50000    0.58096    0.00000    0.58096
  50.00000    0.58601    0.00000    0.58601
  50.50000    0.56090    0.00000    0.56090
  51.00000    0.56506    0.00000    0.56506
  51.50000    0.57571    0.00000    0.57571
  52.00000    0.57220    0.00000    0.57220
  52.50000    0.58695    0.00000    0.58695
  53.00000    0.55545    0.00000    0.55545
  53.50000    0.51708    0.00000    0.51708
  54.00000    0.53487    0.00000    0.53487
  54.50000    0.59107    0.00000    0.59107
  55.00000    0.57617    0.00000    0.57617
  55.50000    0.58236    0.00000    0.58236
  56.00000    0.58561    0.00000    0.58561
  56.50000    0.55764    0.00000    0.55764
  57.00000    0.50312    0.00000    0.50312
  57.50000    0.55093    0.00000    0.55093
  58.00000    0.61010    0.00000    0.61010
  58.50000    0.60290    0.00000    0.60290
  59.00000    0.56996    0.00000    0.56996
  59.50000    0.54413    0.00000    0.54413
  60.00000    0.53833    0.00000    0.53833
  60.50000    0.53769    0.00000    0.53769
  61.00000    0.57114    0.00000    0.57114
  61.50000    0.58742    0.00000    0.58742
  62.00000    0.60399    0.00000    0.60399
  62.50000    0.56744    0.00000    0.56744
  63.00000    0.57509    0.00000    0.57509
  63.50000    0.61697    0.00000    0.61697
  64.00000    0.62400    0.00000    0.62400
  64.50000    0.55760    0.00000    0.55760
  65.00000    0.51804    0.00000    0.51804
  65.50000    0.60821    0.00000    0.60821
  66.00000    0.63421    0.00000    0.63421
  66.50000    0.60450    0.00000    0.60450
  67.00000    0.54768    0.00000    0.54768
  67.50000    0.59581    0.00000    0.59581
  68.00000    0.62958    0.00000    0.62958
  68.50000    0.59839    0.00000    0.59839
  69.00000    0.54274    0.00000    0.54274
  69.50000    0.51241    0.00000    0.51241
  70.00000    0.54367    0.00000    0.54367
  70.50000    0.55098    0.00000    0.55098
  71.00000    0.54846    0.00000    0.54846
  71.50000    0.53103    0.00000    0.53103
  72.00000    0.53587    0.00000    0.53587
  72.50000    0.54647    0.00000    0.54647
  73.00000    0.55778    0.00000    0.55778
  73.50000    0.57909    0.00000    0.57909
  74.00000    0.58585    0.00000    0.58585
  74.50000    0.61365    0.00000    0.61365
  75.00000    0.58054    0.00000    0.58054
  75.50000    0.56026    0.00000    0.56026
  76.00000    0.51759    0.00000    0.51759
  76.50000    0.53260    0.00000    0.53260
  77.00000    0.54401    0.00000    0.54401
  77.50000    0.60342    0.00000    0.60342
  78.00000    0.60060    0.00000    0.60060
  78.50000    0.56382    0.00000    0.56382
  79.00000    0.54112    0.00000    0.54112
  79.50000    0.53300    0.00000    0.53300
  80.00000    0.56465    0.00000    0.56465
  80.50000    0.58883    0.00000    0.58883
  81.00000    0.56370    0.00000    0.56370
  81.50000    0.51538    0.00000    0.51538
  82.00000    0.50616    0.00000    0.50616
  82.50000    0.55343    0.00000    0.55343
  83.00000    0.56298    0.00000    0.56298
  83.50000    0.54917    0.00000    0.54917
  84.00000    0.55382    0.00000    0.55382
  84.50000    0.61208    0.00000    0.61208
  85.00000    0.62020    0.00000    0.62020
  85.50000    0.58828    0.00000    0.58828
  86.00000    0.55598    0.00000    0.55598
  86.50000    0.57904    0.00000    0.57904
  87.00000    0.58322    0.00000    0.58322
  87.50000    0.61503    0.00000    0.61503
  88.00000    0.60752    0.00000    0.60752
  88.50000    0.59518    0.00000    0.59518
  89.00000    0.59206    0.00000    0.59206
  89.50000    0.61138    0.00000    0.61138
  90.00000    0.60735    0.00000    0.60735
  90.50000    0.57946    0.00000    0.57946
  91.00000    0.54231    0.00000    0.54231
  91.50000    0.52254    0.00000    0.52254
  92.00000    0.55529    0.00000    0.55529
  92.50000    0.55779    0.00000    0.55779
  93.00000    0.53546    0.00000    0.53546
  93.50000    0.51043    0.00000    0.51043
  94.00000    0.50359    0.00000    0.50359
  94.50000    0.51214    0.00000    0.51214
  95.00000    0.54603    0.00000    0.54603
  95.50000    0.60498    0.00000    0.60498
  96.00000    0.60080    0.00000    0.60080
  96.50000    0.61680    0.00000    0.61680
  97.00000    0.59229    0.00000    0.59229
  97.50000    0.59889    0.00000    0.59889
  98.00000    0.57766    0.00000    0.57766
  98.50000    0.57926    0.00000    0.57926
  99.00000    0.55410    0.00000    0.55410
  99.50000    0.58355    0.00000    0.58355
 100.00000    0.58472    0.00000    0.58472
 100.50000    0.58832    0.00000    0.58832
 101.00000    0.58337    0.00000    0.58337
 101.50000    0.58922    0.00000    0.58922
 102.00000    0.54527    0.00000    0.54527
 102.50000    0.52344    0.00000    0.52344
 103.00000    0.54576    0.00000    0.54576
 103.50000    0.53866    0.00000    0.53866
 104.00000    0.53694    0.00000    0.53694
 104.50000    0.55107    0.00000    0.55107
 105.00000    0.59204    0.00000    0.59204
 105.50000    0.55956    0.00000    0.55956
 106.00000    0.54555    0.00000    0.54555
 106.50000    0.56094    0.00000    0.56094
 107.00000    0.60542    0.00000    0.60542
 107.50000    0.61273    0.00000    0.61273
 108.00000    0.61543    0.00000    0.61543
 108.50000    0.59032    0.00000    0.59032
 109.00000    0.59011    0.00000    0.59011
 109.50000    0.59689    0.00000    0.59689
 110.00000    0.58586    0.00000    0.58586
 110.50000    0.54060    0.00000    0.54060
 111.00000    0.53995    0.00000    0.53995
 111.50000    0.58711    0.00000    0.58711
 112.00000    0.59150    0.00000    0.59150
 112.50000    0.57609    0.00000    0.57609
 113.00000    0.55916    0.00000    0.55916
 113.50000    0.54190    0.00000    0.54190
 114.00000    0.54922    0.00000    0.54922
 114.50000    0.54751    0.00000    0.54751
 115.00000    0.54661    0.00000    0.54661
 115.50000    0.55641    0.00000    0.55641
 116.00000    0.62665    0.00000    0.62665
 116.50000    0.63037    0.00000    0.63037
 117.00000    0.60640    0.00000    0.60640
 117.50000    0.59199    0.00000    0.59199
 118.00000    0.59289    0.00000    0.59289
 118.50000    0.57738    0.00000    0.57738
 119.00000    0.56285    0.00000    0.56285
 119.50000    0.57285    0.00000    0.57285
 120.00000    0.58263    0.00000    0.58263
 120.50000    0.53479    0.00000    0.53479
 121.00000    0.56040    0.00000    0.56040
 121.50000    0.56991    0.00000    0.56991
 122.00000    0.59985    0.00000    0.59985
 122.50000    0.56377    0.00000    0.56377
 123.00000    0.57743    0.00000    0.57743
 123.50000    0.53711    0.00000    0.53711
 124.00000    0.53276    0.00000    0.53276
 124.50000    0.54803    0.00000    0.54803
 125.00000    0.58396    0.00000    0.58396
 125.50000    0.59500    0.00000    0.59500
 126.00000    0.59270    0.00000    0.59270
 126.50000    0.55036    0.00000    0.55036
 127.00000    0.57198    0.00000    0.57198
 127.50000    0.57073    0.00000    0.57073
 128.00000    0.57773    0.00000    0.57773
 128.50000    0.55285    0.00000    0.55285
 129.00000    0.55991    0.00000    0.55991
 129.50000    0.57333    0.00000    0.57333
 130.00000    0.58717    0.00000    0.58717
 130.50000    0.55553    0.00000    0.55553
 131.00000    0.52926    0.00000    0.52926
 131.50000    0.54317    0.00000    0.54317
 132.00000    0.56934    0.00000    0.56934
 132.50000    0.56281    0.00000    0.56281
 133.00000    0.55876    0.00000    0.55876
 133.50000    0.54795    0.00000    0.54795
 134.00000    0.55740    0.00000    0.55740
 134.50000    0.57654    0.00000    0.57654
 135.00000    0.60165    0.00000    0.60165
 135.50000    0.61753    0.00000    0.61753
 136.00000    0.58315    0.00000    0.58315
 136.50000    0.53116    0.00000    0.53116
 137.00000    0.55003    0.00000    0.55003
 137.50000    0.61115    0.00000    0.61115
 138.00000    0.59530    0.00000    0.59530
 138.50000    0.54170    0.00000    0.54170
 139.00000    0.51731    0.00000    0.51731
 139.50000    0.55105    0.00000    0.55105
 140.00000    0.57424    0.00000    0.57424
 140.50000    0.58005    0.00000    0.58005
 141.00000    0.59498    0.00000    0.59498
 141.50000    0.55990    0.00000    0.55990
 142.00000    0.58152    0.00000    0.58152
 142.50000    0.59240    0.00000    0.59240
 143.00000    0.66293    0.00000    0.66293
 143.50000    0.64520    0.00000    0.64520
 144.00000    0.60697    0.00000    0.60697
 144.50000    0.55004    0.00000    0.55004
 145.00000    0.58555    0.00000    0.58555
 145.50000    0.58822    0.00000    0.58822
 146.00000    0.54983    0.00000    0.54983
 146.50000    0.50856    0.00000    0.50856
 147.00000    0.56790    0.00000    0.56790
 147.50000    0.58163    0.00000    0.58163
 148.00000    0.56425    0.00000    0.56425
 148.50000    0.52912    0.00000    0.52912
 149.00000    0.55116    0.00000    0.55116
 149.50000    0.56365    0.00000    0.56365
 150.00000    0.48461    0.00000    0.48461
