   0.00000    0.47250    0.00000    0.47250
   0.50000    0.49594    0.00000    0.49594
   1.00000    0.51352    0.00000    0.51352
   1.50000    0.51589    0.00000    0.51589
   2.00000    0.51810    0.00000    0.51810
   2.50000    0.50365    0.00000    0.50365
   3.00000    0.52707    0.00000    0.52707
   3.50000    0.56335    0.00000    0.56335
   4.00000    0.54728    0.00000    0.54728
   4.50000    0.51815    0.00000    0.51815
   5.00000    0.48936    0.00000    0.48936
   5.50000    0.51147    0.00000    0.51147
   6.00000    0.49755    0.00000    0.49755
   6.50000    0.54255    0.00000    0.54255
   7.00000    0.54856    0.00000    0.54856
   7.50000    0.52235    0.00000    0.52235
   8.00000    0.47001    0.00000    0.47001
   8.50000    0.49489    0.00000    0.49489
   9.00000    0.51891    0.00000    0.51891
   9.50000    0.51201    0.00000    0.51201
  10.00000    0.52412    0.00000    0.52412
  10.50000    0.54943    0.00000    0.54943
  11.00000    0.55760    0.00000    0.55760
  11.50000    0.53093    0.00000    0.53093
  12.00000    0.50987    0.00000    0.50987
  12.50000    0.51070    0.00000    0.51070
  13.00000    0.49708    0.00000    0.49708
  13.50000    0.49932    0.00000    0.49932
  14.00000    0.50731    0.00000    0.50731
  14.50000    0.51897    0.00000    0.51897
  15.00000    0.53693    0.00000    0.53693
  15.50000    0.57560    0.00000    0.57560
  16.00000    0.54884    0.00000    0.54884
  16.50000    0.50930    0.00000    0.50930
  17.00000    0.51028    0.00000    0.51028
  17.50000    0.52896    0.00000    0.52896
  18.00000    0.52106    0.00000    0.52106
  18.50000    0.53934    0.00000    0.53934
  19.00000    0.56508    0.00000    0.56508
  19.50000    0.54696    0.00000    0.54696
  20.00000    0.52335    0.00000    0.52335
  20.50000    0.51066    0.00000    0.51066
  21.00000    0.51749    0.00000    0.51749
  21.50000    0.51329    0.00000    0.51329
  22.00000    0.51847    0.00000    0.51847
  22.50000    0.50090    0.00000    0.50090
  23.00000    0.50784    0.00000    0.50784
  23.50000    0.53695    0.00000    0.53695
  24.00000    0.56945    0.00000    0.56945
  24.50000    0.53426    0.00000    0.53426
  25.00000    0.48064    0.00000    0.48064
  25.50000    0.49998    0.00000    0.49998
  26.00000    0.51768    0.00000    0.51768
  26.50000    0.50927    0.00000    0.50927
  27.00000    0.49441    0.00000    0.49441
  27.50000    0.50270    0.00000    0.50270
  28.00000    0.51415    0.00000    0.51415
  28.50000    0.50849    0.00000    0.50849
  29.00000    0.52967    0.00000    0.52967
  29.50000    0.52759    0.00000    0.52759
  30.00000    0.51863    0.00000    0.51863
  30.50000    0.50981    0.00000    0.50981
  31.00000    0.49399    0.00000    0.49399
  31.50000    0.51717    0.00000    0.51717
  32.00000    0.52311    0.00000    0.52311
  32.50000    0.53167    0.00000    0.53167
  33.00000    0.53620    0.00000    0.53620
  33.50000    0.54513    0.00000    0.54513
  34.00000    0.53761    0.00000    0.53761
  34.50000    0.53685    0.00000    0.53685
  35.00000    0.53589    0.00000    0.53589
  35.50000    0.51309    0.00000    0.51309
  36.00000    0.50171    0.00000    0.50171
  36.50000    0.51337    0.00000    0.51337
  37.00000    0.51549    0.00000    0.51549
  37.50000    0.51845    0.00000    0.51845
  38.00000    0.52680    0.00000    0.52680
  38.50000    0.54920    0.00000    0.54920
  39.00000    0.53117    0.00000    0.53117
  39.50000    0.50326    0.00000    0.50326
  40.00000    0.50522    0.00000    0.50522
  40.50000    0.57037    0.00000    0.57037
  41.00000    0.59478    0.00000    0.59478
  41.50000    0.55681    0.00000    0.55681
  42.00000    0.50928    0.00000    0.50928
  42.50000    0.47196    0.00000    0.47196
  43.00000    0.47880    0.00000    0.47880
  43.50000    0.47828    0.00000    0.47828
  44.00000    0.50107    0.00000    0.50107
  44.50000    0.52402    0.00000    0.52402
  45.00000    0.51004    0.00000    0.51004
  45.50000    0.49274    0.00000    0.49274
  46.00000    0.47957    0.00000    0.47957
  46.50000    0.49473    0.00000    0.49473
  47.00000    0.49687    0.00000    0.49687
  47.50000    0.53669    0.00000    0.53669
  48.00000    0.56359    0.00000    0.56359
  48.50000    0.54417    0.00000    0.54417
  49.00000    0.54340    0.00000    0.54340
  49.50000    0.53323    0.00000    0.53323
  50.00000    0.52456    0.00000    0.52456
  50.50000    0.50599    0.00000    0.50599
  51.00000    0.51900    0.00000    0.51900
  51.50000    0.53877    0.00000    0.53877
  52.00000    0.54051    0.00000    0.54051
  52.50000    0.56581    0.00000    0.56581
  53.00000    0.52732    0.00000    0.52732
  53.50000    0.49036    0.00000    0.49036
  54.00000    0.48318    0.00000    0.48318
  54.50000    0.54298    0.00000    0.54298
  55.00000    0.53603    0.00000    0.53603
  55.50000    0.54432    0.00000    0.54432
  56.00000    0.53314    0.00000    0.53314
  56.50000    0.51285    0.00000    0.51285
  57.00000    0.49397    0.00000    0.49397
  57.50000    0.54511    0.00000    0.54511
  58.00000    0.58884    0.00000    0.58884
  58.50000    0.55850    0.00000    0.55850
  59.00000    0.53397    0.00000    0.53397
  59.50000    0.51673    0.00000    0.51673
  60.00000    0.51209    0.00000    0.51209
  60.50000    0.49949    0.00000    0.49949
  61.00000    0.53350    0.00000    0.53350
  61.50000    0.53426    0.00000    0.53426
  62.00000    0.53795    0.00000    0.53795
  62.50000    0.49761    0.00000    0.49761
  63.00000    0.52722    0.00000    0.52722
  63.50000    0.57026    0.00000    0.57026
  64.00000    0.58342    0.00000    0.58342
  64.50000    0.51636    0.00000    0.51636
  65.00000    0.49094    0.00000    0.49094
  65.50000    0.55869    0.00000    0.55869
  66.00000    0.58002    0.00000    0.58002
  66.50000    0.56231    0.00000    0.56231
  67.00000    0.52359    0.00000    0.52359
  67.50000    0.56191    0.00000    0.56191
  68.00000    0.59445    0.00000    0.59445
  68.50000    0.56700    0.00000    0.56700
  69.00000    0.51130    0.00000    0.51130
  69.50000    0.47981    0.00000    0.47981
  70.00000    0.50982    0.00000    0.50982
  70.50000    0.51453    0.00000    0.51453
  71.00000    0.50889    0.00000    0.50889
  71.50000    0.48238    0.00000    0.48238
  72.00000    0.47851    0.00000    0.47851
  72.50000    0.48349    0.00000    0.48349
  73.00000    0.49546    0.00000    0.49546
  73.50000    0.52700    0.00000    0.52700
  74.00000    0.54604    0.00000    0.54604
  74.50000    0.56626    0.00000    0.56626
  75.00000    0.53549    0.00000    0.53549
  75.50000    0.50861    0.00000    0.50861
  76.00000    0.47140    0.00000    0.47140
  76.50000    0.48788    0.00000    0.48788
  77.00000    0.50505    0.00000    0.50505
  77.50000    0.55045    0.00000    0.55045
  78.00000    0.54699    0.00000    0.54699
  78.50000    0.51624    0.00000    0.51624
  79.00000    0.50424    0.00000    0.50424
  79.50000    0.50003    0.00000    0.50003
  80.00000    0.53303    0.00000    0.53303
  80.50000    0.53954    0.00000    0.53954
  81.00000    0.52134    0.00000    0.52134
  81.50000    0.47306    0.00000    0.47306
  82.00000    0.46930    0.00000    0.46930
  82.50000    0.51043    0.00000    0.51043
  83.00000    0.52861    0.00000    0.52861
  83.50000    0.50529    0.00000    0.50529
  84.00000    0.50332    0.00000    0.50332
  84.50000    0.55303    0.00000    0.55303
  85.00000    0.57257    0.00000    0.57257
  85.50000    0.52984    0.00000    0.52984
  86.00000    0.49721    0.00000    0.49721
  86.50000    0.52913    0.00000    0.52913
  87.00000    0.53657    0.00000    0.53657
  87.50000    0.55865    0.00000    0.55865
  88.00000    0.53845    0.00000    0.53845
  88.50000    0.54415    0.00000    0.54415
  89.00000    0.52813    0.00000    0.52813
  89.50000    0.55141    0.00000    0.55141
  90.00000    0.54907    0.00000    0.54907
  90.50000    0.54454    0.00000    0.54454
  91.00000    0.50889    0.00000    0.50889
  91.50000    0.48820    0.00000    0.48820
  92.00000    0.51324    0.00000    0.51324
  92.50000    0.52072    0.00000    0.52072
  93.00000    0.50196    0.00000    0.50196
  93.50000    0.47834    0.00000    0.47834
  94.00000    0.46416    0.00000    0.46416
  94.50000    0.47641    0.00000    0.47641
  95.00000    0.50034    0.00000    0.50034
  95.50000    0.56179    0.00000    0.56179
  96.00000    0.54807    0.00000    0.54807
  96.50000    0.57012    0.00000    0.57012
  97.00000    0.54503    0.00000    0.54503
  97.50000    0.55725    0.00000    0.55725
  98.00000    0.51768    0.00000    0.51768
  98.50000    0.50934    0.00000    0.50934
  99.00000    0.50097    0.00000    0.50097
  99.50000    0.54233    0.00000    0.54233
 100.00000    0.54382    0.00000    0.54382
 100.50000    0.53929    0.00000    0.53929
 101.00000    0.53060    0.00000    0.53060
 101.50000    0.52598    0.00000    0.52598
 102.00000    0.47444    0.00000    0.47444
 102.50000    0.45171    0.00000    0.45171
 103.00000    0.48805    0.00000    0.48805
 103.50000    0.50208    0.00000    0.50208
 104.00000    0.50007    0.00000    0.50007
 104.50000    0.50870    0.00000    0.50870
 105.00000    0.55271    0.00000    0.55271
 105.50000    0.54136    0.00000    0.54136
 106.00000    0.50962    0.00000    0.50962
 106.50000    0.51999    0.00000    0.51999
 107.00000    0.55345    0.00000    0.55345
 107.50000    0.55788    0.00000    0.55788
 108.00000    0.56558    0.00000    0.56558
 108.50000    0.56050    0.00000    0.56050
 109.00000    0.56652    0.00000    0.56652
 109.50000    0.55066    0.00000    0.55066
 110.00000    0.53281    0.00000    0.53281
 110.50000    0.49228    0.00000    0.49228
 111.00000    0.49197    0.00000    0.49197
 111.50000    0.53499    0.00000    0.53499
 112.00000    0.53331    0.00000    0.53331
 112.50000    0.53405    0.00000    0.53405
 113.00000    0.53700    0.00000    0.53700
 113.50000    0.51787    0.00000    0.51787
 114.00000    0.49822    0.00000    0.49822
 114.50000    0.48606    0.00000    0.48606
 115.00000    0.49146    0.00000    0.49146
 115.50000    0.50406    0.00000    0.50406
 116.00000    0.57052    0.00000    0.57052
 116.50000    0.59592    0.00000    0.59592
 117.00000    0.56614    0.00000    0.56614
 117.50000    0.53172    0.00000    0.53172
 118.00000    0.53531    0.00000    0.53531
 118.50000    0.54177    0.00000    0.54177
 119.00000    0.53100    0.00000    0.53100
 119.50000    0.54643    0.00000    0.54643
 120.00000    0.55295    0.00000    0.55295
 120.50000    0.49407    0.00000    0.49407
 121.00000    0.50206    0.00000    0.50206
 121.50000    0.53290    0.00000    0.53290
 122.00000    0.54047    0.00000    0.54047
 122.50000    0.50385    0.00000    0.50385
 123.00000    0.52344    0.00000    0.52344
 123.50000    0.49643    0.00000    0.49643
 124.00000    0.48120    0.00000    0.48120
 124.50000    0.49974    0.00000    0.49974
 125.00000    0.55023    0.00000    0.55023
 125.50000    0.53864    0.00000    0.53864
 126.00000    0.51675    0.00000    0.51675
 126.50000    0.48351    0.00000    0.48351
 127.00000    0.52445    0.00000    0.52445
 127.50000    0.54203    0.00000    0.54203
 128.00000    0.53650    0.00000    0.53650
 128.50000    0.48985    0.00000    0.48985
 129.00000    0.49274    0.00000    0.49274
 129.50000    0.53183    0.00000    0.53183
 130.00000    0.56003    0.00000    0.56003
 130.50000    0.51766    0.00000    0.51766
 131.00000    0.47937    0.00000    0.47937
 131.50000    0.50249    0.00000    0.50249
 132.00000    0.53150    0.00000    0.53150
 132.50000    0.51298    0.00000    0.51298
 133.00000    0.49131    0.00000    0.49131
 133.50000    0.49099    0.00000    0.49099
 134.00000    0.51432    0.00000    0.51432
 134.50000    0.53550    0.00000    0.53550
 135.00000    0.55693    0.00000    0.55693
 135.50000    0.56369    0.00000    0.56369
 136.00000    0.54972    0.00000    0.54972
 136.50000    0.52116    0.00000    0.52116
 137.00000    0.52274    0.00000    0.52274
 137.50000    0.55869    0.00000    0.55869
 138.00000    0.54289    0.00000    0.54289
 138.50000    0.49925    0.00000    0.49925
 139.00000    0.47990    0.00000    0.47990
 139.50000    0.51472    0.00000    0.51472
 140.00000    0.52720    0.00000    0.52720
 140.50000    0.53856    0.00000    0.53856
 141.00000    0.55671    0.00000    0.55671
 141.50000    0.51412    0.00000    0.51412
 142.00000    0.52615    0.00000    0.52615
 142.50000    0.55362    0.00000    0.55362
 143.00000    0.62062    0.00000    0.62062
 143.50000    0.58468    0.00000    0.58468
 144.00000    0.54691    0.00000    0.54691
 144.50000    0.50847    0.00000    0.50847
 145.00000    0.54199    0.00000    0.54199
 145.50000    0.55937    0.00000    0.55937
 146.00000    0.53544    0.00000    0.53544
 146.50000    0.49798    0.00000    0.49798
 147.00000    0.51494    0.00000    0.51494
 147.50000    0.53134    0.00000    0.53134
 148.00000    0.51887    0.00000    0.51887
 148.50000    0.50002    0.00000    0.50002
 149.00000    0.49636    0.00000    0.49636
 149.50000    0.50268    0.00000    0.50268
 150.00000    0.45964    0.00000    0.45964
