   0.00000    0.40477    0.00000    0.40477
   0.50000    0.46334    0.00000    0.46334
   1.00000    0.46059    0.00000    0.46059
   1.50000    0.45295    0.00000    0.45295
   2.00000    0.47000    0.00000    0.47000
   2.50000    0.48495    0.00000    0.48495
   3.00000    0.48844    0.00000    0.48844
   3.50000    0.50864    0.00000    0.50864
   4.00000    0.49105    0.00000    0.49105
   4.50000    0.48474    0.00000    0.48474
   5.00000    0.46689    0.00000    0.46689
   5.50000    0.47849    0.00000    0.47849
   6.00000    0.46431    0.00000    0.46431
   6.50000    0.51857    0.00000    0.51857
   7.00000    0.54459    0.00000    0.54459
   7.50000    0.50223    0.00000    0.50223
   8.00000    0.44363    0.00000    0.44363
   8.50000    0.45953    0.00000    0.45953
   9.00000    0.49278    0.00000    0.49278
   9.50000    0.48709    0.00000    0.48709
  10.00000    0.48187    0.00000    0.48187
  10.50000    0.49239    0.00000    0.49239
  11.00000    0.49487    0.00000    0.49487
  11.50000    0.49245    0.00000    0.49245
  12.00000    0.48034    0.00000    0.48034
  12.50000    0.48204    0.00000    0.48204
  13.00000    0.46852    0.00000    0.46852
  13.50000    0.48379    0.00000    0.48379
  14.00000    0.47520    0.00000    0.47520
  14.50000    0.46584    0.00000    0.46584
  15.00000    0.46753    0.00000    0.46753
  15.50000    0.49554    0.00000    0.49554
  16.00000    0.50260    0.00000    0.50260
  16.50000    0.49908    0.00000    0.49908
  17.00000    0.51079    0.00000    0.51079
  17.50000    0.49314    0.00000    0.49314
  18.00000    0.49180    0.00000    0.49180
  18.50000    0.52278    0.00000    0.52278
  19.00000    0.54488    0.00000    0.54488
  19.50000    0.51592    0.00000    0.51592
  20.00000    0.50008    0.00000    0.50008
  20.50000    0.48022    0.00000    0.48022
  21.00000    0.46650    0.00000    0.46650
  21.50000    0.47111    0.00000    0.47111
  22.00000    0.49028    0.00000    0.49028
  22.50000    0.49118    0.00000    0.49118
  23.00000    0.49196    0.00000    0.49196
  23.50000    0.50911    0.00000    0.50911
  24.00000    0.51707    0.00000    0.51707
  24.50000    0.48886    0.00000    0.48886
  25.00000    0.47404    0.00000    0.47404
  25.50000    0.46552    0.00000    0.46552
  26.00000    0.47935    0.00000    0.47935
  26.50000    0.49572    0.00000    0.49572
  27.00000    0.50710    0.00000    0.50710
  27.50000    0.47891    0.00000    0.47891
  28.00000    0.47344    0.00000    0.47344
  28.50000    0.48140    0.00000    0.48140
  29.00000    0.48637    0.00000    0.48637
  29.50000    0.49713    0.00000    0.49713
  30.00000    0.50569    0.00000    0.50569
  30.50000    0.50637    0.00000    0.50637
  31.00000    0.48998    0.00000    0.48998
  31.50000    0.51574    0.00000    0.51574
  32.00000    0.50293    0.00000    0.50293
  32.50000    0.50276    0.00000    0.50276
  33.00000    0.48246    0.00000    0.48246
  33.50000    0.48627    0.00000    0.48627
  34.00000    0.48134    0.00000    0.48134
  34.50000    0.48334    0.00000    0.48334
  35.00000    0.49378    0.00000    0.49378
  35.50000    0.49501    0.00000    0.49501
  36.00000    0.51336    0.00000    0.51336
  36.50000    0.48642    0.00000    0.48642
  37.00000    0.46334    0.00000    0.46334
  37.50000    0.46506    0.00000    0.46506
  38.00000    0.49608    0.00000    0.49608
  38.50000    0.51087    0.00000    0.51087
  39.00000    0.49183    0.00000    0.49183
  39.50000    0.45541    0.00000    0.45541
  40.00000    0.46896    0.00000    0.46896
  40.50000    0.52350    0.00000    0.52350
  41.00000    0.54625    0.00000    0.54625
  41.50000    0.50857    0.00000    0.50857
  42.00000    0.49147    0.00000    0.49147
  42.50000    0.46438    0.00000    0.46438
  43.00000    0.47892    0.00000    0.47892
  43.50000    0.48517    0.00000    0.48517
  44.00000    0.50055    0.00000    0.50055
  44.50000    0.50295    0.00000    0.50295
  45.00000    0.51744    0.00000    0.51744
  45.50000    0.51259    0.00000    0.51259
  46.00000    0.49270    0.00000    0.49270
  46.50000    0.47126    0.00000    0.47126
  47.00000    0.48689    0.00000    0.48689
  47.50000    0.51013    0.00000    0.51013
  48.00000    0.53397    0.00000    0.53397
  48.50000    0.47991    0.00000    0.47991
  49.00000    0.48393    0.00000    0.48393
  49.50000    0.50889    0.00000    0.50889
  50.00000    0.54114    0.00000    0.54114
  50.50000    0.52127    0.00000    0.52127
  51.00000    0.50040    0.00000    0.50040
  51.50000    0.50580    0.00000    0.50580
  52.00000    0.50632    0.00000    0.50632
  52.50000    0.52513    0.00000    0.52513
  53.00000    0.49631    0.00000    0.49631
  53.50000    0.46954    0.00000    0.46954
  54.00000    0.49574    0.00000    0.49574
  54.50000    0.51994    0.00000    0.51994
  55.00000    0.52538    0.00000    0.52538
  55.50000    0.51768    0.00000    0.51768
  56.00000    0.51941    0.00000    0.51941
  56.50000    0.47666    0.00000    0.47666
  57.00000    0.43988    0.00000    0.43988
  57.50000    0.47813    0.00000    0.47813
  58.00000    0.51926    0.00000    0.51926
  58.50000    0.52265    0.00000    0.52265
  59.00000    0.48039    0.00000    0.48039
  59.50000    0.45837    0.00000    0.45837
  60.00000    0.44594    0.00000    0.44594
  60.50000    0.44562    0.00000    0.44562
  61.00000    0.50405    0.00000    0.50405
  61.50000    0.51391    0.00000    0.51391
  62.00000    0.52307    0.00000    0.52307
  62.50000    0.46986    0.00000    0.46986
  63.00000    0.48739    0.00000    0.48739
  63.50000    0.51449    0.00000    0.51449
  64.00000    0.53386    0.00000    0.53386
  64.50000    0.49508    0.00000    0.49508
  65.00000    0.45373    0.00000    0.45373
  65.50000    0.48856    0.00000    0.48856
  66.00000    0.49759    0.00000    0.49759
  66.50000    0.50243    0.00000    0.50243
  67.00000    0.47718    0.00000    0.47718
  67.50000    0.49640    0.00000    0.49640
  68.00000    0.50959    0.00000    0.50959
  68.50000    0.48899    0.00000    0.48899
  69.00000    0.45849    0.00000    0.45849
  69.50000    0.45170    0.00000    0.45170
  70.00000    0.46373    0.00000    0.46373
  70.50000    0.48385    0.00000    0.48385
  71.00000    0.47580    0.00000    0.47580
  71.50000    0.46727    0.00000    0.46727
  72.00000    0.48068    0.00000    0.48068
  72.50000    0.50593    0.00000    0.50593
  73.00000    0.50821    0.00000    0.50821
  73.50000    0.49702    0.00000    0.49702
  74.00000    0.51937    0.00000    0.51937
  74.50000    0.53754    0.00000    0.53754
  75.00000    0.51835    0.00000    0.51835
  75.50000    0.50106    0.00000    0.50106
  76.00000    0.47379    0.00000    0.47379
  76.50000    0.48419    0.00000    0.48419
  77.00000    0.46790    0.00000    0.46790
  77.50000    0.49055    0.00000    0.49055
  78.00000    0.49131    0.00000    0.49131
  78.50000    0.47756    0.00000    0.47756
  79.00000    0.46114    0.00000    0.46114
  79.50000    0.45340    0.00000    0.45340
  80.00000    0.49376    0.00000    0.49376
  80.50000    0.49454    0.00000    0.49454
  81.00000    0.47531    0.00000    0.47531
  81.50000    0.44705    0.00000    0.44705
  82.00000    0.45001    0.00000    0.45001
  82.50000    0.47985    0.00000    0.47985
  83.00000    0.49385    0.00000    0.49385
  83.50000    0.49607    0.00000    0.49607
  84.00000    0.47635    0.00000    0.47635
  84.50000    0.51269    0.00000    0.51269
  85.00000    0.52550    0.00000    0.52550
  85.50000    0.50598    0.00000    0.50598
  86.00000    0.46768    0.00000    0.46768
  86.50000    0.48491    0.00000    0.48491
  87.00000    0.50710    0.00000    0.50710
  87.50000    0.50044    0.00000    0.50044
  88.00000    0.49980    0.00000    0.49980
  88.50000    0.49884    0.00000    0.49884
  89.00000    0.52695    0.00000    0.52695
  89.50000    0.51663    0.00000    0.51663
  90.00000    0.50268    0.00000    0.50268
  90.50000    0.45445    0.00000    0.45445
  91.00000    0.46047    0.00000    0.46047
  91.50000    0.49998    0.00000    0.49998
  92.00000    0.52593    0.00000    0.52593
  92.50000    0.49316    0.00000    0.49316
  93.00000    0.46296    0.00000    0.46296
  93.50000    0.45230    0.00000    0.45230
  94.00000    0.46550    0.00000    0.46550
  94.50000    0.45763    0.00000    0.45763
  95.00000    0.47641    0.00000    0.47641
  95.50000    0.50960    0.00000    0.50960
  96.00000    0.53387    0.00000    0.53387
  96.50000    0.52334    0.00000    0.52334
  97.00000    0.49810    0.00000    0.49810
  97.50000    0.48808    0.00000    0.48808
  98.00000    0.49309    0.00000    0.49309
  98.50000    0.48896    0.00000    0.48896
  99.00000    0.48370    0.00000    0.48370
  99.50000    0.48140    0.00000    0.48140
 100.00000    0.50347    0.00000    0.50347
 100.50000    0.51839    0.00000    0.51839
 101.00000    0.54129    0.00000    0.54129
 101.50000    0.49286    0.00000    0.49286
 102.00000    0.43560    0.00000    0.43560
 102.50000    0.41499    0.00000    0.41499
 103.00000    0.45242    0.00000    0.45242
 103.50000    0.46153    0.00000    0.46153
 104.00000    0.45510    0.00000    0.45510
 104.50000    0.46807    0.00000    0.46807
 105.00000    0.51256    0.00000    0.51256
 105.50000    0.50230    0.00000    0.50230
 106.00000    0.47520    0.00000    0.47520
 106.50000    0.46866    0.00000    0.46866
 107.00000    0.51053    0.00000    0.51053
 107.50000    0.49685    0.00000    0.49685
 108.00000    0.51444    0.00000    0.51444
 108.50000    0.49732    0.00000    0.49732
 109.00000    0.50598    0.00000    0.50598
 109.50000    0.49166    0.00000    0.49166
 110.00000    0.51152    0.00000    0.51152
 110.50000    0.49594    0.00000    0.49594
 111.00000    0.48991    0.00000    0.48991
 111.50000    0.50198    0.00000    0.50198
 112.00000    0.50954    0.00000    0.50954
 112.50000    0.51668    0.00000    0.51668
 113.00000    0.52605    0.00000    0.52605
 113.50000    0.47505    0.00000    0.47505
 114.00000    0.44288    0.00000    0.44288
 114.50000    0.42769    0.00000    0.42769
 115.00000    0.46922    0.00000    0.46922
 115.50000    0.47782    0.00000    0.47782
 116.00000    0.54455    0.00000    0.54455
 116.50000    0.52301    0.00000    0.52301
 117.00000    0.49003    0.00000    0.49003
 117.50000    0.47706    0.00000    0.47706
 118.00000    0.50623    0.00000    0.50623
 118.50000    0.50125    0.00000    0.50125
 119.00000    0.49824    0.00000    0.49824
 119.50000    0.51364    0.00000    0.51364
 120.00000    0.51908    0.00000    0.51908
 120.50000    0.48767    0.00000    0.48767
 121.00000    0.49237    0.00000    0.49237
 121.50000    0.48616    0.00000    0.48616
 122.00000    0.49110    0.00000    0.49110
 122.50000    0.48071    0.00000    0.48071
 123.00000    0.50921    0.00000    0.50921
 123.50000    0.50243    0.00000    0.50243
 124.00000    0.47733    0.00000    0.47733
 124.50000    0.46514    0.00000    0.46514
 125.00000    0.45879    0.00000    0.45879
 125.50000    0.48137    0.00000    0.48137
 126.00000    0.48472    0.00000    0.48472
 126.50000    0.49371    0.00000    0.49371
 127.00000    0.48779    0.00000    0.48779
 127.50000    0.48222    0.00000    0.48222
 128.00000    0.46759    0.00000    0.46759
 128.50000    0.45621    0.00000    0.45621
 129.00000    0.45923    0.00000    0.45923
 129.50000    0.47374    0.00000    0.47374
 130.00000    0.49265    0.00000    0.49265
 130.50000    0.47744    0.00000    0.47744
 131.00000    0.48300    0.00000    0.48300
 131.50000    0.49022    0.00000    0.49022
 132.00000    0.50141    0.00000    0.50141
 132.50000    0.49427    0.00000    0.49427
 133.00000    0.46365    0.00000    0.46365
 133.50000    0.47123    0.00000    0.47123
 134.00000    0.49905    0.00000    0.49905
 134.50000    0.51014    0.00000    0.51014
 135.00000    0.48533    0.00000    0.48533
 135.50000    0.50430    0.00000    0.50430
 136.00000    0.52567    0.00000    0.52567
 136.50000    0.51641    0.00000    0.51641
 137.00000    0.51526    0.00000    0.51526
 137.50000    0.52137    0.00000    0.52137
 138.00000    0.51616    0.00000    0.51616
 138.50000    0.49639    0.00000    0.49639
 139.00000    0.48236    0.00000    0.48236
 139.50000    0.49530    0.00000    0.49530
 140.00000    0.49260    0.00000    0.49260
 140.50000    0.48606    0.00000    0.48606
 141.00000    0.50433    0.00000    0.50433
 141.50000    0.50156    0.00000    0.50156
 142.00000    0.51124    0.00000    0.51124
 142.50000    0.51300    0.00000    0.51300
 143.00000    0.55024    0.00000    0.55024
 143.50000    0.54419    0.00000    0.54419
 144.00000    0.51010    0.00000    0.51010
 144.50000    0.45510    0.00000    0.45510
 145.00000    0.47809    0.00000    0.47809
 145.50000    0.52332    0.00000    0.52332
 146.00000    0.49348    0.00000    0.49348
 146.50000    0.44298    0.00000    0.44298
 147.00000    0.48489    0.00000    0.48489
 147.50000    0.51938    0.00000    0.51938
 148.00000    0.51220    0.00000    0.51220
 148.50000    0.47974    0.00000    0.47974
 149.00000    0.48242    0.00000    0.48242
 149.50000    0.47953    0.00000    0.47953
 150.00000    0.48553    0.00000    0.48553
