   0.00000    0.45075    0.00000    0.45075
   0.50000    0.49187    0.00000    0.49187
   1.00000    0.49651    0.00000    0.49651
   1.50000    0.49749    0.00000    0.49749
   2.00000    0.50703    0.00000    0.50703
   2.50000    0.50427    0.00000    0.50427
   3.00000    0.51617    0.00000    0.51617
   3.50000    0.53313    0.00000    0.53313
   4.00000    0.51871    0.00000    0.51871
   4.50000    0.50325    0.00000    0.50325
   5.00000    0.51350    0.00000    0.51350
   5.50000    0.52496    0.00000    0.52496
   6.00000    0.50971    0.00000    0.50971
   6.50000    0.54466    0.00000    0.54466
   7.00000    0.56178    0.00000    0.56178
   7.50000    0.51946    0.00000    0.51946
   8.00000    0.46733    0.00000    0.46733
   8.50000    0.49181    0.00000    0.49181
   9.00000    0.52615    0.00000    0.52615
   9.50000    0.51262    0.00000    0.51262
  10.00000    0.50232    0.00000    0.50232
  10.50000    0.53277    0.00000    0.53277
  11.00000    0.54524    0.00000    0.54524
  11.50000    0.52038    0.00000    0.52038
  12.00000    0.50487    0.00000    0.50487
  12.50000    0.51648    0.00000    0.51648
  13.00000    0.50033    0.00000    0.50033
  13.50000    0.51074    0.00000    0.51074
  14.00000    0.50262    0.00000    0.50262
  14.50000    0.51410    0.00000    0.51410
  15.00000    0.50529    0.00000    0.50529
  15.50000    0.53176    0.00000    0.53176
  16.00000    0.51529    0.00000    0.51529
  16.50000    0.52640    0.00000    0.52640
  17.00000    0.53891    0.00000    0.53891
  17.50000    0.52357    0.00000    0.52357
  18.00000    0.51628    0.00000    0.51628
  18.50000    0.55432    0.00000    0.55432
  19.00000    0.57538    0.00000    0.57538
  19.50000    0.53617    0.00000    0.53617
  20.00000    0.52461    0.00000    0.52461
  20.50000    0.51096    0.00000    0.51096
  21.00000    0.50178    0.00000    0.50178
  21.50000    0.50393    0.00000    0.50393
  22.00000    0.53346    0.00000    0.53346
  22.50000    0.52829    0.00000    0.52829
  23.00000    0.52469    0.00000    0.52469
  23.50000    0.53892    0.00000    0.53892
  24.00000    0.55131    0.00000    0.55131
  24.50000    0.52464    0.00000    0.52464
  25.00000    0.50110    0.00000    0.50110
  25.50000    0.49644    0.00000    0.49644
  26.00000    0.51219    0.00000    0.51219
  26.50000    0.53276    0.00000    0.53276
  27.00000    0.53062    0.00000    0.53062
  27.50000    0.48938    0.00000    0.48938
  28.00000    0.49942    0.00000    0.49942
  28.50000    0.51625    0.00000    0.51625
  29.00000    0.52439    0.00000    0.52439
  29.50000    0.53344    0.00000    0.53344
  30.00000    0.54611    0.00000    0.54611
  30.50000    0.53663    0.00000    0.53663
  31.00000    0.51082    0.00000    0.51082
  31.50000    0.53865    0.00000    0.53865
  32.00000    0.52652    0.00000    0.52652
  32.50000    0.53494    0.00000    0.53494
  33.00000    0.52438    0.00000    0.52438
  33.50000    0.52314    0.00000    0.52314
  34.00000    0.50992    0.00000    0.50992
  34.50000    0.52045    0.00000    0.52045
  35.00000    0.52857    0.00000    0.52857
  35.50000    0.52056    0.00000    0.52056
  36.00000    0.53864    0.00000    0.53864
  36.50000    0.53122    0.00000    0.53122
  37.00000    0.51215    0.00000    0.51215
  37.50000    0.48598    0.00000    0.48598
  38.00000    0.50946    0.00000    0.50946
  38.50000    0.52669    0.00000    0.52669
  39.00000    0.52705    0.00000    0.52705
  39.50000    0.48209    0.00000    0.48209
  40.00000    0.49966    0.00000    0.49966
  40.50000    0.55695    0.00000    0.55695
  41.00000    0.60107    0.00000    0.60107
  41.50000    0.56371    0.00000    0.56371
  42.00000    0.53293    0.00000    0.53293
  42.50000    0.48516    0.00000    0.48516
  43.00000    0.49915    0.00000    0.49915
  43.50000    0.51541    0.00000    0.51541
  44.00000    0.52122    0.00000    0.52122
  44.50000    0.51596    0.00000    0.51596
  45.00000    0.52762    0.00000    0.52762
  45.50000    0.54324    0.00000    0.54324
  46.00000    0.53332    0.00000    0.53332
  46.50000    0.52113    0.00000    0.52113
  47.00000    0.51948    0.00000    0.51948
  47.50000    0.53135    0.00000    0.53135
  48.00000    0.56499    0.00000    0.56499
  48.50000    0.52825    0.00000    0.52825
  49.00000    0.52402    0.00000    0.52402
  49.50000    0.53729    0.00000    0.53729
  50.00000    0.55428    0.00000    0.55428
  50.50000    0.53743    0.00000    0.53743
  51.00000    0.51982    0.00000    0.51982
  51.50000    0.54226    0.00000    0.54226
  52.00000    0.54600    0.00000    0.54600
  52.50000    0.57221    0.00000    0.57221
  53.00000    0.53538    0.00000    0.53538
  53.50000    0.50549    0.00000    0.50549
  54.00000    0.52472    0.00000    0.52472
  54.50000    0.54678    0.00000    0.54678
  55.00000    0.54194    0.00000    0.54194
  55.50000    0.54954    0.00000    0.54954
  56.00000    0.54961    0.00000    0.54961
  56.50000    0.50237    0.00000    0.50237
  57.00000    0.46823    0.00000    0.46823
  57.50000    0.51241    0.00000    0.51241
  58.00000    0.54407    0.00000    0.54407
  58.50000    0.55096    0.00000    0.55096
  59.00000    0.51585    0.00000    0.51585
  59.50000    0.49321    0.00000    0.49321
  60.00000    0.48252    0.00000    0.48252
  60.50000    0.49735    0.00000    0.49735
  61.00000    0.52869    0.00000    0.52869
  61.50000    0.53729    0.00000    0.53729
  62.00000    0.55373    0.00000    0.55373
  62.50000    0.51413    0.00000    0.51413
  63.00000    0.51074    0.00000    0.51074
  63.50000    0.55316    0.00000    0.55316
  64.00000    0.57318    0.00000    0.57318
  64.50000    0.53309    0.00000    0.53309
  65.00000    0.46866    0.00000    0.46866
  65.50000    0.51145    0.00000    0.51145
  66.00000    0.52603    0.00000    0.52603
  66.50000    0.53868    0.00000    0.53868
  67.00000    0.51065    0.00000    0.51065
  67.50000    0.53108    0.00000    0.53108
  68.00000    0.54904    0.00000    0.54904
  68.50000    0.52720    0.00000    0.52720
  69.00000    0.49569    0.00000    0.49569
  69.50000    0.48153    0.00000    0.48153
  70.00000    0.50940    0.00000    0.50940
  70.50000    0.54173    0.00000    0.54173
  71.00000    0.51975    0.00000    0.51975
  71.50000    0.49105    0.00000    0.49105
  72.00000    0.50979    0.00000    0.50979
  72.50000    0.54556    0.00000    0.54556
  73.00000    0.53669    0.00000    0.53669
  73.50000    0.53408    0.00000    0.53408
  74.00000    0.56376    0.00000    0.56376
  74.50000    0.59005    0.00000    0.59005
  75.00000    0.55585    0.00000    0.55585
  75.50000    0.52326    0.00000    0.52326
  76.00000    0.48465    0.00000    0.48465
  76.50000    0.51409    0.00000    0.51409
  77.00000    0.52650    0.00000    0.52650
  77.50000    0.54845    0.00000    0.54845
  78.00000    0.53286    0.00000    0.53286
  78.50000    0.50823    0.00000    0.50823
  79.00000    0.49292    0.00000    0.49292
  79.50000    0.47829    0.00000    0.47829
  80.00000    0.51529    0.00000    0.51529
  80.50000    0.53736    0.00000    0.53736
  81.00000    0.52043    0.00000    0.52043
  81.50000    0.48497    0.00000    0.48497
  82.00000    0.47277    0.00000    0.47277
  82.50000    0.50549    0.00000    0.50549
  83.00000    0.51566    0.00000    0.51566
  83.50000    0.51644    0.00000    0.51644
  84.00000    0.50672    0.00000    0.50672
  84.50000    0.54884    0.00000    0.54884
  85.00000    0.56375    0.00000    0.56375
  85.50000    0.52536    0.00000    0.52536
  86.00000    0.48620    0.00000    0.48620
  86.50000    0.51015    0.00000    0.51015
  87.00000    0.54147    0.00000    0.54147
  87.50000    0.54161    0.00000    0.54161
  88.00000    0.54134    0.00000    0.54134
  88.50000    0.53446    0.00000    0.53446
  89.00000    0.55063    0.00000    0.55063
  89.50000    0.53712    0.00000    0.53712
  90.00000    0.52236    0.00000    0.52236
  90.50000    0.48460    0.00000    0.48460
  91.00000    0.49737    0.00000    0.49737
  91.50000    0.53481    0.00000    0.53481
  92.00000    0.56059    0.00000    0.56059
  92.50000    0.52784    0.00000    0.52784
  93.00000    0.49954    0.00000    0.49954
  93.50000    0.48710    0.00000    0.48710
  94.00000    0.49857    0.00000    0.49857
  94.50000    0.48323    0.00000    0.48323
  95.00000    0.51209    0.00000    0.51209
  95.50000    0.55071    0.00000    0.55071
  96.00000    0.57812    0.00000    0.57812
  96.50000    0.55510    0.00000    0.55510
  97.00000    0.51943    0.00000    0.51943
  97.50000    0.51451    0.00000    0.51451
  98.00000    0.53438    0.00000    0.53438
  98.50000    0.53305    0.00000    0.53305
  99.00000    0.50771    0.00000    0.50771
  99.50000    0.50250    0.00000    0.50250
 100.00000    0.53318    0.00000    0.53318
 100.50000    0.55441    0.00000    0.55441
 101.00000    0.56286    0.00000    0.56286
 101.50000    0.51316    0.00000    0.51316
 102.00000    0.46116    0.00000    0.46116
 102.50000    0.44469    0.00000    0.44469
 103.00000    0.47820    0.00000    0.47820
 103.50000    0.49275    0.00000    0.49275
 104.00000    0.49601    0.00000    0.49601
 104.50000    0.51419    0.00000    0.51419
 105.00000    0.55828    0.00000    0.55828
 105.50000    0.54447    0.00000    0.54447
 106.00000    0.52166    0.00000    0.52166
 106.50000    0.52328    0.00000    0.52328
 107.00000    0.54897    0.00000    0.54897
 107.50000    0.53415    0.00000    0.53415
 108.00000    0.53374    0.00000    0.53374
 108.50000    0.53713    0.00000    0.53713
 109.00000    0.53728    0.00000    0.53728
 109.50000    0.53055    0.00000    0.53055
 110.00000    0.53571    0.00000    0.53571
 110.50000    0.54022    0.00000    0.54022
 111.00000    0.53046    0.00000    0.53046
 111.50000    0.53511    0.00000    0.53511
 112.00000    0.52826    0.00000    0.52826
 112.50000    0.53494    0.00000    0.53494
 113.00000    0.55431    0.00000    0.55431
 113.50000    0.52997    0.00000    0.52997
 114.00000    0.50274    0.00000    0.50274
 114.50000    0.47402    0.00000    0.47402
 115.00000    0.49347    0.00000    0.49347
 115.50000    0.48608    0.00000    0.48608
 116.00000    0.55802    0.00000    0.55802
 116.50000    0.56375    0.00000    0.56375
 117.00000    0.53431    0.00000    0.53431
 117.50000    0.50651    0.00000    0.50651
 118.00000    0.53048    0.00000    0.53048
 118.50000    0.53848    0.00000    0.53848
 119.00000    0.53499    0.00000    0.53499
 119.50000    0.54432    0.00000    0.54432
 120.00000    0.54431    0.00000    0.54431
 120.50000    0.51008    0.00000    0.51008
 121.00000    0.51943    0.00000    0.51943
 121.50000    0.51706    0.00000    0.51706
 122.00000    0.53926    0.00000    0.53926
 122.50000    0.53909    0.00000    0.53909
 123.00000    0.56561    0.00000    0.56561
 123.50000    0.53961    0.00000    0.53961
 124.00000    0.51496    0.00000    0.51496
 124.50000    0.50952    0.00000    0.50952
 125.00000    0.51301    0.00000    0.51301
 125.50000    0.52201    0.00000    0.52201
 126.00000    0.51800    0.00000    0.51800
 126.50000    0.52765    0.00000    0.52765
 127.00000    0.54175    0.00000    0.54175
 127.50000    0.53901    0.00000    0.53901
 128.00000    0.51230    0.00000    0.51230
 128.50000    0.48120    0.00000    0.48120
 129.00000    0.47961    0.00000    0.47961
 129.50000    0.50057    0.00000    0.50057
 130.00000    0.52457    0.00000    0.52457
 130.50000    0.49996    0.00000    0.49996
 131.00000    0.51544    0.00000    0.51544
 131.50000    0.53970    0.00000    0.53970
 132.00000    0.54774    0.00000    0.54774
 132.50000    0.51692    0.00000    0.51692
 133.00000    0.48712    0.00000    0.48712
 133.50000    0.50364    0.00000    0.50364
 134.00000    0.54058    0.00000    0.54058
 134.50000    0.53977    0.00000    0.53977
 135.00000    0.50718    0.00000    0.50718
 135.50000    0.51617    0.00000    0.51617
 136.00000    0.55125    0.00000    0.55125
 136.50000    0.55356    0.00000    0.55356
 137.00000    0.56338    0.00000    0.56338
 137.50000    0.57864    0.00000    0.57864
 138.00000    0.56711    0.00000    0.56711
 138.50000    0.53333    0.00000    0.53333
 139.00000    0.51022    0.00000    0.51022
 139.50000    0.53503    0.00000    0.53503
 140.00000    0.55056    0.00000    0.55056
 140.50000    0.53853    0.00000    0.53853
 141.00000    0.55667    0.00000    0.55667
 141.50000    0.54592    0.00000    0.54592
 142.00000    0.54580    0.00000    0.54580
 142.50000    0.52905    0.00000    0.52905
 143.00000    0.56612    0.00000    0.56612
 143.50000    0.56535    0.00000    0.56535
 144.00000    0.53206    0.00000    0.53206
 144.50000    0.48209    0.00000    0.48209
 145.00000    0.50143    0.00000    0.50143
 145.50000    0.53124    0.00000    0.53124
 146.00000    0.50486    0.00000    0.50486
 146.50000    0.47960    0.00000    0.47960
 147.00000    0.53992    0.00000    0.53992
 147.50000    0.56230    0.00000    0.56230
 148.00000    0.54330    0.00000    0.54330
 148.50000    0.52545    0.00000    0.52545
 149.00000    0.51701    0.00000    0.51701
 149.50000    0.49190    0.00000    0.49190
 150.00000    0.53381    0.00000    0.53381
