   0.00000    0.40961    0.00000    0.40961
   0.50000    0.51562    0.00000    0.51562
   1.00000    0.49392    0.00000    0.49392
   1.50000    0.45451    0.00000    0.45451
   2.00000    0.45482    0.00000    0.45482
   2.50000    0.45174    0.00000    0.45174
   3.00000    0.47358    0.00000    0.47358
   3.50000    0.50910    0.00000    0.50910
   4.00000    0.50993    0.00000    0.50993
   4.50000    0.46606    0.00000    0.46606
   5.00000    0.44905    0.00000    0.44905
   5.50000    0.49089    0.00000    0.49089
   6.00000    0.48916    0.00000    0.48916
   6.50000    0.49073    0.00000    0.49073
   7.00000    0.48684    0.00000    0.48684
   7.50000    0.47274    0.00000    0.47274
   8.00000    0.45401    0.00000    0.45401
   8.50000    0.47366    0.00000    0.47366
   9.00000    0.48869    0.00000    0.48869
   9.50000    0.47000    0.00000    0.47000
  10.00000    0.47144    0.00000    0.47144
  10.50000    0.50849    0.00000    0.50849
  11.00000    0.50610    0.00000    0.50610
  11.50000    0.50603    0.00000    0.50603
  12.00000    0.48415    0.00000    0.48415
  12.50000    0.49190    0.00000    0.49190
  13.00000    0.46976    0.00000    0.46976
  13.50000    0.50427    0.00000    0.50427
  14.00000    0.48159    0.00000    0.48159
  14.50000    0.48837    0.00000    0.48837
  15.00000    0.48077    0.00000    0.48077
  15.50000    0.53589    0.00000    0.53589
  16.00000    0.52402    0.00000    0.52402
  16.50000    0.52353    0.00000    0.52353
  17.00000    0.50001    0.00000    0.50001
  17.50000    0.49750    0.00000    0.49750
  18.00000    0.47749    0.00000    0.47749
  18.50000    0.49780    0.00000    0.49780
  19.00000    0.48890    0.00000    0.48890
  19.50000    0.49658    0.00000    0.49658
  20.00000    0.52444    0.00000    0.52444
  20.50000    0.51406    0.00000    0.51406
  21.00000    0.47048    0.00000    0.47048
  21.50000    0.45695    0.00000    0.45695
  22.00000    0.49491    0.00000    0.49491
  22.50000    0.50196    0.00000    0.50196
  23.00000    0.48923    0.00000    0.48923
  23.50000    0.51766    0.00000    0.51766
  24.00000    0.52306    0.00000    0.52306
  24.50000    0.50001    0.00000    0.50001
  25.00000    0.46888    0.00000    0.46888
  25.50000    0.47083    0.00000    0.47083
  26.00000    0.48083    0.00000    0.48083
  26.50000    0.49273    0.00000    0.49273
  27.00000    0.50277    0.00000    0.50277
  27.50000    0.49928    0.00000    0.49928
  28.00000    0.50415    0.00000    0.50415
  28.50000    0.49117    0.00000    0.49117
  29.00000    0.48111    0.00000    0.48111
  29.50000    0.49171    0.00000    0.49171
  30.00000    0.50569    0.00000    0.50569
  30.50000    0.50472    0.00000    0.50472
  31.00000    0.50227    0.00000    0.50227
  31.50000    0.50444    0.00000    0.50444
  32.00000    0.48667    0.00000    0.48667
  32.50000    0.48729    0.00000    0.48729
  33.00000    0.48366    0.00000    0.48366
  33.50000    0.48056    0.00000    0.48056
  34.00000    0.45164    0.00000    0.45164
  34.50000    0.46855    0.00000    0.46855
  35.00000    0.46762    0.00000    0.46762
  35.50000    0.48286    0.00000    0.48286
  36.00000    0.49526    0.00000    0.49526
  36.50000    0.50250    0.00000    0.50250
  37.00000    0.45165    0.00000    0.45165
  37.50000    0.45857    0.00000    0.45857
  38.00000    0.49762    0.00000    0.49762
  38.50000    0.51691    0.00000    0.51691
  39.00000    0.48292    0.00000    0.48292
  39.50000    0.47050    0.00000    0.47050
  40.00000    0.49819    0.00000    0.49819
  40.50000    0.54277    0.00000    0.54277
  41.00000    0.54769    0.00000    0.54769
  41.50000    0.51207    0.00000    0.51207
  42.00000    0.49147    0.00000    0.49147
  42.50000    0.46868    0.00000    0.46868
  43.00000    0.46218    0.00000    0.46218
  43.50000    0.45672    0.00000    0.45672
  44.00000    0.44999    0.00000    0.44999
  44.50000    0.45683    0.00000    0.45683
  45.00000    0.44503    0.00000    0.44503
  45.50000    0.46132    0.00000    0.46132
  46.00000    0.47458    0.00000    0.47458
  46.50000    0.50492    0.00000    0.50492
  47.00000    0.47408    0.00000    0.47408
  47.50000    0.49597    0.00000    0.49597
  48.00000    0.53401    0.00000    0.53401
  48.50000    0.52850    0.00000    0.52850
  49.00000    0.48071    0.00000    0.48071
  49.50000    0.49325    0.00000    0.49325
  50.00000    0.50135    0.00000    0.50135
  50.50000    0.50952    0.00000    0.50952
  51.00000    0.48274    0.00000    0.48274
  51.50000    0.47270    0.00000    0.47270
  52.00000    0.47470    0.00000    0.47470
  52.50000    0.51190    0.00000    0.51190
  53.00000    0.51701    0.00000    0.51701
  53.50000    0.48526    0.00000    0.48526
  54.00000    0.50496    0.00000    0.50496
  54.50000    0.51716    0.00000    0.51716
  55.00000    0.51145    0.00000    0.51145
  55.50000    0.49233    0.00000    0.49233
  56.00000    0.50730    0.00000    0.50730
  56.50000    0.49098    0.00000    0.49098
  57.00000    0.45561    0.00000    0.45561
  57.50000    0.45151    0.00000    0.45151
  58.00000    0.48756    0.00000    0.48756
  58.50000    0.49860    0.00000    0.49860
  59.00000    0.46556    0.00000    0.46556
  59.50000    0.45352    0.00000    0.45352
  60.00000    0.45986    0.00000    0.45986
  60.50000    0.48002    0.00000    0.48002
  61.00000    0.49023    0.00000    0.49023
  61.50000    0.50990    0.00000    0.50990
  62.00000    0.50318    0.00000    0.50318
  62.50000    0.49296    0.00000    0.49296
  63.00000    0.51653    0.00000    0.51653
  63.50000    0.56643    0.00000    0.56643
  64.00000    0.54281    0.00000    0.54281
  64.50000    0.48930    0.00000    0.48930
  65.00000    0.45718    0.00000    0.45718
  65.50000    0.49790    0.00000    0.49790
  66.00000    0.50582    0.00000    0.50582
  66.50000    0.49900    0.00000    0.49900
  67.00000    0.48801    0.00000    0.48801
  67.50000    0.50139    0.00000    0.50139
  68.00000    0.50026    0.00000    0.50026
  68.50000    0.49747    0.00000    0.49747
  69.00000    0.49063    0.00000    0.49063
  69.50000    0.48150    0.00000    0.48150
  70.00000    0.47445    0.00000    0.47445
  70.50000    0.49604    0.00000    0.49604
  71.00000    0.48017    0.00000    0.48017
  71.50000    0.47376    0.00000    0.47376
  72.00000    0.47277    0.00000    0.47277
  72.50000    0.50074    0.00000    0.50074
  73.00000    0.48959    0.00000    0.48959
  73.50000    0.52399    0.00000    0.52399
  74.00000    0.53759    0.00000    0.53759
  74.50000    0.53986    0.00000    0.53986
  75.00000    0.48340    0.00000    0.48340
  75.50000    0.47546    0.00000    0.47546
  76.00000    0.46678    0.00000    0.46678
  76.50000    0.49181    0.00000    0.49181
  77.00000    0.46253    0.00000    0.46253
  77.50000    0.47072    0.00000    0.47072
  78.00000    0.46998    0.00000    0.46998
  78.50000    0.47785    0.00000    0.47785
  79.00000    0.43717    0.00000    0.43717
  79.50000    0.41515    0.00000    0.41515
  80.00000    0.45154    0.00000    0.45154
  80.50000    0.48400    0.00000    0.48400
  81.00000    0.47532    0.00000    0.47532
  81.50000    0.45016    0.00000    0.45016
  82.00000    0.44485    0.00000    0.44485
  82.50000    0.46846    0.00000    0.46846
  83.00000    0.47652    0.00000    0.47652
  83.50000    0.47356    0.00000    0.47356
  84.00000    0.47230    0.00000    0.47230
  84.50000    0.51882    0.00000    0.51882
  85.00000    0.52157    0.00000    0.52157
  85.50000    0.50447    0.00000    0.50447
  86.00000    0.46919    0.00000    0.46919
  86.50000    0.48656    0.00000    0.48656
  87.00000    0.50997    0.00000    0.50997
  87.50000    0.51509    0.00000    0.51509
  88.00000    0.49735    0.00000    0.49735
  88.50000    0.49140    0.00000    0.49140
  89.00000    0.51166    0.00000    0.51166
  89.50000    0.45556    0.00000    0.45556
  90.00000    0.46165    0.00000    0.46165
  90.50000    0.44453    0.00000    0.44453
  91.00000    0.47556    0.00000    0.47556
  91.50000    0.46053    0.00000    0.46053
  92.00000    0.50366    0.00000    0.50366
  92.50000    0.49362    0.00000    0.49362
  93.00000    0.50036    0.00000    0.50036
  93.50000    0.46833    0.00000    0.46833
  94.00000    0.46560    0.00000    0.46560
  94.50000    0.46372    0.00000    0.46372
  95.00000    0.48284    0.00000    0.48284
  95.50000    0.48764    0.00000    0.48764
  96.00000    0.49153    0.00000    0.49153
  96.50000    0.50187    0.00000    0.50187
  97.00000    0.48011    0.00000    0.48011
  97.50000    0.48327    0.00000    0.48327
  98.00000    0.48288    0.00000    0.48288
  98.50000    0.50696    0.00000    0.50696
  99.00000    0.48281    0.00000    0.48281
  99.50000    0.47694    0.00000    0.47694
 100.00000    0.47405    0.00000    0.47405
 100.50000    0.49773    0.00000    0.49773
 101.00000    0.51368    0.00000    0.51368
 101.50000    0.48699    0.00000    0.48699
 102.00000    0.44756    0.00000    0.44756
 102.50000    0.44673    0.00000    0.44673
 103.00000    0.46388    0.00000    0.46388
 103.50000    0.44326    0.00000    0.44326
 104.00000    0.44503    0.00000    0.44503
 104.50000    0.46485    0.00000    0.46485
 105.00000    0.49328    0.00000    0.49328
 105.50000    0.48358    0.00000    0.48358
 106.00000    0.48242    0.00000    0.48242
 106.50000    0.49618    0.00000    0.49618
 107.00000    0.50628    0.00000    0.50628
 107.50000    0.50415    0.00000    0.50415
 108.00000    0.50342    0.00000    0.50342
 108.50000    0.51497    0.00000    0.51497
 109.00000    0.49691    0.00000    0.49691
 109.50000    0.48071    0.00000    0.48071
 110.00000    0.48294    0.00000    0.48294
 110.50000    0.49678    0.00000    0.49678
 111.00000    0.47950    0.00000    0.47950
 111.50000    0.49345    0.00000    0.49345
 112.00000    0.50477    0.00000    0.50477
 112.50000    0.50552    0.00000    0.50552
 113.00000    0.47977    0.00000    0.47977
 113.50000    0.45511    0.00000    0.45511
 114.00000    0.47110    0.00000    0.47110
 114.50000    0.46564    0.00000    0.46564
 115.00000    0.47032    0.00000    0.47032
 115.50000    0.45689    0.00000    0.45689
 116.00000    0.51777    0.00000    0.51777
 116.50000    0.53086    0.00000    0.53086
 117.00000    0.52346    0.00000    0.52346
 117.50000    0.49687    0.00000    0.49687
 118.00000    0.50217    0.00000    0.50217
 118.50000    0.49837    0.00000    0.49837
 119.00000    0.49451    0.00000    0.49451
 119.50000    0.49664    0.00000    0.49664
 120.00000    0.50298    0.00000    0.50298
 120.50000    0.46289    0.00000    0.46289
 121.00000    0.46742    0.00000    0.46742
 121.50000    0.46709    0.00000    0.46709
 122.00000    0.49743    0.00000    0.49743
 122.50000    0.48559    0.00000    0.48559
 123.00000    0.49775    0.00000    0.49775
 123.50000    0.47098    0.00000    0.47098
 124.00000    0.45916    0.00000    0.45916
 124.50000    0.48946    0.00000    0.48946
 125.00000    0.51148    0.00000    0.51148
 125.50000    0.51559    0.00000    0.51559
 126.00000    0.48501    0.00000    0.48501
 126.50000    0.47386    0.00000    0.47386
 127.00000    0.48761    0.00000    0.48761
 127.50000    0.47938    0.00000    0.47938
 128.00000    0.46909    0.00000    0.46909
 128.50000    0.45338    0.00000    0.45338
 129.00000    0.47860    0.00000    0.47860
 129.50000    0.47819    0.00000    0.47819
 130.00000    0.50103    0.00000    0.50103
 130.50000    0.48676    0.00000    0.48676
 131.00000    0.49644    0.00000    0.49644
 131.50000    0.48705    0.00000    0.48705
 132.00000    0.50970    0.00000    0.50970
 132.50000    0.49817    0.00000    0.49817
 133.00000    0.49916    0.00000    0.49916
 133.50000    0.48397    0.00000    0.48397
 134.00000    0.49998    0.00000    0.49998
 134.50000    0.47241    0.00000    0.47241
 135.00000    0.45726    0.00000    0.45726
 135.50000    0.46150    0.00000    0.46150
 136.00000    0.50237    0.00000    0.50237
 136.50000    0.50938    0.00000    0.50938
 137.00000    0.49800    0.00000    0.49800
 137.50000    0.50619    0.00000    0.50619
 138.00000    0.49910    0.00000    0.49910
 138.50000    0.49022    0.00000    0.49022
 139.00000    0.46518    0.00000    0.46518
 139.50000    0.50914    0.00000    0.50914
 140.00000    0.51786    0.00000    0.51786
 140.50000    0.50504    0.00000    0.50504
 141.00000    0.50391    0.00000    0.50391
 141.50000    0.48554    0.00000    0.48554
 142.00000    0.47302    0.00000    0.47302
 142.50000    0.46175    0.00000    0.46175
 143.00000    0.49253    0.00000    0.49253
 143.50000    0.49957    0.00000    0.49957
 144.00000    0.48479    0.00000    0.48479
 144.50000    0.46947    0.00000    0.46947
 145.00000    0.48174    0.00000    0.48174
 145.50000    0.51275    0.00000    0.51275
 146.00000    0.47736    0.00000    0.47736
 146.50000    0.45691    0.00000    0.45691
 147.00000    0.48300    0.00000    0.48300
 147.50000    0.49935    0.00000    0.49935
 148.00000    0.48341    0.00000    0.48341
 148.50000    0.46929    0.00000    0.46929
 149.00000    0.46363    0.00000    0.46363
 149.50000    0.45822    0.00000    0.45822
 150.00000    0.50354    0.00000    0.50354
