   0.00000    0.36573    0.00000    0.36573
   0.50000    0.48171    0.00000    0.48171
   1.00000    0.45720    0.00000    0.45720
   1.50000    0.41185    0.00000    0.41185
   2.00000    0.42095    0.00000    0.42095
   2.50000    0.46017    0.00000    0.46017
   3.00000    0.47215    0.00000    0.47215
   3.50000    0.48385    0.00000    0.48385
   4.00000    0.45983    0.00000    0.45983
   4.50000    0.44318    0.00000    0.44318
   5.00000    0.42335    0.00000    0.42335
   5.50000    0.44146    0.00000    0.44146
   6.00000    0.42832    0.00000    0.42832
   6.50000    0.46326    0.00000    0.46326
   7.00000    0.47146    0.00000    0.47146
   7.50000    0.44985    0.00000    0.44985
   8.00000    0.41434    0.00000    0.41434
   8.50000    0.44437    0.00000    0.44437
   9.00000    0.46916    0.00000    0.46916
   9.50000    0.46979    0.00000    0.46979
  10.00000    0.45888    0.00000    0.45888
  10.50000    0.48422    0.00000    0.48422
  11.00000    0.47333    0.00000    0.47333
  11.50000    0.47195    0.00000    0.47195
  12.00000    0.45654    0.00000    0.45654
  12.50000    0.46600    0.00000    0.46600
  13.00000    0.42360    0.00000    0.42360
  13.50000    0.43380    0.00000    0.43380
  14.00000    0.44060    0.00000    0.44060
  14.50000    0.44557    0.00000    0.44557
  15.00000    0.45615    0.00000    0.45615
  15.50000    0.47715    0.00000    0.47715
  16.00000    0.49226    0.00000    0.49226
  16.50000    0.48271    0.00000    0.48271
  17.00000    0.48230    0.00000    0.48230
  17.50000    0.45790    0.00000    0.45790
  18.00000    0.46512    0.00000    0.46512
  18.50000    0.48413    0.00000    0.48413
  19.00000    0.49067    0.00000    0.49067
  19.50000    0.48273    0.00000    0.48273
  20.00000    0.49064    0.00000    0.49064
  20.50000    0.47822    0.00000    0.47822
  21.00000    0.44887    0.00000    0.44887
  21.50000    0.44448    0.00000    0.44448
  22.00000    0.45223    0.00000    0.45223
  22.50000    0.47532    0.00000    0.47532
  23.00000    0.48001    0.00000    0.48001
  23.50000    0.49104    0.00000    0.49104
  24.00000    0.48519    0.00000    0.48519
  24.50000    0.46794    0.00000    0.46794
  25.00000    0.46040    0.00000    0.46040
  25.50000    0.44507    0.00000    0.44507
  26.00000    0.44193    0.00000    0.44193
  26.50000    0.44093    0.00000    0.44093
  27.00000    0.46798    0.00000    0.46798
  27.50000    0.47106    0.00000    0.47106
  28.00000    0.47326    0.00000    0.47326
  28.50000    0.46972    0.00000    0.46972
  29.00000    0.47629    0.00000    0.47629
  29.50000    0.48533    0.00000    0.48533
  30.00000    0.49217    0.00000    0.49217
  30.50000    0.48047    0.00000    0.48047
  31.00000    0.47107    0.00000    0.47107
  31.50000    0.49419    0.00000    0.49419
  32.00000    0.48495    0.00000    0.48495
  32.50000    0.47761    0.00000    0.47761
  33.00000    0.46299    0.00000    0.46299
  33.50000    0.45616    0.00000    0.45616
  34.00000    0.44305    0.00000    0.44305
  34.50000    0.46284    0.00000    0.46284
  35.00000    0.47252    0.00000    0.47252
  35.50000    0.45063    0.00000    0.45063
  36.00000    0.45064    0.00000    0.45064
  36.50000    0.44312    0.00000    0.44312
  37.00000    0.44574    0.00000    0.44574
  37.50000    0.44963    0.00000    0.44963
  38.00000    0.47536    0.00000    0.47536
  38.50000    0.47697    0.00000    0.47697
  39.00000    0.47288    0.00000    0.47288
  39.50000    0.44629    0.00000    0.44629
  40.00000    0.46048    0.00000    0.46048
  40.50000    0.48279    0.00000    0.48279
  41.00000    0.50672    0.00000    0.50672
  41.50000    0.48509    0.00000    0.48509
  42.00000    0.47960    0.00000    0.47960
  42.50000    0.43294    0.00000    0.43294
  43.00000    0.44425    0.00000    0.44425
  43.50000    0.43655    0.00000    0.43655
  44.00000    0.44728    0.00000    0.44728
  44.50000    0.45072    0.00000    0.45072
  45.00000    0.47188    0.00000    0.47188
  45.50000    0.47675    0.00000    0.47675
  46.00000    0.45757    0.00000    0.45757
  46.50000    0.44694    0.00000    0.44694
  47.00000    0.45054    0.00000    0.45054
  47.50000    0.47695    0.00000    0.47695
  48.00000    0.50118    0.00000    0.50118
  48.50000    0.46985    0.00000    0.46985
  49.00000    0.44656    0.00000    0.44656
  49.50000    0.47090    0.00000    0.47090
  50.00000    0.50395    0.00000    0.50395
  50.50000    0.51067    0.00000    0.51067
  51.00000    0.46839    0.00000    0.46839
  51.50000    0.45964    0.00000    0.45964
  52.00000    0.45797    0.00000    0.45797
  52.50000    0.49076    0.00000    0.49076
  53.00000    0.46651    0.00000    0.46651
  53.50000    0.44436    0.00000    0.44436
  54.00000    0.47518    0.00000    0.47518
  54.50000    0.50817    0.00000    0.50817
  55.00000    0.50180    0.00000    0.50180
  55.50000    0.48262    0.00000    0.48262
  56.00000    0.48867    0.00000    0.48867
  56.50000    0.46069    0.00000    0.46069
  57.00000    0.43552    0.00000    0.43552
  57.50000    0.45366    0.00000    0.45366
  58.00000    0.49125    0.00000    0.49125
  58.50000    0.48547    0.00000    0.48547
  59.00000    0.44743    0.00000    0.44743
  59.50000    0.42349    0.00000    0.42349
  60.00000    0.42492    0.00000    0.42492
  60.50000    0.44184    0.00000    0.44184
  61.00000    0.49297    0.00000    0.49297
  61.50000    0.49149    0.00000    0.49149
  62.00000    0.49720    0.00000    0.49720
  62.50000    0.46296    0.00000    0.46296
  63.00000    0.48583    0.00000    0.48583
  63.50000    0.49843    0.00000    0.49843
  64.00000    0.51220    0.00000    0.51220
  64.50000    0.45120    0.00000    0.45120
  65.00000    0.43132    0.00000    0.43132
  65.50000    0.45647    0.00000    0.45647
  66.00000    0.49572    0.00000    0.49572
  66.50000    0.47465    0.00000    0.47465
  67.00000    0.46313    0.00000    0.46313
  67.50000    0.47016    0.00000    0.47016
  68.00000    0.50117    0.00000    0.50117
  68.50000    0.47533    0.00000    0.47533
  69.00000    0.43870    0.00000    0.43870
  69.50000    0.42128    0.00000    0.42128
  70.00000    0.44730    0.00000    0.44730
  70.50000    0.48751    0.00000    0.48751
  71.00000    0.47193    0.00000    0.47193
  71.50000    0.43464    0.00000    0.43464
  72.00000    0.42403    0.00000    0.42403
  72.50000    0.45717    0.00000    0.45717
  73.00000    0.46248    0.00000    0.46248
  73.50000    0.46990    0.00000    0.46990
  74.00000    0.47458    0.00000    0.47458
  74.50000    0.49236    0.00000    0.49236
  75.00000    0.46846    0.00000    0.46846
  75.50000    0.46833    0.00000    0.46833
  76.00000    0.44874    0.00000    0.44874
  76.50000    0.46748    0.00000    0.46748
  77.00000    0.44995    0.00000    0.44995
  77.50000    0.46411    0.00000    0.46411
  78.00000    0.46505    0.00000    0.46505
  78.50000    0.45619    0.00000    0.45619
  79.00000    0.43444    0.00000    0.43444
  79.50000    0.43797    0.00000    0.43797
  80.00000    0.47186    0.00000    0.47186
  80.50000    0.46757    0.00000    0.46757
  81.00000    0.43326    0.00000    0.43326
  81.50000    0.41460    0.00000    0.41460
  82.00000    0.41191    0.00000    0.41191
  82.50000    0.45459    0.00000    0.45459
  83.00000    0.48642    0.00000    0.48642
  83.50000    0.48771    0.00000    0.48771
  84.00000    0.46440    0.00000    0.46440
  84.50000    0.49581    0.00000    0.49581
  85.00000    0.51431    0.00000    0.51431
  85.50000    0.49907    0.00000    0.49907
  86.00000    0.46664    0.00000    0.46664
  86.50000    0.47075    0.00000    0.47075
  87.00000    0.48162    0.00000    0.48162
  87.50000    0.48641    0.00000    0.48641
  88.00000    0.48337    0.00000    0.48337
  88.50000    0.47303    0.00000    0.47303
  89.00000    0.49665    0.00000    0.49665
  89.50000    0.45402    0.00000    0.45402
  90.00000    0.44698    0.00000    0.44698
  90.50000    0.41198    0.00000    0.41198
  91.00000    0.43706    0.00000    0.43706
  91.50000    0.45979    0.00000    0.45979
  92.00000    0.49861    0.00000    0.49861
  92.50000    0.47962    0.00000    0.47962
  93.00000    0.44396    0.00000    0.44396
  93.50000    0.43057    0.00000    0.43057
  94.00000    0.43052    0.00000    0.43052
  94.50000    0.43454    0.00000    0.43454
  95.00000    0.43977    0.00000    0.43977
  95.50000    0.46993    0.00000    0.46993
  96.00000    0.49980    0.00000    0.49980
  96.50000    0.51856    0.00000    0.51856
  97.00000    0.47546    0.00000    0.47546
  97.50000    0.45664    0.00000    0.45664
  98.00000    0.45820    0.00000    0.45820
  98.50000    0.46638    0.00000    0.46638
  99.00000    0.44614    0.00000    0.44614
  99.50000    0.45152    0.00000    0.45152
 100.00000    0.46391    0.00000    0.46391
 100.50000    0.48425    0.00000    0.48425
 101.00000    0.49876    0.00000    0.49876
 101.50000    0.46772    0.00000    0.46772
 102.00000    0.42445    0.00000    0.42445
 102.50000    0.41758    0.00000    0.41758
 103.00000    0.45100    0.00000    0.45100
 103.50000    0.44791    0.00000    0.44791
 104.00000    0.43670    0.00000    0.43670
 104.50000    0.43747    0.00000    0.43747
 105.00000    0.47065    0.00000    0.47065
 105.50000    0.47224    0.00000    0.47224
 106.00000    0.46350    0.00000    0.46350
 106.50000    0.45926    0.00000    0.45926
 107.00000    0.47346    0.00000    0.47346
 107.50000    0.44593    0.00000    0.44593
 108.00000    0.46188    0.00000    0.46188
 108.50000    0.45914    0.00000    0.45914
 109.00000    0.47392    0.00000    0.47392
 109.50000    0.47256    0.00000    0.47256
 110.00000    0.49376    0.00000    0.49376
 110.50000    0.48857    0.00000    0.48857
 111.00000    0.47717    0.00000    0.47717
 111.50000    0.49008    0.00000    0.49008
 112.00000    0.48453    0.00000    0.48453
 112.50000    0.49296    0.00000    0.49296
 113.00000    0.48972    0.00000    0.48972
 113.50000    0.44736    0.00000    0.44736
 114.00000    0.41442    0.00000    0.41442
 114.50000    0.41342    0.00000    0.41342
 115.00000    0.44361    0.00000    0.44361
 115.50000    0.45342    0.00000    0.45342
 116.00000    0.51171    0.00000    0.51171
 116.50000    0.49563    0.00000    0.49563
 117.00000    0.47599    0.00000    0.47599
 117.50000    0.44880    0.00000    0.44880
 118.00000    0.47040    0.00000    0.47040
 118.50000    0.44558    0.00000    0.44558
 119.00000    0.46070    0.00000    0.46070
 119.50000    0.48030    0.00000    0.48030
 120.00000    0.49267    0.00000    0.49267
 120.50000    0.46238    0.00000    0.46238
 121.00000    0.46961    0.00000    0.46961
 121.50000    0.46328    0.00000    0.46328
 122.00000    0.46437    0.00000    0.46437
 122.50000    0.44983    0.00000    0.44983
 123.00000    0.45958    0.00000    0.45958
 123.50000    0.44319    0.00000    0.44319
 124.00000    0.44135    0.00000    0.44135
 124.50000    0.46074    0.00000    0.46074
 125.00000    0.46265    0.00000    0.46265
 125.50000    0.45415    0.00000    0.45415
 126.00000    0.43766    0.00000    0.43766
 126.50000    0.45293    0.00000    0.45293
 127.00000    0.46446    0.00000    0.46446
 127.50000    0.46682    0.00000    0.46682
 128.00000    0.45716    0.00000    0.45716
 128.50000    0.44297    0.00000    0.44297
 129.00000    0.43182    0.00000    0.43182
 129.50000    0.42845    0.00000    0.42845
 130.00000    0.45457    0.00000    0.45457
 130.50000    0.45622    0.00000    0.45622
 131.00000    0.45515    0.00000    0.45515
 131.50000    0.45035    0.00000    0.45035
 132.00000    0.46385    0.00000    0.46385
 132.50000    0.46121    0.00000    0.46121
 133.00000    0.44192    0.00000    0.44192
 133.50000    0.44769    0.00000    0.44769
 134.00000    0.47318    0.00000    0.47318
 134.50000    0.47941    0.00000    0.47941
 135.00000    0.45963    0.00000    0.45963
 135.50000    0.45741    0.00000    0.45741
 136.00000    0.48306    0.00000    0.48306
 136.50000    0.48138    0.00000    0.48138
 137.00000    0.47316    0.00000    0.47316
 137.50000    0.46090    0.00000    0.46090
 138.00000    0.46161    0.00000    0.46161
 138.50000    0.45370    0.00000    0.45370
 139.00000    0.45090    0.00000    0.45090
 139.50000    0.47922    0.00000    0.47922
 140.00000    0.48358    0.00000    0.48358
 140.50000    0.47011    0.00000    0.47011
 141.00000    0.47014    0.00000    0.47014
 141.50000    0.46460    0.00000    0.46460
 142.00000    0.45352    0.00000    0.45352
 142.50000    0.45163    0.00000    0.45163
 143.00000    0.48499    0.00000    0.48499
 143.50000    0.49154    0.00000    0.49154
 144.00000    0.47072    0.00000    0.47072
 144.50000    0.43292    0.00000    0.43292
 145.00000    0.44046    0.00000    0.44046
 145.50000    0.49110    0.00000    0.49110
 146.00000    0.47611    0.00000    0.47611
 146.50000    0.43958    0.00000    0.43958
 147.00000    0.46415    0.00000    0.46415
 147.50000    0.50719    0.00000    0.50719
 148.00000    0.49016    0.00000    0.49016
 148.50000    0.44463    0.00000    0.44463
 149.00000    0.44309    0.00000    0.44309
 149.50000    0.46114    0.00000    0.46114
 150.00000    0.46149    0.00000    0.46149
