   0.00000    0.53080    0.00000    0.53080
   0.50000    0.55791    0.00000    0.55791
   1.00000    0.55968    0.00000    0.55968
   1.50000    0.55650    0.00000    0.55650
   2.00000    0.57275    0.00000    0.57275
   2.50000    0.56405    0.00000    0.56405
   3.00000    0.57819    0.00000    0.57819
   3.50000    0.60547    0.00000    0.60547
   4.00000    0.59354    0.00000    0.59354
   4.50000    0.56288    0.00000    0.56288
   5.00000    0.53314    0.00000    0.53314
   5.50000    0.55335    0.00000    0.55335
   6.00000    0.54303    0.00000    0.54303
   6.50000    0.57605    0.00000    0.57605
   7.00000    0.57121    0.00000    0.57121
   7.50000    0.54590    0.00000    0.54590
   8.00000    0.52318    0.00000    0.52318
   8.50000    0.56082    0.00000    0.56082
   9.00000    0.58368    0.00000    0.58368
   9.50000    0.58064    0.00000    0.58064
  10.00000    0.57651    0.00000    0.57651
  10.50000    0.60241    0.00000    0.60241
  11.00000    0.58879    0.00000    0.58879
  11.50000    0.58420    0.00000    0.58420
  12.00000    0.54871    0.00000    0.54871
  12.50000    0.56926    0.00000    0.56926
  13.00000    0.54055    0.00000    0.54055
  13.50000    0.55291    0.00000    0.55291
  14.00000    0.54579    0.00000    0.54579
  14.50000    0.56508    0.00000    0.56508
  15.00000    0.58643    0.00000    0.58643
  15.50000    0.64067    0.00000    0.64067
  16.00000    0.60988    0.00000    0.60988
  16.50000    0.56789    0.00000    0.56789
  17.00000    0.55534    0.00000    0.55534
  17.50000    0.58313    0.00000    0.58313
  18.00000    0.56738    0.00000    0.56738
  18.50000    0.58886    0.00000    0.58886
  19.00000    0.61203    0.00000    0.61203
  19.50000    0.60063    0.00000    0.60063
  20.00000    0.57719    0.00000    0.57719
  20.50000    0.55846    0.00000    0.55846
  21.00000    0.56427    0.00000    0.56427
  21.50000    0.56783    0.00000    0.56783
  22.00000    0.59925    0.00000    0.59925
  22.50000    0.57827    0.00000    0.57827
  23.00000    0.57676    0.00000    0.57676
  23.50000    0.59821    0.00000    0.59821
  24.00000    0.62873    0.00000    0.62873
  24.50000    0.59513    0.00000    0.59513
  25.00000    0.54095    0.00000    0.54095
  25.50000    0.54416    0.00000    0.54416
  26.00000    0.57311    0.00000    0.57311
  26.50000    0.57095    0.00000    0.57095
  27.00000    0.55488    0.00000    0.55488
  27.50000    0.56449    0.00000    0.56449
  28.00000    0.58334    0.00000    0.58334
  28.50000    0.55205    0.00000    0.55205
  29.00000    0.55950    0.00000    0.55950
  29.50000    0.57013    0.00000    0.57013
  30.00000    0.56691    0.00000    0.56691
  30.50000    0.55303    0.00000    0.55303
  31.00000    0.54360    0.00000    0.54360
  31.50000    0.56316    0.00000    0.56316
  32.00000    0.57725    0.00000    0.57725
  32.50000    0.58619    0.00000    0.58619
  33.00000    0.57627    0.00000    0.57627
  33.50000    0.57918    0.00000    0.57918
  34.00000    0.57552    0.00000    0.57552
  34.50000    0.59797    0.00000    0.59797
  35.00000    0.57400    0.00000    0.57400
  35.50000    0.55319    0.00000    0.55319
  36.00000    0.54630    0.00000    0.54630
  36.50000    0.59590    0.00000    0.59590
  37.00000    0.58084    0.00000    0.58084
  37.50000    0.57573    0.00000    0.57573
  38.00000    0.58661    0.00000    0.58661
  38.50000    0.63067    0.00000    0.63067
  39.00000    0.61479    0.00000    0.61479
  39.50000    0.56492    0.00000    0.56492
  40.00000    0.58203    0.00000    0.58203
  40.50000    0.64689    0.00000    0.64689
  41.00000    0.66985    0.00000    0.66985
  41.50000    0.59845    0.00000    0.59845
  42.00000    0.56002    0.00000    0.56002
  42.50000    0.52382    0.00000    0.52382
  43.00000    0.52762    0.00000    0.52762
  43.50000    0.53750    0.00000    0.53750
  44.00000    0.56130    0.00000    0.56130
  44.50000    0.57185    0.00000    0.57185
  45.00000    0.54301    0.00000    0.54301
  45.50000    0.53101    0.00000    0.53101
  46.00000    0.54661    0.00000    0.54661
  46.50000    0.56122    0.00000    0.56122
  47.00000    0.57223    0.00000    0.57223
  47.50000    0.60494    0.00000    0.60494
  48.00000    0.64378    0.00000    0.64378
  48.50000    0.59517    0.00000    0.59517
  49.00000    0.59442    0.00000    0.59442
  49.50000    0.60115    0.00000    0.60115
  50.00000    0.59517    0.00000    0.59517
  50.50000    0.56051    0.00000    0.56051
  51.00000    0.58581    0.00000    0.58581
  51.50000    0.60814    0.00000    0.60814
  52.00000    0.60166    0.00000    0.60166
  52.50000    0.59391    0.00000    0.59391
  53.00000    0.56523    0.00000    0.56523
  53.50000    0.51985    0.00000    0.51985
  54.00000    0.54619    0.00000    0.54619
  54.50000    0.59480    0.00000    0.59480
  55.00000    0.58175    0.00000    0.58175
  55.50000    0.57761    0.00000    0.57761
  56.00000    0.59519    0.00000    0.59519
  56.50000    0.56279    0.00000    0.56279
  57.00000    0.50840    0.00000    0.50840
  57.50000    0.55550    0.00000    0.55550
  58.00000    0.62285    0.00000    0.62285
  58.50000    0.61114    0.00000    0.61114
  59.00000    0.57501    0.00000    0.57501
  59.50000    0.55551    0.00000    0.55551
  60.00000    0.55080    0.00000    0.55080
  60.50000    0.54265    0.00000    0.54265
  61.00000    0.58666    0.00000    0.58666
  61.50000    0.60027    0.00000    0.60027
  62.00000    0.60369    0.00000    0.60369
  62.50000    0.56099    0.00000    0.56099
  63.00000    0.61284    0.00000    0.61284
  63.50000    0.66294    0.00000    0.66294
  64.00000    0.65541    0.00000    0.65541
  64.50000    0.57895    0.00000    0.57895
  65.00000    0.55676    0.00000    0.55676
  65.50000    0.62081    0.00000    0.62081
  66.00000    0.63294    0.00000    0.63294
  66.50000    0.60447    0.00000    0.60447
  67.00000    0.55667    0.00000    0.55667
  67.50000    0.58577    0.00000    0.58577
  68.00000    0.63035    0.00000    0.63035
  68.50000    0.61698    0.00000    0.61698
  69.00000    0.55748    0.00000    0.55748
  69.50000    0.52050    0.00000    0.52050
  70.00000    0.56212    0.00000    0.56212
  70.50000    0.59114    0.00000    0.59114
  71.00000    0.58561    0.00000    0.58561
  71.50000    0.56035    0.00000    0.56035
  72.00000    0.54739    0.00000    0.54739
  72.50000    0.55978    0.00000    0.55978
  73.00000    0.57815    0.00000    0.57815
  73.50000    0.59988    0.00000    0.59988
  74.00000    0.60274    0.00000    0.60274
  74.50000    0.61607    0.00000    0.61607
  75.00000    0.59042    0.00000    0.59042
  75.50000    0.57769    0.00000    0.57769
  76.00000    0.53511    0.00000    0.53511
  76.50000    0.53112    0.00000    0.53112
  77.00000    0.53527    0.00000    0.53527
  77.50000    0.60353    0.00000    0.60353
  78.00000    0.60017    0.00000    0.60017
  78.50000    0.56099    0.00000    0.56099
  79.00000    0.53505    0.00000    0.53505
  79.50000    0.55068    0.00000    0.55068
  80.00000    0.57774    0.00000    0.57774
  80.50000    0.57102    0.00000    0.57102
  81.00000    0.54347    0.00000    0.54347
  81.50000    0.52189    0.00000    0.52189
  82.00000    0.52706    0.00000    0.52706
  82.50000    0.56443    0.00000    0.56443
  83.00000    0.56638    0.00000    0.56638
  83.50000    0.56301    0.00000    0.56301
  84.00000    0.57756    0.00000    0.57756
  84.50000    0.63445    0.00000    0.63445
  85.00000    0.63101    0.00000    0.63101
  85.50000    0.59454    0.00000    0.59454
  86.00000    0.56251    0.00000    0.56251
  86.50000    0.59003    0.00000    0.59003
  87.00000    0.60102    0.00000    0.60102
  87.50000    0.62180    0.00000    0.62180
  88.00000    0.59917    0.00000    0.59917
  88.50000    0.61035    0.00000    0.61035
  89.00000    0.60694    0.00000    0.60694
  89.50000    0.61722    0.00000    0.61722
  90.00000    0.60020    0.00000    0.60020
  90.50000    0.59206    0.00000    0.59206
  91.00000    0.56066    0.00000    0.56066
  91.50000    0.54334    0.00000    0.54334
  92.00000    0.56620    0.00000    0.56620
  92.50000    0.56185    0.00000    0.56185
  93.00000    0.53157    0.00000    0.53157
  93.50000    0.52057    0.00000    0.52057
  94.00000    0.54159    0.00000    0.54159
  94.50000    0.55851    0.00000    0.55851
  95.00000    0.56917    0.00000    0.56917
  95.50000    0.60445    0.00000    0.60445
  96.00000    0.59599    0.00000    0.59599
  96.50000    0.61535    0.00000    0.61535
  97.00000    0.60679    0.00000    0.60679
  97.50000    0.63034    0.00000    0.63034
  98.00000    0.59554    0.00000    0.59554
  98.50000    0.56982    0.00000    0.56982
  99.00000    0.53865    0.00000    0.53865
  99.50000    0.58386    0.00000    0.58386
 100.00000    0.58686    0.00000    0.58686
 100.50000    0.59330    0.00000    0.59330
 101.00000    0.59084    0.00000    0.59084
 101.50000    0.61482    0.00000    0.61482
 102.00000    0.54910    0.00000    0.54910
 102.50000    0.50825    0.00000    0.50825
 103.00000    0.51426    0.00000    0.51426
 103.50000    0.54613    0.00000    0.54613
 104.00000    0.56969    0.00000    0.56969
 104.50000    0.59484    0.00000    0.59484
 105.00000    0.61938    0.00000    0.61938
 105.50000    0.58600    0.00000    0.58600
 106.00000    0.55504    0.00000    0.55504
 106.50000    0.57174    0.00000    0.57174
 107.00000    0.60096    0.00000    0.60096
 107.50000    0.61652    0.00000    0.61652
 108.00000    0.62169    0.00000    0.62169
 108.50000    0.62060    0.00000    0.62060
 109.00000    0.61194    0.00000    0.61194
 109.50000    0.61596    0.00000    0.61596
 110.00000    0.61508    0.00000    0.61508
 110.50000    0.58726    0.00000    0.58726
 111.00000    0.56937    0.00000    0.56937
 111.50000    0.58493    0.00000    0.58493
 112.00000    0.57621    0.00000    0.57621
 112.50000    0.56775    0.00000    0.56775
 113.00000    0.56215    0.00000    0.56215
 113.50000    0.55973    0.00000    0.55973
 114.00000    0.57048    0.00000    0.57048
 114.50000    0.56823    0.00000    0.56823
 115.00000    0.55745    0.00000    0.55745
 115.50000    0.57055    0.00000    0.57055
 116.00000    0.63646    0.00000    0.63646
 116.50000    0.64881    0.00000    0.64881
 117.00000    0.61767    0.00000    0.61767
 117.50000    0.59190    0.00000    0.59190
 118.00000    0.57757    0.00000    0.57757
 118.50000    0.57117    0.00000    0.57117
 119.00000    0.56923    0.00000    0.56923
 119.50000    0.59085    0.00000    0.59085
 120.00000    0.59115    0.00000    0.59115
 120.50000    0.54204    0.00000    0.54204
 121.00000    0.55625    0.00000    0.55625
 121.50000    0.56396    0.00000    0.56396
 122.00000    0.57521    0.00000    0.57521
 122.50000    0.55859    0.00000    0.55859
 123.00000    0.57926    0.00000    0.57926
 123.50000    0.54082    0.00000    0.54082
 124.00000    0.51762    0.00000    0.51762
 124.50000    0.54076    0.00000    0.54076
 125.00000    0.59245    0.00000    0.59245
 125.50000    0.61267    0.00000    0.61267
 126.00000    0.60352    0.00000    0.60352
 126.50000    0.56023    0.00000    0.56023
 127.00000    0.57951    0.00000    0.57951
 127.50000    0.59090    0.00000    0.59090
 128.00000    0.60668    0.00000    0.60668
 128.50000    0.57477    0.00000    0.57477
 129.00000    0.56578    0.00000    0.56578
 129.50000    0.57042    0.00000    0.57042
 130.00000    0.58290    0.00000    0.58290
 130.50000    0.55694    0.00000    0.55694
 131.00000    0.54613    0.00000    0.54613
 131.50000    0.57028    0.00000    0.57028
 132.00000    0.58375    0.00000    0.58375
 132.50000    0.57406    0.00000    0.57406
 133.00000    0.56229    0.00000    0.56229
 133.50000    0.55193    0.00000    0.55193
 134.00000    0.55563    0.00000    0.55563
 134.50000    0.58008    0.00000    0.58008
 135.00000    0.61306    0.00000    0.61306
 135.50000    0.62304    0.00000    0.62304
 136.00000    0.60498    0.00000    0.60498
 136.50000    0.56568    0.00000    0.56568
 137.00000    0.57088    0.00000    0.57088
 137.50000    0.59758    0.00000    0.59758
 138.00000    0.58653    0.00000    0.58653
 138.50000    0.55207    0.00000    0.55207
 139.00000    0.54988    0.00000    0.54988
 139.50000    0.57270    0.00000    0.57270
 140.00000    0.57536    0.00000    0.57536
 140.50000    0.57796    0.00000    0.57796
 141.00000    0.60749    0.00000    0.60749
 141.50000    0.57681    0.00000    0.57681
 142.00000    0.58823    0.00000    0.58823
 142.50000    0.60331    0.00000    0.60331
 143.00000    0.66392    0.00000    0.66392
 143.50000    0.64724    0.00000    0.64724
 144.00000    0.60847    0.00000    0.60847
 144.50000    0.57932    0.00000    0.57932
 145.00000    0.60456    0.00000    0.60456
 145.50000    0.60302    0.00000    0.60302
 146.00000    0.56711    0.00000    0.56711
 146.50000    0.53779    0.00000    0.53779
 147.00000    0.56968    0.00000    0.56968
 147.50000    0.56567    0.00000    0.56567
 148.00000    0.56447    0.00000    0.56447
 148.50000    0.54010    0.00000    0.54010
 149.00000    0.55418    0.00000    0.55418
 149.50000    0.55013    0.00000    0.55013
 150.00000    0.49236    0.00000    0.49236
