   0.00000    0.46691    0.00000    0.46691
   0.50000    0.49403    0.00000    0.49403
   1.00000    0.50669    0.00000    0.50669
   1.50000    0.51383    0.00000    0.51383
   2.00000    0.51772    0.00000    0.51772
   2.50000    0.49558    0.00000    0.49558
   3.00000    0.52212    0.00000    0.52212
   3.50000    0.55312    0.00000    0.55312
   4.00000    0.53241    0.00000    0.53241
   4.50000    0.49809    0.00000    0.49809
   5.00000    0.47823    0.00000    0.47823
   5.50000    0.48903    0.00000    0.48903
   6.00000    0.48846    0.00000    0.48846
   6.50000    0.53220    0.00000    0.53220
   7.00000    0.52491    0.00000    0.52491
   7.50000    0.48929    0.00000    0.48929
   8.00000    0.46148    0.00000    0.46148
   8.50000    0.49941    0.00000    0.49941
   9.00000    0.51237    0.00000    0.51237
   9.50000    0.50469    0.00000    0.50469
  10.00000    0.51327    0.00000    0.51327
  10.50000    0.53698    0.00000    0.53698
  11.00000    0.54304    0.00000    0.54304
  11.50000    0.52935    0.00000    0.52935
  12.00000    0.50454    0.00000    0.50454
  12.50000    0.49648    0.00000    0.49648
  13.00000    0.46515    0.00000    0.46515
  13.50000    0.47239    0.00000    0.47239
  14.00000    0.49410    0.00000    0.49410
  14.50000    0.52533    0.00000    0.52533
  15.00000    0.52764    0.00000    0.52764
  15.50000    0.56955    0.00000    0.56955
  16.00000    0.54463    0.00000    0.54463
  16.50000    0.51748    0.00000    0.51748
  17.00000    0.50170    0.00000    0.50170
  17.50000    0.52197    0.00000    0.52197
  18.00000    0.50962    0.00000    0.50962
  18.50000    0.52204    0.00000    0.52204
  19.00000    0.54354    0.00000    0.54354
  19.50000    0.52790    0.00000    0.52790
  20.00000    0.51136    0.00000    0.51136
  20.50000    0.50196    0.00000    0.50196
  21.00000    0.50887    0.00000    0.50887
  21.50000    0.50269    0.00000    0.50269
  22.00000    0.50881    0.00000    0.50881
  22.50000    0.49324    0.00000    0.49324
  23.00000    0.49960    0.00000    0.49960
  23.50000    0.54245    0.00000    0.54245
  24.00000    0.59064    0.00000    0.59064
  24.50000    0.54678    0.00000    0.54678
  25.00000    0.49164    0.00000    0.49164
  25.50000    0.49686    0.00000    0.49686
  26.00000    0.49814    0.00000    0.49814
  26.50000    0.48186    0.00000    0.48186
  27.00000    0.48523    0.00000    0.48523
  27.50000    0.50697    0.00000    0.50697
  28.00000    0.50675    0.00000    0.50675
  28.50000    0.48991    0.00000    0.48991
  29.00000    0.50692    0.00000    0.50692
  29.50000    0.51702    0.00000    0.51702
  30.00000    0.51327    0.00000    0.51327
  30.50000    0.52284    0.00000    0.52284
  31.00000    0.50963    0.00000    0.50963
  31.50000    0.52411    0.00000    0.52411
  32.00000    0.50415    0.00000    0.50415
  32.50000    0.51951    0.00000    0.51951
  33.00000    0.51793    0.00000    0.51793
  33.50000    0.52742    0.00000    0.52742
  34.00000    0.50665    0.00000    0.50665
  34.50000    0.52048    0.00000    0.52048
  35.00000    0.52261    0.00000    0.52261
  35.50000    0.49470    0.00000    0.49470
  36.00000    0.48014    0.00000    0.48014
  36.50000    0.50138    0.00000    0.50138
  37.00000    0.50526    0.00000    0.50526
  37.50000    0.50654    0.00000    0.50654
  38.00000    0.51625    0.00000    0.51625
  38.50000    0.54176    0.00000    0.54176
  39.00000    0.52046    0.00000    0.52046
  39.50000    0.50198    0.00000    0.50198
  40.00000    0.49153    0.00000    0.49153
  40.50000    0.55702    0.00000    0.55702
  41.00000    0.58288    0.00000    0.58288
  41.50000    0.54433    0.00000    0.54433
  42.00000    0.49116    0.00000    0.49116
  42.50000    0.45562    0.00000    0.45562
  43.00000    0.46993    0.00000    0.46993
  43.50000    0.47543    0.00000    0.47543
  44.00000    0.50221    0.00000    0.50221
  44.50000    0.51772    0.00000    0.51772
  45.00000    0.50562    0.00000    0.50562
  45.50000    0.49937    0.00000    0.49937
  46.00000    0.48405    0.00000    0.48405
  46.50000    0.50325    0.00000    0.50325
  47.00000    0.50046    0.00000    0.50046
  47.50000    0.53582    0.00000    0.53582
  48.00000    0.55157    0.00000    0.55157
  48.50000    0.53876    0.00000    0.53876
  49.00000    0.53402    0.00000    0.53402
  49.50000    0.52440    0.00000    0.52440
  50.00000    0.51681    0.00000    0.51681
  50.50000    0.49857    0.00000    0.49857
  51.00000    0.50794    0.00000    0.50794
  51.50000    0.53282    0.00000    0.53282
  52.00000    0.53462    0.00000    0.53462
  52.50000    0.54133    0.00000    0.54133
  53.00000    0.50023    0.00000    0.50023
  53.50000    0.48111    0.00000    0.48111
  54.00000    0.49222    0.00000    0.49222
  54.50000    0.54788    0.00000    0.54788
  55.00000    0.53787    0.00000    0.53787
  55.50000    0.52371    0.00000    0.52371
  56.00000    0.50334    0.00000    0.50334
  56.50000    0.50020    0.00000    0.50020
  57.00000    0.48267    0.00000    0.48267
  57.50000    0.51597    0.00000    0.51597
  58.00000    0.54591    0.00000    0.54591
  58.50000    0.54259    0.00000    0.54259
  59.00000    0.52562    0.00000    0.52562
  59.50000    0.52221    0.00000    0.52221
  60.00000    0.51386    0.00000    0.51386
  60.50000    0.50383    0.00000    0.50383
  61.00000    0.52845    0.00000    0.52845
  61.50000    0.53091    0.00000    0.53091
  62.00000    0.53333    0.00000    0.53333
  62.50000    0.49598    0.00000    0.49598
  63.00000    0.52304    0.00000    0.52304
  63.50000    0.55953    0.00000    0.55953
  64.00000    0.57504    0.00000    0.57504
  64.50000    0.51757    0.00000    0.51757
  65.00000    0.49899    0.00000    0.49899
  65.50000    0.56317    0.00000    0.56317
  66.00000    0.56954    0.00000    0.56954
  66.50000    0.54358    0.00000    0.54358
  67.00000    0.49198    0.00000    0.49198
  67.50000    0.54661    0.00000    0.54661
  68.00000    0.57539    0.00000    0.57539
  68.50000    0.55329    0.00000    0.55329
  69.00000    0.48675    0.00000    0.48675
  69.50000    0.47271    0.00000    0.47271
  70.00000    0.49748    0.00000    0.49748
  70.50000    0.50067    0.00000    0.50067
  71.00000    0.49883    0.00000    0.49883
  71.50000    0.46901    0.00000    0.46901
  72.00000    0.46880    0.00000    0.46880
  72.50000    0.47791    0.00000    0.47791
  73.00000    0.50998    0.00000    0.50998
  73.50000    0.53769    0.00000    0.53769
  74.00000    0.54656    0.00000    0.54656
  74.50000    0.56044    0.00000    0.56044
  75.00000    0.51984    0.00000    0.51984
  75.50000    0.49893    0.00000    0.49893
  76.00000    0.46495    0.00000    0.46495
  76.50000    0.49239    0.00000    0.49239
  77.00000    0.51441    0.00000    0.51441
  77.50000    0.54842    0.00000    0.54842
  78.00000    0.54079    0.00000    0.54079
  78.50000    0.49466    0.00000    0.49466
  79.00000    0.49005    0.00000    0.49005
  79.50000    0.48417    0.00000    0.48417
  80.00000    0.52691    0.00000    0.52691
  80.50000    0.53364    0.00000    0.53364
  81.00000    0.52765    0.00000    0.52765
  81.50000    0.47746    0.00000    0.47746
  82.00000    0.47237    0.00000    0.47237
  82.50000    0.50462    0.00000    0.50462
  83.00000    0.53668    0.00000    0.53668
  83.50000    0.51816    0.00000    0.51816
  84.00000    0.52606    0.00000    0.52606
  84.50000    0.57120    0.00000    0.57120
  85.00000    0.57869    0.00000    0.57869
  85.50000    0.51822    0.00000    0.51822
  86.00000    0.48588    0.00000    0.48588
  86.50000    0.52580    0.00000    0.52580
  87.00000    0.53284    0.00000    0.53284
  87.50000    0.53858    0.00000    0.53858
  88.00000    0.51541    0.00000    0.51541
  88.50000    0.51990    0.00000    0.51990
  89.00000    0.51754    0.00000    0.51754
  89.50000    0.53429    0.00000    0.53429
  90.00000    0.52637    0.00000    0.52637
  90.50000    0.51906    0.00000    0.51906
  91.00000    0.49952    0.00000    0.49952
  91.50000    0.48298    0.00000    0.48298
  92.00000    0.50180    0.00000    0.50180
  92.50000    0.50279    0.00000    0.50279
  93.00000    0.49419    0.00000    0.49419
  93.50000    0.49887    0.00000    0.49887
  94.00000    0.49151    0.00000    0.49151
  94.50000    0.47925    0.00000    0.47925
  95.00000    0.48274    0.00000    0.48274
  95.50000    0.54522    0.00000    0.54522
  96.00000    0.52735    0.00000    0.52735
  96.50000    0.55298    0.00000    0.55298
  97.00000    0.53192    0.00000    0.53192
  97.50000    0.54397    0.00000    0.54397
  98.00000    0.50373    0.00000    0.50373
  98.50000    0.51700    0.00000    0.51700
  99.00000    0.50780    0.00000    0.50780
  99.50000    0.53198    0.00000    0.53198
 100.00000    0.52301    0.00000    0.52301
 100.50000    0.51924    0.00000    0.51924
 101.00000    0.51840    0.00000    0.51840
 101.50000    0.51365    0.00000    0.51365
 102.00000    0.47782    0.00000    0.47782
 102.50000    0.45318    0.00000    0.45318
 103.00000    0.49858    0.00000    0.49858
 103.50000    0.49189    0.00000    0.49189
 104.00000    0.48149    0.00000    0.48149
 104.50000    0.49609    0.00000    0.49609
 105.00000    0.56070    0.00000    0.56070
 105.50000    0.54062    0.00000    0.54062
 106.00000    0.50058    0.00000    0.50058
 106.50000    0.50397    0.00000    0.50397
 107.00000    0.53601    0.00000    0.53601
 107.50000    0.54777    0.00000    0.54777
 108.00000    0.55893    0.00000    0.55893
 108.50000    0.55214    0.00000    0.55214
 109.00000    0.56123    0.00000    0.56123
 109.50000    0.54924    0.00000    0.54924
 110.00000    0.51873    0.00000    0.51873
 110.50000    0.47673    0.00000    0.47673
 111.00000    0.48669    0.00000    0.48669
 111.50000    0.52298    0.00000    0.52298
 112.00000    0.52684    0.00000    0.52684
 112.50000    0.52507    0.00000    0.52507
 113.00000    0.52318    0.00000    0.52318
 113.50000    0.48120    0.00000    0.48120
 114.00000    0.47438    0.00000    0.47438
 114.50000    0.47540    0.00000    0.47540
 115.00000    0.50343    0.00000    0.50343
 115.50000    0.50781    0.00000    0.50781
 116.00000    0.56873    0.00000    0.56873
 116.50000    0.58250    0.00000    0.58250
 117.00000    0.55868    0.00000    0.55868
 117.50000    0.51554    0.00000    0.51554
 118.00000    0.51997    0.00000    0.51997
 118.50000    0.52612    0.00000    0.52612
 119.00000    0.52210    0.00000    0.52210
 119.50000    0.53459    0.00000    0.53459
 120.00000    0.54490    0.00000    0.54490
 120.50000    0.47997    0.00000    0.47997
 121.00000    0.48029    0.00000    0.48029
 121.50000    0.51337    0.00000    0.51337
 122.00000    0.53167    0.00000    0.53167
 122.50000    0.50485    0.00000    0.50485
 123.00000    0.52587    0.00000    0.52587
 123.50000    0.49560    0.00000    0.49560
 124.00000    0.47868    0.00000    0.47868
 124.50000    0.48472    0.00000    0.48472
 125.00000    0.51766    0.00000    0.51766
 125.50000    0.51876    0.00000    0.51876
 126.00000    0.52018    0.00000    0.52018
 126.50000    0.48881    0.00000    0.48881
 127.00000    0.51261    0.00000    0.51261
 127.50000    0.53267    0.00000    0.53267
 128.00000    0.52320    0.00000    0.52320
 128.50000    0.46724    0.00000    0.46724
 129.00000    0.47239    0.00000    0.47239
 129.50000    0.51197    0.00000    0.51197
 130.00000    0.55316    0.00000    0.55316
 130.50000    0.50128    0.00000    0.50128
 131.00000    0.45479    0.00000    0.45479
 131.50000    0.46713    0.00000    0.46713
 132.00000    0.51399    0.00000    0.51399
 132.50000    0.51559    0.00000    0.51559
 133.00000    0.50076    0.00000    0.50076
 133.50000    0.50821    0.00000    0.50821
 134.00000    0.51538    0.00000    0.51538
 134.50000    0.53193    0.00000    0.53193
 135.00000    0.55175    0.00000    0.55175
 135.50000    0.56089    0.00000    0.56089
 136.00000    0.52723    0.00000    0.52723
 136.50000    0.48238    0.00000    0.48238
 137.00000    0.49209    0.00000    0.49209
 137.50000    0.54570    0.00000    0.54570
 138.00000    0.53849    0.00000    0.53849
 138.50000    0.49100    0.00000    0.49100
 139.00000    0.46774    0.00000    0.46774
 139.50000    0.51624    0.00000    0.51624
 140.00000    0.52446    0.00000    0.52446
 140.50000    0.53229    0.00000    0.53229
 141.00000    0.54667    0.00000    0.54667
 141.50000    0.50950    0.00000    0.50950
 142.00000    0.52549    0.00000    0.52549
 142.50000    0.55781    0.00000    0.55781
 143.00000    0.60922    0.00000    0.60922
 143.50000    0.56713    0.00000    0.56713
 144.00000    0.54087    0.00000    0.54087
 144.50000    0.50870    0.00000    0.50870
 145.00000    0.53773    0.00000    0.53773
 145.50000    0.56624    0.00000    0.56624
 146.00000    0.53983    0.00000    0.53983
 146.50000    0.48499    0.00000    0.48499
 147.00000    0.50555    0.00000    0.50555
 147.50000    0.52892    0.00000    0.52892
 148.00000    0.51294    0.00000    0.51294
 148.50000    0.47971    0.00000    0.47971
 149.00000    0.49000    0.00000    0.49000
 149.50000    0.51064    0.00000    0.51064
 150.00000    0.45897    0.00000    0.45897
