   0.00000    0.50421    0.00000    0.50421
   0.50000    0.50989    0.00000    0.50989
   1.00000    0.51200    0.00000    0.51200
   1.50000    0.52570    0.00000    0.52570
   2.00000    0.53444    0.00000    0.53444
   2.50000    0.51741    0.00000    0.51741
   3.00000    0.51329    0.00000    0.51329
   3.50000    0.55783    0.00000    0.55783
   4.00000    0.55130    0.00000    0.55130
   4.50000    0.54694    0.00000    0.54694
   5.00000    0.49285    0.00000    0.49285
   5.50000    0.49064    0.00000    0.49064
   6.00000    0.48345    0.00000    0.48345
   6.50000    0.55546    0.00000    0.55546
   7.00000    0.55337    0.00000    0.55337
   7.50000    0.50959    0.00000    0.50959
   8.00000    0.46661    0.00000    0.46661
   8.50000    0.49646    0.00000    0.49646
   9.00000    0.52941    0.00000    0.52941
   9.50000    0.55589    0.00000    0.55589
  10.00000    0.57057    0.00000    0.57057
  10.50000    0.58040    0.00000    0.58040
  11.00000    0.55439    0.00000    0.55439
  11.50000    0.53959    0.00000    0.53959
  12.00000    0.50896    0.00000    0.50896
  12.50000    0.53311    0.00000    0.53311
  13.00000    0.51504    0.00000    0.51504
  13.50000    0.52130    0.00000    0.52130
  14.00000    0.50103    0.00000    0.50103
  14.50000    0.52444    0.00000    0.52444
  15.00000    0.53996    0.00000    0.53996
  15.50000    0.57958    0.00000    0.57958
  16.00000    0.57039    0.00000    0.57039
  16.50000    0.55022    0.00000    0.55022
  17.00000    0.55008    0.00000    0.55008
  17.50000    0.57214    0.00000    0.57214
  18.00000    0.55752    0.00000    0.55752
  18.50000    0.55783    0.00000    0.55783
  19.00000    0.57813    0.00000    0.57813
  19.50000    0.56350    0.00000    0.56350
  20.00000    0.53486    0.00000    0.53486
  20.50000    0.51231    0.00000    0.51231
  21.00000    0.52112    0.00000    0.52112
  21.50000    0.51684    0.00000    0.51684
  22.00000    0.53770    0.00000    0.53770
  22.50000    0.54093    0.00000    0.54093
  23.00000    0.54385    0.00000    0.54385
  23.50000    0.55524    0.00000    0.55524
  24.00000    0.58199    0.00000    0.58199
  24.50000    0.57027    0.00000    0.57027
  25.00000    0.53966    0.00000    0.53966
  25.50000    0.53246    0.00000    0.53246
  26.00000    0.53965    0.00000    0.53965
  26.50000    0.53472    0.00000    0.53472
  27.00000    0.54343    0.00000    0.54343
  27.50000    0.52946    0.00000    0.52946
  28.00000    0.51785    0.00000    0.51785
  28.50000    0.51233    0.00000    0.51233
  29.00000    0.55893    0.00000    0.55893
  29.50000    0.57102    0.00000    0.57102
  30.00000    0.56135    0.00000    0.56135
  30.50000    0.53818    0.00000    0.53818
  31.00000    0.51728    0.00000    0.51728
  31.50000    0.52560    0.00000    0.52560
  32.00000    0.54265    0.00000    0.54265
  32.50000    0.56230    0.00000    0.56230
  33.00000    0.56102    0.00000    0.56102
  33.50000    0.54661    0.00000    0.54661
  34.00000    0.53955    0.00000    0.53955
  34.50000    0.54334    0.00000    0.54334
  35.00000    0.54440    0.00000    0.54440
  35.50000    0.53529    0.00000    0.53529
  36.00000    0.54169    0.00000    0.54169
  36.50000    0.55548    0.00000    0.55548
  37.00000    0.56127    0.00000    0.56127
  37.50000    0.56513    0.00000    0.56513
  38.00000    0.56799    0.00000    0.56799
  38.50000    0.58275    0.00000    0.58275
  39.00000    0.56239    0.00000    0.56239
  39.50000    0.51434    0.00000    0.51434
  40.00000    0.51660    0.00000    0.51660
  40.50000    0.56207    0.00000    0.56207
  41.00000    0.59133    0.00000    0.59133
  41.50000    0.56844    0.00000    0.56844
  42.00000    0.54966    0.00000    0.54966
  42.50000    0.52647    0.00000    0.52647
  43.00000    0.53415    0.00000    0.53415
  43.50000    0.52634    0.00000    0.52634
  44.00000    0.53957    0.00000    0.53957
  44.50000    0.55472    0.00000    0.55472
  45.00000    0.53957    0.00000    0.53957
  45.50000    0.50928    0.00000    0.50928
  46.00000    0.52161    0.00000    0.52161
  46.50000    0.52984    0.00000    0.52984
  47.00000    0.53923    0.00000    0.53923
  47.50000    0.55889    0.00000    0.55889
  48.00000    0.58649    0.00000    0.58649
  48.50000    0.54291    0.00000    0.54291
  49.00000    0.53829    0.00000    0.53829
  49.50000    0.54131    0.00000    0.54131
  50.00000    0.56249    0.00000    0.56249
  50.50000    0.55443    0.00000    0.55443
  51.00000    0.55648    0.00000    0.55648
  51.50000    0.56138    0.00000    0.56138
  52.00000    0.56045    0.00000    0.56045
  52.50000    0.57783    0.00000    0.57783
  53.00000    0.53749    0.00000    0.53749
  53.50000    0.49726    0.00000    0.49726
  54.00000    0.50108    0.00000    0.50108
  54.50000    0.55101    0.00000    0.55101
  55.00000    0.56072    0.00000    0.56072
  55.50000    0.58024    0.00000    0.58024
  56.00000    0.58437    0.00000    0.58437
  56.50000    0.54117    0.00000    0.54117
  57.00000    0.49079    0.00000    0.49079
  57.50000    0.54087    0.00000    0.54087
  58.00000    0.59256    0.00000    0.59256
  58.50000    0.58187    0.00000    0.58187
  59.00000    0.53735    0.00000    0.53735
  59.50000    0.52410    0.00000    0.52410
  60.00000    0.51827    0.00000    0.51827
  60.50000    0.50221    0.00000    0.50221
  61.00000    0.54422    0.00000    0.54422
  61.50000    0.55721    0.00000    0.55721
  62.00000    0.58872    0.00000    0.58872
  62.50000    0.54361    0.00000    0.54361
  63.00000    0.56493    0.00000    0.56493
  63.50000    0.59222    0.00000    0.59222
  64.00000    0.61802    0.00000    0.61802
  64.50000    0.56199    0.00000    0.56199
  65.00000    0.52671    0.00000    0.52671
  65.50000    0.56760    0.00000    0.56760
  66.00000    0.59713    0.00000    0.59713
  66.50000    0.57591    0.00000    0.57591
  67.00000    0.53139    0.00000    0.53139
  67.50000    0.56009    0.00000    0.56009
  68.00000    0.59268    0.00000    0.59268
  68.50000    0.55922    0.00000    0.55922
  69.00000    0.50387    0.00000    0.50387
  69.50000    0.49302    0.00000    0.49302
  70.00000    0.53474    0.00000    0.53474
  70.50000    0.53469    0.00000    0.53469
  71.00000    0.53579    0.00000    0.53579
  71.50000    0.50063    0.00000    0.50063
  72.00000    0.49719    0.00000    0.49719
  72.50000    0.51090    0.00000    0.51090
  73.00000    0.55041    0.00000    0.55041
  73.50000    0.56395    0.00000    0.56395
  74.00000    0.56267    0.00000    0.56267
  74.50000    0.59007    0.00000    0.59007
  75.00000    0.55585    0.00000    0.55585
  75.50000    0.53768    0.00000    0.53768
  76.00000    0.49735    0.00000    0.49735
  76.50000    0.51252    0.00000    0.51252
  77.00000    0.51319    0.00000    0.51319
  77.50000    0.57867    0.00000    0.57867
  78.00000    0.57234    0.00000    0.57234
  78.50000    0.53403    0.00000    0.53403
  79.00000    0.51099    0.00000    0.51099
  79.50000    0.50785    0.00000    0.50785
  80.00000    0.54942    0.00000    0.54942
  80.50000    0.57008    0.00000    0.57008
  81.00000    0.56131    0.00000    0.56131
  81.50000    0.51202    0.00000    0.51202
  82.00000    0.49952    0.00000    0.49952
  82.50000    0.54067    0.00000    0.54067
  83.00000    0.55871    0.00000    0.55871
  83.50000    0.54507    0.00000    0.54507
  84.00000    0.53071    0.00000    0.53071
  84.50000    0.56453    0.00000    0.56453
  85.00000    0.57145    0.00000    0.57145
  85.50000    0.54607    0.00000    0.54607
  86.00000    0.51102    0.00000    0.51102
  86.50000    0.51362    0.00000    0.51362
  87.00000    0.52526    0.00000    0.52526
  87.50000    0.55817    0.00000    0.55817
  88.00000    0.55995    0.00000    0.55995
  88.50000    0.56872    0.00000    0.56872
  89.00000    0.57805    0.00000    0.57805
  89.50000    0.58297    0.00000    0.58297
  90.00000    0.57339    0.00000    0.57339
  90.50000    0.55296    0.00000    0.55296
  91.00000    0.53510    0.00000    0.53510
  91.50000    0.52759    0.00000    0.52759
  92.00000    0.55212    0.00000    0.55212
  92.50000    0.51959    0.00000    0.51959
  93.00000    0.49134    0.00000    0.49134
  93.50000    0.47684    0.00000    0.47684
  94.00000    0.50403    0.00000    0.50403
  94.50000    0.49805    0.00000    0.49805
  95.00000    0.53165    0.00000    0.53165
  95.50000    0.58010    0.00000    0.58010
  96.00000    0.59707    0.00000    0.59707
  96.50000    0.57848    0.00000    0.57848
  97.00000    0.56184    0.00000    0.56184
  97.50000    0.56183    0.00000    0.56183
  98.00000    0.54292    0.00000    0.54292
  98.50000    0.53413    0.00000    0.53413
  99.00000    0.52228    0.00000    0.52228
  99.50000    0.54801    0.00000    0.54801
 100.00000    0.55114    0.00000    0.55114
 100.50000    0.55127    0.00000    0.55127
 101.00000    0.57554    0.00000    0.57554
 101.50000    0.56564    0.00000    0.56564
 102.00000    0.52481    0.00000    0.52481
 102.50000    0.45573    0.00000    0.45573
 103.00000    0.50532    0.00000    0.50532
 103.50000    0.50753    0.00000    0.50753
 104.00000    0.52986    0.00000    0.52986
 104.50000    0.51612    0.00000    0.51612
 105.00000    0.56000    0.00000    0.56000
 105.50000    0.54736    0.00000    0.54736
 106.00000    0.53940    0.00000    0.53940
 106.50000    0.53520    0.00000    0.53520
 107.00000    0.56624    0.00000    0.56624
 107.50000    0.57504    0.00000    0.57504
 108.00000    0.59459    0.00000    0.59459
 108.50000    0.57979    0.00000    0.57979
 109.00000    0.57470    0.00000    0.57470
 109.50000    0.55495    0.00000    0.55495
 110.00000    0.55618    0.00000    0.55618
 110.50000    0.51502    0.00000    0.51502
 111.00000    0.51837    0.00000    0.51837
 111.50000    0.55067    0.00000    0.55067
 112.00000    0.58337    0.00000    0.58337
 112.50000    0.57198    0.00000    0.57198
 113.00000    0.54576    0.00000    0.54576
 113.50000    0.49903    0.00000    0.49903
 114.00000    0.49605    0.00000    0.49605
 114.50000    0.51041    0.00000    0.51041
 115.00000    0.53108    0.00000    0.53108
 115.50000    0.54366    0.00000    0.54366
 116.00000    0.59608    0.00000    0.59608
 116.50000    0.58471    0.00000    0.58471
 117.00000    0.57957    0.00000    0.57957
 117.50000    0.56422    0.00000    0.56422
 118.00000    0.57380    0.00000    0.57380
 118.50000    0.55149    0.00000    0.55149
 119.00000    0.56510    0.00000    0.56510
 119.50000    0.56557    0.00000    0.56557
 120.00000    0.57522    0.00000    0.57522
 120.50000    0.52960    0.00000    0.52960
 121.00000    0.54316    0.00000    0.54316
 121.50000    0.53703    0.00000    0.53703
 122.00000    0.54608    0.00000    0.54608
 122.50000    0.52532    0.00000    0.52532
 123.00000    0.55103    0.00000    0.55103
 123.50000    0.52491    0.00000    0.52491
 124.00000    0.50810    0.00000    0.50810
 124.50000    0.50629    0.00000    0.50629
 125.00000    0.52842    0.00000    0.52842
 125.50000    0.54332    0.00000    0.54332
 126.00000    0.54947    0.00000    0.54947
 126.50000    0.52739    0.00000    0.52739
 127.00000    0.52998    0.00000    0.52998
 127.50000    0.52391    0.00000    0.52391
 128.00000    0.53288    0.00000    0.53288
 128.50000    0.52791    0.00000    0.52791
 129.00000    0.53573    0.00000    0.53573
 129.50000    0.53687    0.00000    0.53687
 130.00000    0.54817    0.00000    0.54817
 130.50000    0.52430    0.00000    0.52430
 131.00000    0.51170    0.00000    0.51170
 131.50000    0.51009    0.00000    0.51009
 132.00000    0.53939    0.00000    0.53939
 132.50000    0.55856    0.00000    0.55856
 133.00000    0.56082    0.00000    0.56082
 133.50000    0.54194    0.00000    0.54194
 134.00000    0.54036    0.00000    0.54036
 134.50000    0.55719    0.00000    0.55719
 135.00000    0.55594    0.00000    0.55594
 135.50000    0.58123    0.00000    0.58123
 136.00000    0.56839    0.00000    0.56839
 136.50000    0.54005    0.00000    0.54005
 137.00000    0.54341    0.00000    0.54341
 137.50000    0.56941    0.00000    0.56941
 138.00000    0.55321    0.00000    0.55321
 138.50000    0.50398    0.00000    0.50398
 139.00000    0.50370    0.00000    0.50370
 139.50000    0.53044    0.00000    0.53044
 140.00000    0.53858    0.00000    0.53858
 140.50000    0.54290    0.00000    0.54290
 141.00000    0.57255    0.00000    0.57255
 141.50000    0.53824    0.00000    0.53824
 142.00000    0.53639    0.00000    0.53639
 142.50000    0.55779    0.00000    0.55779
 143.00000    0.62095    0.00000    0.62095
 143.50000    0.62261    0.00000    0.62261
 144.00000    0.58522    0.00000    0.58522
 144.50000    0.54205    0.00000    0.54205
 145.00000    0.55246    0.00000    0.55246
 145.50000    0.57225    0.00000    0.57225
 146.00000    0.51424    0.00000    0.51424
 146.50000    0.48954    0.00000    0.48954
 147.00000    0.53167    0.00000    0.53167
 147.50000    0.54937    0.00000    0.54937
 148.00000    0.52217    0.00000    0.52217
 148.50000    0.51110    0.00000    0.51110
 149.00000    0.52498    0.00000    0.52498
 149.50000    0.51983    0.00000    0.51983
 150.00000    0.42881    0.00000    0.42881
