   0.00000    0.47758    0.00000    0.47758
   0.50000    0.49278    0.00000    0.49278
   1.00000    0.50758    0.00000    0.50758
   1.50000    0.51867    0.00000    0.51867
   2.00000    0.52359    0.00000    0.52359
   2.50000    0.50015    0.00000    0.50015
   3.00000    0.51395    0.00000    0.51395
   3.50000    0.55506    0.00000    0.55506
   4.00000    0.54784    0.00000    0.54784
   4.50000    0.53216    0.00000    0.53216
   5.00000    0.49267    0.00000    0.49267
   5.50000    0.50257    0.00000    0.50257
   6.00000    0.49101    0.00000    0.49101
   6.50000    0.53805    0.00000    0.53805
   7.00000    0.53804    0.00000    0.53804
   7.50000    0.50719    0.00000    0.50719
   8.00000    0.46266    0.00000    0.46266
   8.50000    0.49089    0.00000    0.49089
   9.00000    0.52961    0.00000    0.52961
   9.50000    0.54561    0.00000    0.54561
  10.00000    0.55647    0.00000    0.55647
  10.50000    0.56156    0.00000    0.56156
  11.00000    0.54849    0.00000    0.54849
  11.50000    0.52656    0.00000    0.52656
  12.00000    0.50166    0.00000    0.50166
  12.50000    0.51044    0.00000    0.51044
  13.00000    0.49967    0.00000    0.49967
  13.50000    0.51276    0.00000    0.51276
  14.00000    0.50686    0.00000    0.50686
  14.50000    0.53154    0.00000    0.53154
  15.00000    0.53244    0.00000    0.53244
  15.50000    0.56174    0.00000    0.56174
  16.00000    0.53780    0.00000    0.53780
  16.50000    0.52761    0.00000    0.52761
  17.00000    0.52749    0.00000    0.52749
  17.50000    0.54491    0.00000    0.54491
  18.00000    0.52915    0.00000    0.52915
  18.50000    0.54186    0.00000    0.54186
  19.00000    0.56362    0.00000    0.56362
  19.50000    0.54920    0.00000    0.54920
  20.00000    0.52245    0.00000    0.52245
  20.50000    0.51263    0.00000    0.51263
  21.00000    0.52827    0.00000    0.52827
  21.50000    0.52852    0.00000    0.52852
  22.00000    0.54365    0.00000    0.54365
  22.50000    0.53763    0.00000    0.53763
  23.00000    0.53129    0.00000    0.53129
  23.50000    0.54043    0.00000    0.54043
  24.00000    0.57462    0.00000    0.57462
  24.50000    0.57251    0.00000    0.57251
  25.00000    0.52607    0.00000    0.52607
  25.50000    0.52091    0.00000    0.52091
  26.00000    0.53072    0.00000    0.53072
  26.50000    0.53346    0.00000    0.53346
  27.00000    0.52403    0.00000    0.52403
  27.50000    0.51320    0.00000    0.51320
  28.00000    0.52537    0.00000    0.52537
  28.50000    0.51316    0.00000    0.51316
  29.00000    0.54466    0.00000    0.54466
  29.50000    0.54387    0.00000    0.54387
  30.00000    0.53491    0.00000    0.53491
  30.50000    0.50169    0.00000    0.50169
  31.00000    0.49012    0.00000    0.49012
  31.50000    0.51293    0.00000    0.51293
  32.00000    0.52678    0.00000    0.52678
  32.50000    0.54131    0.00000    0.54131
  33.00000    0.54451    0.00000    0.54451
  33.50000    0.55080    0.00000    0.55080
  34.00000    0.54501    0.00000    0.54501
  34.50000    0.54939    0.00000    0.54939
  35.00000    0.53281    0.00000    0.53281
  35.50000    0.52218    0.00000    0.52218
  36.00000    0.52991    0.00000    0.52991
  36.50000    0.55146    0.00000    0.55146
  37.00000    0.55554    0.00000    0.55554
  37.50000    0.55495    0.00000    0.55495
  38.00000    0.55300    0.00000    0.55300
  38.50000    0.55955    0.00000    0.55955
  39.00000    0.55794    0.00000    0.55794
  39.50000    0.52222    0.00000    0.52222
  40.00000    0.52496    0.00000    0.52496
  40.50000    0.56232    0.00000    0.56232
  41.00000    0.59266    0.00000    0.59266
  41.50000    0.56140    0.00000    0.56140
  42.00000    0.53593    0.00000    0.53593
  42.50000    0.51091    0.00000    0.51091
  43.00000    0.50983    0.00000    0.50983
  43.50000    0.50954    0.00000    0.50954
  44.00000    0.52222    0.00000    0.52222
  44.50000    0.55052    0.00000    0.55052
  45.00000    0.53053    0.00000    0.53053
  45.50000    0.50358    0.00000    0.50358
  46.00000    0.50690    0.00000    0.50690
  46.50000    0.52241    0.00000    0.52241
  47.00000    0.53628    0.00000    0.53628
  47.50000    0.56737    0.00000    0.56737
  48.00000    0.59638    0.00000    0.59638
  48.50000    0.53706    0.00000    0.53706
  49.00000    0.53379    0.00000    0.53379
  49.50000    0.54598    0.00000    0.54598
  50.00000    0.56088    0.00000    0.56088
  50.50000    0.54032    0.00000    0.54032
  51.00000    0.54995    0.00000    0.54995
  51.50000    0.55729    0.00000    0.55729
  52.00000    0.55303    0.00000    0.55303
  52.50000    0.56456    0.00000    0.56456
  53.00000    0.52763    0.00000    0.52763
  53.50000    0.48545    0.00000    0.48545
  54.00000    0.50261    0.00000    0.50261
  54.50000    0.54072    0.00000    0.54072
  55.00000    0.54021    0.00000    0.54021
  55.50000    0.54814    0.00000    0.54814
  56.00000    0.56730    0.00000    0.56730
  56.50000    0.52200    0.00000    0.52200
  57.00000    0.48679    0.00000    0.48679
  57.50000    0.52259    0.00000    0.52259
  58.00000    0.57417    0.00000    0.57417
  58.50000    0.55777    0.00000    0.55777
  59.00000    0.52907    0.00000    0.52907
  59.50000    0.50272    0.00000    0.50272
  60.00000    0.49461    0.00000    0.49461
  60.50000    0.49339    0.00000    0.49339
  61.00000    0.54202    0.00000    0.54202
  61.50000    0.55983    0.00000    0.55983
  62.00000    0.57981    0.00000    0.57981
  62.50000    0.53865    0.00000    0.53865
  63.00000    0.55499    0.00000    0.55499
  63.50000    0.59456    0.00000    0.59456
  64.00000    0.60953    0.00000    0.60953
  64.50000    0.55963    0.00000    0.55963
  65.00000    0.52289    0.00000    0.52289
  65.50000    0.57350    0.00000    0.57350
  66.00000    0.58071    0.00000    0.58071
  66.50000    0.55463    0.00000    0.55463
  67.00000    0.52188    0.00000    0.52188
  67.50000    0.56356    0.00000    0.56356
  68.00000    0.59043    0.00000    0.59043
  68.50000    0.54774    0.00000    0.54774
  69.00000    0.49075    0.00000    0.49075
  69.50000    0.47404    0.00000    0.47404
  70.00000    0.50641    0.00000    0.50641
  70.50000    0.52213    0.00000    0.52213
  71.00000    0.52187    0.00000    0.52187
  71.50000    0.50528    0.00000    0.50528
  72.00000    0.49588    0.00000    0.49588
  72.50000    0.51855    0.00000    0.51855
  73.00000    0.54950    0.00000    0.54950
  73.50000    0.56039    0.00000    0.56039
  74.00000    0.55799    0.00000    0.55799
  74.50000    0.57550    0.00000    0.57550
  75.00000    0.54927    0.00000    0.54927
  75.50000    0.51914    0.00000    0.51914
  76.00000    0.48482    0.00000    0.48482
  76.50000    0.49594    0.00000    0.49594
  77.00000    0.50468    0.00000    0.50468
  77.50000    0.56253    0.00000    0.56253
  78.00000    0.56151    0.00000    0.56151
  78.50000    0.52749    0.00000    0.52749
  79.00000    0.50076    0.00000    0.50076
  79.50000    0.50249    0.00000    0.50249
  80.00000    0.54535    0.00000    0.54535
  80.50000    0.56146    0.00000    0.56146
  81.00000    0.53204    0.00000    0.53204
  81.50000    0.48458    0.00000    0.48458
  82.00000    0.47635    0.00000    0.47635
  82.50000    0.51603    0.00000    0.51603
  83.00000    0.53422    0.00000    0.53422
  83.50000    0.52810    0.00000    0.52810
  84.00000    0.52347    0.00000    0.52347
  84.50000    0.56321    0.00000    0.56321
  85.00000    0.56908    0.00000    0.56908
  85.50000    0.53449    0.00000    0.53449
  86.00000    0.49546    0.00000    0.49546
  86.50000    0.51228    0.00000    0.51228
  87.00000    0.53238    0.00000    0.53238
  87.50000    0.56394    0.00000    0.56394
  88.00000    0.55390    0.00000    0.55390
  88.50000    0.54551    0.00000    0.54551
  89.00000    0.55184    0.00000    0.55184
  89.50000    0.56469    0.00000    0.56469
  90.00000    0.55875    0.00000    0.55875
  90.50000    0.54219    0.00000    0.54219
  91.00000    0.52274    0.00000    0.52274
  91.50000    0.51777    0.00000    0.51777
  92.00000    0.53969    0.00000    0.53969
  92.50000    0.52877    0.00000    0.52877
  93.00000    0.49319    0.00000    0.49319
  93.50000    0.47010    0.00000    0.47010
  94.00000    0.48609    0.00000    0.48609
  94.50000    0.48768    0.00000    0.48768
  95.00000    0.51125    0.00000    0.51125
  95.50000    0.55438    0.00000    0.55438
  96.00000    0.58518    0.00000    0.58518
  96.50000    0.59132    0.00000    0.59132
  97.00000    0.57510    0.00000    0.57510
  97.50000    0.56489    0.00000    0.56489
  98.00000    0.53578    0.00000    0.53578
  98.50000    0.52835    0.00000    0.52835
  99.00000    0.51573    0.00000    0.51573
  99.50000    0.54048    0.00000    0.54048
 100.00000    0.54305    0.00000    0.54305
 100.50000    0.55795    0.00000    0.55795
 101.00000    0.57384    0.00000    0.57384
 101.50000    0.57001    0.00000    0.57001
 102.00000    0.50993    0.00000    0.50993
 102.50000    0.45756    0.00000    0.45756
 103.00000    0.49491    0.00000    0.49491
 103.50000    0.50762    0.00000    0.50762
 104.00000    0.51616    0.00000    0.51616
 104.50000    0.51807    0.00000    0.51807
 105.00000    0.57192    0.00000    0.57192
 105.50000    0.54519    0.00000    0.54519
 106.00000    0.52508    0.00000    0.52508
 106.50000    0.52206    0.00000    0.52206
 107.00000    0.56129    0.00000    0.56129
 107.50000    0.56749    0.00000    0.56749
 108.00000    0.57787    0.00000    0.57787
 108.50000    0.55961    0.00000    0.55961
 109.00000    0.56322    0.00000    0.56322
 109.50000    0.56237    0.00000    0.56237
 110.00000    0.56218    0.00000    0.56218
 110.50000    0.51679    0.00000    0.51679
 111.00000    0.51537    0.00000    0.51537
 111.50000    0.54002    0.00000    0.54002
 112.00000    0.55554    0.00000    0.55554
 112.50000    0.54771    0.00000    0.54771
 113.00000    0.54732    0.00000    0.54732
 113.50000    0.53213    0.00000    0.53213
 114.00000    0.52342    0.00000    0.52342
 114.50000    0.51517    0.00000    0.51517
 115.00000    0.51999    0.00000    0.51999
 115.50000    0.52300    0.00000    0.52300
 116.00000    0.57983    0.00000    0.57983
 116.50000    0.58484    0.00000    0.58484
 117.00000    0.57361    0.00000    0.57361
 117.50000    0.55051    0.00000    0.55051
 118.00000    0.56391    0.00000    0.56391
 118.50000    0.54582    0.00000    0.54582
 119.00000    0.54040    0.00000    0.54040
 119.50000    0.55348    0.00000    0.55348
 120.00000    0.57064    0.00000    0.57064
 120.50000    0.52565    0.00000    0.52565
 121.00000    0.53870    0.00000    0.53870
 121.50000    0.54352    0.00000    0.54352
 122.00000    0.54884    0.00000    0.54884
 122.50000    0.52692    0.00000    0.52692
 123.00000    0.54029    0.00000    0.54029
 123.50000    0.50443    0.00000    0.50443
 124.00000    0.48462    0.00000    0.48462
 124.50000    0.49663    0.00000    0.49663
 125.00000    0.52375    0.00000    0.52375
 125.50000    0.53331    0.00000    0.53331
 126.00000    0.53968    0.00000    0.53968
 126.50000    0.51031    0.00000    0.51031
 127.00000    0.53782    0.00000    0.53782
 127.50000    0.53879    0.00000    0.53879
 128.00000    0.55063    0.00000    0.55063
 128.50000    0.52526    0.00000    0.52526
 129.00000    0.52986    0.00000    0.52986
 129.50000    0.52284    0.00000    0.52284
 130.00000    0.52834    0.00000    0.52834
 130.50000    0.50538    0.00000    0.50538
 131.00000    0.49729    0.00000    0.49729
 131.50000    0.52469    0.00000    0.52469
 132.00000    0.55460    0.00000    0.55460
 132.50000    0.54913    0.00000    0.54913
 133.00000    0.53215    0.00000    0.53215
 133.50000    0.51749    0.00000    0.51749
 134.00000    0.53331    0.00000    0.53331
 134.50000    0.54413    0.00000    0.54413
 135.00000    0.55585    0.00000    0.55585
 135.50000    0.56702    0.00000    0.56702
 136.00000    0.56183    0.00000    0.56183
 136.50000    0.52185    0.00000    0.52185
 137.00000    0.53639    0.00000    0.53639
 137.50000    0.57354    0.00000    0.57354
 138.00000    0.56472    0.00000    0.56472
 138.50000    0.52065    0.00000    0.52065
 139.00000    0.50785    0.00000    0.50785
 139.50000    0.52317    0.00000    0.52317
 140.00000    0.53355    0.00000    0.53355
 140.50000    0.53975    0.00000    0.53975
 141.00000    0.55909    0.00000    0.55909
 141.50000    0.52094    0.00000    0.52094
 142.00000    0.52535    0.00000    0.52535
 142.50000    0.54011    0.00000    0.54011
 143.00000    0.60952    0.00000    0.60952
 143.50000    0.61562    0.00000    0.61562
 144.00000    0.57167    0.00000    0.57167
 144.50000    0.51764    0.00000    0.51764
 145.00000    0.53678    0.00000    0.53678
 145.50000    0.55428    0.00000    0.55428
 146.00000    0.50061    0.00000    0.50061
 146.50000    0.47594    0.00000    0.47594
 147.00000    0.52444    0.00000    0.52444
 147.50000    0.54891    0.00000    0.54891
 148.00000    0.52661    0.00000    0.52661
 148.50000    0.50186    0.00000    0.50186
 149.00000    0.50312    0.00000    0.50312
 149.50000    0.50325    0.00000    0.50325
 150.00000    0.45385    0.00000    0.45385
