   0.00000    0.45551    0.00000    0.45551
   0.50000    0.53837    0.00000    0.53837
   1.00000    0.50657    0.00000    0.50657
   1.50000    0.45863    0.00000    0.45863
   2.00000    0.45972    0.00000    0.45972
   2.50000    0.47678    0.00000    0.47678
   3.00000    0.49925    0.00000    0.49925
   3.50000    0.53758    0.00000    0.53758
   4.00000    0.53061    0.00000    0.53061
   4.50000    0.50112    0.00000    0.50112
   5.00000    0.49508    0.00000    0.49508
   5.50000    0.51935    0.00000    0.51935
   6.00000    0.49973    0.00000    0.49973
   6.50000    0.52190    0.00000    0.52190
   7.00000    0.52882    0.00000    0.52882
   7.50000    0.49596    0.00000    0.49596
   8.00000    0.46202    0.00000    0.46202
   8.50000    0.49144    0.00000    0.49144
   9.00000    0.50469    0.00000    0.50469
   9.50000    0.49067    0.00000    0.49067
  10.00000    0.47908    0.00000    0.47908
  10.50000    0.52189    0.00000    0.52189
  11.00000    0.52716    0.00000    0.52716
  11.50000    0.51961    0.00000    0.51961
  12.00000    0.49518    0.00000    0.49518
  12.50000    0.51221    0.00000    0.51221
  13.00000    0.48009    0.00000    0.48009
  13.50000    0.49643    0.00000    0.49643
  14.00000    0.48984    0.00000    0.48984
  14.50000    0.49551    0.00000    0.49551
  15.00000    0.50281    0.00000    0.50281
  15.50000    0.55415    0.00000    0.55415
  16.00000    0.54801    0.00000    0.54801
  16.50000    0.55106    0.00000    0.55106
  17.00000    0.54452    0.00000    0.54452
  17.50000    0.52907    0.00000    0.52907
  18.00000    0.50511    0.00000    0.50511
  18.50000    0.52325    0.00000    0.52325
  19.00000    0.53004    0.00000    0.53004
  19.50000    0.52920    0.00000    0.52920
  20.00000    0.53287    0.00000    0.53287
  20.50000    0.52497    0.00000    0.52497
  21.00000    0.50801    0.00000    0.50801
  21.50000    0.50200    0.00000    0.50200
  22.00000    0.51062    0.00000    0.51062
  22.50000    0.51896    0.00000    0.51896
  23.00000    0.50280    0.00000    0.50280
  23.50000    0.52237    0.00000    0.52237
  24.00000    0.52932    0.00000    0.52932
  24.50000    0.52674    0.00000    0.52674
  25.00000    0.50254    0.00000    0.50254
  25.50000    0.49695    0.00000    0.49695
  26.00000    0.47968    0.00000    0.47968
  26.50000    0.47433    0.00000    0.47433
  27.00000    0.48478    0.00000    0.48478
  27.50000    0.50521    0.00000    0.50521
  28.00000    0.51670    0.00000    0.51670
  28.50000    0.51741    0.00000    0.51741
  29.00000    0.51873    0.00000    0.51873
  29.50000    0.52716    0.00000    0.52716
  30.00000    0.53057    0.00000    0.53057
  30.50000    0.51478    0.00000    0.51478
  31.00000    0.49856    0.00000    0.49856
  31.50000    0.53421    0.00000    0.53421
  32.00000    0.54387    0.00000    0.54387
  32.50000    0.53993    0.00000    0.53993
  33.00000    0.49987    0.00000    0.49987
  33.50000    0.48697    0.00000    0.48697
  34.00000    0.47060    0.00000    0.47060
  34.50000    0.50480    0.00000    0.50480
  35.00000    0.51641    0.00000    0.51641
  35.50000    0.50612    0.00000    0.50612
  36.00000    0.51332    0.00000    0.51332
  36.50000    0.51061    0.00000    0.51061
  37.00000    0.48402    0.00000    0.48402
  37.50000    0.46427    0.00000    0.46427
  38.00000    0.49896    0.00000    0.49896
  38.50000    0.52421    0.00000    0.52421
  39.00000    0.52475    0.00000    0.52475
  39.50000    0.49397    0.00000    0.49397
  40.00000    0.51233    0.00000    0.51233
  40.50000    0.56058    0.00000    0.56058
  41.00000    0.58265    0.00000    0.58265
  41.50000    0.54382    0.00000    0.54382
  42.00000    0.52792    0.00000    0.52792
  42.50000    0.48077    0.00000    0.48077
  43.00000    0.48528    0.00000    0.48528
  43.50000    0.46813    0.00000    0.46813
  44.00000    0.48469    0.00000    0.48469
  44.50000    0.48026    0.00000    0.48026
  45.00000    0.49696    0.00000    0.49696
  45.50000    0.50254    0.00000    0.50254
  46.00000    0.49104    0.00000    0.49104
  46.50000    0.48959    0.00000    0.48959
  47.00000    0.49348    0.00000    0.49348
  47.50000    0.52531    0.00000    0.52531
  48.00000    0.55672    0.00000    0.55672
  48.50000    0.53833    0.00000    0.53833
  49.00000    0.50686    0.00000    0.50686
  49.50000    0.51981    0.00000    0.51981
  50.00000    0.52496    0.00000    0.52496
  50.50000    0.54143    0.00000    0.54143
  51.00000    0.51480    0.00000    0.51480
  51.50000    0.50658    0.00000    0.50658
  52.00000    0.49664    0.00000    0.49664
  52.50000    0.54639    0.00000    0.54639
  53.00000    0.54206    0.00000    0.54206
  53.50000    0.50009    0.00000    0.50009
  54.00000    0.51533    0.00000    0.51533
  54.50000    0.54762    0.00000    0.54762
  55.00000    0.54071    0.00000    0.54071
  55.50000    0.54068    0.00000    0.54068
  56.00000    0.55289    0.00000    0.55289
  56.50000    0.52528    0.00000    0.52528
  57.00000    0.47300    0.00000    0.47300
  57.50000    0.47923    0.00000    0.47923
  58.00000    0.50713    0.00000    0.50713
  58.50000    0.52500    0.00000    0.52500
  59.00000    0.50978    0.00000    0.50978
  59.50000    0.48073    0.00000    0.48073
  60.00000    0.46544    0.00000    0.46544
  60.50000    0.47524    0.00000    0.47524
  61.00000    0.52313    0.00000    0.52313
  61.50000    0.55153    0.00000    0.55153
  62.00000    0.55747    0.00000    0.55747
  62.50000    0.51593    0.00000    0.51593
  63.00000    0.53803    0.00000    0.53803
  63.50000    0.57100    0.00000    0.57100
  64.00000    0.56188    0.00000    0.56188
  64.50000    0.48299    0.00000    0.48299
  65.00000    0.45627    0.00000    0.45627
  65.50000    0.49063    0.00000    0.49063
  66.00000    0.53001    0.00000    0.53001
  66.50000    0.52937    0.00000    0.52937
  67.00000    0.50956    0.00000    0.50956
  67.50000    0.51088    0.00000    0.51088
  68.00000    0.53137    0.00000    0.53137
  68.50000    0.52263    0.00000    0.52263
  69.00000    0.48361    0.00000    0.48361
  69.50000    0.45922    0.00000    0.45922
  70.00000    0.49843    0.00000    0.49843
  70.50000    0.53575    0.00000    0.53575
  71.00000    0.52490    0.00000    0.52490
  71.50000    0.47991    0.00000    0.47991
  72.00000    0.48130    0.00000    0.48130
  72.50000    0.51694    0.00000    0.51694
  73.00000    0.53162    0.00000    0.53162
  73.50000    0.53936    0.00000    0.53936
  74.00000    0.53796    0.00000    0.53796
  74.50000    0.56976    0.00000    0.56976
  75.00000    0.52293    0.00000    0.52293
  75.50000    0.48888    0.00000    0.48888
  76.00000    0.44420    0.00000    0.44420
  76.50000    0.49571    0.00000    0.49571
  77.00000    0.49862    0.00000    0.49862
  77.50000    0.51674    0.00000    0.51674
  78.00000    0.49983    0.00000    0.49983
  78.50000    0.49684    0.00000    0.49684
  79.00000    0.46410    0.00000    0.46410
  79.50000    0.45534    0.00000    0.45534
  80.00000    0.49460    0.00000    0.49460
  80.50000    0.50591    0.00000    0.50591
  81.00000    0.48258    0.00000    0.48258
  81.50000    0.46831    0.00000    0.46831
  82.00000    0.48004    0.00000    0.48004
  82.50000    0.50982    0.00000    0.50982
  83.00000    0.52993    0.00000    0.52993
  83.50000    0.51942    0.00000    0.51942
  84.00000    0.50800    0.00000    0.50800
  84.50000    0.54255    0.00000    0.54255
  85.00000    0.56510    0.00000    0.56510
  85.50000    0.53631    0.00000    0.53631
  86.00000    0.50606    0.00000    0.50606
  86.50000    0.50378    0.00000    0.50378
  87.00000    0.52502    0.00000    0.52502
  87.50000    0.52126    0.00000    0.52126
  88.00000    0.52511    0.00000    0.52511
  88.50000    0.53327    0.00000    0.53327
  89.00000    0.57140    0.00000    0.57140
  89.50000    0.51084    0.00000    0.51084
  90.00000    0.50442    0.00000    0.50442
  90.50000    0.48479    0.00000    0.48479
  91.00000    0.49307    0.00000    0.49307
  91.50000    0.48924    0.00000    0.48924
  92.00000    0.52788    0.00000    0.52788
  92.50000    0.51273    0.00000    0.51273
  93.00000    0.49128    0.00000    0.49128
  93.50000    0.48757    0.00000    0.48757
  94.00000    0.48242    0.00000    0.48242
  94.50000    0.46800    0.00000    0.46800
  95.00000    0.47549    0.00000    0.47549
  95.50000    0.51363    0.00000    0.51363
  96.00000    0.52847    0.00000    0.52847
  96.50000    0.55939    0.00000    0.55939
  97.00000    0.51319    0.00000    0.51319
  97.50000    0.51451    0.00000    0.51451
  98.00000    0.50392    0.00000    0.50392
  98.50000    0.51821    0.00000    0.51821
  99.00000    0.49919    0.00000    0.49919
  99.50000    0.52102    0.00000    0.52102
 100.00000    0.51859    0.00000    0.51859
 100.50000    0.52346    0.00000    0.52346
 101.00000    0.53208    0.00000    0.53208
 101.50000    0.51811    0.00000    0.51811
 102.00000    0.47155    0.00000    0.47155
 102.50000    0.46160    0.00000    0.46160
 103.00000    0.45438    0.00000    0.45438
 103.50000    0.44457    0.00000    0.44457
 104.00000    0.45622    0.00000    0.45622
 104.50000    0.49682    0.00000    0.49682
 105.00000    0.52866    0.00000    0.52866
 105.50000    0.51666    0.00000    0.51666
 106.00000    0.49537    0.00000    0.49537
 106.50000    0.50572    0.00000    0.50572
 107.00000    0.52150    0.00000    0.52150
 107.50000    0.49847    0.00000    0.49847
 108.00000    0.49634    0.00000    0.49634
 108.50000    0.52865    0.00000    0.52865
 109.00000    0.53686    0.00000    0.53686
 109.50000    0.53553    0.00000    0.53553
 110.00000    0.53255    0.00000    0.53255
 110.50000    0.55216    0.00000    0.55216
 111.00000    0.54077    0.00000    0.54077
 111.50000    0.55164    0.00000    0.55164
 112.00000    0.51861    0.00000    0.51861
 112.50000    0.52242    0.00000    0.52242
 113.00000    0.52432    0.00000    0.52432
 113.50000    0.50785    0.00000    0.50785
 114.00000    0.47834    0.00000    0.47834
 114.50000    0.47175    0.00000    0.47175
 115.00000    0.47074    0.00000    0.47074
 115.50000    0.48315    0.00000    0.48315
 116.00000    0.55132    0.00000    0.55132
 116.50000    0.56271    0.00000    0.56271
 117.00000    0.52247    0.00000    0.52247
 117.50000    0.51152    0.00000    0.51152
 118.00000    0.52583    0.00000    0.52583
 118.50000    0.51158    0.00000    0.51158
 119.00000    0.49603    0.00000    0.49603
 119.50000    0.53211    0.00000    0.53211
 120.00000    0.54027    0.00000    0.54027
 120.50000    0.50338    0.00000    0.50338
 121.00000    0.49487    0.00000    0.49487
 121.50000    0.49227    0.00000    0.49227
 122.00000    0.51259    0.00000    0.51259
 122.50000    0.51282    0.00000    0.51282
 123.00000    0.52103    0.00000    0.52103
 123.50000    0.48087    0.00000    0.48087
 124.00000    0.45940    0.00000    0.45940
 124.50000    0.49471    0.00000    0.49471
 125.00000    0.51448    0.00000    0.51448
 125.50000    0.52022    0.00000    0.52022
 126.00000    0.48811    0.00000    0.48811
 126.50000    0.50266    0.00000    0.50266
 127.00000    0.51928    0.00000    0.51928
 127.50000    0.54105    0.00000    0.54105
 128.00000    0.52625    0.00000    0.52625
 128.50000    0.48722    0.00000    0.48722
 129.00000    0.45445    0.00000    0.45445
 129.50000    0.46813    0.00000    0.46813
 130.00000    0.50557    0.00000    0.50557
 130.50000    0.51459    0.00000    0.51459
 131.00000    0.50665    0.00000    0.50665
 131.50000    0.50602    0.00000    0.50602
 132.00000    0.52034    0.00000    0.52034
 132.50000    0.54243    0.00000    0.54243
 133.00000    0.52370    0.00000    0.52370
 133.50000    0.50667    0.00000    0.50667
 134.00000    0.50352    0.00000    0.50352
 134.50000    0.49826    0.00000    0.49826
 135.00000    0.47382    0.00000    0.47382
 135.50000    0.48285    0.00000    0.48285
 136.00000    0.50918    0.00000    0.50918
 136.50000    0.52356    0.00000    0.52356
 137.00000    0.51469    0.00000    0.51469
 137.50000    0.52173    0.00000    0.52173
 138.00000    0.51083    0.00000    0.51083
 138.50000    0.49996    0.00000    0.49996
 139.00000    0.48691    0.00000    0.48691
 139.50000    0.51541    0.00000    0.51541
 140.00000    0.51619    0.00000    0.51619
 140.50000    0.51108    0.00000    0.51108
 141.00000    0.52879    0.00000    0.52879
 141.50000    0.52850    0.00000    0.52850
 142.00000    0.51310    0.00000    0.51310
 142.50000    0.50077    0.00000    0.50077
 143.00000    0.53752    0.00000    0.53752
 143.50000    0.55749    0.00000    0.55749
 144.00000    0.54306    0.00000    0.54306
 144.50000    0.49857    0.00000    0.49857
 145.00000    0.49671    0.00000    0.49671
 145.50000    0.52355    0.00000    0.52355
 146.00000    0.51199    0.00000    0.51199
 146.50000    0.50187    0.00000    0.50187
 147.00000    0.51486    0.00000    0.51486
 147.50000    0.53353    0.00000    0.53353
 148.00000    0.53104    0.00000    0.53104
 148.50000    0.51439    0.00000    0.51439
 149.00000    0.49255    0.00000    0.49255
 149.50000    0.48443    0.00000    0.48443
 150.00000    0.51870    0.00000    0.51870
