   0.00000    0.53275    0.00000    0.53275
   0.50000    0.57473    0.00000    0.57473
   1.00000    0.56461    0.00000    0.56461
   1.50000    0.54685    0.00000    0.54685
   2.00000    0.56356    0.00000    0.56356
   2.50000    0.54804    0.00000    0.54804
   3.00000    0.57077    0.00000    0.57077
   3.50000    0.60203    0.00000    0.60203
   4.00000    0.58981    0.00000    0.58981
   4.50000    0.56700    0.00000    0.56700
   5.00000    0.53966    0.00000    0.53966
   5.50000    0.55873    0.00000    0.55873
   6.00000    0.55430    0.00000    0.55430
   6.50000    0.60527    0.00000    0.60527
   7.00000    0.60305    0.00000    0.60305
   7.50000    0.56725    0.00000    0.56725
   8.00000    0.52577    0.00000    0.52577
   8.50000    0.54414    0.00000    0.54414
   9.00000    0.58052    0.00000    0.58052
   9.50000    0.60208    0.00000    0.60208
  10.00000    0.57664    0.00000    0.57664
  10.50000    0.57021    0.00000    0.57021
  11.00000    0.55444    0.00000    0.55444
  11.50000    0.57780    0.00000    0.57780
  12.00000    0.55894    0.00000    0.55894
  12.50000    0.58200    0.00000    0.58200
  13.00000    0.54870    0.00000    0.54870
  13.50000    0.55483    0.00000    0.55483
  14.00000    0.55160    0.00000    0.55160
  14.50000    0.57094    0.00000    0.57094
  15.00000    0.59689    0.00000    0.59689
  15.50000    0.63853    0.00000    0.63853
  16.00000    0.62085    0.00000    0.62085
  16.50000    0.59333    0.00000    0.59333
  17.00000    0.60393    0.00000    0.60393
  17.50000    0.60980    0.00000    0.60980
  18.00000    0.57556    0.00000    0.57556
  18.50000    0.58898    0.00000    0.58898
  19.00000    0.62539    0.00000    0.62539
  19.50000    0.62079    0.00000    0.62079
  20.00000    0.58654    0.00000    0.58654
  20.50000    0.56764    0.00000    0.56764
  21.00000    0.56661    0.00000    0.56661
  21.50000    0.57153    0.00000    0.57153
  22.00000    0.59482    0.00000    0.59482
  22.50000    0.58788    0.00000    0.58788
  23.00000    0.58832    0.00000    0.58832
  23.50000    0.60860    0.00000    0.60860
  24.00000    0.64092    0.00000    0.64092
  24.50000    0.61446    0.00000    0.61446
  25.00000    0.56662    0.00000    0.56662
  25.50000    0.55304    0.00000    0.55304
  26.00000    0.57074    0.00000    0.57074
  26.50000    0.57783    0.00000    0.57783
  27.00000    0.59324    0.00000    0.59324
  27.50000    0.58284    0.00000    0.58284
  28.00000    0.57361    0.00000    0.57361
  28.50000    0.53596    0.00000    0.53596
  29.00000    0.58446    0.00000    0.58446
  29.50000    0.60093    0.00000    0.60093
  30.00000    0.61128    0.00000    0.61128
  30.50000    0.57669    0.00000    0.57669
  31.00000    0.56683    0.00000    0.56683
  31.50000    0.56582    0.00000    0.56582
  32.00000    0.58236    0.00000    0.58236
  32.50000    0.59540    0.00000    0.59540
  33.00000    0.59295    0.00000    0.59295
  33.50000    0.59348    0.00000    0.59348
  34.00000    0.58389    0.00000    0.58389
  34.50000    0.59912    0.00000    0.59912
  35.00000    0.57713    0.00000    0.57713
  35.50000    0.56863    0.00000    0.56863
  36.00000    0.57952    0.00000    0.57952
  36.50000    0.59593    0.00000    0.59593
  37.00000    0.57633    0.00000    0.57633
  37.50000    0.57284    0.00000    0.57284
  38.00000    0.60353    0.00000    0.60353
  38.50000    0.62296    0.00000    0.62296
  39.00000    0.60812    0.00000    0.60812
  39.50000    0.55749    0.00000    0.55749
  40.00000    0.57420    0.00000    0.57420
  40.50000    0.62278    0.00000    0.62278
  41.00000    0.65530    0.00000    0.65530
  41.50000    0.60789    0.00000    0.60789
  42.00000    0.58012    0.00000    0.58012
  42.50000    0.55021    0.00000    0.55021
  43.00000    0.56655    0.00000    0.56655
  43.50000    0.56303    0.00000    0.56303
  44.00000    0.57304    0.00000    0.57304
  44.50000    0.57905    0.00000    0.57905
  45.00000    0.56834    0.00000    0.56834
  45.50000    0.54864    0.00000    0.54864
  46.00000    0.55849    0.00000    0.55849
  46.50000    0.57312    0.00000    0.57312
  47.00000    0.59486    0.00000    0.59486
  47.50000    0.62843    0.00000    0.62843
  48.00000    0.65417    0.00000    0.65417
  48.50000    0.58807    0.00000    0.58807
  49.00000    0.57462    0.00000    0.57462
  49.50000    0.59891    0.00000    0.59891
  50.00000    0.62441    0.00000    0.62441
  50.50000    0.60398    0.00000    0.60398
  51.00000    0.60819    0.00000    0.60819
  51.50000    0.61760    0.00000    0.61760
  52.00000    0.60530    0.00000    0.60530
  52.50000    0.60142    0.00000    0.60142
  53.00000    0.58026    0.00000    0.58026
  53.50000    0.55288    0.00000    0.55288
  54.00000    0.56880    0.00000    0.56880
  54.50000    0.60012    0.00000    0.60012
  55.00000    0.61373    0.00000    0.61373
  55.50000    0.62463    0.00000    0.62463
  56.00000    0.61956    0.00000    0.61956
  56.50000    0.58088    0.00000    0.58088
  57.00000    0.54790    0.00000    0.54790
  57.50000    0.58516    0.00000    0.58516
  58.00000    0.62559    0.00000    0.62559
  58.50000    0.63044    0.00000    0.63044
  59.00000    0.59671    0.00000    0.59671
  59.50000    0.56840    0.00000    0.56840
  60.00000    0.54334    0.00000    0.54334
  60.50000    0.53098    0.00000    0.53098
  61.00000    0.58944    0.00000    0.58944
  61.50000    0.63016    0.00000    0.63016
  62.00000    0.66290    0.00000    0.66290
  62.50000    0.58914    0.00000    0.58914
  63.00000    0.59713    0.00000    0.59713
  63.50000    0.64532    0.00000    0.64532
  64.00000    0.65996    0.00000    0.65996
  64.50000    0.58898    0.00000    0.58898
  65.00000    0.55753    0.00000    0.55753
  65.50000    0.62960    0.00000    0.62960
  66.00000    0.63594    0.00000    0.63594
  66.50000    0.62180    0.00000    0.62180
  67.00000    0.57478    0.00000    0.57478
  67.50000    0.60755    0.00000    0.60755
  68.00000    0.61509    0.00000    0.61509
  68.50000    0.58163    0.00000    0.58163
  69.00000    0.52423    0.00000    0.52423
  69.50000    0.52348    0.00000    0.52348
  70.00000    0.56361    0.00000    0.56361
  70.50000    0.57572    0.00000    0.57572
  71.00000    0.57412    0.00000    0.57412
  71.50000    0.54880    0.00000    0.54880
  72.00000    0.55020    0.00000    0.55020
  72.50000    0.57020    0.00000    0.57020
  73.00000    0.60476    0.00000    0.60476
  73.50000    0.63176    0.00000    0.63176
  74.00000    0.62904    0.00000    0.62904
  74.50000    0.64351    0.00000    0.64351
  75.00000    0.58772    0.00000    0.58772
  75.50000    0.56992    0.00000    0.56992
  76.00000    0.52368    0.00000    0.52368
  76.50000    0.55808    0.00000    0.55808
  77.00000    0.54627    0.00000    0.54627
  77.50000    0.59568    0.00000    0.59568
  78.00000    0.58422    0.00000    0.58422
  78.50000    0.57297    0.00000    0.57297
  79.00000    0.54798    0.00000    0.54798
  79.50000    0.54510    0.00000    0.54510
  80.00000    0.57660    0.00000    0.57660
  80.50000    0.59858    0.00000    0.59858
  81.00000    0.58161    0.00000    0.58161
  81.50000    0.55165    0.00000    0.55165
  82.00000    0.53945    0.00000    0.53945
  82.50000    0.56499    0.00000    0.56499
  83.00000    0.57117    0.00000    0.57117
  83.50000    0.56799    0.00000    0.56799
  84.00000    0.56738    0.00000    0.56738
  84.50000    0.60408    0.00000    0.60408
  85.00000    0.61987    0.00000    0.61987
  85.50000    0.60292    0.00000    0.60292
  86.00000    0.55828    0.00000    0.55828
  86.50000    0.56531    0.00000    0.56531
  87.00000    0.58004    0.00000    0.58004
  87.50000    0.61046    0.00000    0.61046
  88.00000    0.60068    0.00000    0.60068
  88.50000    0.62376    0.00000    0.62376
  89.00000    0.64974    0.00000    0.64974
  89.50000    0.61974    0.00000    0.61974
  90.00000    0.58750    0.00000    0.58750
  90.50000    0.56613    0.00000    0.56613
  91.00000    0.58020    0.00000    0.58020
  91.50000    0.57633    0.00000    0.57633
  92.00000    0.59153    0.00000    0.59153
  92.50000    0.57160    0.00000    0.57160
  93.00000    0.54766    0.00000    0.54766
  93.50000    0.52413    0.00000    0.52413
  94.00000    0.53201    0.00000    0.53201
  94.50000    0.54045    0.00000    0.54045
  95.00000    0.56357    0.00000    0.56357
  95.50000    0.60905    0.00000    0.60905
  96.00000    0.65980    0.00000    0.65980
  96.50000    0.66664    0.00000    0.66664
  97.00000    0.61786    0.00000    0.61786
  97.50000    0.60938    0.00000    0.60938
  98.00000    0.59784    0.00000    0.59784
  98.50000    0.58115    0.00000    0.58115
  99.00000    0.55491    0.00000    0.55491
  99.50000    0.57967    0.00000    0.57967
 100.00000    0.58107    0.00000    0.58107
 100.50000    0.60573    0.00000    0.60573
 101.00000    0.63900    0.00000    0.63900
 101.50000    0.62573    0.00000    0.62573
 102.00000    0.55325    0.00000    0.55325
 102.50000    0.50555    0.00000    0.50555
 103.00000    0.53372    0.00000    0.53372
 103.50000    0.53865    0.00000    0.53865
 104.00000    0.55763    0.00000    0.55763
 104.50000    0.56554    0.00000    0.56554
 105.00000    0.61669    0.00000    0.61669
 105.50000    0.60908    0.00000    0.60908
 106.00000    0.60184    0.00000    0.60184
 106.50000    0.59437    0.00000    0.59437
 107.00000    0.61402    0.00000    0.61402
 107.50000    0.61887    0.00000    0.61887
 108.00000    0.63359    0.00000    0.63359
 108.50000    0.63234    0.00000    0.63234
 109.00000    0.60995    0.00000    0.60995
 109.50000    0.58921    0.00000    0.58921
 110.00000    0.58211    0.00000    0.58211
 110.50000    0.56825    0.00000    0.56825
 111.00000    0.56672    0.00000    0.56672
 111.50000    0.59847    0.00000    0.59847
 112.00000    0.60564    0.00000    0.60564
 112.50000    0.60523    0.00000    0.60523
 113.00000    0.59828    0.00000    0.59828
 113.50000    0.56909    0.00000    0.56909
 114.00000    0.54548    0.00000    0.54548
 114.50000    0.54323    0.00000    0.54323
 115.00000    0.55574    0.00000    0.55574
 115.50000    0.55866    0.00000    0.55866
 116.00000    0.61869    0.00000    0.61869
 116.50000    0.63036    0.00000    0.63036
 117.00000    0.61834    0.00000    0.61834
 117.50000    0.59203    0.00000    0.59203
 118.00000    0.61743    0.00000    0.61743
 118.50000    0.61334    0.00000    0.61334
 119.00000    0.61247    0.00000    0.61247
 119.50000    0.60045    0.00000    0.60045
 120.00000    0.61048    0.00000    0.61048
 120.50000    0.57063    0.00000    0.57063
 121.00000    0.59248    0.00000    0.59248
 121.50000    0.57259    0.00000    0.57259
 122.00000    0.59229    0.00000    0.59229
 122.50000    0.58566    0.00000    0.58566
 123.00000    0.61126    0.00000    0.61126
 123.50000    0.55414    0.00000    0.55414
 124.00000    0.53292    0.00000    0.53292
 124.50000    0.53517    0.00000    0.53517
 125.00000    0.57796    0.00000    0.57796
 125.50000    0.61144    0.00000    0.61144
 126.00000    0.61742    0.00000    0.61742
 126.50000    0.56198    0.00000    0.56198
 127.00000    0.57966    0.00000    0.57966
 127.50000    0.58468    0.00000    0.58468
 128.00000    0.59586    0.00000    0.59586
 128.50000    0.55461    0.00000    0.55461
 129.00000    0.56190    0.00000    0.56190
 129.50000    0.57021    0.00000    0.57021
 130.00000    0.58320    0.00000    0.58320
 130.50000    0.56452    0.00000    0.56452
 131.00000    0.57710    0.00000    0.57710
 131.50000    0.58095    0.00000    0.58095
 132.00000    0.59443    0.00000    0.59443
 132.50000    0.59365    0.00000    0.59365
 133.00000    0.59365    0.00000    0.59365
 133.50000    0.57727    0.00000    0.57727
 134.00000    0.59422    0.00000    0.59422
 134.50000    0.59098    0.00000    0.59098
 135.00000    0.58146    0.00000    0.58146
 135.50000    0.61563    0.00000    0.61563
 136.00000    0.62618    0.00000    0.62618
 136.50000    0.59575    0.00000    0.59575
 137.00000    0.59619    0.00000    0.59619
 137.50000    0.61278    0.00000    0.61278
 138.00000    0.60403    0.00000    0.60403
 138.50000    0.57071    0.00000    0.57071
 139.00000    0.57208    0.00000    0.57208
 139.50000    0.58963    0.00000    0.58963
 140.00000    0.59377    0.00000    0.59377
 140.50000    0.59479    0.00000    0.59479
 141.00000    0.61490    0.00000    0.61490
 141.50000    0.58210    0.00000    0.58210
 142.00000    0.58170    0.00000    0.58170
 142.50000    0.59067    0.00000    0.59067
 143.00000    0.64794    0.00000    0.64794
 143.50000    0.66358    0.00000    0.66358
 144.00000    0.62612    0.00000    0.62612
 144.50000    0.57037    0.00000    0.57037
 145.00000    0.59382    0.00000    0.59382
 145.50000    0.63046    0.00000    0.63046
 146.00000    0.57481    0.00000    0.57481
 146.50000    0.53664    0.00000    0.53664
 147.00000    0.57346    0.00000    0.57346
 147.50000    0.59292    0.00000    0.59292
 148.00000    0.57853    0.00000    0.57853
 148.50000    0.57005    0.00000    0.57005
 149.00000    0.56893    0.00000    0.56893
 149.50000    0.56378    0.00000    0.56378
 150.00000    0.52795    0.00000    0.52795
