   0.00000    0.41711    0.00000    0.41711
   0.50000    0.50614    0.00000    0.50614
   1.00000    0.48054    0.00000    0.48054
   1.50000    0.44346    0.00000    0.44346
   2.00000    0.44206    0.00000    0.44206
   2.50000    0.46066    0.00000    0.46066
   3.00000    0.48092    0.00000    0.48092
   3.50000    0.52325    0.00000    0.52325
   4.00000    0.52236    0.00000    0.52236
   4.50000    0.49223    0.00000    0.49223
   5.00000    0.47290    0.00000    0.47290
   5.50000    0.48616    0.00000    0.48616
   6.00000    0.47886    0.00000    0.47886
   6.50000    0.50391    0.00000    0.50391
   7.00000    0.50139    0.00000    0.50139
   7.50000    0.46633    0.00000    0.46633
   8.00000    0.44415    0.00000    0.44415
   8.50000    0.47679    0.00000    0.47679
   9.00000    0.48820    0.00000    0.48820
   9.50000    0.47520    0.00000    0.47520
  10.00000    0.47099    0.00000    0.47099
  10.50000    0.50333    0.00000    0.50333
  11.00000    0.49867    0.00000    0.49867
  11.50000    0.49145    0.00000    0.49145
  12.00000    0.48332    0.00000    0.48332
  12.50000    0.49722    0.00000    0.49722
  13.00000    0.46898    0.00000    0.46898
  13.50000    0.47184    0.00000    0.47184
  14.00000    0.46151    0.00000    0.46151
  14.50000    0.45842    0.00000    0.45842
  15.00000    0.47186    0.00000    0.47186
  15.50000    0.51995    0.00000    0.51995
  16.00000    0.51452    0.00000    0.51452
  16.50000    0.50988    0.00000    0.50988
  17.00000    0.51245    0.00000    0.51245
  17.50000    0.50519    0.00000    0.50519
  18.00000    0.49171    0.00000    0.49171
  18.50000    0.50936    0.00000    0.50936
  19.00000    0.51490    0.00000    0.51490
  19.50000    0.51012    0.00000    0.51012
  20.00000    0.51370    0.00000    0.51370
  20.50000    0.50862    0.00000    0.50862
  21.00000    0.48241    0.00000    0.48241
  21.50000    0.48043    0.00000    0.48043
  22.00000    0.49117    0.00000    0.49117
  22.50000    0.50172    0.00000    0.50172
  23.00000    0.49506    0.00000    0.49506
  23.50000    0.50916    0.00000    0.50916
  24.00000    0.50929    0.00000    0.50929
  24.50000    0.49191    0.00000    0.49191
  25.00000    0.47800    0.00000    0.47800
  25.50000    0.46647    0.00000    0.46647
  26.00000    0.46500    0.00000    0.46500
  26.50000    0.46696    0.00000    0.46696
  27.00000    0.48734    0.00000    0.48734
  27.50000    0.49744    0.00000    0.49744
  28.00000    0.49704    0.00000    0.49704
  28.50000    0.50075    0.00000    0.50075
  29.00000    0.49912    0.00000    0.49912
  29.50000    0.51169    0.00000    0.51169
  30.00000    0.50329    0.00000    0.50329
  30.50000    0.49762    0.00000    0.49762
  31.00000    0.48228    0.00000    0.48228
  31.50000    0.52002    0.00000    0.52002
  32.00000    0.52449    0.00000    0.52449
  32.50000    0.51407    0.00000    0.51407
  33.00000    0.47394    0.00000    0.47394
  33.50000    0.46613    0.00000    0.46613
  34.00000    0.44724    0.00000    0.44724
  34.50000    0.47757    0.00000    0.47757
  35.00000    0.49249    0.00000    0.49249
  35.50000    0.48677    0.00000    0.48677
  36.00000    0.48193    0.00000    0.48193
  36.50000    0.47591    0.00000    0.47591
  37.00000    0.46368    0.00000    0.46368
  37.50000    0.45278    0.00000    0.45278
  38.00000    0.48531    0.00000    0.48531
  38.50000    0.50576    0.00000    0.50576
  39.00000    0.50450    0.00000    0.50450
  39.50000    0.47086    0.00000    0.47086
  40.00000    0.48615    0.00000    0.48615
  40.50000    0.54066    0.00000    0.54066
  41.00000    0.56223    0.00000    0.56223
  41.50000    0.51936    0.00000    0.51936
  42.00000    0.50097    0.00000    0.50097
  42.50000    0.46345    0.00000    0.46345
  43.00000    0.46674    0.00000    0.46674
  43.50000    0.44329    0.00000    0.44329
  44.00000    0.47115    0.00000    0.47115
  44.50000    0.47761    0.00000    0.47761
  45.00000    0.49182    0.00000    0.49182
  45.50000    0.49233    0.00000    0.49233
  46.00000    0.47996    0.00000    0.47996
  46.50000    0.47105    0.00000    0.47105
  47.00000    0.46777    0.00000    0.46777
  47.50000    0.50543    0.00000    0.50543
  48.00000    0.53475    0.00000    0.53475
  48.50000    0.51628    0.00000    0.51628
  49.00000    0.49723    0.00000    0.49723
  49.50000    0.51778    0.00000    0.51778
  50.00000    0.51709    0.00000    0.51709
  50.50000    0.52619    0.00000    0.52619
  51.00000    0.49653    0.00000    0.49653
  51.50000    0.48254    0.00000    0.48254
  52.00000    0.47249    0.00000    0.47249
  52.50000    0.51960    0.00000    0.51960
  53.00000    0.51320    0.00000    0.51320
  53.50000    0.47842    0.00000    0.47842
  54.00000    0.50941    0.00000    0.50941
  54.50000    0.54375    0.00000    0.54375
  55.00000    0.51644    0.00000    0.51644
  55.50000    0.50556    0.00000    0.50556
  56.00000    0.52032    0.00000    0.52032
  56.50000    0.51145    0.00000    0.51145
  57.00000    0.45417    0.00000    0.45417
  57.50000    0.46192    0.00000    0.46192
  58.00000    0.50029    0.00000    0.50029
  58.50000    0.52429    0.00000    0.52429
  59.00000    0.50065    0.00000    0.50065
  59.50000    0.46053    0.00000    0.46053
  60.00000    0.44298    0.00000    0.44298
  60.50000    0.45688    0.00000    0.45688
  61.00000    0.51194    0.00000    0.51194
  61.50000    0.53725    0.00000    0.53725
  62.00000    0.53204    0.00000    0.53204
  62.50000    0.48713    0.00000    0.48713
  63.00000    0.50980    0.00000    0.50980
  63.50000    0.54407    0.00000    0.54407
  64.00000    0.53716    0.00000    0.53716
  64.50000    0.46543    0.00000    0.46543
  65.00000    0.44275    0.00000    0.44275
  65.50000    0.48328    0.00000    0.48328
  66.00000    0.51139    0.00000    0.51139
  66.50000    0.51441    0.00000    0.51441
  67.00000    0.49651    0.00000    0.49651
  67.50000    0.50001    0.00000    0.50001
  68.00000    0.51515    0.00000    0.51515
  68.50000    0.50506    0.00000    0.50506
  69.00000    0.47061    0.00000    0.47061
  69.50000    0.43524    0.00000    0.43524
  70.00000    0.46258    0.00000    0.46258
  70.50000    0.49131    0.00000    0.49131
  71.00000    0.49100    0.00000    0.49100
  71.50000    0.45881    0.00000    0.45881
  72.00000    0.46143    0.00000    0.46143
  72.50000    0.49130    0.00000    0.49130
  73.00000    0.50782    0.00000    0.50782
  73.50000    0.51382    0.00000    0.51382
  74.00000    0.51246    0.00000    0.51246
  74.50000    0.53579    0.00000    0.53579
  75.00000    0.49984    0.00000    0.49984
  75.50000    0.46644    0.00000    0.46644
  76.00000    0.43270    0.00000    0.43270
  76.50000    0.47742    0.00000    0.47742
  77.00000    0.47409    0.00000    0.47409
  77.50000    0.49679    0.00000    0.49679
  78.00000    0.48033    0.00000    0.48033
  78.50000    0.46820    0.00000    0.46820
  79.00000    0.43791    0.00000    0.43791
  79.50000    0.44128    0.00000    0.44128
  80.00000    0.47938    0.00000    0.47938
  80.50000    0.48346    0.00000    0.48346
  81.00000    0.47249    0.00000    0.47249
  81.50000    0.46026    0.00000    0.46026
  82.00000    0.47176    0.00000    0.47176
  82.50000    0.49636    0.00000    0.49636
  83.00000    0.51231    0.00000    0.51231
  83.50000    0.49447    0.00000    0.49447
  84.00000    0.47709    0.00000    0.47709
  84.50000    0.51569    0.00000    0.51569
  85.00000    0.53566    0.00000    0.53566
  85.50000    0.51730    0.00000    0.51730
  86.00000    0.48132    0.00000    0.48132
  86.50000    0.48091    0.00000    0.48091
  87.00000    0.50329    0.00000    0.50329
  87.50000    0.51058    0.00000    0.51058
  88.00000    0.50272    0.00000    0.50272
  88.50000    0.49516    0.00000    0.49516
  89.00000    0.53367    0.00000    0.53367
  89.50000    0.49368    0.00000    0.49368
  90.00000    0.50450    0.00000    0.50450
  90.50000    0.46762    0.00000    0.46762
  91.00000    0.46748    0.00000    0.46748
  91.50000    0.47028    0.00000    0.47028
  92.00000    0.52005    0.00000    0.52005
  92.50000    0.49716    0.00000    0.49716
  93.00000    0.46590    0.00000    0.46590
  93.50000    0.45918    0.00000    0.45918
  94.00000    0.45438    0.00000    0.45438
  94.50000    0.44722    0.00000    0.44722
  95.00000    0.45117    0.00000    0.45117
  95.50000    0.49704    0.00000    0.49704
  96.00000    0.51920    0.00000    0.51920
  96.50000    0.53726    0.00000    0.53726
  97.00000    0.48889    0.00000    0.48889
  97.50000    0.48664    0.00000    0.48664
  98.00000    0.48330    0.00000    0.48330
  98.50000    0.49237    0.00000    0.49237
  99.00000    0.48196    0.00000    0.48196
  99.50000    0.49552    0.00000    0.49552
 100.00000    0.50059    0.00000    0.50059
 100.50000    0.51176    0.00000    0.51176
 101.00000    0.53123    0.00000    0.53123
 101.50000    0.49916    0.00000    0.49916
 102.00000    0.45084    0.00000    0.45084
 102.50000    0.44051    0.00000    0.44051
 103.00000    0.44645    0.00000    0.44645
 103.50000    0.43458    0.00000    0.43458
 104.00000    0.44444    0.00000    0.44444
 104.50000    0.47336    0.00000    0.47336
 105.00000    0.50829    0.00000    0.50829
 105.50000    0.50187    0.00000    0.50187
 106.00000    0.48930    0.00000    0.48930
 106.50000    0.48681    0.00000    0.48681
 107.00000    0.50582    0.00000    0.50582
 107.50000    0.47248    0.00000    0.47248
 108.00000    0.46828    0.00000    0.46828
 108.50000    0.49605    0.00000    0.49605
 109.00000    0.51190    0.00000    0.51190
 109.50000    0.50514    0.00000    0.50514
 110.00000    0.50467    0.00000    0.50467
 110.50000    0.52037    0.00000    0.52037
 111.00000    0.51025    0.00000    0.51025
 111.50000    0.52165    0.00000    0.52165
 112.00000    0.50148    0.00000    0.50148
 112.50000    0.50303    0.00000    0.50303
 113.00000    0.50745    0.00000    0.50745
 113.50000    0.48794    0.00000    0.48794
 114.00000    0.44995    0.00000    0.44995
 114.50000    0.44070    0.00000    0.44070
 115.00000    0.45202    0.00000    0.45202
 115.50000    0.46918    0.00000    0.46918
 116.00000    0.53293    0.00000    0.53293
 116.50000    0.55181    0.00000    0.55181
 117.00000    0.51716    0.00000    0.51716
 117.50000    0.50076    0.00000    0.50076
 118.00000    0.51730    0.00000    0.51730
 118.50000    0.50164    0.00000    0.50164
 119.00000    0.48357    0.00000    0.48357
 119.50000    0.50861    0.00000    0.50861
 120.00000    0.53163    0.00000    0.53163
 120.50000    0.48957    0.00000    0.48957
 121.00000    0.48116    0.00000    0.48116
 121.50000    0.46771    0.00000    0.46771
 122.00000    0.50049    0.00000    0.50049
 122.50000    0.49613    0.00000    0.49613
 123.00000    0.50846    0.00000    0.50846
 123.50000    0.47219    0.00000    0.47219
 124.00000    0.45232    0.00000    0.45232
 124.50000    0.47517    0.00000    0.47517
 125.00000    0.48330    0.00000    0.48330
 125.50000    0.48222    0.00000    0.48222
 126.00000    0.44475    0.00000    0.44475
 126.50000    0.45736    0.00000    0.45736
 127.00000    0.47915    0.00000    0.47915
 127.50000    0.50168    0.00000    0.50168
 128.00000    0.48914    0.00000    0.48914
 128.50000    0.45636    0.00000    0.45636
 129.00000    0.44302    0.00000    0.44302
 129.50000    0.46408    0.00000    0.46408
 130.00000    0.49830    0.00000    0.49830
 130.50000    0.49560    0.00000    0.49560
 131.00000    0.48488    0.00000    0.48488
 131.50000    0.48778    0.00000    0.48778
 132.00000    0.50490    0.00000    0.50490
 132.50000    0.52228    0.00000    0.52228
 133.00000    0.50217    0.00000    0.50217
 133.50000    0.49184    0.00000    0.49184
 134.00000    0.49054    0.00000    0.49054
 134.50000    0.48062    0.00000    0.48062
 135.00000    0.46070    0.00000    0.46070
 135.50000    0.48100    0.00000    0.48100
 136.00000    0.50719    0.00000    0.50719
 136.50000    0.51208    0.00000    0.51208
 137.00000    0.50270    0.00000    0.50270
 137.50000    0.51854    0.00000    0.51854
 138.00000    0.50317    0.00000    0.50317
 138.50000    0.48654    0.00000    0.48654
 139.00000    0.46641    0.00000    0.46641
 139.50000    0.49700    0.00000    0.49700
 140.00000    0.49857    0.00000    0.49857
 140.50000    0.48705    0.00000    0.48705
 141.00000    0.50462    0.00000    0.50462
 141.50000    0.50454    0.00000    0.50454
 142.00000    0.50009    0.00000    0.50009
 142.50000    0.48648    0.00000    0.48648
 143.00000    0.52483    0.00000    0.52483
 143.50000    0.53250    0.00000    0.53250
 144.00000    0.51254    0.00000    0.51254
 144.50000    0.47034    0.00000    0.47034
 145.00000    0.47558    0.00000    0.47558
 145.50000    0.50292    0.00000    0.50292
 146.00000    0.49207    0.00000    0.49207
 146.50000    0.47796    0.00000    0.47796
 147.00000    0.50397    0.00000    0.50397
 147.50000    0.52027    0.00000    0.52027
 148.00000    0.51414    0.00000    0.51414
 148.50000    0.48755    0.00000    0.48755
 149.00000    0.47694    0.00000    0.47694
 149.50000    0.47269    0.00000    0.47269
 150.00000    0.49753    0.00000    0.49753
