   0.00000    0.48077    0.00000    0.48077
   0.50000    0.54445    0.00000    0.54445
   1.00000    0.51924    0.00000    0.51924
   1.50000    0.48283    0.00000    0.48283
   2.00000    0.49662    0.00000    0.49662
   2.50000    0.49825    0.00000    0.49825
   3.00000    0.49576    0.00000    0.49576
   3.50000    0.51619    0.00000    0.51619
   4.00000    0.52489    0.00000    0.52489
   4.50000    0.51872    0.00000    0.51872
   5.00000    0.51025    0.00000    0.51025
   5.50000    0.53152    0.00000    0.53152
   6.00000    0.50496    0.00000    0.50496
   6.50000    0.51989    0.00000    0.51989
   7.00000    0.54080    0.00000    0.54080
   7.50000    0.51601    0.00000    0.51601
   8.00000    0.49153    0.00000    0.49153
   8.50000    0.49330    0.00000    0.49330
   9.00000    0.50894    0.00000    0.50894
   9.50000    0.48825    0.00000    0.48825
  10.00000    0.49692    0.00000    0.49692
  10.50000    0.53369    0.00000    0.53369
  11.00000    0.53920    0.00000    0.53920
  11.50000    0.54118    0.00000    0.54118
  12.00000    0.52146    0.00000    0.52146
  12.50000    0.53359    0.00000    0.53359
  13.00000    0.51291    0.00000    0.51291
  13.50000    0.53172    0.00000    0.53172
  14.00000    0.53090    0.00000    0.53090
  14.50000    0.51591    0.00000    0.51591
  15.00000    0.50765    0.00000    0.50765
  15.50000    0.55343    0.00000    0.55343
  16.00000    0.56093    0.00000    0.56093
  16.50000    0.54444    0.00000    0.54444
  17.00000    0.53115    0.00000    0.53115
  17.50000    0.53459    0.00000    0.53459
  18.00000    0.52716    0.00000    0.52716
  18.50000    0.53609    0.00000    0.53609
  19.00000    0.53246    0.00000    0.53246
  19.50000    0.51872    0.00000    0.51872
  20.00000    0.54324    0.00000    0.54324
  20.50000    0.53840    0.00000    0.53840
  21.00000    0.51140    0.00000    0.51140
  21.50000    0.49442    0.00000    0.49442
  22.00000    0.52547    0.00000    0.52547
  22.50000    0.53446    0.00000    0.53446
  23.00000    0.52454    0.00000    0.52454
  23.50000    0.56048    0.00000    0.56048
  24.00000    0.56007    0.00000    0.56007
  24.50000    0.55045    0.00000    0.55045
  25.00000    0.50971    0.00000    0.50971
  25.50000    0.51508    0.00000    0.51508
  26.00000    0.51141    0.00000    0.51141
  26.50000    0.53016    0.00000    0.53016
  27.00000    0.53605    0.00000    0.53605
  27.50000    0.53866    0.00000    0.53866
  28.00000    0.54979    0.00000    0.54979
  28.50000    0.53367    0.00000    0.53367
  29.00000    0.51391    0.00000    0.51391
  29.50000    0.53261    0.00000    0.53261
  30.00000    0.56174    0.00000    0.56174
  30.50000    0.54972    0.00000    0.54972
  31.00000    0.52190    0.00000    0.52190
  31.50000    0.53131    0.00000    0.53131
  32.00000    0.51664    0.00000    0.51664
  32.50000    0.50393    0.00000    0.50393
  33.00000    0.50030    0.00000    0.50030
  33.50000    0.49163    0.00000    0.49163
  34.00000    0.48209    0.00000    0.48209
  34.50000    0.51525    0.00000    0.51525
  35.00000    0.52389    0.00000    0.52389
  35.50000    0.52588    0.00000    0.52588
  36.00000    0.54160    0.00000    0.54160
  36.50000    0.53475    0.00000    0.53475
  37.00000    0.47523    0.00000    0.47523
  37.50000    0.46858    0.00000    0.46858
  38.00000    0.50248    0.00000    0.50248
  38.50000    0.55080    0.00000    0.55080
  39.00000    0.53734    0.00000    0.53734
  39.50000    0.49711    0.00000    0.49711
  40.00000    0.51099    0.00000    0.51099
  40.50000    0.58347    0.00000    0.58347
  41.00000    0.60085    0.00000    0.60085
  41.50000    0.54228    0.00000    0.54228
  42.00000    0.51493    0.00000    0.51493
  42.50000    0.50203    0.00000    0.50203
  43.00000    0.53032    0.00000    0.53032
  43.50000    0.51557    0.00000    0.51557
  44.00000    0.50793    0.00000    0.50793
  44.50000    0.51002    0.00000    0.51002
  45.00000    0.52520    0.00000    0.52520
  45.50000    0.53105    0.00000    0.53105
  46.00000    0.52476    0.00000    0.52476
  46.50000    0.51885    0.00000    0.51885
  47.00000    0.50949    0.00000    0.50949
  47.50000    0.53511    0.00000    0.53511
  48.00000    0.57747    0.00000    0.57747
  48.50000    0.54562    0.00000    0.54562
  49.00000    0.51348    0.00000    0.51348
  49.50000    0.52876    0.00000    0.52876
  50.00000    0.55883    0.00000    0.55883
  50.50000    0.56310    0.00000    0.56310
  51.00000    0.54254    0.00000    0.54254
  51.50000    0.52335    0.00000    0.52335
  52.00000    0.50454    0.00000    0.50454
  52.50000    0.54234    0.00000    0.54234
  53.00000    0.55793    0.00000    0.55793
  53.50000    0.50722    0.00000    0.50722
  54.00000    0.52458    0.00000    0.52458
  54.50000    0.54922    0.00000    0.54922
  55.00000    0.56780    0.00000    0.56780
  55.50000    0.55346    0.00000    0.55346
  56.00000    0.56909    0.00000    0.56909
  56.50000    0.51375    0.00000    0.51375
  57.00000    0.46331    0.00000    0.46331
  57.50000    0.48243    0.00000    0.48243
  58.00000    0.54685    0.00000    0.54685
  58.50000    0.55467    0.00000    0.55467
  59.00000    0.51960    0.00000    0.51960
  59.50000    0.48676    0.00000    0.48676
  60.00000    0.48721    0.00000    0.48721
  60.50000    0.49440    0.00000    0.49440
  61.00000    0.53204    0.00000    0.53204
  61.50000    0.55237    0.00000    0.55237
  62.00000    0.54969    0.00000    0.54969
  62.50000    0.50375    0.00000    0.50375
  63.00000    0.52104    0.00000    0.52104
  63.50000    0.59060    0.00000    0.59060
  64.00000    0.59072    0.00000    0.59072
  64.50000    0.51796    0.00000    0.51796
  65.00000    0.46870    0.00000    0.46870
  65.50000    0.51287    0.00000    0.51287
  66.00000    0.53459    0.00000    0.53459
  66.50000    0.53600    0.00000    0.53600
  67.00000    0.52038    0.00000    0.52038
  67.50000    0.53570    0.00000    0.53570
  68.00000    0.56127    0.00000    0.56127
  68.50000    0.55903    0.00000    0.55903
  69.00000    0.53229    0.00000    0.53229
  69.50000    0.50002    0.00000    0.50002
  70.00000    0.50512    0.00000    0.50512
  70.50000    0.52936    0.00000    0.52936
  71.00000    0.54303    0.00000    0.54303
  71.50000    0.52787    0.00000    0.52787
  72.00000    0.53202    0.00000    0.53202
  72.50000    0.54278    0.00000    0.54278
  73.00000    0.54651    0.00000    0.54651
  73.50000    0.55389    0.00000    0.55389
  74.00000    0.58758    0.00000    0.58758
  74.50000    0.62455    0.00000    0.62455
  75.00000    0.57132    0.00000    0.57132
  75.50000    0.51099    0.00000    0.51099
  76.00000    0.46215    0.00000    0.46215
  76.50000    0.50489    0.00000    0.50489
  77.00000    0.50011    0.00000    0.50011
  77.50000    0.51797    0.00000    0.51797
  78.00000    0.51801    0.00000    0.51801
  78.50000    0.50664    0.00000    0.50664
  79.00000    0.48401    0.00000    0.48401
  79.50000    0.46053    0.00000    0.46053
  80.00000    0.51769    0.00000    0.51769
  80.50000    0.52321    0.00000    0.52321
  81.00000    0.51234    0.00000    0.51234
  81.50000    0.47112    0.00000    0.47112
  82.00000    0.47386    0.00000    0.47386
  82.50000    0.50541    0.00000    0.50541
  83.00000    0.52645    0.00000    0.52645
  83.50000    0.53044    0.00000    0.53044
  84.00000    0.50067    0.00000    0.50067
  84.50000    0.53792    0.00000    0.53792
  85.00000    0.54954    0.00000    0.54954
  85.50000    0.54484    0.00000    0.54484
  86.00000    0.52289    0.00000    0.52289
  86.50000    0.54761    0.00000    0.54761
  87.00000    0.56048    0.00000    0.56048
  87.50000    0.52528    0.00000    0.52528
  88.00000    0.52532    0.00000    0.52532
  88.50000    0.54168    0.00000    0.54168
  89.00000    0.57949    0.00000    0.57949
  89.50000    0.52292    0.00000    0.52292
  90.00000    0.51784    0.00000    0.51784
  90.50000    0.48134    0.00000    0.48134
  91.00000    0.49454    0.00000    0.49454
  91.50000    0.50545    0.00000    0.50545
  92.00000    0.55111    0.00000    0.55111
  92.50000    0.53961    0.00000    0.53961
  93.00000    0.53002    0.00000    0.53002
  93.50000    0.50814    0.00000    0.50814
  94.00000    0.51046    0.00000    0.51046
  94.50000    0.49518    0.00000    0.49518
  95.00000    0.51717    0.00000    0.51717
  95.50000    0.53985    0.00000    0.53985
  96.00000    0.54290    0.00000    0.54290
  96.50000    0.53451    0.00000    0.53451
  97.00000    0.49875    0.00000    0.49875
  97.50000    0.50940    0.00000    0.50940
  98.00000    0.50844    0.00000    0.50844
  98.50000    0.53752    0.00000    0.53752
  99.00000    0.52699    0.00000    0.52699
  99.50000    0.53032    0.00000    0.53032
 100.00000    0.51107    0.00000    0.51107
 100.50000    0.53380    0.00000    0.53380
 101.00000    0.56612    0.00000    0.56612
 101.50000    0.53478    0.00000    0.53478
 102.00000    0.47881    0.00000    0.47881
 102.50000    0.47593    0.00000    0.47593
 103.00000    0.49210    0.00000    0.49210
 103.50000    0.47183    0.00000    0.47183
 104.00000    0.48280    0.00000    0.48280
 104.50000    0.51114    0.00000    0.51114
 105.00000    0.54823    0.00000    0.54823
 105.50000    0.53794    0.00000    0.53794
 106.00000    0.50613    0.00000    0.50613
 106.50000    0.49804    0.00000    0.49804
 107.00000    0.54184    0.00000    0.54184
 107.50000    0.55047    0.00000    0.55047
 108.00000    0.55364    0.00000    0.55364
 108.50000    0.56028    0.00000    0.56028
 109.00000    0.55686    0.00000    0.55686
 109.50000    0.52824    0.00000    0.52824
 110.00000    0.53151    0.00000    0.53151
 110.50000    0.55294    0.00000    0.55294
 111.00000    0.54772    0.00000    0.54772
 111.50000    0.54734    0.00000    0.54734
 112.00000    0.52569    0.00000    0.52569
 112.50000    0.51503    0.00000    0.51503
 113.00000    0.51033    0.00000    0.51033
 113.50000    0.50916    0.00000    0.50916
 114.00000    0.50934    0.00000    0.50934
 114.50000    0.48811    0.00000    0.48811
 115.00000    0.47548    0.00000    0.47548
 115.50000    0.48728    0.00000    0.48728
 116.00000    0.55840    0.00000    0.55840
 116.50000    0.57265    0.00000    0.57265
 117.00000    0.54170    0.00000    0.54170
 117.50000    0.53544    0.00000    0.53544
 118.00000    0.55047    0.00000    0.55047
 118.50000    0.56510    0.00000    0.56510
 119.00000    0.54335    0.00000    0.54335
 119.50000    0.55764    0.00000    0.55764
 120.00000    0.56634    0.00000    0.56634
 120.50000    0.54484    0.00000    0.54484
 121.00000    0.53357    0.00000    0.53357
 121.50000    0.51234    0.00000    0.51234
 122.00000    0.53068    0.00000    0.53068
 122.50000    0.53596    0.00000    0.53596
 123.00000    0.53841    0.00000    0.53841
 123.50000    0.49643    0.00000    0.49643
 124.00000    0.48387    0.00000    0.48387
 124.50000    0.52106    0.00000    0.52106
 125.00000    0.52458    0.00000    0.52458
 125.50000    0.53793    0.00000    0.53793
 126.00000    0.52700    0.00000    0.52700
 126.50000    0.51580    0.00000    0.51580
 127.00000    0.50741    0.00000    0.50741
 127.50000    0.52709    0.00000    0.52709
 128.00000    0.52606    0.00000    0.52606
 128.50000    0.49553    0.00000    0.49553
 129.00000    0.47697    0.00000    0.47697
 129.50000    0.50251    0.00000    0.50251
 130.00000    0.54178    0.00000    0.54178
 130.50000    0.54623    0.00000    0.54623
 131.00000    0.54211    0.00000    0.54211
 131.50000    0.52578    0.00000    0.52578
 132.00000    0.54187    0.00000    0.54187
 132.50000    0.56090    0.00000    0.56090
 133.00000    0.56755    0.00000    0.56755
 133.50000    0.54160    0.00000    0.54160
 134.00000    0.55156    0.00000    0.55156
 134.50000    0.52240    0.00000    0.52240
 135.00000    0.50333    0.00000    0.50333
 135.50000    0.50842    0.00000    0.50842
 136.00000    0.54842    0.00000    0.54842
 136.50000    0.54864    0.00000    0.54864
 137.00000    0.53208    0.00000    0.53208
 137.50000    0.53117    0.00000    0.53117
 138.00000    0.52722    0.00000    0.52722
 138.50000    0.52989    0.00000    0.52989
 139.00000    0.52450    0.00000    0.52450
 139.50000    0.54014    0.00000    0.54014
 140.00000    0.54934    0.00000    0.54934
 140.50000    0.52124    0.00000    0.52124
 141.00000    0.53419    0.00000    0.53419
 141.50000    0.51822    0.00000    0.51822
 142.00000    0.55288    0.00000    0.55288
 142.50000    0.54533    0.00000    0.54533
 143.00000    0.57895    0.00000    0.57895
 143.50000    0.57210    0.00000    0.57210
 144.00000    0.54619    0.00000    0.54619
 144.50000    0.49843    0.00000    0.49843
 145.00000    0.51962    0.00000    0.51962
 145.50000    0.55240    0.00000    0.55240
 146.00000    0.52696    0.00000    0.52696
 146.50000    0.49285    0.00000    0.49285
 147.00000    0.52385    0.00000    0.52385
 147.50000    0.54006    0.00000    0.54006
 148.00000    0.54489    0.00000    0.54489
 148.50000    0.52029    0.00000    0.52029
 149.00000    0.52039    0.00000    0.52039
 149.50000    0.51406    0.00000    0.51406
 150.00000    0.51594    0.00000    0.51594
