   0.00000    0.47367    0.00000    0.47367
   0.50000    0.48951    0.00000    0.48951
   1.00000    0.49991    0.00000    0.49991
   1.50000    0.51709    0.00000    0.51709
   2.00000    0.52822    0.00000    0.52822
   2.50000    0.49899    0.00000    0.49899
   3.00000    0.51665    0.00000    0.51665
   3.50000    0.55253    0.00000    0.55253
   4.00000    0.54390    0.00000    0.54390
   4.50000    0.51043    0.00000    0.51043
   5.00000    0.48469    0.00000    0.48469
   5.50000    0.49087    0.00000    0.49087
   6.00000    0.49526    0.00000    0.49526
   6.50000    0.52603    0.00000    0.52603
   7.00000    0.50684    0.00000    0.50684
   7.50000    0.47751    0.00000    0.47751
   8.00000    0.46475    0.00000    0.46475
   8.50000    0.49618    0.00000    0.49618
   9.00000    0.50696    0.00000    0.50696
   9.50000    0.50604    0.00000    0.50604
  10.00000    0.52869    0.00000    0.52869
  10.50000    0.54441    0.00000    0.54441
  11.00000    0.54740    0.00000    0.54740
  11.50000    0.52472    0.00000    0.52472
  12.00000    0.50242    0.00000    0.50242
  12.50000    0.49804    0.00000    0.49804
  13.00000    0.47956    0.00000    0.47956
  13.50000    0.49011    0.00000    0.49011
  14.00000    0.49776    0.00000    0.49776
  14.50000    0.52188    0.00000    0.52188
  15.00000    0.52875    0.00000    0.52875
  15.50000    0.57458    0.00000    0.57458
  16.00000    0.54492    0.00000    0.54492
  16.50000    0.51774    0.00000    0.51774
  17.00000    0.51190    0.00000    0.51190
  17.50000    0.52330    0.00000    0.52330
  18.00000    0.50363    0.00000    0.50363
  18.50000    0.51409    0.00000    0.51409
  19.00000    0.53655    0.00000    0.53655
  19.50000    0.52120    0.00000    0.52120
  20.00000    0.51718    0.00000    0.51718
  20.50000    0.50977    0.00000    0.50977
  21.00000    0.51149    0.00000    0.51149
  21.50000    0.50506    0.00000    0.50506
  22.00000    0.51754    0.00000    0.51754
  22.50000    0.49955    0.00000    0.49955
  23.00000    0.51710    0.00000    0.51710
  23.50000    0.55498    0.00000    0.55498
  24.00000    0.59044    0.00000    0.59044
  24.50000    0.53501    0.00000    0.53501
  25.00000    0.48183    0.00000    0.48183
  25.50000    0.48315    0.00000    0.48315
  26.00000    0.49200    0.00000    0.49200
  26.50000    0.48594    0.00000    0.48594
  27.00000    0.49530    0.00000    0.49530
  27.50000    0.50069    0.00000    0.50069
  28.00000    0.49986    0.00000    0.49986
  28.50000    0.49089    0.00000    0.49089
  29.00000    0.51194    0.00000    0.51194
  29.50000    0.50314    0.00000    0.50314
  30.00000    0.51022    0.00000    0.51022
  30.50000    0.51600    0.00000    0.51600
  31.00000    0.50536    0.00000    0.50536
  31.50000    0.50594    0.00000    0.50594
  32.00000    0.50179    0.00000    0.50179
  32.50000    0.51584    0.00000    0.51584
  33.00000    0.52178    0.00000    0.52178
  33.50000    0.53058    0.00000    0.53058
  34.00000    0.50661    0.00000    0.50661
  34.50000    0.51890    0.00000    0.51890
  35.00000    0.51717    0.00000    0.51717
  35.50000    0.50292    0.00000    0.50292
  36.00000    0.48175    0.00000    0.48175
  36.50000    0.49546    0.00000    0.49546
  37.00000    0.49179    0.00000    0.49179
  37.50000    0.49994    0.00000    0.49994
  38.00000    0.51234    0.00000    0.51234
  38.50000    0.54329    0.00000    0.54329
  39.00000    0.52213    0.00000    0.52213
  39.50000    0.50465    0.00000    0.50465
  40.00000    0.49390    0.00000    0.49390
  40.50000    0.55791    0.00000    0.55791
  41.00000    0.57531    0.00000    0.57531
  41.50000    0.54840    0.00000    0.54840
  42.00000    0.49981    0.00000    0.49981
  42.50000    0.45303    0.00000    0.45303
  43.00000    0.45762    0.00000    0.45762
  43.50000    0.46714    0.00000    0.46714
  44.00000    0.50300    0.00000    0.50300
  44.50000    0.51232    0.00000    0.51232
  45.00000    0.49599    0.00000    0.49599
  45.50000    0.48772    0.00000    0.48772
  46.00000    0.48071    0.00000    0.48071
  46.50000    0.50051    0.00000    0.50051
  47.00000    0.50685    0.00000    0.50685
  47.50000    0.54605    0.00000    0.54605
  48.00000    0.55234    0.00000    0.55234
  48.50000    0.53063    0.00000    0.53063
  49.00000    0.52797    0.00000    0.52797
  49.50000    0.51368    0.00000    0.51368
  50.00000    0.48955    0.00000    0.48955
  50.50000    0.48734    0.00000    0.48734
  51.00000    0.51345    0.00000    0.51345
  51.50000    0.53407    0.00000    0.53407
  52.00000    0.52931    0.00000    0.52931
  52.50000    0.54741    0.00000    0.54741
  53.00000    0.51409    0.00000    0.51409
  53.50000    0.48354    0.00000    0.48354
  54.00000    0.47868    0.00000    0.47868
  54.50000    0.53068    0.00000    0.53068
  55.00000    0.52074    0.00000    0.52074
  55.50000    0.51989    0.00000    0.51989
  56.00000    0.49880    0.00000    0.49880
  56.50000    0.49421    0.00000    0.49421
  57.00000    0.47549    0.00000    0.47549
  57.50000    0.52868    0.00000    0.52868
  58.00000    0.56284    0.00000    0.56284
  58.50000    0.54477    0.00000    0.54477
  59.00000    0.51871    0.00000    0.51871
  59.50000    0.50745    0.00000    0.50745
  60.00000    0.49321    0.00000    0.49321
  60.50000    0.49004    0.00000    0.49004
  61.00000    0.53111    0.00000    0.53111
  61.50000    0.53713    0.00000    0.53713
  62.00000    0.54418    0.00000    0.54418
  62.50000    0.50121    0.00000    0.50121
  63.00000    0.51771    0.00000    0.51771
  63.50000    0.55765    0.00000    0.55765
  64.00000    0.58038    0.00000    0.58038
  64.50000    0.51275    0.00000    0.51275
  65.00000    0.49460    0.00000    0.49460
  65.50000    0.56611    0.00000    0.56611
  66.00000    0.56963    0.00000    0.56963
  66.50000    0.54635    0.00000    0.54635
  67.00000    0.50401    0.00000    0.50401
  67.50000    0.55576    0.00000    0.55576
  68.00000    0.57267    0.00000    0.57267
  68.50000    0.54911    0.00000    0.54911
  69.00000    0.49393    0.00000    0.49393
  69.50000    0.47278    0.00000    0.47278
  70.00000    0.49572    0.00000    0.49572
  70.50000    0.48857    0.00000    0.48857
  71.00000    0.49604    0.00000    0.49604
  71.50000    0.47192    0.00000    0.47192
  72.00000    0.47547    0.00000    0.47547
  72.50000    0.47694    0.00000    0.47694
  73.00000    0.49913    0.00000    0.49913
  73.50000    0.53333    0.00000    0.53333
  74.00000    0.53860    0.00000    0.53860
  74.50000    0.55569    0.00000    0.55569
  75.00000    0.52046    0.00000    0.52046
  75.50000    0.50523    0.00000    0.50523
  76.00000    0.46321    0.00000    0.46321
  76.50000    0.48947    0.00000    0.48947
  77.00000    0.50056    0.00000    0.50056
  77.50000    0.54071    0.00000    0.54071
  78.00000    0.53197    0.00000    0.53197
  78.50000    0.50500    0.00000    0.50500
  79.00000    0.48616    0.00000    0.48616
  79.50000    0.47129    0.00000    0.47129
  80.00000    0.50425    0.00000    0.50425
  80.50000    0.52321    0.00000    0.52321
  81.00000    0.51796    0.00000    0.51796
  81.50000    0.47249    0.00000    0.47249
  82.00000    0.47158    0.00000    0.47158
  82.50000    0.50783    0.00000    0.50783
  83.00000    0.53879    0.00000    0.53879
  83.50000    0.52596    0.00000    0.52596
  84.00000    0.52851    0.00000    0.52851
  84.50000    0.55274    0.00000    0.55274
  85.00000    0.55181    0.00000    0.55181
  85.50000    0.49587    0.00000    0.49587
  86.00000    0.47648    0.00000    0.47648
  86.50000    0.51141    0.00000    0.51141
  87.00000    0.52429    0.00000    0.52429
  87.50000    0.53946    0.00000    0.53946
  88.00000    0.52034    0.00000    0.52034
  88.50000    0.51440    0.00000    0.51440
  89.00000    0.50675    0.00000    0.50675
  89.50000    0.52316    0.00000    0.52316
  90.00000    0.52831    0.00000    0.52831
  90.50000    0.52376    0.00000    0.52376
  91.00000    0.50318    0.00000    0.50318
  91.50000    0.47989    0.00000    0.47989
  92.00000    0.50849    0.00000    0.50849
  92.50000    0.51622    0.00000    0.51622
  93.00000    0.50482    0.00000    0.50482
  93.50000    0.49373    0.00000    0.49373
  94.00000    0.48066    0.00000    0.48066
  94.50000    0.47121    0.00000    0.47121
  95.00000    0.48393    0.00000    0.48393
  95.50000    0.54315    0.00000    0.54315
  96.00000    0.52208    0.00000    0.52208
  96.50000    0.52813    0.00000    0.52813
  97.00000    0.50966    0.00000    0.50966
  97.50000    0.52777    0.00000    0.52777
  98.00000    0.49716    0.00000    0.49716
  98.50000    0.50100    0.00000    0.50100
  99.00000    0.50540    0.00000    0.50540
  99.50000    0.53650    0.00000    0.53650
 100.00000    0.52602    0.00000    0.52602
 100.50000    0.51264    0.00000    0.51264
 101.00000    0.51456    0.00000    0.51456
 101.50000    0.51882    0.00000    0.51882
 102.00000    0.48539    0.00000    0.48539
 102.50000    0.46018    0.00000    0.46018
 103.00000    0.49661    0.00000    0.49661
 103.50000    0.49044    0.00000    0.49044
 104.00000    0.48032    0.00000    0.48032
 104.50000    0.49275    0.00000    0.49275
 105.00000    0.54856    0.00000    0.54856
 105.50000    0.53924    0.00000    0.53924
 106.00000    0.50263    0.00000    0.50263
 106.50000    0.49794    0.00000    0.49794
 107.00000    0.52752    0.00000    0.52752
 107.50000    0.54624    0.00000    0.54624
 108.00000    0.56511    0.00000    0.56511
 108.50000    0.56076    0.00000    0.56076
 109.00000    0.57404    0.00000    0.57404
 109.50000    0.56061    0.00000    0.56061
 110.00000    0.52781    0.00000    0.52781
 110.50000    0.48386    0.00000    0.48386
 111.00000    0.47762    0.00000    0.47762
 111.50000    0.51438    0.00000    0.51438
 112.00000    0.52196    0.00000    0.52196
 112.50000    0.53274    0.00000    0.53274
 113.00000    0.53295    0.00000    0.53295
 113.50000    0.49976    0.00000    0.49976
 114.00000    0.48617    0.00000    0.48617
 114.50000    0.47578    0.00000    0.47578
 115.00000    0.49792    0.00000    0.49792
 115.50000    0.50233    0.00000    0.50233
 116.00000    0.56847    0.00000    0.56847
 116.50000    0.58517    0.00000    0.58517
 117.00000    0.55578    0.00000    0.55578
 117.50000    0.50245    0.00000    0.50245
 118.00000    0.52167    0.00000    0.52167
 118.50000    0.53419    0.00000    0.53419
 119.00000    0.52096    0.00000    0.52096
 119.50000    0.52409    0.00000    0.52409
 120.00000    0.55023    0.00000    0.55023
 120.50000    0.48298    0.00000    0.48298
 121.00000    0.48208    0.00000    0.48208
 121.50000    0.51099    0.00000    0.51099
 122.00000    0.53562    0.00000    0.53562
 122.50000    0.49929    0.00000    0.49929
 123.00000    0.51453    0.00000    0.51453
 123.50000    0.47390    0.00000    0.47390
 124.00000    0.46316    0.00000    0.46316
 124.50000    0.47872    0.00000    0.47872
 125.00000    0.52557    0.00000    0.52557
 125.50000    0.52120    0.00000    0.52120
 126.00000    0.51945    0.00000    0.51945
 126.50000    0.48299    0.00000    0.48299
 127.00000    0.51321    0.00000    0.51321
 127.50000    0.53479    0.00000    0.53479
 128.00000    0.52630    0.00000    0.52630
 128.50000    0.47694    0.00000    0.47694
 129.00000    0.48601    0.00000    0.48601
 129.50000    0.51345    0.00000    0.51345
 130.00000    0.53567    0.00000    0.53567
 130.50000    0.48853    0.00000    0.48853
 131.00000    0.46340    0.00000    0.46340
 131.50000    0.48364    0.00000    0.48364
 132.00000    0.51483    0.00000    0.51483
 132.50000    0.50302    0.00000    0.50302
 133.00000    0.50605    0.00000    0.50605
 133.50000    0.51994    0.00000    0.51994
 134.00000    0.51750    0.00000    0.51750
 134.50000    0.51991    0.00000    0.51991
 135.00000    0.54208    0.00000    0.54208
 135.50000    0.55587    0.00000    0.55587
 136.00000    0.53473    0.00000    0.53473
 136.50000    0.50534    0.00000    0.50534
 137.00000    0.50451    0.00000    0.50451
 137.50000    0.53444    0.00000    0.53444
 138.00000    0.51956    0.00000    0.51956
 138.50000    0.48500    0.00000    0.48500
 139.00000    0.47225    0.00000    0.47225
 139.50000    0.52305    0.00000    0.52305
 140.00000    0.52551    0.00000    0.52551
 140.50000    0.52463    0.00000    0.52463
 141.00000    0.53931    0.00000    0.53931
 141.50000    0.51084    0.00000    0.51084
 142.00000    0.51357    0.00000    0.51357
 142.50000    0.53566    0.00000    0.53566
 143.00000    0.59915    0.00000    0.59915
 143.50000    0.57766    0.00000    0.57766
 144.00000    0.54894    0.00000    0.54894
 144.50000    0.51662    0.00000    0.51662
 145.00000    0.53987    0.00000    0.53987
 145.50000    0.55478    0.00000    0.55478
 146.00000    0.52182    0.00000    0.52182
 146.50000    0.48879    0.00000    0.48879
 147.00000    0.51791    0.00000    0.51791
 147.50000    0.52894    0.00000    0.52894
 148.00000    0.50751    0.00000    0.50751
 148.50000    0.47938    0.00000    0.47938
 149.00000    0.48319    0.00000    0.48319
 149.50000    0.49231    0.00000    0.49231
 150.00000    0.45945    0.00000    0.45945
