   0.00000    0.52157    0.00000    0.52157
   0.50000    0.57810    0.00000    0.57810
   1.00000    0.57064    0.00000    0.57064
   1.50000    0.55463    0.00000    0.55463
   2.00000    0.56229    0.00000    0.56229
   2.50000    0.54551    0.00000    0.54551
   3.00000    0.57306    0.00000    0.57306
   3.50000    0.59727    0.00000    0.59727
   4.00000    0.58079    0.00000    0.58079
   4.50000    0.55525    0.00000    0.55525
   5.00000    0.54160    0.00000    0.54160
   5.50000    0.55785    0.00000    0.55785
   6.00000    0.56570    0.00000    0.56570
   6.50000    0.61759    0.00000    0.61759
   7.00000    0.60701    0.00000    0.60701
   7.50000    0.57105    0.00000    0.57105
   8.00000    0.53648    0.00000    0.53648
   8.50000    0.54408    0.00000    0.54408
   9.00000    0.56557    0.00000    0.56557
   9.50000    0.59133    0.00000    0.59133
  10.00000    0.58789    0.00000    0.58789
  10.50000    0.58679    0.00000    0.58679
  11.00000    0.57199    0.00000    0.57199
  11.50000    0.57280    0.00000    0.57280
  12.00000    0.55908    0.00000    0.55908
  12.50000    0.58528    0.00000    0.58528
  13.00000    0.55723    0.00000    0.55723
  13.50000    0.54613    0.00000    0.54613
  14.00000    0.53882    0.00000    0.53882
  14.50000    0.56071    0.00000    0.56071
  15.00000    0.57395    0.00000    0.57395
  15.50000    0.60965    0.00000    0.60965
  16.00000    0.59922    0.00000    0.59922
  16.50000    0.59147    0.00000    0.59147
  17.00000    0.59833    0.00000    0.59833
  17.50000    0.59464    0.00000    0.59464
  18.00000    0.56851    0.00000    0.56851
  18.50000    0.58944    0.00000    0.58944
  19.00000    0.62459    0.00000    0.62459
  19.50000    0.61350    0.00000    0.61350
  20.00000    0.57670    0.00000    0.57670
  20.50000    0.56111    0.00000    0.56111
  21.00000    0.54708    0.00000    0.54708
  21.50000    0.56335    0.00000    0.56335
  22.00000    0.58550    0.00000    0.58550
  22.50000    0.58499    0.00000    0.58499
  23.00000    0.58253    0.00000    0.58253
  23.50000    0.62079    0.00000    0.62079
  24.00000    0.64863    0.00000    0.64863
  24.50000    0.60801    0.00000    0.60801
  25.00000    0.56090    0.00000    0.56090
  25.50000    0.54441    0.00000    0.54441
  26.00000    0.55870    0.00000    0.55870
  26.50000    0.56737    0.00000    0.56737
  27.00000    0.58729    0.00000    0.58729
  27.50000    0.56652    0.00000    0.56652
  28.00000    0.55855    0.00000    0.55855
  28.50000    0.53493    0.00000    0.53493
  29.00000    0.58659    0.00000    0.58659
  29.50000    0.59547    0.00000    0.59547
  30.00000    0.60600    0.00000    0.60600
  30.50000    0.57881    0.00000    0.57881
  31.00000    0.56039    0.00000    0.56039
  31.50000    0.54867    0.00000    0.54867
  32.00000    0.55815    0.00000    0.55815
  32.50000    0.58631    0.00000    0.58631
  33.00000    0.58671    0.00000    0.58671
  33.50000    0.58818    0.00000    0.58818
  34.00000    0.57275    0.00000    0.57275
  34.50000    0.58034    0.00000    0.58034
  35.00000    0.55386    0.00000    0.55386
  35.50000    0.54490    0.00000    0.54490
  36.00000    0.57017    0.00000    0.57017
  36.50000    0.58806    0.00000    0.58806
  37.00000    0.56874    0.00000    0.56874
  37.50000    0.54748    0.00000    0.54748
  38.00000    0.57989    0.00000    0.57989
  38.50000    0.60764    0.00000    0.60764
  39.00000    0.61183    0.00000    0.61183
  39.50000    0.56373    0.00000    0.56373
  40.00000    0.58935    0.00000    0.58935
  40.50000    0.64358    0.00000    0.64358
  41.00000    0.67360    0.00000    0.67360
  41.50000    0.61148    0.00000    0.61148
  42.00000    0.57544    0.00000    0.57544
  42.50000    0.54749    0.00000    0.54749
  43.00000    0.57143    0.00000    0.57143
  43.50000    0.56486    0.00000    0.56486
  44.00000    0.55570    0.00000    0.55570
  44.50000    0.56412    0.00000    0.56412
  45.00000    0.56669    0.00000    0.56669
  45.50000    0.56133    0.00000    0.56133
  46.00000    0.55278    0.00000    0.55278
  46.50000    0.56660    0.00000    0.56660
  47.00000    0.57451    0.00000    0.57451
  47.50000    0.60911    0.00000    0.60911
  48.00000    0.63123    0.00000    0.63123
  48.50000    0.57731    0.00000    0.57731
  49.00000    0.57150    0.00000    0.57150
  49.50000    0.60593    0.00000    0.60593
  50.00000    0.61461    0.00000    0.61461
  50.50000    0.59324    0.00000    0.59324
  51.00000    0.59374    0.00000    0.59374
  51.50000    0.61174    0.00000    0.61174
  52.00000    0.59011    0.00000    0.59011
  52.50000    0.59137    0.00000    0.59137
  53.00000    0.56972    0.00000    0.56972
  53.50000    0.54523    0.00000    0.54523
  54.00000    0.56154    0.00000    0.56154
  54.50000    0.58988    0.00000    0.58988
  55.00000    0.60030    0.00000    0.60030
  55.50000    0.61838    0.00000    0.61838
  56.00000    0.60736    0.00000    0.60736
  56.50000    0.57709    0.00000    0.57709
  57.00000    0.53942    0.00000    0.53942
  57.50000    0.57402    0.00000    0.57402
  58.00000    0.60390    0.00000    0.60390
  58.50000    0.62398    0.00000    0.62398
  59.00000    0.59751    0.00000    0.59751
  59.50000    0.55257    0.00000    0.55257
  60.00000    0.52926    0.00000    0.52926
  60.50000    0.52251    0.00000    0.52251
  61.00000    0.59487    0.00000    0.59487
  61.50000    0.63461    0.00000    0.63461
  62.00000    0.66207    0.00000    0.66207
  62.50000    0.57119    0.00000    0.57119
  63.00000    0.59138    0.00000    0.59138
  63.50000    0.64516    0.00000    0.64516
  64.00000    0.65456    0.00000    0.65456
  64.50000    0.56803    0.00000    0.56803
  65.00000    0.54394    0.00000    0.54394
  65.50000    0.61367    0.00000    0.61367
  66.00000    0.61769    0.00000    0.61769
  66.50000    0.59798    0.00000    0.59798
  67.00000    0.56268    0.00000    0.56268
  67.50000    0.60160    0.00000    0.60160
  68.00000    0.60658    0.00000    0.60658
  68.50000    0.58384    0.00000    0.58384
  69.00000    0.52864    0.00000    0.52864
  69.50000    0.53164    0.00000    0.53164
  70.00000    0.56652    0.00000    0.56652
  70.50000    0.58425    0.00000    0.58425
  71.00000    0.56495    0.00000    0.56495
  71.50000    0.54468    0.00000    0.54468
  72.00000    0.55897    0.00000    0.55897
  72.50000    0.57291    0.00000    0.57291
  73.00000    0.58863    0.00000    0.58863
  73.50000    0.61438    0.00000    0.61438
  74.00000    0.62905    0.00000    0.62905
  74.50000    0.64549    0.00000    0.64549
  75.00000    0.59081    0.00000    0.59081
  75.50000    0.56901    0.00000    0.56901
  76.00000    0.52413    0.00000    0.52413
  76.50000    0.55786    0.00000    0.55786
  77.00000    0.54119    0.00000    0.54119
  77.50000    0.58189    0.00000    0.58189
  78.00000    0.57141    0.00000    0.57141
  78.50000    0.56778    0.00000    0.56778
  79.00000    0.54346    0.00000    0.54346
  79.50000    0.53709    0.00000    0.53709
  80.00000    0.56431    0.00000    0.56431
  80.50000    0.58136    0.00000    0.58136
  81.00000    0.56857    0.00000    0.56857
  81.50000    0.54456    0.00000    0.54456
  82.00000    0.54244    0.00000    0.54244
  82.50000    0.56181    0.00000    0.56181
  83.00000    0.56009    0.00000    0.56009
  83.50000    0.54926    0.00000    0.54926
  84.00000    0.56421    0.00000    0.56421
  84.50000    0.61139    0.00000    0.61139
  85.00000    0.62537    0.00000    0.62537
  85.50000    0.60219    0.00000    0.60219
  86.00000    0.56162    0.00000    0.56162
  86.50000    0.56195    0.00000    0.56195
  87.00000    0.57231    0.00000    0.57231
  87.50000    0.59892    0.00000    0.59892
  88.00000    0.59490    0.00000    0.59490
  88.50000    0.61544    0.00000    0.61544
  89.00000    0.64188    0.00000    0.64188
  89.50000    0.61644    0.00000    0.61644
  90.00000    0.58890    0.00000    0.58890
  90.50000    0.57549    0.00000    0.57549
  91.00000    0.58311    0.00000    0.58311
  91.50000    0.57759    0.00000    0.57759
  92.00000    0.57761    0.00000    0.57761
  92.50000    0.55484    0.00000    0.55484
  93.00000    0.53789    0.00000    0.53789
  93.50000    0.52844    0.00000    0.52844
  94.00000    0.53497    0.00000    0.53497
  94.50000    0.53964    0.00000    0.53964
  95.00000    0.55025    0.00000    0.55025
  95.50000    0.60148    0.00000    0.60148
  96.00000    0.66007    0.00000    0.66007
  96.50000    0.66960    0.00000    0.66960
  97.00000    0.61065    0.00000    0.61065
  97.50000    0.59345    0.00000    0.59345
  98.00000    0.58791    0.00000    0.58791
  98.50000    0.57057    0.00000    0.57057
  99.00000    0.55705    0.00000    0.55705
  99.50000    0.57805    0.00000    0.57805
 100.00000    0.58054    0.00000    0.58054
 100.50000    0.59206    0.00000    0.59206
 101.00000    0.61693    0.00000    0.61693
 101.50000    0.60959    0.00000    0.60959
 102.00000    0.54897    0.00000    0.54897
 102.50000    0.49682    0.00000    0.49682
 103.00000    0.52075    0.00000    0.52075
 103.50000    0.53083    0.00000    0.53083
 104.00000    0.55213    0.00000    0.55213
 104.50000    0.56565    0.00000    0.56565
 105.00000    0.62431    0.00000    0.62431
 105.50000    0.61247    0.00000    0.61247
 106.00000    0.58876    0.00000    0.58876
 106.50000    0.57829    0.00000    0.57829
 107.00000    0.60623    0.00000    0.60623
 107.50000    0.62114    0.00000    0.62114
 108.00000    0.62877    0.00000    0.62877
 108.50000    0.62497    0.00000    0.62497
 109.00000    0.60659    0.00000    0.60659
 109.50000    0.60047    0.00000    0.60047
 110.00000    0.58826    0.00000    0.58826
 110.50000    0.57481    0.00000    0.57481
 111.00000    0.57008    0.00000    0.57008
 111.50000    0.59821    0.00000    0.59821
 112.00000    0.60011    0.00000    0.60011
 112.50000    0.59400    0.00000    0.59400
 113.00000    0.60242    0.00000    0.60242
 113.50000    0.58156    0.00000    0.58156
 114.00000    0.55893    0.00000    0.55893
 114.50000    0.53167    0.00000    0.53167
 115.00000    0.53197    0.00000    0.53197
 115.50000    0.54038    0.00000    0.54038
 116.00000    0.61608    0.00000    0.61608
 116.50000    0.63071    0.00000    0.63071
 117.00000    0.61033    0.00000    0.61033
 117.50000    0.59069    0.00000    0.59069
 118.00000    0.61424    0.00000    0.61424
 118.50000    0.61267    0.00000    0.61267
 119.00000    0.60540    0.00000    0.60540
 119.50000    0.59967    0.00000    0.59967
 120.00000    0.60879    0.00000    0.60879
 120.50000    0.56912    0.00000    0.56912
 121.00000    0.59032    0.00000    0.59032
 121.50000    0.56372    0.00000    0.56372
 122.00000    0.59225    0.00000    0.59225
 122.50000    0.58504    0.00000    0.58504
 123.00000    0.60963    0.00000    0.60963
 123.50000    0.53709    0.00000    0.53709
 124.00000    0.51710    0.00000    0.51710
 124.50000    0.52330    0.00000    0.52330
 125.00000    0.57515    0.00000    0.57515
 125.50000    0.61832    0.00000    0.61832
 126.00000    0.63123    0.00000    0.63123
 126.50000    0.57620    0.00000    0.57620
 127.00000    0.58645    0.00000    0.58645
 127.50000    0.59629    0.00000    0.59629
 128.00000    0.61049    0.00000    0.61049
 128.50000    0.56182    0.00000    0.56182
 129.00000    0.54248    0.00000    0.54248
 129.50000    0.55069    0.00000    0.55069
 130.00000    0.57066    0.00000    0.57066
 130.50000    0.56433    0.00000    0.56433
 131.00000    0.56360    0.00000    0.56360
 131.50000    0.57583    0.00000    0.57583
 132.00000    0.58547    0.00000    0.58547
 132.50000    0.58246    0.00000    0.58246
 133.00000    0.57361    0.00000    0.57361
 133.50000    0.57057    0.00000    0.57057
 134.00000    0.59258    0.00000    0.59258
 134.50000    0.58272    0.00000    0.58272
 135.00000    0.56960    0.00000    0.56960
 135.50000    0.59565    0.00000    0.59565
 136.00000    0.60517    0.00000    0.60517
 136.50000    0.58193    0.00000    0.58193
 137.00000    0.59705    0.00000    0.59705
 137.50000    0.62810    0.00000    0.62810
 138.00000    0.60732    0.00000    0.60732
 138.50000    0.55764    0.00000    0.55764
 139.00000    0.55462    0.00000    0.55462
 139.50000    0.58990    0.00000    0.58990
 140.00000    0.59634    0.00000    0.59634
 140.50000    0.59250    0.00000    0.59250
 141.00000    0.62259    0.00000    0.62259
 141.50000    0.59807    0.00000    0.59807
 142.00000    0.59004    0.00000    0.59004
 142.50000    0.58677    0.00000    0.58677
 143.00000    0.63362    0.00000    0.63362
 143.50000    0.65545    0.00000    0.65545
 144.00000    0.62461    0.00000    0.62461
 144.50000    0.57459    0.00000    0.57459
 145.00000    0.57826    0.00000    0.57826
 145.50000    0.60706    0.00000    0.60706
 146.00000    0.56212    0.00000    0.56212
 146.50000    0.53566    0.00000    0.53566
 147.00000    0.56805    0.00000    0.56805
 147.50000    0.58108    0.00000    0.58108
 148.00000    0.56943    0.00000    0.56943
 148.50000    0.56565    0.00000    0.56565
 149.00000    0.56610    0.00000    0.56610
 149.50000    0.56440    0.00000    0.56440
 150.00000    0.55583    0.00000    0.55583
