   0.00000    0.45804    0.00000    0.45804
   0.50000    0.53313    0.00000    0.53313
   1.00000    0.51505    0.00000    0.51505
   1.50000    0.47850    0.00000    0.47850
   2.00000    0.46753    0.00000    0.46753
   2.50000    0.47601    0.00000    0.47601
   3.00000    0.50609    0.00000    0.50609
   3.50000    0.54800    0.00000    0.54800
   4.00000    0.54223    0.00000    0.54223
   4.50000    0.51080    0.00000    0.51080
   5.00000    0.50531    0.00000    0.50531
   5.50000    0.51825    0.00000    0.51825
   6.00000    0.50146    0.00000    0.50146
   6.50000    0.52594    0.00000    0.52594
   7.00000    0.52430    0.00000    0.52430
   7.50000    0.48565    0.00000    0.48565
   8.00000    0.45788    0.00000    0.45788
   8.50000    0.49741    0.00000    0.49741
   9.00000    0.51780    0.00000    0.51780
   9.50000    0.50428    0.00000    0.50428
  10.00000    0.49241    0.00000    0.49241
  10.50000    0.52298    0.00000    0.52298
  11.00000    0.51955    0.00000    0.51955
  11.50000    0.51048    0.00000    0.51048
  12.00000    0.49508    0.00000    0.49508
  12.50000    0.52308    0.00000    0.52308
  13.00000    0.49864    0.00000    0.49864
  13.50000    0.51082    0.00000    0.51082
  14.00000    0.50254    0.00000    0.50254
  14.50000    0.50215    0.00000    0.50215
  15.00000    0.50288    0.00000    0.50288
  15.50000    0.55855    0.00000    0.55855
  16.00000    0.56412    0.00000    0.56412
  16.50000    0.55989    0.00000    0.55989
  17.00000    0.54960    0.00000    0.54960
  17.50000    0.54336    0.00000    0.54336
  18.00000    0.52104    0.00000    0.52104
  18.50000    0.53060    0.00000    0.53060
  19.00000    0.53362    0.00000    0.53362
  19.50000    0.52730    0.00000    0.52730
  20.00000    0.53243    0.00000    0.53243
  20.50000    0.52977    0.00000    0.52977
  21.00000    0.51639    0.00000    0.51639
  21.50000    0.51120    0.00000    0.51120
  22.00000    0.52162    0.00000    0.52162
  22.50000    0.52053    0.00000    0.52053
  23.00000    0.51222    0.00000    0.51222
  23.50000    0.54322    0.00000    0.54322
  24.00000    0.54873    0.00000    0.54873
  24.50000    0.52917    0.00000    0.52917
  25.00000    0.50483    0.00000    0.50483
  25.50000    0.50460    0.00000    0.50460
  26.00000    0.49030    0.00000    0.49030
  26.50000    0.49479    0.00000    0.49479
  27.00000    0.50912    0.00000    0.50912
  27.50000    0.52531    0.00000    0.52531
  28.00000    0.52629    0.00000    0.52629
  28.50000    0.53031    0.00000    0.53031
  29.00000    0.52423    0.00000    0.52423
  29.50000    0.52831    0.00000    0.52831
  30.00000    0.52782    0.00000    0.52782
  30.50000    0.52300    0.00000    0.52300
  31.00000    0.51411    0.00000    0.51411
  31.50000    0.55042    0.00000    0.55042
  32.00000    0.54791    0.00000    0.54791
  32.50000    0.53135    0.00000    0.53135
  33.00000    0.49120    0.00000    0.49120
  33.50000    0.48485    0.00000    0.48485
  34.00000    0.47052    0.00000    0.47052
  34.50000    0.51367    0.00000    0.51367
  35.00000    0.52579    0.00000    0.52579
  35.50000    0.51758    0.00000    0.51758
  36.00000    0.50583    0.00000    0.50583
  36.50000    0.49979    0.00000    0.49979
  37.00000    0.47685    0.00000    0.47685
  37.50000    0.47473    0.00000    0.47473
  38.00000    0.51101    0.00000    0.51101
  38.50000    0.53718    0.00000    0.53718
  39.00000    0.52995    0.00000    0.52995
  39.50000    0.48998    0.00000    0.48998
  40.00000    0.51174    0.00000    0.51174
  40.50000    0.58117    0.00000    0.58117
  41.00000    0.59929    0.00000    0.59929
  41.50000    0.54231    0.00000    0.54231
  42.00000    0.51477    0.00000    0.51477
  42.50000    0.48142    0.00000    0.48142
  43.00000    0.49199    0.00000    0.49199
  43.50000    0.48051    0.00000    0.48051
  44.00000    0.50021    0.00000    0.50021
  44.50000    0.50003    0.00000    0.50003
  45.00000    0.51225    0.00000    0.51225
  45.50000    0.51773    0.00000    0.51773
  46.00000    0.50451    0.00000    0.50451
  46.50000    0.50362    0.00000    0.50362
  47.00000    0.50278    0.00000    0.50278
  47.50000    0.52624    0.00000    0.52624
  48.00000    0.55165    0.00000    0.55165
  48.50000    0.53669    0.00000    0.53669
  49.00000    0.51572    0.00000    0.51572
  49.50000    0.53747    0.00000    0.53747
  50.00000    0.54511    0.00000    0.54511
  50.50000    0.55476    0.00000    0.55476
  51.00000    0.52574    0.00000    0.52574
  51.50000    0.51572    0.00000    0.51572
  52.00000    0.49799    0.00000    0.49799
  52.50000    0.53858    0.00000    0.53858
  53.00000    0.54050    0.00000    0.54050
  53.50000    0.50516    0.00000    0.50516
  54.00000    0.54131    0.00000    0.54131
  54.50000    0.56854    0.00000    0.56854
  55.00000    0.55293    0.00000    0.55293
  55.50000    0.54197    0.00000    0.54197
  56.00000    0.55958    0.00000    0.55958
  56.50000    0.52784    0.00000    0.52784
  57.00000    0.46053    0.00000    0.46053
  57.50000    0.47198    0.00000    0.47198
  58.00000    0.52603    0.00000    0.52603
  58.50000    0.56003    0.00000    0.56003
  59.00000    0.52765    0.00000    0.52765
  59.50000    0.48383    0.00000    0.48383
  60.00000    0.46833    0.00000    0.46833
  60.50000    0.49538    0.00000    0.49538
  61.00000    0.55282    0.00000    0.55282
  61.50000    0.58452    0.00000    0.58452
  62.00000    0.58410    0.00000    0.58410
  62.50000    0.53294    0.00000    0.53294
  63.00000    0.54317    0.00000    0.54317
  63.50000    0.58411    0.00000    0.58411
  64.00000    0.58562    0.00000    0.58562
  64.50000    0.49508    0.00000    0.49508
  65.00000    0.45671    0.00000    0.45671
  65.50000    0.50171    0.00000    0.50171
  66.00000    0.54074    0.00000    0.54074
  66.50000    0.54515    0.00000    0.54515
  67.00000    0.51545    0.00000    0.51545
  67.50000    0.51120    0.00000    0.51120
  68.00000    0.53211    0.00000    0.53211
  68.50000    0.53425    0.00000    0.53425
  69.00000    0.49895    0.00000    0.49895
  69.50000    0.46069    0.00000    0.46069
  70.00000    0.48141    0.00000    0.48141
  70.50000    0.51268    0.00000    0.51268
  71.00000    0.52514    0.00000    0.52514
  71.50000    0.49423    0.00000    0.49423
  72.00000    0.49734    0.00000    0.49734
  72.50000    0.53554    0.00000    0.53554
  73.00000    0.55126    0.00000    0.55126
  73.50000    0.54418    0.00000    0.54418
  74.00000    0.54058    0.00000    0.54058
  74.50000    0.57582    0.00000    0.57582
  75.00000    0.53359    0.00000    0.53359
  75.50000    0.49261    0.00000    0.49261
  76.00000    0.44626    0.00000    0.44626
  76.50000    0.49214    0.00000    0.49214
  77.00000    0.49506    0.00000    0.49506
  77.50000    0.51986    0.00000    0.51986
  78.00000    0.51157    0.00000    0.51157
  78.50000    0.50624    0.00000    0.50624
  79.00000    0.47165    0.00000    0.47165
  79.50000    0.45763    0.00000    0.45763
  80.00000    0.50079    0.00000    0.50079
  80.50000    0.51356    0.00000    0.51356
  81.00000    0.48485    0.00000    0.48485
  81.50000    0.46357    0.00000    0.46357
  82.00000    0.48420    0.00000    0.48420
  82.50000    0.51567    0.00000    0.51567
  83.00000    0.52890    0.00000    0.52890
  83.50000    0.51899    0.00000    0.51899
  84.00000    0.51205    0.00000    0.51205
  84.50000    0.54076    0.00000    0.54076
  85.00000    0.55140    0.00000    0.55140
  85.50000    0.53015    0.00000    0.53015
  86.00000    0.50914    0.00000    0.50914
  86.50000    0.51418    0.00000    0.51418
  87.00000    0.53784    0.00000    0.53784
  87.50000    0.53886    0.00000    0.53886
  88.00000    0.53884    0.00000    0.53884
  88.50000    0.53817    0.00000    0.53817
  89.00000    0.58490    0.00000    0.58490
  89.50000    0.52245    0.00000    0.52245
  90.00000    0.50652    0.00000    0.50652
  90.50000    0.47870    0.00000    0.47870
  91.00000    0.49748    0.00000    0.49748
  91.50000    0.49888    0.00000    0.49888
  92.00000    0.53562    0.00000    0.53562
  92.50000    0.52155    0.00000    0.52155
  93.00000    0.49446    0.00000    0.49446
  93.50000    0.48837    0.00000    0.48837
  94.00000    0.48578    0.00000    0.48578
  94.50000    0.48282    0.00000    0.48282
  95.00000    0.48692    0.00000    0.48692
  95.50000    0.52315    0.00000    0.52315
  96.00000    0.53508    0.00000    0.53508
  96.50000    0.56580    0.00000    0.56580
  97.00000    0.51885    0.00000    0.51885
  97.50000    0.51920    0.00000    0.51920
  98.00000    0.50924    0.00000    0.50924
  98.50000    0.52152    0.00000    0.52152
  99.00000    0.50946    0.00000    0.50946
  99.50000    0.53010    0.00000    0.53010
 100.00000    0.53471    0.00000    0.53471
 100.50000    0.53119    0.00000    0.53119
 101.00000    0.54796    0.00000    0.54796
 101.50000    0.52699    0.00000    0.52699
 102.00000    0.48592    0.00000    0.48592
 102.50000    0.46776    0.00000    0.46776
 103.00000    0.46161    0.00000    0.46161
 103.50000    0.44178    0.00000    0.44178
 104.00000    0.45399    0.00000    0.45399
 104.50000    0.49863    0.00000    0.49863
 105.00000    0.53998    0.00000    0.53998
 105.50000    0.52983    0.00000    0.52983
 106.00000    0.49928    0.00000    0.49928
 106.50000    0.50482    0.00000    0.50482
 107.00000    0.52903    0.00000    0.52903
 107.50000    0.51269    0.00000    0.51269
 108.00000    0.50791    0.00000    0.50791
 108.50000    0.54034    0.00000    0.54034
 109.00000    0.54222    0.00000    0.54222
 109.50000    0.53761    0.00000    0.53761
 110.00000    0.53719    0.00000    0.53719
 110.50000    0.56793    0.00000    0.56793
 111.00000    0.55599    0.00000    0.55599
 111.50000    0.56796    0.00000    0.56796
 112.00000    0.53593    0.00000    0.53593
 112.50000    0.52906    0.00000    0.52906
 113.00000    0.53155    0.00000    0.53155
 113.50000    0.51386    0.00000    0.51386
 114.00000    0.48333    0.00000    0.48333
 114.50000    0.47314    0.00000    0.47314
 115.00000    0.48041    0.00000    0.48041
 115.50000    0.48938    0.00000    0.48938
 116.00000    0.55013    0.00000    0.55013
 116.50000    0.57486    0.00000    0.57486
 117.00000    0.54296    0.00000    0.54296
 117.50000    0.52248    0.00000    0.52248
 118.00000    0.52241    0.00000    0.52241
 118.50000    0.51606    0.00000    0.51606
 119.00000    0.50414    0.00000    0.50414
 119.50000    0.54625    0.00000    0.54625
 120.00000    0.55718    0.00000    0.55718
 120.50000    0.52342    0.00000    0.52342
 121.00000    0.50764    0.00000    0.50764
 121.50000    0.50580    0.00000    0.50580
 122.00000    0.52763    0.00000    0.52763
 122.50000    0.52783    0.00000    0.52783
 123.00000    0.53286    0.00000    0.53286
 123.50000    0.48849    0.00000    0.48849
 124.00000    0.46278    0.00000    0.46278
 124.50000    0.50066    0.00000    0.50066
 125.00000    0.52486    0.00000    0.52486
 125.50000    0.52155    0.00000    0.52155
 126.00000    0.48301    0.00000    0.48301
 126.50000    0.49108    0.00000    0.49108
 127.00000    0.51231    0.00000    0.51231
 127.50000    0.53994    0.00000    0.53994
 128.00000    0.52767    0.00000    0.52767
 128.50000    0.48574    0.00000    0.48574
 129.00000    0.46334    0.00000    0.46334
 129.50000    0.48954    0.00000    0.48954
 130.00000    0.52423    0.00000    0.52423
 130.50000    0.52206    0.00000    0.52206
 131.00000    0.51524    0.00000    0.51524
 131.50000    0.52322    0.00000    0.52322
 132.00000    0.54194    0.00000    0.54194
 132.50000    0.55909    0.00000    0.55909
 133.00000    0.53172    0.00000    0.53172
 133.50000    0.51140    0.00000    0.51140
 134.00000    0.51395    0.00000    0.51395
 134.50000    0.51039    0.00000    0.51039
 135.00000    0.48568    0.00000    0.48568
 135.50000    0.49439    0.00000    0.49439
 136.00000    0.52951    0.00000    0.52951
 136.50000    0.53440    0.00000    0.53440
 137.00000    0.52674    0.00000    0.52674
 137.50000    0.53851    0.00000    0.53851
 138.00000    0.53593    0.00000    0.53593
 138.50000    0.52485    0.00000    0.52485
 139.00000    0.50076    0.00000    0.50076
 139.50000    0.52202    0.00000    0.52202
 140.00000    0.52678    0.00000    0.52678
 140.50000    0.52200    0.00000    0.52200
 141.00000    0.53749    0.00000    0.53749
 141.50000    0.53096    0.00000    0.53096
 142.00000    0.52640    0.00000    0.52640
 142.50000    0.50824    0.00000    0.50824
 143.00000    0.55720    0.00000    0.55720
 143.50000    0.57253    0.00000    0.57253
 144.00000    0.55045    0.00000    0.55045
 144.50000    0.49699    0.00000    0.49699
 145.00000    0.50456    0.00000    0.50456
 145.50000    0.53521    0.00000    0.53521
 146.00000    0.51675    0.00000    0.51675
 146.50000    0.50765    0.00000    0.50765
 147.00000    0.53919    0.00000    0.53919
 147.50000    0.55522    0.00000    0.55522
 148.00000    0.53940    0.00000    0.53940
 148.50000    0.51195    0.00000    0.51195
 149.00000    0.50108    0.00000    0.50108
 149.50000    0.49836    0.00000    0.49836
 150.00000    0.52038    0.00000    0.52038
