   0.00000    0.48447    0.00000    0.48447
   0.50000    0.54678    0.00000    0.54678
   1.00000    0.52729    0.00000    0.52729
   1.50000    0.48569    0.00000    0.48569
   2.00000    0.49419    0.00000    0.49419
   2.50000    0.49436    0.00000    0.49436
   3.00000    0.51217    0.00000    0.51217
   3.50000    0.53514    0.00000    0.53514
   4.00000    0.53773    0.00000    0.53773
   4.50000    0.51467    0.00000    0.51467
   5.00000    0.51206    0.00000    0.51206
   5.50000    0.52733    0.00000    0.52733
   6.00000    0.51174    0.00000    0.51174
   6.50000    0.54378    0.00000    0.54378
   7.00000    0.56095    0.00000    0.56095
   7.50000    0.51850    0.00000    0.51850
   8.00000    0.48426    0.00000    0.48426
   8.50000    0.50553    0.00000    0.50553
   9.00000    0.52023    0.00000    0.52023
   9.50000    0.49893    0.00000    0.49893
  10.00000    0.49853    0.00000    0.49853
  10.50000    0.53400    0.00000    0.53400
  11.00000    0.53628    0.00000    0.53628
  11.50000    0.53006    0.00000    0.53006
  12.00000    0.51300    0.00000    0.51300
  12.50000    0.53700    0.00000    0.53700
  13.00000    0.51192    0.00000    0.51192
  13.50000    0.51465    0.00000    0.51465
  14.00000    0.51332    0.00000    0.51332
  14.50000    0.50975    0.00000    0.50975
  15.00000    0.50682    0.00000    0.50682
  15.50000    0.55942    0.00000    0.55942
  16.00000    0.57025    0.00000    0.57025
  16.50000    0.55475    0.00000    0.55475
  17.00000    0.55246    0.00000    0.55246
  17.50000    0.55253    0.00000    0.55253
  18.00000    0.53506    0.00000    0.53506
  18.50000    0.54186    0.00000    0.54186
  19.00000    0.55140    0.00000    0.55140
  19.50000    0.53622    0.00000    0.53622
  20.00000    0.53611    0.00000    0.53611
  20.50000    0.53365    0.00000    0.53365
  21.00000    0.51796    0.00000    0.51796
  21.50000    0.51794    0.00000    0.51794
  22.00000    0.53219    0.00000    0.53219
  22.50000    0.53204    0.00000    0.53204
  23.00000    0.51503    0.00000    0.51503
  23.50000    0.55336    0.00000    0.55336
  24.00000    0.56949    0.00000    0.56949
  24.50000    0.56027    0.00000    0.56027
  25.00000    0.52261    0.00000    0.52261
  25.50000    0.51760    0.00000    0.51760
  26.00000    0.49345    0.00000    0.49345
  26.50000    0.50502    0.00000    0.50502
  27.00000    0.52119    0.00000    0.52119
  27.50000    0.54188    0.00000    0.54188
  28.00000    0.54321    0.00000    0.54321
  28.50000    0.53765    0.00000    0.53765
  29.00000    0.51763    0.00000    0.51763
  29.50000    0.52457    0.00000    0.52457
  30.00000    0.54502    0.00000    0.54502
  30.50000    0.55143    0.00000    0.55143
  31.00000    0.53127    0.00000    0.53127
  31.50000    0.54974    0.00000    0.54974
  32.00000    0.53579    0.00000    0.53579
  32.50000    0.52263    0.00000    0.52263
  33.00000    0.49725    0.00000    0.49725
  33.50000    0.49920    0.00000    0.49920
  34.00000    0.49257    0.00000    0.49257
  34.50000    0.52668    0.00000    0.52668
  35.00000    0.53505    0.00000    0.53505
  35.50000    0.53148    0.00000    0.53148
  36.00000    0.52929    0.00000    0.52929
  36.50000    0.51358    0.00000    0.51358
  37.00000    0.47449    0.00000    0.47449
  37.50000    0.47345    0.00000    0.47345
  38.00000    0.51389    0.00000    0.51389
  38.50000    0.55412    0.00000    0.55412
  39.00000    0.54887    0.00000    0.54887
  39.50000    0.50647    0.00000    0.50647
  40.00000    0.52819    0.00000    0.52819
  40.50000    0.59378    0.00000    0.59378
  41.00000    0.61138    0.00000    0.61138
  41.50000    0.54813    0.00000    0.54813
  42.00000    0.52769    0.00000    0.52769
  42.50000    0.50168    0.00000    0.50168
  43.00000    0.52517    0.00000    0.52517
  43.50000    0.51413    0.00000    0.51413
  44.00000    0.52372    0.00000    0.52372
  44.50000    0.51771    0.00000    0.51771
  45.00000    0.52830    0.00000    0.52830
  45.50000    0.53447    0.00000    0.53447
  46.00000    0.51752    0.00000    0.51752
  46.50000    0.51551    0.00000    0.51551
  47.00000    0.51386    0.00000    0.51386
  47.50000    0.53608    0.00000    0.53608
  48.00000    0.55794    0.00000    0.55794
  48.50000    0.54267    0.00000    0.54267
  49.00000    0.52795    0.00000    0.52795
  49.50000    0.54736    0.00000    0.54736
  50.00000    0.56574    0.00000    0.56574
  50.50000    0.56835    0.00000    0.56835
  51.00000    0.53836    0.00000    0.53836
  51.50000    0.52213    0.00000    0.52213
  52.00000    0.51190    0.00000    0.51190
  52.50000    0.55330    0.00000    0.55330
  53.00000    0.55310    0.00000    0.55310
  53.50000    0.49960    0.00000    0.49960
  54.00000    0.53954    0.00000    0.53954
  54.50000    0.57136    0.00000    0.57136
  55.00000    0.57215    0.00000    0.57215
  55.50000    0.54833    0.00000    0.54833
  56.00000    0.56796    0.00000    0.56796
  56.50000    0.52742    0.00000    0.52742
  57.00000    0.47650    0.00000    0.47650
  57.50000    0.49005    0.00000    0.49005
  58.00000    0.54777    0.00000    0.54777
  58.50000    0.57336    0.00000    0.57336
  59.00000    0.54174    0.00000    0.54174
  59.50000    0.48906    0.00000    0.48906
  60.00000    0.47546    0.00000    0.47546
  60.50000    0.49674    0.00000    0.49674
  61.00000    0.55361    0.00000    0.55361
  61.50000    0.58052    0.00000    0.58052
  62.00000    0.57814    0.00000    0.57814
  62.50000    0.52373    0.00000    0.52373
  63.00000    0.53251    0.00000    0.53251
  63.50000    0.58957    0.00000    0.58957
  64.00000    0.59934    0.00000    0.59934
  64.50000    0.51499    0.00000    0.51499
  65.00000    0.46997    0.00000    0.46997
  65.50000    0.51537    0.00000    0.51537
  66.00000    0.55268    0.00000    0.55268
  66.50000    0.55272    0.00000    0.55272
  67.00000    0.52227    0.00000    0.52227
  67.50000    0.51716    0.00000    0.51716
  68.00000    0.54590    0.00000    0.54590
  68.50000    0.55215    0.00000    0.55215
  69.00000    0.51816    0.00000    0.51816
  69.50000    0.48179    0.00000    0.48179
  70.00000    0.49589    0.00000    0.49589
  70.50000    0.51697    0.00000    0.51697
  71.00000    0.52879    0.00000    0.52879
  71.50000    0.51070    0.00000    0.51070
  72.00000    0.52896    0.00000    0.52896
  72.50000    0.54968    0.00000    0.54968
  73.00000    0.55584    0.00000    0.55584
  73.50000    0.55088    0.00000    0.55088
  74.00000    0.56660    0.00000    0.56660
  74.50000    0.60790    0.00000    0.60790
  75.00000    0.55868    0.00000    0.55868
  75.50000    0.50846    0.00000    0.50846
  76.00000    0.45950    0.00000    0.45950
  76.50000    0.50627    0.00000    0.50627
  77.00000    0.50136    0.00000    0.50136
  77.50000    0.51128    0.00000    0.51128
  78.00000    0.51409    0.00000    0.51409
  78.50000    0.51505    0.00000    0.51505
  79.00000    0.48918    0.00000    0.48918
  79.50000    0.46302    0.00000    0.46302
  80.00000    0.51448    0.00000    0.51448
  80.50000    0.52288    0.00000    0.52288
  81.00000    0.49642    0.00000    0.49642
  81.50000    0.47016    0.00000    0.47016
  82.00000    0.49116    0.00000    0.49116
  82.50000    0.52366    0.00000    0.52366
  83.00000    0.54727    0.00000    0.54727
  83.50000    0.53871    0.00000    0.53871
  84.00000    0.51930    0.00000    0.51930
  84.50000    0.54935    0.00000    0.54935
  85.00000    0.56939    0.00000    0.56939
  85.50000    0.55146    0.00000    0.55146
  86.00000    0.52429    0.00000    0.52429
  86.50000    0.53368    0.00000    0.53368
  87.00000    0.54298    0.00000    0.54298
  87.50000    0.53119    0.00000    0.53119
  88.00000    0.52387    0.00000    0.52387
  88.50000    0.54145    0.00000    0.54145
  89.00000    0.59720    0.00000    0.59720
  89.50000    0.55300    0.00000    0.55300
  90.00000    0.53435    0.00000    0.53435
  90.50000    0.48678    0.00000    0.48678
  91.00000    0.49151    0.00000    0.49151
  91.50000    0.50086    0.00000    0.50086
  92.00000    0.55118    0.00000    0.55118
  92.50000    0.54167    0.00000    0.54167
  93.00000    0.51937    0.00000    0.51937
  93.50000    0.50568    0.00000    0.50568
  94.00000    0.50001    0.00000    0.50001
  94.50000    0.49397    0.00000    0.49397
  95.00000    0.50307    0.00000    0.50307
  95.50000    0.53580    0.00000    0.53580
  96.00000    0.53841    0.00000    0.53841
  96.50000    0.55890    0.00000    0.55890
  97.00000    0.52013    0.00000    0.52013
  97.50000    0.51646    0.00000    0.51646
  98.00000    0.49399    0.00000    0.49399
  98.50000    0.51116    0.00000    0.51116
  99.00000    0.52175    0.00000    0.52175
  99.50000    0.54283    0.00000    0.54283
 100.00000    0.53949    0.00000    0.53949
 100.50000    0.54008    0.00000    0.54008
 101.00000    0.56774    0.00000    0.56774
 101.50000    0.53028    0.00000    0.53028
 102.00000    0.48194    0.00000    0.48194
 102.50000    0.47329    0.00000    0.47329
 103.00000    0.49246    0.00000    0.49246
 103.50000    0.47417    0.00000    0.47417
 104.00000    0.47228    0.00000    0.47228
 104.50000    0.50046    0.00000    0.50046
 105.00000    0.55275    0.00000    0.55275
 105.50000    0.55907    0.00000    0.55907
 106.00000    0.52002    0.00000    0.52002
 106.50000    0.51863    0.00000    0.51863
 107.00000    0.54186    0.00000    0.54186
 107.50000    0.52683    0.00000    0.52683
 108.00000    0.52207    0.00000    0.52207
 108.50000    0.55864    0.00000    0.55864
 109.00000    0.55875    0.00000    0.55875
 109.50000    0.54266    0.00000    0.54266
 110.00000    0.54120    0.00000    0.54120
 110.50000    0.56525    0.00000    0.56525
 111.00000    0.55785    0.00000    0.55785
 111.50000    0.56874    0.00000    0.56874
 112.00000    0.53758    0.00000    0.53758
 112.50000    0.52057    0.00000    0.52057
 113.00000    0.52905    0.00000    0.52905
 113.50000    0.52199    0.00000    0.52199
 114.00000    0.49566    0.00000    0.49566
 114.50000    0.47784    0.00000    0.47784
 115.00000    0.48645    0.00000    0.48645
 115.50000    0.50317    0.00000    0.50317
 116.00000    0.55025    0.00000    0.55025
 116.50000    0.56745    0.00000    0.56745
 117.00000    0.53895    0.00000    0.53895
 117.50000    0.53902    0.00000    0.53902
 118.00000    0.54174    0.00000    0.54174
 118.50000    0.54750    0.00000    0.54750
 119.00000    0.52929    0.00000    0.52929
 119.50000    0.57086    0.00000    0.57086
 120.00000    0.58232    0.00000    0.58232
 120.50000    0.55093    0.00000    0.55093
 121.00000    0.52108    0.00000    0.52108
 121.50000    0.51320    0.00000    0.51320
 122.00000    0.53461    0.00000    0.53461
 122.50000    0.54007    0.00000    0.54007
 123.00000    0.54510    0.00000    0.54510
 123.50000    0.50942    0.00000    0.50942
 124.00000    0.48140    0.00000    0.48140
 124.50000    0.51434    0.00000    0.51434
 125.00000    0.52787    0.00000    0.52787
 125.50000    0.53305    0.00000    0.53305
 126.00000    0.50027    0.00000    0.50027
 126.50000    0.49730    0.00000    0.49730
 127.00000    0.50345    0.00000    0.50345
 127.50000    0.53319    0.00000    0.53319
 128.00000    0.54002    0.00000    0.54002
 128.50000    0.50310    0.00000    0.50310
 129.00000    0.47124    0.00000    0.47124
 129.50000    0.49611    0.00000    0.49611
 130.00000    0.54893    0.00000    0.54893
 130.50000    0.55215    0.00000    0.55215
 131.00000    0.54159    0.00000    0.54159
 131.50000    0.53864    0.00000    0.53864
 132.00000    0.55867    0.00000    0.55867
 132.50000    0.56660    0.00000    0.56660
 133.00000    0.54543    0.00000    0.54543
 133.50000    0.52729    0.00000    0.52729
 134.00000    0.53530    0.00000    0.53530
 134.50000    0.52324    0.00000    0.52324
 135.00000    0.50892    0.00000    0.50892
 135.50000    0.50907    0.00000    0.50907
 136.00000    0.53661    0.00000    0.53661
 136.50000    0.54136    0.00000    0.54136
 137.00000    0.54291    0.00000    0.54291
 137.50000    0.55019    0.00000    0.55019
 138.00000    0.54959    0.00000    0.54959
 138.50000    0.54603    0.00000    0.54603
 139.00000    0.51392    0.00000    0.51392
 139.50000    0.52916    0.00000    0.52916
 140.00000    0.53681    0.00000    0.53681
 140.50000    0.52789    0.00000    0.52789
 141.00000    0.53934    0.00000    0.53934
 141.50000    0.52779    0.00000    0.52779
 142.00000    0.54616    0.00000    0.54616
 142.50000    0.53503    0.00000    0.53503
 143.00000    0.58808    0.00000    0.58808
 143.50000    0.58400    0.00000    0.58400
 144.00000    0.54667    0.00000    0.54667
 144.50000    0.49285    0.00000    0.49285
 145.00000    0.51427    0.00000    0.51427
 145.50000    0.54692    0.00000    0.54692
 146.00000    0.52199    0.00000    0.52199
 146.50000    0.51047    0.00000    0.51047
 147.00000    0.53616    0.00000    0.53616
 147.50000    0.55869    0.00000    0.55869
 148.00000    0.55030    0.00000    0.55030
 148.50000    0.52231    0.00000    0.52231
 149.00000    0.51018    0.00000    0.51018
 149.50000    0.51966    0.00000    0.51966
 150.00000    0.52359    0.00000    0.52359
