   0.00000    0.49084    0.00000    0.49084
   0.50000    0.53577    0.00000    0.53577
   1.00000    0.52970    0.00000    0.52970
   1.50000    0.52140    0.00000    0.52140
   2.00000    0.53181    0.00000    0.53181
   2.50000    0.51627    0.00000    0.51627
   3.00000    0.53083    0.00000    0.53083
   3.50000    0.57155    0.00000    0.57155
   4.00000    0.55661    0.00000    0.55661
   4.50000    0.54188    0.00000    0.54188
   5.00000    0.50613    0.00000    0.50613
   5.50000    0.52255    0.00000    0.52255
   6.00000    0.51785    0.00000    0.51785
   6.50000    0.57845    0.00000    0.57845
   7.00000    0.56594    0.00000    0.56594
   7.50000    0.52642    0.00000    0.52642
   8.00000    0.47557    0.00000    0.47557
   8.50000    0.50632    0.00000    0.50632
   9.00000    0.53644    0.00000    0.53644
   9.50000    0.56260    0.00000    0.56260
  10.00000    0.55551    0.00000    0.55551
  10.50000    0.54944    0.00000    0.54944
  11.00000    0.52995    0.00000    0.52995
  11.50000    0.53709    0.00000    0.53709
  12.00000    0.53124    0.00000    0.53124
  12.50000    0.54712    0.00000    0.54712
  13.00000    0.52268    0.00000    0.52268
  13.50000    0.52561    0.00000    0.52561
  14.00000    0.51505    0.00000    0.51505
  14.50000    0.52773    0.00000    0.52773
  15.00000    0.55470    0.00000    0.55470
  15.50000    0.59649    0.00000    0.59649
  16.00000    0.58702    0.00000    0.58702
  16.50000    0.54874    0.00000    0.54874
  17.00000    0.55094    0.00000    0.55094
  17.50000    0.55541    0.00000    0.55541
  18.00000    0.54169    0.00000    0.54169
  18.50000    0.55643    0.00000    0.55643
  19.00000    0.58453    0.00000    0.58453
  19.50000    0.56733    0.00000    0.56733
  20.00000    0.53529    0.00000    0.53529
  20.50000    0.52566    0.00000    0.52566
  21.00000    0.53361    0.00000    0.53361
  21.50000    0.54646    0.00000    0.54646
  22.00000    0.56669    0.00000    0.56669
  22.50000    0.56158    0.00000    0.56158
  23.00000    0.55991    0.00000    0.55991
  23.50000    0.57251    0.00000    0.57251
  24.00000    0.58532    0.00000    0.58532
  24.50000    0.56852    0.00000    0.56852
  25.00000    0.54192    0.00000    0.54192
  25.50000    0.53355    0.00000    0.53355
  26.00000    0.54298    0.00000    0.54298
  26.50000    0.55299    0.00000    0.55299
  27.00000    0.55773    0.00000    0.55773
  27.50000    0.54081    0.00000    0.54081
  28.00000    0.53168    0.00000    0.53168
  28.50000    0.51850    0.00000    0.51850
  29.00000    0.55233    0.00000    0.55233
  29.50000    0.55962    0.00000    0.55962
  30.00000    0.56028    0.00000    0.56028
  30.50000    0.52906    0.00000    0.52906
  31.00000    0.51051    0.00000    0.51051
  31.50000    0.51464    0.00000    0.51464
  32.00000    0.54171    0.00000    0.54171
  32.50000    0.56840    0.00000    0.56840
  33.00000    0.57346    0.00000    0.57346
  33.50000    0.56654    0.00000    0.56654
  34.00000    0.54671    0.00000    0.54671
  34.50000    0.55204    0.00000    0.55204
  35.00000    0.54362    0.00000    0.54362
  35.50000    0.53716    0.00000    0.53716
  36.00000    0.53737    0.00000    0.53737
  36.50000    0.54611    0.00000    0.54611
  37.00000    0.54633    0.00000    0.54633
  37.50000    0.54875    0.00000    0.54875
  38.00000    0.55278    0.00000    0.55278
  38.50000    0.56875    0.00000    0.56875
  39.00000    0.56565    0.00000    0.56565
  39.50000    0.53160    0.00000    0.53160
  40.00000    0.53201    0.00000    0.53201
  40.50000    0.57671    0.00000    0.57671
  41.00000    0.61243    0.00000    0.61243
  41.50000    0.57923    0.00000    0.57923
  42.00000    0.56046    0.00000    0.56046
  42.50000    0.53247    0.00000    0.53247
  43.00000    0.53918    0.00000    0.53918
  43.50000    0.52467    0.00000    0.52467
  44.00000    0.53068    0.00000    0.53068
  44.50000    0.54652    0.00000    0.54652
  45.00000    0.53664    0.00000    0.53664
  45.50000    0.51486    0.00000    0.51486
  46.00000    0.51544    0.00000    0.51544
  46.50000    0.52536    0.00000    0.52536
  47.00000    0.54946    0.00000    0.54946
  47.50000    0.57454    0.00000    0.57454
  48.00000    0.60360    0.00000    0.60360
  48.50000    0.54284    0.00000    0.54284
  49.00000    0.54702    0.00000    0.54702
  49.50000    0.56411    0.00000    0.56411
  50.00000    0.58996    0.00000    0.58996
  50.50000    0.56868    0.00000    0.56868
  51.00000    0.56196    0.00000    0.56196
  51.50000    0.56556    0.00000    0.56556
  52.00000    0.56252    0.00000    0.56252
  52.50000    0.56870    0.00000    0.56870
  53.00000    0.53901    0.00000    0.53901
  53.50000    0.51246    0.00000    0.51246
  54.00000    0.52249    0.00000    0.52249
  54.50000    0.55831    0.00000    0.55831
  55.00000    0.56957    0.00000    0.56957
  55.50000    0.58335    0.00000    0.58335
  56.00000    0.57187    0.00000    0.57187
  56.50000    0.54521    0.00000    0.54521
  57.00000    0.51042    0.00000    0.51042
  57.50000    0.55596    0.00000    0.55596
  58.00000    0.59310    0.00000    0.59310
  58.50000    0.59164    0.00000    0.59164
  59.00000    0.55158    0.00000    0.55158
  59.50000    0.52515    0.00000    0.52515
  60.00000    0.50796    0.00000    0.50796
  60.50000    0.49425    0.00000    0.49425
  61.00000    0.55368    0.00000    0.55368
  61.50000    0.57979    0.00000    0.57979
  62.00000    0.60875    0.00000    0.60875
  62.50000    0.55016    0.00000    0.55016
  63.00000    0.56177    0.00000    0.56177
  63.50000    0.59521    0.00000    0.59521
  64.00000    0.60514    0.00000    0.60514
  64.50000    0.54980    0.00000    0.54980
  65.00000    0.51743    0.00000    0.51743
  65.50000    0.58307    0.00000    0.58307
  66.00000    0.59476    0.00000    0.59476
  66.50000    0.57853    0.00000    0.57853
  67.00000    0.52779    0.00000    0.52779
  67.50000    0.56883    0.00000    0.56883
  68.00000    0.58407    0.00000    0.58407
  68.50000    0.55056    0.00000    0.55056
  69.00000    0.49974    0.00000    0.49974
  69.50000    0.50232    0.00000    0.50232
  70.00000    0.53915    0.00000    0.53915
  70.50000    0.54194    0.00000    0.54194
  71.00000    0.54582    0.00000    0.54582
  71.50000    0.51401    0.00000    0.51401
  72.00000    0.51425    0.00000    0.51425
  72.50000    0.53343    0.00000    0.53343
  73.00000    0.57461    0.00000    0.57461
  73.50000    0.59132    0.00000    0.59132
  74.00000    0.59098    0.00000    0.59098
  74.50000    0.60081    0.00000    0.60081
  75.00000    0.55541    0.00000    0.55541
  75.50000    0.52874    0.00000    0.52874
  76.00000    0.49283    0.00000    0.49283
  76.50000    0.51239    0.00000    0.51239
  77.00000    0.52363    0.00000    0.52363
  77.50000    0.56757    0.00000    0.56757
  78.00000    0.56465    0.00000    0.56465
  78.50000    0.53676    0.00000    0.53676
  79.00000    0.51681    0.00000    0.51681
  79.50000    0.49921    0.00000    0.49921
  80.00000    0.53890    0.00000    0.53890
  80.50000    0.57038    0.00000    0.57038
  81.00000    0.55483    0.00000    0.55483
  81.50000    0.51410    0.00000    0.51410
  82.00000    0.50580    0.00000    0.50580
  82.50000    0.53675    0.00000    0.53675
  83.00000    0.53944    0.00000    0.53944
  83.50000    0.52943    0.00000    0.52943
  84.00000    0.53831    0.00000    0.53831
  84.50000    0.57771    0.00000    0.57771
  85.00000    0.59006    0.00000    0.59006
  85.50000    0.56186    0.00000    0.56186
  86.00000    0.52292    0.00000    0.52292
  86.50000    0.53092    0.00000    0.53092
  87.00000    0.54382    0.00000    0.54382
  87.50000    0.57097    0.00000    0.57097
  88.00000    0.56206    0.00000    0.56206
  88.50000    0.57298    0.00000    0.57298
  89.00000    0.59242    0.00000    0.59242
  89.50000    0.58082    0.00000    0.58082
  90.00000    0.56286    0.00000    0.56286
  90.50000    0.53584    0.00000    0.53584
  91.00000    0.54317    0.00000    0.54317
  91.50000    0.54420    0.00000    0.54420
  92.00000    0.56440    0.00000    0.56440
  92.50000    0.53540    0.00000    0.53540
  93.00000    0.51403    0.00000    0.51403
  93.50000    0.48987    0.00000    0.48987
  94.00000    0.50293    0.00000    0.50293
  94.50000    0.50395    0.00000    0.50395
  95.00000    0.52866    0.00000    0.52866
  95.50000    0.56901    0.00000    0.56901
  96.00000    0.60558    0.00000    0.60558
  96.50000    0.60820    0.00000    0.60820
  97.00000    0.57598    0.00000    0.57598
  97.50000    0.57297    0.00000    0.57297
  98.00000    0.55966    0.00000    0.55966
  98.50000    0.55121    0.00000    0.55121
  99.00000    0.53543    0.00000    0.53543
  99.50000    0.54918    0.00000    0.54918
 100.00000    0.54787    0.00000    0.54787
 100.50000    0.56728    0.00000    0.56728
 101.00000    0.58938    0.00000    0.58938
 101.50000    0.57582    0.00000    0.57582
 102.00000    0.52160    0.00000    0.52160
 102.50000    0.47709    0.00000    0.47709
 103.00000    0.50325    0.00000    0.50325
 103.50000    0.50402    0.00000    0.50402
 104.00000    0.51314    0.00000    0.51314
 104.50000    0.51440    0.00000    0.51440
 105.00000    0.57578    0.00000    0.57578
 105.50000    0.57572    0.00000    0.57572
 106.00000    0.55899    0.00000    0.55899
 106.50000    0.54728    0.00000    0.54728
 107.00000    0.57376    0.00000    0.57376
 107.50000    0.58349    0.00000    0.58349
 108.00000    0.59083    0.00000    0.59083
 108.50000    0.56989    0.00000    0.56989
 109.00000    0.56153    0.00000    0.56153
 109.50000    0.55712    0.00000    0.55712
 110.00000    0.56084    0.00000    0.56084
 110.50000    0.52990    0.00000    0.52990
 111.00000    0.53318    0.00000    0.53318
 111.50000    0.55915    0.00000    0.55915
 112.00000    0.55860    0.00000    0.55860
 112.50000    0.55982    0.00000    0.55982
 113.00000    0.55994    0.00000    0.55994
 113.50000    0.53895    0.00000    0.53895
 114.00000    0.51292    0.00000    0.51292
 114.50000    0.51378    0.00000    0.51378
 115.00000    0.51744    0.00000    0.51744
 115.50000    0.52707    0.00000    0.52707
 116.00000    0.58499    0.00000    0.58499
 116.50000    0.60018    0.00000    0.60018
 117.00000    0.58420    0.00000    0.58420
 117.50000    0.55232    0.00000    0.55232
 118.00000    0.56976    0.00000    0.56976
 118.50000    0.56642    0.00000    0.56642
 119.00000    0.57073    0.00000    0.57073
 119.50000    0.56182    0.00000    0.56182
 120.00000    0.56062    0.00000    0.56062
 120.50000    0.52366    0.00000    0.52366
 121.00000    0.54502    0.00000    0.54502
 121.50000    0.54133    0.00000    0.54133
 122.00000    0.53922    0.00000    0.53922
 122.50000    0.53764    0.00000    0.53764
 123.00000    0.56237    0.00000    0.56237
 123.50000    0.52348    0.00000    0.52348
 124.00000    0.49566    0.00000    0.49566
 124.50000    0.50776    0.00000    0.50776
 125.00000    0.55000    0.00000    0.55000
 125.50000    0.57517    0.00000    0.57517
 126.00000    0.56799    0.00000    0.56799
 126.50000    0.52592    0.00000    0.52592
 127.00000    0.54590    0.00000    0.54590
 127.50000    0.54973    0.00000    0.54973
 128.00000    0.55822    0.00000    0.55822
 128.50000    0.52951    0.00000    0.52951
 129.00000    0.53638    0.00000    0.53638
 129.50000    0.54137    0.00000    0.54137
 130.00000    0.54873    0.00000    0.54873
 130.50000    0.52205    0.00000    0.52205
 131.00000    0.52670    0.00000    0.52670
 131.50000    0.53741    0.00000    0.53741
 132.00000    0.55527    0.00000    0.55527
 132.50000    0.55752    0.00000    0.55752
 133.00000    0.55163    0.00000    0.55163
 133.50000    0.53353    0.00000    0.53353
 134.00000    0.54906    0.00000    0.54906
 134.50000    0.55947    0.00000    0.55947
 135.00000    0.55795    0.00000    0.55795
 135.50000    0.57615    0.00000    0.57615
 136.00000    0.58259    0.00000    0.58259
 136.50000    0.55736    0.00000    0.55736
 137.00000    0.56237    0.00000    0.56237
 137.50000    0.57061    0.00000    0.57061
 138.00000    0.56556    0.00000    0.56556
 138.50000    0.53792    0.00000    0.53792
 139.00000    0.53370    0.00000    0.53370
 139.50000    0.54373    0.00000    0.54373
 140.00000    0.55571    0.00000    0.55571
 140.50000    0.56039    0.00000    0.56039
 141.00000    0.57774    0.00000    0.57774
 141.50000    0.54267    0.00000    0.54267
 142.00000    0.54477    0.00000    0.54477
 142.50000    0.55084    0.00000    0.55084
 143.00000    0.60637    0.00000    0.60637
 143.50000    0.60532    0.00000    0.60532
 144.00000    0.57329    0.00000    0.57329
 144.50000    0.53147    0.00000    0.53147
 145.00000    0.55931    0.00000    0.55931
 145.50000    0.59530    0.00000    0.59530
 146.00000    0.54920    0.00000    0.54920
 146.50000    0.50839    0.00000    0.50839
 147.00000    0.53438    0.00000    0.53438
 147.50000    0.54927    0.00000    0.54927
 148.00000    0.53214    0.00000    0.53214
 148.50000    0.52818    0.00000    0.52818
 149.00000    0.55051    0.00000    0.55051
 149.50000    0.55033    0.00000    0.55033
 150.00000    0.47925    0.00000    0.47925
