   0.00000    0.50839    0.00000    0.50839
   0.50000    0.56460    0.00000    0.56460
   1.00000    0.58141    0.00000    0.58141
   1.50000    0.58836    0.00000    0.58836
   2.00000    0.61980    0.00000    0.61980
   2.50000    0.59903    0.00000    0.59903
   3.00000    0.57839    0.00000    0.57839
   3.50000    0.56641    0.00000    0.56641
   4.00000    0.56990    0.00000    0.56990
   4.50000    0.57946    0.00000    0.57946
   5.00000    0.55288    0.00000    0.55288
   5.50000    0.56750    0.00000    0.56750
   6.00000    0.58426    0.00000    0.58426
   6.50000    0.62831    0.00000    0.62831
   7.00000    0.60081    0.00000    0.60081
   7.50000    0.55175    0.00000    0.55175
   8.00000    0.53675    0.00000    0.53675
   8.50000    0.54787    0.00000    0.54787
   9.00000    0.56939    0.00000    0.56939
   9.50000    0.54129    0.00000    0.54129
  10.00000    0.56465    0.00000    0.56465
  10.50000    0.57262    0.00000    0.57262
  11.00000    0.60478    0.00000    0.60478
  11.50000    0.59946    0.00000    0.59946
  12.00000    0.60178    0.00000    0.60178
  12.50000    0.59195    0.00000    0.59195
  13.00000    0.54115    0.00000    0.54115
  13.50000    0.54106    0.00000    0.54106
  14.00000    0.54200    0.00000    0.54200
  14.50000    0.57570    0.00000    0.57570
  15.00000    0.55415    0.00000    0.55415
  15.50000    0.60844    0.00000    0.60844
  16.00000    0.56819    0.00000    0.56819
  16.50000    0.56682    0.00000    0.56682
  17.00000    0.56669    0.00000    0.56669
  17.50000    0.56852    0.00000    0.56852
  18.00000    0.52621    0.00000    0.52621
  18.50000    0.55333    0.00000    0.55333
  19.00000    0.57397    0.00000    0.57397
  19.50000    0.56158    0.00000    0.56158
  20.00000    0.56140    0.00000    0.56140
  20.50000    0.58289    0.00000    0.58289
  21.00000    0.57752    0.00000    0.57752
  21.50000    0.57084    0.00000    0.57084
  22.00000    0.57603    0.00000    0.57603
  22.50000    0.55937    0.00000    0.55937
  23.00000    0.57077    0.00000    0.57077
  23.50000    0.60536    0.00000    0.60536
  24.00000    0.63251    0.00000    0.63251
  24.50000    0.60375    0.00000    0.60375
  25.00000    0.55709    0.00000    0.55709
  25.50000    0.57129    0.00000    0.57129
  26.00000    0.54832    0.00000    0.54832
  26.50000    0.53316    0.00000    0.53316
  27.00000    0.53023    0.00000    0.53023
  27.50000    0.56974    0.00000    0.56974
  28.00000    0.55583    0.00000    0.55583
  28.50000    0.51790    0.00000    0.51790
  29.00000    0.55276    0.00000    0.55276
  29.50000    0.57287    0.00000    0.57287
  30.00000    0.57535    0.00000    0.57535
  30.50000    0.56450    0.00000    0.56450
  31.00000    0.54421    0.00000    0.54421
  31.50000    0.53946    0.00000    0.53946
  32.00000    0.54433    0.00000    0.54433
  32.50000    0.55917    0.00000    0.55917
  33.00000    0.54693    0.00000    0.54693
  33.50000    0.56827    0.00000    0.56827
  34.00000    0.56632    0.00000    0.56632
  34.50000    0.56665    0.00000    0.56665
  35.00000    0.57421    0.00000    0.57421
  35.50000    0.58655    0.00000    0.58655
  36.00000    0.58329    0.00000    0.58329
  36.50000    0.57330    0.00000    0.57330
  37.00000    0.55126    0.00000    0.55126
  37.50000    0.55561    0.00000    0.55561
  38.00000    0.57034    0.00000    0.57034
  38.50000    0.60506    0.00000    0.60506
  39.00000    0.57619    0.00000    0.57619
  39.50000    0.56355    0.00000    0.56355
  40.00000    0.56778    0.00000    0.56778
  40.50000    0.61988    0.00000    0.61988
  41.00000    0.61121    0.00000    0.61121
  41.50000    0.57060    0.00000    0.57060
  42.00000    0.55263    0.00000    0.55263
  42.50000    0.52021    0.00000    0.52021
  43.00000    0.52839    0.00000    0.52839
  43.50000    0.54267    0.00000    0.54267
  44.00000    0.60893    0.00000    0.60893
  44.50000    0.63540    0.00000    0.63540
  45.00000    0.58564    0.00000    0.58564
  45.50000    0.52265    0.00000    0.52265
  46.00000    0.52738    0.00000    0.52738
  46.50000    0.57625    0.00000    0.57625
  47.00000    0.58665    0.00000    0.58665
  47.50000    0.59262    0.00000    0.59262
  48.00000    0.58022    0.00000    0.58022
  48.50000    0.55143    0.00000    0.55143
  49.00000    0.58143    0.00000    0.58143
  49.50000    0.60636    0.00000    0.60636
  50.00000    0.58898    0.00000    0.58898
  50.50000    0.55461    0.00000    0.55461
  51.00000    0.54777    0.00000    0.54777
  51.50000    0.55990    0.00000    0.55990
  52.00000    0.57746    0.00000    0.57746
  52.50000    0.61232    0.00000    0.61232
  53.00000    0.58180    0.00000    0.58180
  53.50000    0.55879    0.00000    0.55879
  54.00000    0.56201    0.00000    0.56201
  54.50000    0.61383    0.00000    0.61383
  55.00000    0.61182    0.00000    0.61182
  55.50000    0.59653    0.00000    0.59653
  56.00000    0.54809    0.00000    0.54809
  56.50000    0.54307    0.00000    0.54307
  57.00000    0.54968    0.00000    0.54968
  57.50000    0.59136    0.00000    0.59136
  58.00000    0.60772    0.00000    0.60772
  58.50000    0.60607    0.00000    0.60607
  59.00000    0.58799    0.00000    0.58799
  59.50000    0.54690    0.00000    0.54690
  60.00000    0.53162    0.00000    0.53162
  60.50000    0.58210    0.00000    0.58210
  61.00000    0.64121    0.00000    0.64121
  61.50000    0.63398    0.00000    0.63398
  62.00000    0.59884    0.00000    0.59884
  62.50000    0.55479    0.00000    0.55479
  63.00000    0.56643    0.00000    0.56643
  63.50000    0.60625    0.00000    0.60625
  64.00000    0.63231    0.00000    0.63231
  64.50000    0.58641    0.00000    0.58641
  65.00000    0.58543    0.00000    0.58543
  65.50000    0.62861    0.00000    0.62861
  66.00000    0.61333    0.00000    0.61333
  66.50000    0.58624    0.00000    0.58624
  67.00000    0.56682    0.00000    0.56682
  67.50000    0.61489    0.00000    0.61489
  68.00000    0.61654    0.00000    0.61654
  68.50000    0.61370    0.00000    0.61370
  69.00000    0.57237    0.00000    0.57237
  69.50000    0.52833    0.00000    0.52833
  70.00000    0.51937    0.00000    0.51937
  70.50000    0.51901    0.00000    0.51901
  71.00000    0.55821    0.00000    0.55821
  71.50000    0.53812    0.00000    0.53812
  72.00000    0.53905    0.00000    0.53905
  72.50000    0.54461    0.00000    0.54461
  73.00000    0.59508    0.00000    0.59508
  73.50000    0.61647    0.00000    0.61647
  74.00000    0.61009    0.00000    0.61009
  74.50000    0.63192    0.00000    0.63192
  75.00000    0.59693    0.00000    0.59693
  75.50000    0.56681    0.00000    0.56681
  76.00000    0.54080    0.00000    0.54080
  76.50000    0.58029    0.00000    0.58029
  77.00000    0.57658    0.00000    0.57658
  77.50000    0.57572    0.00000    0.57572
  78.00000    0.54408    0.00000    0.54408
  78.50000    0.52957    0.00000    0.52957
  79.00000    0.52621    0.00000    0.52621
  79.50000    0.55246    0.00000    0.55246
  80.00000    0.60586    0.00000    0.60586
  80.50000    0.60768    0.00000    0.60768
  81.00000    0.57078    0.00000    0.57078
  81.50000    0.53299    0.00000    0.53299
  82.00000    0.54204    0.00000    0.54204
  82.50000    0.56283    0.00000    0.56283
  83.00000    0.59312    0.00000    0.59312
  83.50000    0.57427    0.00000    0.57427
  84.00000    0.59297    0.00000    0.59297
  84.50000    0.61978    0.00000    0.61978
  85.00000    0.64201    0.00000    0.64201
  85.50000    0.59859    0.00000    0.59859
  86.00000    0.58783    0.00000    0.58783
  86.50000    0.58505    0.00000    0.58505
  87.00000    0.56636    0.00000    0.56636
  87.50000    0.57451    0.00000    0.57451
  88.00000    0.56438    0.00000    0.56438
  88.50000    0.56076    0.00000    0.56076
  89.00000    0.55417    0.00000    0.55417
  89.50000    0.59574    0.00000    0.59574
  90.00000    0.60839    0.00000    0.60839
  90.50000    0.59484    0.00000    0.59484
  91.00000    0.55176    0.00000    0.55176
  91.50000    0.54313    0.00000    0.54313
  92.00000    0.58023    0.00000    0.58023
  92.50000    0.60298    0.00000    0.60298
  93.00000    0.60280    0.00000    0.60280
  93.50000    0.56757    0.00000    0.56757
  94.00000    0.55119    0.00000    0.55119
  94.50000    0.51257    0.00000    0.51257
  95.00000    0.50222    0.00000    0.50222
  95.50000    0.57040    0.00000    0.57040
  96.00000    0.59699    0.00000    0.59699
  96.50000    0.62224    0.00000    0.62224
  97.00000    0.57932    0.00000    0.57932
  97.50000    0.58637    0.00000    0.58637
  98.00000    0.53884    0.00000    0.53884
  98.50000    0.54510    0.00000    0.54510
  99.00000    0.56456    0.00000    0.56456
  99.50000    0.59367    0.00000    0.59367
 100.00000    0.56539    0.00000    0.56539
 100.50000    0.55499    0.00000    0.55499
 101.00000    0.59377    0.00000    0.59377
 101.50000    0.60376    0.00000    0.60376
 102.00000    0.53917    0.00000    0.53917
 102.50000    0.50736    0.00000    0.50736
 103.00000    0.54863    0.00000    0.54863
 103.50000    0.55666    0.00000    0.55666
 104.00000    0.53508    0.00000    0.53508
 104.50000    0.53819    0.00000    0.53819
 105.00000    0.58855    0.00000    0.58855
 105.50000    0.58175    0.00000    0.58175
 106.00000    0.54922    0.00000    0.54922
 106.50000    0.53495    0.00000    0.53495
 107.00000    0.59051    0.00000    0.59051
 107.50000    0.60153    0.00000    0.60153
 108.00000    0.59166    0.00000    0.59166
 108.50000    0.57593    0.00000    0.57593
 109.00000    0.60395    0.00000    0.60395
 109.50000    0.61802    0.00000    0.61802
 110.00000    0.58934    0.00000    0.58934
 110.50000    0.57088    0.00000    0.57088
 111.00000    0.56032    0.00000    0.56032
 111.50000    0.55810    0.00000    0.55810
 112.00000    0.53460    0.00000    0.53460
 112.50000    0.54727    0.00000    0.54727
 113.00000    0.56001    0.00000    0.56001
 113.50000    0.52917    0.00000    0.52917
 114.00000    0.51933    0.00000    0.51933
 114.50000    0.54003    0.00000    0.54003
 115.00000    0.56658    0.00000    0.56658
 115.50000    0.56367    0.00000    0.56367
 116.00000    0.62073    0.00000    0.62073
 116.50000    0.65856    0.00000    0.65856
 117.00000    0.62738    0.00000    0.62738
 117.50000    0.56173    0.00000    0.56173
 118.00000    0.57091    0.00000    0.57091
 118.50000    0.60551    0.00000    0.60551
 119.00000    0.58872    0.00000    0.58872
 119.50000    0.58752    0.00000    0.58752
 120.00000    0.61117    0.00000    0.61117
 120.50000    0.58251    0.00000    0.58251
 121.00000    0.59239    0.00000    0.59239
 121.50000    0.59447    0.00000    0.59447
 122.00000    0.59598    0.00000    0.59598
 122.50000    0.55063    0.00000    0.55063
 123.00000    0.59242    0.00000    0.59242
 123.50000    0.56751    0.00000    0.56751
 124.00000    0.55805    0.00000    0.55805
 124.50000    0.55273    0.00000    0.55273
 125.00000    0.58328    0.00000    0.58328
 125.50000    0.59588    0.00000    0.59588
 126.00000    0.58831    0.00000    0.58831
 126.50000    0.56445    0.00000    0.56445
 127.00000    0.58282    0.00000    0.58282
 127.50000    0.59473    0.00000    0.59473
 128.00000    0.55599    0.00000    0.55599
 128.50000    0.51027    0.00000    0.51027
 129.00000    0.51940    0.00000    0.51940
 129.50000    0.57273    0.00000    0.57273
 130.00000    0.60125    0.00000    0.60125
 130.50000    0.58596    0.00000    0.58596
 131.00000    0.55232    0.00000    0.55232
 131.50000    0.56624    0.00000    0.56624
 132.00000    0.58492    0.00000    0.58492
 132.50000    0.58352    0.00000    0.58352
 133.00000    0.54354    0.00000    0.54354
 133.50000    0.55826    0.00000    0.55826
 134.00000    0.57638    0.00000    0.57638
 134.50000    0.57544    0.00000    0.57544
 135.00000    0.57101    0.00000    0.57101
 135.50000    0.60154    0.00000    0.60154
 136.00000    0.57328    0.00000    0.57328
 136.50000    0.53241    0.00000    0.53241
 137.00000    0.55378    0.00000    0.55378
 137.50000    0.59010    0.00000    0.59010
 138.00000    0.58058    0.00000    0.58058
 138.50000    0.55735    0.00000    0.55735
 139.00000    0.55723    0.00000    0.55723
 139.50000    0.58569    0.00000    0.58569
 140.00000    0.57380    0.00000    0.57380
 140.50000    0.56319    0.00000    0.56319
 141.00000    0.58811    0.00000    0.58811
 141.50000    0.56835    0.00000    0.56835
 142.00000    0.57290    0.00000    0.57290
 142.50000    0.58140    0.00000    0.58140
 143.00000    0.63084    0.00000    0.63084
 143.50000    0.63675    0.00000    0.63675
 144.00000    0.61249    0.00000    0.61249
 144.50000    0.54414    0.00000    0.54414
 145.00000    0.55478    0.00000    0.55478
 145.50000    0.60439    0.00000    0.60439
 146.00000    0.59723    0.00000    0.59723
 146.50000    0.55827    0.00000    0.55827
 147.00000    0.59231    0.00000    0.59231
 147.50000    0.61913    0.00000    0.61913
 148.00000    0.58456    0.00000    0.58456
 148.50000    0.55712    0.00000    0.55712
 149.00000    0.54622    0.00000    0.54622
 149.50000    0.56953    0.00000    0.56953
 150.00000    0.52683    0.00000    0.52683
