   0.00000    0.52073    0.00000    0.52073
   0.50000    0.58379    0.00000    0.58379
   1.00000    0.56735    0.00000    0.56735
   1.50000    0.54686    0.00000    0.54686
   2.00000    0.57227    0.00000    0.57227
   2.50000    0.55102    0.00000    0.55102
   3.00000    0.56513    0.00000    0.56513
   3.50000    0.59157    0.00000    0.59157
   4.00000    0.58814    0.00000    0.58814
   4.50000    0.57129    0.00000    0.57129
   5.00000    0.53339    0.00000    0.53339
   5.50000    0.54538    0.00000    0.54538
   6.00000    0.54732    0.00000    0.54732
   6.50000    0.60389    0.00000    0.60389
   7.00000    0.58983    0.00000    0.58983
   7.50000    0.55342    0.00000    0.55342
   8.00000    0.51687    0.00000    0.51687
   8.50000    0.54008    0.00000    0.54008
   9.00000    0.57966    0.00000    0.57966
   9.50000    0.59523    0.00000    0.59523
  10.00000    0.58476    0.00000    0.58476
  10.50000    0.57686    0.00000    0.57686
  11.00000    0.57007    0.00000    0.57007
  11.50000    0.57715    0.00000    0.57715
  12.00000    0.56616    0.00000    0.56616
  12.50000    0.57999    0.00000    0.57999
  13.00000    0.54442    0.00000    0.54442
  13.50000    0.55078    0.00000    0.55078
  14.00000    0.54710    0.00000    0.54710
  14.50000    0.56483    0.00000    0.56483
  15.00000    0.58465    0.00000    0.58465
  15.50000    0.63642    0.00000    0.63642
  16.00000    0.62090    0.00000    0.62090
  16.50000    0.58997    0.00000    0.58997
  17.00000    0.59397    0.00000    0.59397
  17.50000    0.59669    0.00000    0.59669
  18.00000    0.56535    0.00000    0.56535
  18.50000    0.58224    0.00000    0.58224
  19.00000    0.61984    0.00000    0.61984
  19.50000    0.61317    0.00000    0.61317
  20.00000    0.57614    0.00000    0.57614
  20.50000    0.56336    0.00000    0.56336
  21.00000    0.55631    0.00000    0.55631
  21.50000    0.56160    0.00000    0.56160
  22.00000    0.57416    0.00000    0.57416
  22.50000    0.57836    0.00000    0.57836
  23.00000    0.58821    0.00000    0.58821
  23.50000    0.62366    0.00000    0.62366
  24.00000    0.64627    0.00000    0.64627
  24.50000    0.61289    0.00000    0.61289
  25.00000    0.56930    0.00000    0.56930
  25.50000    0.56242    0.00000    0.56242
  26.00000    0.57940    0.00000    0.57940
  26.50000    0.58019    0.00000    0.58019
  27.00000    0.59144    0.00000    0.59144
  27.50000    0.57997    0.00000    0.57997
  28.00000    0.57431    0.00000    0.57431
  28.50000    0.53997    0.00000    0.53997
  29.00000    0.58114    0.00000    0.58114
  29.50000    0.59320    0.00000    0.59320
  30.00000    0.60443    0.00000    0.60443
  30.50000    0.57414    0.00000    0.57414
  31.00000    0.55872    0.00000    0.55872
  31.50000    0.55969    0.00000    0.55969
  32.00000    0.58077    0.00000    0.58077
  32.50000    0.59811    0.00000    0.59811
  33.00000    0.57827    0.00000    0.57827
  33.50000    0.58004    0.00000    0.58004
  34.00000    0.57111    0.00000    0.57111
  34.50000    0.59212    0.00000    0.59212
  35.00000    0.56875    0.00000    0.56875
  35.50000    0.56369    0.00000    0.56369
  36.00000    0.56519    0.00000    0.56519
  36.50000    0.57906    0.00000    0.57906
  37.00000    0.56965    0.00000    0.56965
  37.50000    0.57296    0.00000    0.57296
  38.00000    0.59853    0.00000    0.59853
  38.50000    0.61948    0.00000    0.61948
  39.00000    0.60804    0.00000    0.60804
  39.50000    0.56034    0.00000    0.56034
  40.00000    0.56297    0.00000    0.56297
  40.50000    0.60637    0.00000    0.60637
  41.00000    0.64382    0.00000    0.64382
  41.50000    0.60822    0.00000    0.60822
  42.00000    0.58977    0.00000    0.58977
  42.50000    0.55822    0.00000    0.55822
  43.00000    0.56420    0.00000    0.56420
  43.50000    0.55063    0.00000    0.55063
  44.00000    0.56191    0.00000    0.56191
  44.50000    0.58131    0.00000    0.58131
  45.00000    0.57000    0.00000    0.57000
  45.50000    0.55515    0.00000    0.55515
  46.00000    0.56198    0.00000    0.56198
  46.50000    0.57940    0.00000    0.57940
  47.00000    0.58997    0.00000    0.58997
  47.50000    0.61667    0.00000    0.61667
  48.00000    0.63707    0.00000    0.63707
  48.50000    0.57305    0.00000    0.57305
  49.00000    0.57236    0.00000    0.57236
  49.50000    0.60164    0.00000    0.60164
  50.00000    0.62363    0.00000    0.62363
  50.50000    0.59402    0.00000    0.59402
  51.00000    0.60023    0.00000    0.60023
  51.50000    0.60890    0.00000    0.60890
  52.00000    0.59880    0.00000    0.59880
  52.50000    0.59426    0.00000    0.59426
  53.00000    0.57412    0.00000    0.57412
  53.50000    0.54420    0.00000    0.54420
  54.00000    0.55538    0.00000    0.55538
  54.50000    0.59310    0.00000    0.59310
  55.00000    0.60200    0.00000    0.60200
  55.50000    0.61232    0.00000    0.61232
  56.00000    0.60767    0.00000    0.60767
  56.50000    0.58668    0.00000    0.58668
  57.00000    0.55305    0.00000    0.55305
  57.50000    0.58425    0.00000    0.58425
  58.00000    0.62497    0.00000    0.62497
  58.50000    0.62411    0.00000    0.62411
  59.00000    0.58517    0.00000    0.58517
  59.50000    0.55390    0.00000    0.55390
  60.00000    0.54365    0.00000    0.54365
  60.50000    0.53136    0.00000    0.53136
  61.00000    0.59033    0.00000    0.59033
  61.50000    0.62955    0.00000    0.62955
  62.00000    0.66336    0.00000    0.66336
  62.50000    0.58605    0.00000    0.58605
  63.00000    0.59380    0.00000    0.59380
  63.50000    0.64548    0.00000    0.64548
  64.00000    0.66088    0.00000    0.66088
  64.50000    0.59179    0.00000    0.59179
  65.00000    0.55583    0.00000    0.55583
  65.50000    0.63034    0.00000    0.63034
  66.00000    0.63386    0.00000    0.63386
  66.50000    0.61593    0.00000    0.61593
  67.00000    0.56686    0.00000    0.56686
  67.50000    0.59605    0.00000    0.59605
  68.00000    0.59931    0.00000    0.59931
  68.50000    0.57626    0.00000    0.57626
  69.00000    0.52241    0.00000    0.52241
  69.50000    0.52099    0.00000    0.52099
  70.00000    0.55858    0.00000    0.55858
  70.50000    0.57772    0.00000    0.57772
  71.00000    0.57475    0.00000    0.57475
  71.50000    0.55235    0.00000    0.55235
  72.00000    0.55451    0.00000    0.55451
  72.50000    0.57148    0.00000    0.57148
  73.00000    0.60474    0.00000    0.60474
  73.50000    0.63120    0.00000    0.63120
  74.00000    0.63409    0.00000    0.63409
  74.50000    0.64501    0.00000    0.64501
  75.00000    0.59107    0.00000    0.59107
  75.50000    0.56150    0.00000    0.56150
  76.00000    0.52429    0.00000    0.52429
  76.50000    0.55842    0.00000    0.55842
  77.00000    0.56099    0.00000    0.56099
  77.50000    0.59468    0.00000    0.59468
  78.00000    0.57926    0.00000    0.57926
  78.50000    0.55684    0.00000    0.55684
  79.00000    0.53650    0.00000    0.53650
  79.50000    0.52410    0.00000    0.52410
  80.00000    0.56176    0.00000    0.56176
  80.50000    0.58458    0.00000    0.58458
  81.00000    0.57523    0.00000    0.57523
  81.50000    0.54074    0.00000    0.54074
  82.00000    0.53426    0.00000    0.53426
  82.50000    0.55937    0.00000    0.55937
  83.00000    0.56582    0.00000    0.56582
  83.50000    0.55966    0.00000    0.55966
  84.00000    0.56111    0.00000    0.56111
  84.50000    0.59759    0.00000    0.59759
  85.00000    0.61594    0.00000    0.61594
  85.50000    0.59845    0.00000    0.59845
  86.00000    0.55886    0.00000    0.55886
  86.50000    0.56006    0.00000    0.56006
  87.00000    0.57532    0.00000    0.57532
  87.50000    0.59911    0.00000    0.59911
  88.00000    0.59426    0.00000    0.59426
  88.50000    0.61693    0.00000    0.61693
  89.00000    0.65119    0.00000    0.65119
  89.50000    0.63109    0.00000    0.63109
  90.00000    0.60492    0.00000    0.60492
  90.50000    0.57424    0.00000    0.57424
  91.00000    0.57376    0.00000    0.57376
  91.50000    0.56869    0.00000    0.56869
  92.00000    0.59714    0.00000    0.59714
  92.50000    0.57636    0.00000    0.57636
  93.00000    0.55027    0.00000    0.55027
  93.50000    0.51898    0.00000    0.51898
  94.00000    0.54144    0.00000    0.54144
  94.50000    0.53815    0.00000    0.53815
  95.00000    0.55495    0.00000    0.55495
  95.50000    0.59079    0.00000    0.59079
  96.00000    0.65477    0.00000    0.65477
  96.50000    0.65270    0.00000    0.65270
  97.00000    0.60868    0.00000    0.60868
  97.50000    0.59554    0.00000    0.59554
  98.00000    0.59272    0.00000    0.59272
  98.50000    0.57670    0.00000    0.57670
  99.00000    0.55854    0.00000    0.55854
  99.50000    0.57731    0.00000    0.57731
 100.00000    0.57698    0.00000    0.57698
 100.50000    0.60036    0.00000    0.60036
 101.00000    0.63899    0.00000    0.63899
 101.50000    0.63022    0.00000    0.63022
 102.00000    0.55899    0.00000    0.55899
 102.50000    0.50909    0.00000    0.50909
 103.00000    0.54286    0.00000    0.54286
 103.50000    0.54844    0.00000    0.54844
 104.00000    0.56163    0.00000    0.56163
 104.50000    0.55774    0.00000    0.55774
 105.00000    0.60914    0.00000    0.60914
 105.50000    0.59554    0.00000    0.59554
 106.00000    0.58592    0.00000    0.58592
 106.50000    0.57509    0.00000    0.57509
 107.00000    0.60344    0.00000    0.60344
 107.50000    0.61690    0.00000    0.61690
 108.00000    0.63392    0.00000    0.63392
 108.50000    0.62337    0.00000    0.62337
 109.00000    0.59767    0.00000    0.59767
 109.50000    0.59122    0.00000    0.59122
 110.00000    0.59497    0.00000    0.59497
 110.50000    0.57482    0.00000    0.57482
 111.00000    0.56396    0.00000    0.56396
 111.50000    0.59265    0.00000    0.59265
 112.00000    0.60350    0.00000    0.60350
 112.50000    0.60392    0.00000    0.60392
 113.00000    0.59863    0.00000    0.59863
 113.50000    0.56257    0.00000    0.56257
 114.00000    0.53597    0.00000    0.53597
 114.50000    0.53051    0.00000    0.53051
 115.00000    0.55319    0.00000    0.55319
 115.50000    0.56181    0.00000    0.56181
 116.00000    0.62532    0.00000    0.62532
 116.50000    0.62708    0.00000    0.62708
 117.00000    0.61031    0.00000    0.61031
 117.50000    0.57993    0.00000    0.57993
 118.00000    0.61014    0.00000    0.61014
 118.50000    0.61032    0.00000    0.61032
 119.00000    0.60632    0.00000    0.60632
 119.50000    0.59700    0.00000    0.59700
 120.00000    0.61126    0.00000    0.61126
 120.50000    0.57517    0.00000    0.57517
 121.00000    0.58970    0.00000    0.58970
 121.50000    0.57165    0.00000    0.57165
 122.00000    0.58686    0.00000    0.58686
 122.50000    0.57147    0.00000    0.57147
 123.00000    0.59398    0.00000    0.59398
 123.50000    0.54455    0.00000    0.54455
 124.00000    0.53102    0.00000    0.53102
 124.50000    0.53115    0.00000    0.53115
 125.00000    0.56949    0.00000    0.56949
 125.50000    0.60811    0.00000    0.60811
 126.00000    0.61366    0.00000    0.61366
 126.50000    0.55295    0.00000    0.55295
 127.00000    0.56691    0.00000    0.56691
 127.50000    0.57150    0.00000    0.57150
 128.00000    0.58229    0.00000    0.58229
 128.50000    0.54636    0.00000    0.54636
 129.00000    0.55793    0.00000    0.55793
 129.50000    0.55978    0.00000    0.55978
 130.00000    0.57433    0.00000    0.57433
 130.50000    0.55949    0.00000    0.55949
 131.00000    0.56675    0.00000    0.56675
 131.50000    0.56784    0.00000    0.56784
 132.00000    0.58405    0.00000    0.58405
 132.50000    0.59258    0.00000    0.59258
 133.00000    0.59333    0.00000    0.59333
 133.50000    0.57660    0.00000    0.57660
 134.00000    0.59033    0.00000    0.59033
 134.50000    0.58497    0.00000    0.58497
 135.00000    0.57989    0.00000    0.57989
 135.50000    0.61139    0.00000    0.61139
 136.00000    0.62416    0.00000    0.62416
 136.50000    0.59076    0.00000    0.59076
 137.00000    0.59345    0.00000    0.59345
 137.50000    0.61831    0.00000    0.61831
 138.00000    0.60434    0.00000    0.60434
 138.50000    0.56389    0.00000    0.56389
 139.00000    0.55845    0.00000    0.55845
 139.50000    0.58914    0.00000    0.58914
 140.00000    0.60295    0.00000    0.60295
 140.50000    0.60001    0.00000    0.60001
 141.00000    0.61651    0.00000    0.61651
 141.50000    0.57347    0.00000    0.57347
 142.00000    0.57436    0.00000    0.57436
 142.50000    0.58739    0.00000    0.58739
 143.00000    0.65144    0.00000    0.65144
 143.50000    0.66846    0.00000    0.66846
 144.00000    0.62688    0.00000    0.62688
 144.50000    0.56633    0.00000    0.56633
 145.00000    0.58310    0.00000    0.58310
 145.50000    0.62473    0.00000    0.62473
 146.00000    0.56974    0.00000    0.56974
 146.50000    0.52710    0.00000    0.52710
 147.00000    0.56548    0.00000    0.56548
 147.50000    0.59177    0.00000    0.59177
 148.00000    0.56847    0.00000    0.56847
 148.50000    0.54871    0.00000    0.54871
 149.00000    0.55839    0.00000    0.55839
 149.50000    0.57337    0.00000    0.57337
 150.00000    0.52165    0.00000    0.52165
