   0.00000    0.55346    0.00000    0.55346
   0.50000    0.59840    0.00000    0.59840
   1.00000    0.60849    0.00000    0.60849
   1.50000    0.59763    0.00000    0.59763
   2.00000    0.59699    0.00000    0.59699
   2.50000    0.59785    0.00000    0.59785
   3.00000    0.60511    0.00000    0.60511
   3.50000    0.61003    0.00000    0.61003
   4.00000    0.60441    0.00000    0.60441
   4.50000    0.59889    0.00000    0.59889
   5.00000    0.57592    0.00000    0.57592
   5.50000    0.60065    0.00000    0.60065
   6.00000    0.60510    0.00000    0.60510
   6.50000    0.65228    0.00000    0.65228
   7.00000    0.60648    0.00000    0.60648
   7.50000    0.55501    0.00000    0.55501
   8.00000    0.54587    0.00000    0.54587
   8.50000    0.60286    0.00000    0.60286
   9.00000    0.61856    0.00000    0.61856
   9.50000    0.59881    0.00000    0.59881
  10.00000    0.60634    0.00000    0.60634
  10.50000    0.64427    0.00000    0.64427
  11.00000    0.64318    0.00000    0.64318
  11.50000    0.63284    0.00000    0.63284
  12.00000    0.59732    0.00000    0.59732
  12.50000    0.61955    0.00000    0.61955
  13.00000    0.60144    0.00000    0.60144
  13.50000    0.60856    0.00000    0.60856
  14.00000    0.57500    0.00000    0.57500
  14.50000    0.58513    0.00000    0.58513
  15.00000    0.60275    0.00000    0.60275
  15.50000    0.65789    0.00000    0.65789
  16.00000    0.63238    0.00000    0.63238
  16.50000    0.61330    0.00000    0.61330
  17.00000    0.61606    0.00000    0.61606
  17.50000    0.63323    0.00000    0.63323
  18.00000    0.60112    0.00000    0.60112
  18.50000    0.62455    0.00000    0.62455
  19.00000    0.63786    0.00000    0.63786
  19.50000    0.61828    0.00000    0.61828
  20.00000    0.58279    0.00000    0.58279
  20.50000    0.58852    0.00000    0.58852
  21.00000    0.58152    0.00000    0.58152
  21.50000    0.57872    0.00000    0.57872
  22.00000    0.60983    0.00000    0.60983
  22.50000    0.61372    0.00000    0.61372
  23.00000    0.62366    0.00000    0.62366
  23.50000    0.64262    0.00000    0.64262
  24.00000    0.66004    0.00000    0.66004
  24.50000    0.61941    0.00000    0.61941
  25.00000    0.58680    0.00000    0.58680
  25.50000    0.60887    0.00000    0.60887
  26.00000    0.63389    0.00000    0.63389
  26.50000    0.60717    0.00000    0.60717
  27.00000    0.58800    0.00000    0.58800
  27.50000    0.57562    0.00000    0.57562
  28.00000    0.60048    0.00000    0.60048
  28.50000    0.59548    0.00000    0.59548
  29.00000    0.61285    0.00000    0.61285
  29.50000    0.60343    0.00000    0.60343
  30.00000    0.61128    0.00000    0.61128
  30.50000    0.60984    0.00000    0.60984
  31.00000    0.57184    0.00000    0.57184
  31.50000    0.55910    0.00000    0.55910
  32.00000    0.58245    0.00000    0.58245
  32.50000    0.61445    0.00000    0.61445
  33.00000    0.60401    0.00000    0.60401
  33.50000    0.58141    0.00000    0.58141
  34.00000    0.59695    0.00000    0.59695
  34.50000    0.64355    0.00000    0.64355
  35.00000    0.61735    0.00000    0.61735
  35.50000    0.58186    0.00000    0.58186
  36.00000    0.57475    0.00000    0.57475
  36.50000    0.61054    0.00000    0.61054
  37.00000    0.59872    0.00000    0.59872
  37.50000    0.61300    0.00000    0.61300
  38.00000    0.64832    0.00000    0.64832
  38.50000    0.69182    0.00000    0.69182
  39.00000    0.66560    0.00000    0.66560
  39.50000    0.59046    0.00000    0.59046
  40.00000    0.60058    0.00000    0.60058
  40.50000    0.65705    0.00000    0.65705
  41.00000    0.68896    0.00000    0.68896
  41.50000    0.63274    0.00000    0.63274
  42.00000    0.61474    0.00000    0.61474
  42.50000    0.56329    0.00000    0.56329
  43.00000    0.56536    0.00000    0.56536
  43.50000    0.57429    0.00000    0.57429
  44.00000    0.60979    0.00000    0.60979
  44.50000    0.62497    0.00000    0.62497
  45.00000    0.60690    0.00000    0.60690
  45.50000    0.59154    0.00000    0.59154
  46.00000    0.59565    0.00000    0.59565
  46.50000    0.59992    0.00000    0.59992
  47.00000    0.59655    0.00000    0.59655
  47.50000    0.61144    0.00000    0.61144
  48.00000    0.65835    0.00000    0.65835
  48.50000    0.61966    0.00000    0.61966
  49.00000    0.60559    0.00000    0.60559
  49.50000    0.61919    0.00000    0.61919
  50.00000    0.62794    0.00000    0.62794
  50.50000    0.59919    0.00000    0.59919
  51.00000    0.59876    0.00000    0.59876
  51.50000    0.61381    0.00000    0.61381
  52.00000    0.62079    0.00000    0.62079
  52.50000    0.64805    0.00000    0.64805
  53.00000    0.62451    0.00000    0.62451
  53.50000    0.58033    0.00000    0.58033
  54.00000    0.59251    0.00000    0.59251
  54.50000    0.63495    0.00000    0.63495
  55.00000    0.62176    0.00000    0.62176
  55.50000    0.65263    0.00000    0.65263
  56.00000    0.66770    0.00000    0.66770
  56.50000    0.62056    0.00000    0.62056
  57.00000    0.55131    0.00000    0.55131
  57.50000    0.58351    0.00000    0.58351
  58.00000    0.65899    0.00000    0.65899
  58.50000    0.67444    0.00000    0.67444
  59.00000    0.64279    0.00000    0.64279
  59.50000    0.59270    0.00000    0.59270
  60.00000    0.57175    0.00000    0.57175
  60.50000    0.57907    0.00000    0.57907
  61.00000    0.64398    0.00000    0.64398
  61.50000    0.67467    0.00000    0.67467
  62.00000    0.67985    0.00000    0.67985
  62.50000    0.62541    0.00000    0.62541
  63.00000    0.64549    0.00000    0.64549
  63.50000    0.68600    0.00000    0.68600
  64.00000    0.68898    0.00000    0.68898
  64.50000    0.61550    0.00000    0.61550
  65.00000    0.59801    0.00000    0.59801
  65.50000    0.66606    0.00000    0.66606
  66.00000    0.68702    0.00000    0.68702
  66.50000    0.64546    0.00000    0.64546
  67.00000    0.60000    0.00000    0.60000
  67.50000    0.62122    0.00000    0.62122
  68.00000    0.66979    0.00000    0.66979
  68.50000    0.66109    0.00000    0.66109
  69.00000    0.59348    0.00000    0.59348
  69.50000    0.54173    0.00000    0.54173
  70.00000    0.58279    0.00000    0.58279
  70.50000    0.61066    0.00000    0.61066
  71.00000    0.60184    0.00000    0.60184
  71.50000    0.57411    0.00000    0.57411
  72.00000    0.56805    0.00000    0.56805
  72.50000    0.57139    0.00000    0.57139
  73.00000    0.59001    0.00000    0.59001
  73.50000    0.61609    0.00000    0.61609
  74.00000    0.63890    0.00000    0.63890
  74.50000    0.68969    0.00000    0.68969
  75.00000    0.66733    0.00000    0.66733
  75.50000    0.62006    0.00000    0.62006
  76.00000    0.55897    0.00000    0.55897
  76.50000    0.57055    0.00000    0.57055
  77.00000    0.57443    0.00000    0.57443
  77.50000    0.64066    0.00000    0.64066
  78.00000    0.63260    0.00000    0.63260
  78.50000    0.59143    0.00000    0.59143
  79.00000    0.55706    0.00000    0.55706
  79.50000    0.56485    0.00000    0.56485
  80.00000    0.59011    0.00000    0.59011
  80.50000    0.61288    0.00000    0.61288
  81.00000    0.60524    0.00000    0.60524
  81.50000    0.57767    0.00000    0.57767
  82.00000    0.56077    0.00000    0.56077
  82.50000    0.61347    0.00000    0.61347
  83.00000    0.62481    0.00000    0.62481
  83.50000    0.60863    0.00000    0.60863
  84.00000    0.59631    0.00000    0.59631
  84.50000    0.64713    0.00000    0.64713
  85.00000    0.65588    0.00000    0.65588
  85.50000    0.62862    0.00000    0.62862
  86.00000    0.60111    0.00000    0.60111
  86.50000    0.60922    0.00000    0.60922
  87.00000    0.62117    0.00000    0.62117
  87.50000    0.65195    0.00000    0.65195
  88.00000    0.64498    0.00000    0.64498
  88.50000    0.63197    0.00000    0.63197
  89.00000    0.65954    0.00000    0.65954
  89.50000    0.66415    0.00000    0.66415
  90.00000    0.64239    0.00000    0.64239
  90.50000    0.60191    0.00000    0.60191
  91.00000    0.59364    0.00000    0.59364
  91.50000    0.57276    0.00000    0.57276
  92.00000    0.59450    0.00000    0.59450
  92.50000    0.60095    0.00000    0.60095
  93.00000    0.60129    0.00000    0.60129
  93.50000    0.57852    0.00000    0.57852
  94.00000    0.55905    0.00000    0.55905
  94.50000    0.57855    0.00000    0.57855
  95.00000    0.60681    0.00000    0.60681
  95.50000    0.64310    0.00000    0.64310
  96.00000    0.61702    0.00000    0.61702
  96.50000    0.64499    0.00000    0.64499
  97.00000    0.63535    0.00000    0.63535
  97.50000    0.64907    0.00000    0.64907
  98.00000    0.61378    0.00000    0.61378
  98.50000    0.61593    0.00000    0.61593
  99.00000    0.60403    0.00000    0.60403
  99.50000    0.63778    0.00000    0.63778
 100.00000    0.64235    0.00000    0.64235
 100.50000    0.63130    0.00000    0.63130
 101.00000    0.63523    0.00000    0.63523
 101.50000    0.63942    0.00000    0.63942
 102.00000    0.61132    0.00000    0.61132
 102.50000    0.55763    0.00000    0.55763
 103.00000    0.56266    0.00000    0.56266
 103.50000    0.56225    0.00000    0.56225
 104.00000    0.57747    0.00000    0.57747
 104.50000    0.59824    0.00000    0.59824
 105.00000    0.64062    0.00000    0.64062
 105.50000    0.60686    0.00000    0.60686
 106.00000    0.58319    0.00000    0.58319
 106.50000    0.59973    0.00000    0.59973
 107.00000    0.65650    0.00000    0.65650
 107.50000    0.65858    0.00000    0.65858
 108.00000    0.65434    0.00000    0.65434
 108.50000    0.63484    0.00000    0.63484
 109.00000    0.64386    0.00000    0.64386
 109.50000    0.67005    0.00000    0.67005
 110.00000    0.66890    0.00000    0.66890
 110.50000    0.64005    0.00000    0.64005
 111.00000    0.61296    0.00000    0.61296
 111.50000    0.63365    0.00000    0.63365
 112.00000    0.62075    0.00000    0.62075
 112.50000    0.61825    0.00000    0.61825
 113.00000    0.59558    0.00000    0.59558
 113.50000    0.58600    0.00000    0.58600
 114.00000    0.58379    0.00000    0.58379
 114.50000    0.60163    0.00000    0.60163
 115.00000    0.59466    0.00000    0.59466
 115.50000    0.60509    0.00000    0.60509
 116.00000    0.65936    0.00000    0.65936
 116.50000    0.67189    0.00000    0.67189
 117.00000    0.64234    0.00000    0.64234
 117.50000    0.62716    0.00000    0.62716
 118.00000    0.62857    0.00000    0.62857
 118.50000    0.61585    0.00000    0.61585
 119.00000    0.60366    0.00000    0.60366
 119.50000    0.62894    0.00000    0.62894
 120.00000    0.65035    0.00000    0.65035
 120.50000    0.60199    0.00000    0.60199
 121.00000    0.60771    0.00000    0.60771
 121.50000    0.60487    0.00000    0.60487
 122.00000    0.61080    0.00000    0.61080
 122.50000    0.58161    0.00000    0.58161
 123.00000    0.60117    0.00000    0.60117
 123.50000    0.57002    0.00000    0.57002
 124.00000    0.55469    0.00000    0.55469
 124.50000    0.57752    0.00000    0.57752
 125.00000    0.62073    0.00000    0.62073
 125.50000    0.63241    0.00000    0.63241
 126.00000    0.62735    0.00000    0.62735
 126.50000    0.58576    0.00000    0.58576
 127.00000    0.62149    0.00000    0.62149
 127.50000    0.61471    0.00000    0.61471
 128.00000    0.61085    0.00000    0.61085
 128.50000    0.59140    0.00000    0.59140
 129.00000    0.62373    0.00000    0.62373
 129.50000    0.62212    0.00000    0.62212
 130.00000    0.60139    0.00000    0.60139
 130.50000    0.57742    0.00000    0.57742
 131.00000    0.57033    0.00000    0.57033
 131.50000    0.58698    0.00000    0.58698
 132.00000    0.59338    0.00000    0.59338
 132.50000    0.61324    0.00000    0.61324
 133.00000    0.61919    0.00000    0.61919
 133.50000    0.60001    0.00000    0.60001
 134.00000    0.59140    0.00000    0.59140
 134.50000    0.59990    0.00000    0.59990
 135.00000    0.61862    0.00000    0.61862
 135.50000    0.62998    0.00000    0.62998
 136.00000    0.62615    0.00000    0.62615
 136.50000    0.59492    0.00000    0.59492
 137.00000    0.61137    0.00000    0.61137
 137.50000    0.63775    0.00000    0.63775
 138.00000    0.62443    0.00000    0.62443
 138.50000    0.60425    0.00000    0.60425
 139.00000    0.60660    0.00000    0.60660
 139.50000    0.61703    0.00000    0.61703
 140.00000    0.61428    0.00000    0.61428
 140.50000    0.61622    0.00000    0.61622
 141.00000    0.64682    0.00000    0.64682
 141.50000    0.60826    0.00000    0.60826
 142.00000    0.63473    0.00000    0.63473
 142.50000    0.64948    0.00000    0.64948
 143.00000    0.72580    0.00000    0.72580
 143.50000    0.70244    0.00000    0.70244
 144.00000    0.65139    0.00000    0.65139
 144.50000    0.60075    0.00000    0.60075
 145.00000    0.62764    0.00000    0.62764
 145.50000    0.63710    0.00000    0.63710
 146.00000    0.58624    0.00000    0.58624
 146.50000    0.55908    0.00000    0.55908
 147.00000    0.60706    0.00000    0.60706
 147.50000    0.60302    0.00000    0.60302
 148.00000    0.57475    0.00000    0.57475
 148.50000    0.55315    0.00000    0.55315
 149.00000    0.58611    0.00000    0.58611
 149.50000    0.59109    0.00000    0.59109
 150.00000    0.50747    0.00000    0.50747
