   0.00000    0.48995    0.00000    0.48995
   0.50000    0.50487    0.00000    0.50487
   1.00000    0.51236    0.00000    0.51236
   1.50000    0.52149    0.00000    0.52149
   2.00000    0.54534    0.00000    0.54534
   2.50000    0.51344    0.00000    0.51344
   3.00000    0.51419    0.00000    0.51419
   3.50000    0.54515    0.00000    0.54515
   4.00000    0.54541    0.00000    0.54541
   4.50000    0.51832    0.00000    0.51832
   5.00000    0.47783    0.00000    0.47783
   5.50000    0.49464    0.00000    0.49464
   6.00000    0.50752    0.00000    0.50752
   6.50000    0.54457    0.00000    0.54457
   7.00000    0.52200    0.00000    0.52200
   7.50000    0.48333    0.00000    0.48333
   8.00000    0.47598    0.00000    0.47598
   8.50000    0.50099    0.00000    0.50099
   9.00000    0.50683    0.00000    0.50683
   9.50000    0.49998    0.00000    0.49998
  10.00000    0.52624    0.00000    0.52624
  10.50000    0.55767    0.00000    0.55767
  11.00000    0.56579    0.00000    0.56579
  11.50000    0.54602    0.00000    0.54602
  12.00000    0.51243    0.00000    0.51243
  12.50000    0.51320    0.00000    0.51320
  13.00000    0.49316    0.00000    0.49316
  13.50000    0.48687    0.00000    0.48687
  14.00000    0.48749    0.00000    0.48749
  14.50000    0.51434    0.00000    0.51434
  15.00000    0.52612    0.00000    0.52612
  15.50000    0.57735    0.00000    0.57735
  16.00000    0.55394    0.00000    0.55394
  16.50000    0.52168    0.00000    0.52168
  17.00000    0.50896    0.00000    0.50896
  17.50000    0.51785    0.00000    0.51785
  18.00000    0.49209    0.00000    0.49209
  18.50000    0.50480    0.00000    0.50480
  19.00000    0.53827    0.00000    0.53827
  19.50000    0.53581    0.00000    0.53581
  20.00000    0.54128    0.00000    0.54128
  20.50000    0.52784    0.00000    0.52784
  21.00000    0.52383    0.00000    0.52383
  21.50000    0.50544    0.00000    0.50544
  22.00000    0.52813    0.00000    0.52813
  22.50000    0.50217    0.00000    0.50217
  23.00000    0.52249    0.00000    0.52249
  23.50000    0.54568    0.00000    0.54568
  24.00000    0.58651    0.00000    0.58651
  24.50000    0.54755    0.00000    0.54755
  25.00000    0.50585    0.00000    0.50585
  25.50000    0.49979    0.00000    0.49979
  26.00000    0.48175    0.00000    0.48175
  26.50000    0.47411    0.00000    0.47411
  27.00000    0.47954    0.00000    0.47954
  27.50000    0.51499    0.00000    0.51499
  28.00000    0.52145    0.00000    0.52145
  28.50000    0.52119    0.00000    0.52119
  29.00000    0.52636    0.00000    0.52636
  29.50000    0.52829    0.00000    0.52829
  30.00000    0.52209    0.00000    0.52209
  30.50000    0.53355    0.00000    0.53355
  31.00000    0.51669    0.00000    0.51669
  31.50000    0.51451    0.00000    0.51451
  32.00000    0.51215    0.00000    0.51215
  32.50000    0.52945    0.00000    0.52945
  33.00000    0.52765    0.00000    0.52765
  33.50000    0.53147    0.00000    0.53147
  34.00000    0.50898    0.00000    0.50898
  34.50000    0.51909    0.00000    0.51909
  35.00000    0.51617    0.00000    0.51617
  35.50000    0.50315    0.00000    0.50315
  36.00000    0.49039    0.00000    0.49039
  36.50000    0.50845    0.00000    0.50845
  37.00000    0.50302    0.00000    0.50302
  37.50000    0.49507    0.00000    0.49507
  38.00000    0.51103    0.00000    0.51103
  38.50000    0.54589    0.00000    0.54589
  39.00000    0.53341    0.00000    0.53341
  39.50000    0.51210    0.00000    0.51210
  40.00000    0.50501    0.00000    0.50501
  40.50000    0.56165    0.00000    0.56165
  41.00000    0.56625    0.00000    0.56625
  41.50000    0.54609    0.00000    0.54609
  42.00000    0.51961    0.00000    0.51961
  42.50000    0.47465    0.00000    0.47465
  43.00000    0.46052    0.00000    0.46052
  43.50000    0.47238    0.00000    0.47238
  44.00000    0.52366    0.00000    0.52366
  44.50000    0.53326    0.00000    0.53326
  45.00000    0.51699    0.00000    0.51699
  45.50000    0.48994    0.00000    0.48994
  46.00000    0.48654    0.00000    0.48654
  46.50000    0.49920    0.00000    0.49920
  47.00000    0.50895    0.00000    0.50895
  47.50000    0.54143    0.00000    0.54143
  48.00000    0.56267    0.00000    0.56267
  48.50000    0.54119    0.00000    0.54119
  49.00000    0.53128    0.00000    0.53128
  49.50000    0.53031    0.00000    0.53031
  50.00000    0.51254    0.00000    0.51254
  50.50000    0.49929    0.00000    0.49929
  51.00000    0.49569    0.00000    0.49569
  51.50000    0.51885    0.00000    0.51885
  52.00000    0.51913    0.00000    0.51913
  52.50000    0.54208    0.00000    0.54208
  53.00000    0.51592    0.00000    0.51592
  53.50000    0.48976    0.00000    0.48976
  54.00000    0.49231    0.00000    0.49231
  54.50000    0.54507    0.00000    0.54507
  55.00000    0.54392    0.00000    0.54392
  55.50000    0.53629    0.00000    0.53629
  56.00000    0.50759    0.00000    0.50759
  56.50000    0.49811    0.00000    0.49811
  57.00000    0.47502    0.00000    0.47502
  57.50000    0.52393    0.00000    0.52393
  58.00000    0.54973    0.00000    0.54973
  58.50000    0.53284    0.00000    0.53284
  59.00000    0.51138    0.00000    0.51138
  59.50000    0.51344    0.00000    0.51344
  60.00000    0.50529    0.00000    0.50529
  60.50000    0.50388    0.00000    0.50388
  61.00000    0.54046    0.00000    0.54046
  61.50000    0.54365    0.00000    0.54365
  62.00000    0.53038    0.00000    0.53038
  62.50000    0.50025    0.00000    0.50025
  63.00000    0.51891    0.00000    0.51891
  63.50000    0.56564    0.00000    0.56564
  64.00000    0.57390    0.00000    0.57390
  64.50000    0.51061    0.00000    0.51061
  65.00000    0.48651    0.00000    0.48651
  65.50000    0.57154    0.00000    0.57154
  66.00000    0.59190    0.00000    0.59190
  66.50000    0.56775    0.00000    0.56775
  67.00000    0.51521    0.00000    0.51521
  67.50000    0.56047    0.00000    0.56047
  68.00000    0.57711    0.00000    0.57711
  68.50000    0.56365    0.00000    0.56365
  69.00000    0.50284    0.00000    0.50284
  69.50000    0.47141    0.00000    0.47141
  70.00000    0.48967    0.00000    0.48967
  70.50000    0.49526    0.00000    0.49526
  71.00000    0.49520    0.00000    0.49520
  71.50000    0.45795    0.00000    0.45795
  72.00000    0.47185    0.00000    0.47185
  72.50000    0.49198    0.00000    0.49198
  73.00000    0.50640    0.00000    0.50640
  73.50000    0.52560    0.00000    0.52560
  74.00000    0.53186    0.00000    0.53186
  74.50000    0.56445    0.00000    0.56445
  75.00000    0.53657    0.00000    0.53657
  75.50000    0.52799    0.00000    0.52799
  76.00000    0.48252    0.00000    0.48252
  76.50000    0.49437    0.00000    0.49437
  77.00000    0.50019    0.00000    0.50019
  77.50000    0.53816    0.00000    0.53816
  78.00000    0.53004    0.00000    0.53004
  78.50000    0.50736    0.00000    0.50736
  79.00000    0.48901    0.00000    0.48901
  79.50000    0.47607    0.00000    0.47607
  80.00000    0.51002    0.00000    0.51002
  80.50000    0.53185    0.00000    0.53185
  81.00000    0.51970    0.00000    0.51970
  81.50000    0.47810    0.00000    0.47810
  82.00000    0.47938    0.00000    0.47938
  82.50000    0.51475    0.00000    0.51475
  83.00000    0.55624    0.00000    0.55624
  83.50000    0.55248    0.00000    0.55248
  84.00000    0.54215    0.00000    0.54215
  84.50000    0.56485    0.00000    0.56485
  85.00000    0.56070    0.00000    0.56070
  85.50000    0.51288    0.00000    0.51288
  86.00000    0.48043    0.00000    0.48043
  86.50000    0.50942    0.00000    0.50942
  87.00000    0.51346    0.00000    0.51346
  87.50000    0.53829    0.00000    0.53829
  88.00000    0.52812    0.00000    0.52812
  88.50000    0.52526    0.00000    0.52526
  89.00000    0.51446    0.00000    0.51446
  89.50000    0.51562    0.00000    0.51562
  90.00000    0.52266    0.00000    0.52266
  90.50000    0.51166    0.00000    0.51166
  91.00000    0.49764    0.00000    0.49764
  91.50000    0.48176    0.00000    0.48176
  92.00000    0.53188    0.00000    0.53188
  92.50000    0.53208    0.00000    0.53208
  93.00000    0.52272    0.00000    0.52272
  93.50000    0.50605    0.00000    0.50605
  94.00000    0.49752    0.00000    0.49752
  94.50000    0.47811    0.00000    0.47811
  95.00000    0.48603    0.00000    0.48603
  95.50000    0.53826    0.00000    0.53826
  96.00000    0.52002    0.00000    0.52002
  96.50000    0.53344    0.00000    0.53344
  97.00000    0.52940    0.00000    0.52940
  97.50000    0.54724    0.00000    0.54724
  98.00000    0.50193    0.00000    0.50193
  98.50000    0.49337    0.00000    0.49337
  99.00000    0.50278    0.00000    0.50278
  99.50000    0.53745    0.00000    0.53745
 100.00000    0.51959    0.00000    0.51959
 100.50000    0.50798    0.00000    0.50798
 101.00000    0.52603    0.00000    0.52603
 101.50000    0.53615    0.00000    0.53615
 102.00000    0.50244    0.00000    0.50244
 102.50000    0.47600    0.00000    0.47600
 103.00000    0.50472    0.00000    0.50472
 103.50000    0.49203    0.00000    0.49203
 104.00000    0.48679    0.00000    0.48679
 104.50000    0.49449    0.00000    0.49449
 105.00000    0.54538    0.00000    0.54538
 105.50000    0.51860    0.00000    0.51860
 106.00000    0.49250    0.00000    0.49250
 106.50000    0.49902    0.00000    0.49902
 107.00000    0.54671    0.00000    0.54671
 107.50000    0.55299    0.00000    0.55299
 108.00000    0.56243    0.00000    0.56243
 108.50000    0.56408    0.00000    0.56408
 109.00000    0.57340    0.00000    0.57340
 109.50000    0.55872    0.00000    0.55872
 110.00000    0.52212    0.00000    0.52212
 110.50000    0.49048    0.00000    0.49048
 111.00000    0.49052    0.00000    0.49052
 111.50000    0.51289    0.00000    0.51289
 112.00000    0.51534    0.00000    0.51534
 112.50000    0.51695    0.00000    0.51695
 113.00000    0.52896    0.00000    0.52896
 113.50000    0.50056    0.00000    0.50056
 114.00000    0.50204    0.00000    0.50204
 114.50000    0.49767    0.00000    0.49767
 115.00000    0.52161    0.00000    0.52161
 115.50000    0.50345    0.00000    0.50345
 116.00000    0.56190    0.00000    0.56190
 116.50000    0.58052    0.00000    0.58052
 117.00000    0.56325    0.00000    0.56325
 117.50000    0.50435    0.00000    0.50435
 118.00000    0.51713    0.00000    0.51713
 118.50000    0.53694    0.00000    0.53694
 119.00000    0.53630    0.00000    0.53630
 119.50000    0.53791    0.00000    0.53791
 120.00000    0.55467    0.00000    0.55467
 120.50000    0.50019    0.00000    0.50019
 121.00000    0.51752    0.00000    0.51752
 121.50000    0.53472    0.00000    0.53472
 122.00000    0.54465    0.00000    0.54465
 122.50000    0.50016    0.00000    0.50016
 123.00000    0.53583    0.00000    0.53583
 123.50000    0.50277    0.00000    0.50277
 124.00000    0.47977    0.00000    0.47977
 124.50000    0.48028    0.00000    0.48028
 125.00000    0.53255    0.00000    0.53255
 125.50000    0.54094    0.00000    0.54094
 126.00000    0.53077    0.00000    0.53077
 126.50000    0.49425    0.00000    0.49425
 127.00000    0.51471    0.00000    0.51471
 127.50000    0.53269    0.00000    0.53269
 128.00000    0.52444    0.00000    0.52444
 128.50000    0.48521    0.00000    0.48521
 129.00000    0.49235    0.00000    0.49235
 129.50000    0.51780    0.00000    0.51780
 130.00000    0.54658    0.00000    0.54658
 130.50000    0.50342    0.00000    0.50342
 131.00000    0.48128    0.00000    0.48128
 131.50000    0.49058    0.00000    0.49058
 132.00000    0.52043    0.00000    0.52043
 132.50000    0.51213    0.00000    0.51213
 133.00000    0.51217    0.00000    0.51217
 133.50000    0.52245    0.00000    0.52245
 134.00000    0.53506    0.00000    0.53506
 134.50000    0.53294    0.00000    0.53294
 135.00000    0.54195    0.00000    0.54195
 135.50000    0.54133    0.00000    0.54133
 136.00000    0.51138    0.00000    0.51138
 136.50000    0.47745    0.00000    0.47745
 137.00000    0.50279    0.00000    0.50279
 137.50000    0.54805    0.00000    0.54805
 138.00000    0.53128    0.00000    0.53128
 138.50000    0.49932    0.00000    0.49932
 139.00000    0.48996    0.00000    0.48996
 139.50000    0.52931    0.00000    0.52931
 140.00000    0.52198    0.00000    0.52198
 140.50000    0.51520    0.00000    0.51520
 141.00000    0.53110    0.00000    0.53110
 141.50000    0.51785    0.00000    0.51785
 142.00000    0.53436    0.00000    0.53436
 142.50000    0.54741    0.00000    0.54741
 143.00000    0.60080    0.00000    0.60080
 143.50000    0.58031    0.00000    0.58031
 144.00000    0.54869    0.00000    0.54869
 144.50000    0.49974    0.00000    0.49974
 145.00000    0.53138    0.00000    0.53138
 145.50000    0.57368    0.00000    0.57368
 146.00000    0.55570    0.00000    0.55570
 146.50000    0.50987    0.00000    0.50987
 147.00000    0.52087    0.00000    0.52087
 147.50000    0.53368    0.00000    0.53368
 148.00000    0.51475    0.00000    0.51475
 148.50000    0.48621    0.00000    0.48621
 149.00000    0.49057    0.00000    0.49057
 149.50000    0.51096    0.00000    0.51096
 150.00000    0.47322    0.00000    0.47322
