   0.00000    0.49548    0.00000    0.49548
   0.50000    0.54820    0.00000    0.54820
   1.00000    0.53938    0.00000    0.53938
   1.50000    0.52404    0.00000    0.52404
   2.00000    0.55062    0.00000    0.55062
   2.50000    0.53686    0.00000    0.53686
   3.00000    0.55659    0.00000    0.55659
   3.50000    0.57278    0.00000    0.57278
   4.00000    0.56214    0.00000    0.56214
   4.50000    0.54359    0.00000    0.54359
   5.00000    0.54933    0.00000    0.54933
   5.50000    0.56471    0.00000    0.56471
   6.00000    0.55170    0.00000    0.55170
   6.50000    0.58006    0.00000    0.58006
   7.00000    0.58696    0.00000    0.58696
   7.50000    0.55762    0.00000    0.55762
   8.00000    0.52713    0.00000    0.52713
   8.50000    0.53785    0.00000    0.53785
   9.00000    0.55566    0.00000    0.55566
   9.50000    0.56214    0.00000    0.56214
  10.00000    0.58043    0.00000    0.58043
  10.50000    0.58208    0.00000    0.58208
  11.00000    0.56700    0.00000    0.56700
  11.50000    0.54516    0.00000    0.54516
  12.00000    0.54862    0.00000    0.54862
  12.50000    0.57499    0.00000    0.57499
  13.00000    0.55667    0.00000    0.55667
  13.50000    0.54711    0.00000    0.54711
  14.00000    0.52007    0.00000    0.52007
  14.50000    0.54606    0.00000    0.54606
  15.00000    0.54948    0.00000    0.54948
  15.50000    0.59414    0.00000    0.59414
  16.00000    0.58037    0.00000    0.58037
  16.50000    0.58927    0.00000    0.58927
  17.00000    0.58933    0.00000    0.58933
  17.50000    0.57786    0.00000    0.57786
  18.00000    0.54706    0.00000    0.54706
  18.50000    0.57905    0.00000    0.57905
  19.00000    0.60672    0.00000    0.60672
  19.50000    0.58750    0.00000    0.58750
  20.00000    0.55816    0.00000    0.55816
  20.50000    0.54519    0.00000    0.54519
  21.00000    0.52101    0.00000    0.52101
  21.50000    0.52753    0.00000    0.52753
  22.00000    0.56195    0.00000    0.56195
  22.50000    0.56359    0.00000    0.56359
  23.00000    0.55921    0.00000    0.55921
  23.50000    0.58881    0.00000    0.58881
  24.00000    0.61556    0.00000    0.61556
  24.50000    0.58416    0.00000    0.58416
  25.00000    0.54325    0.00000    0.54325
  25.50000    0.53474    0.00000    0.53474
  26.00000    0.55516    0.00000    0.55516
  26.50000    0.56833    0.00000    0.56833
  27.00000    0.56810    0.00000    0.56810
  27.50000    0.55105    0.00000    0.55105
  28.00000    0.55862    0.00000    0.55862
  28.50000    0.54635    0.00000    0.54635
  29.00000    0.56288    0.00000    0.56288
  29.50000    0.58738    0.00000    0.58738
  30.00000    0.60133    0.00000    0.60133
  30.50000    0.57970    0.00000    0.57970
  31.00000    0.54162    0.00000    0.54162
  31.50000    0.54383    0.00000    0.54383
  32.00000    0.54442    0.00000    0.54442
  32.50000    0.57893    0.00000    0.57893
  33.00000    0.58021    0.00000    0.58021
  33.50000    0.56981    0.00000    0.56981
  34.00000    0.55247    0.00000    0.55247
  34.50000    0.57853    0.00000    0.57853
  35.00000    0.56814    0.00000    0.56814
  35.50000    0.53810    0.00000    0.53810
  36.00000    0.55546    0.00000    0.55546
  36.50000    0.57343    0.00000    0.57343
  37.00000    0.55199    0.00000    0.55199
  37.50000    0.52597    0.00000    0.52597
  38.00000    0.54828    0.00000    0.54828
  38.50000    0.57547    0.00000    0.57547
  39.00000    0.57141    0.00000    0.57141
  39.50000    0.53363    0.00000    0.53363
  40.00000    0.56117    0.00000    0.56117
  40.50000    0.62409    0.00000    0.62409
  41.00000    0.66703    0.00000    0.66703
  41.50000    0.61373    0.00000    0.61373
  42.00000    0.58378    0.00000    0.58378
  42.50000    0.53603    0.00000    0.53603
  43.00000    0.55626    0.00000    0.55626
  43.50000    0.55517    0.00000    0.55517
  44.00000    0.54454    0.00000    0.54454
  44.50000    0.54190    0.00000    0.54190
  45.00000    0.55154    0.00000    0.55154
  45.50000    0.57230    0.00000    0.57230
  46.00000    0.56684    0.00000    0.56684
  46.50000    0.57003    0.00000    0.57003
  47.00000    0.56480    0.00000    0.56480
  47.50000    0.58846    0.00000    0.58846
  48.00000    0.62790    0.00000    0.62790
  48.50000    0.58667    0.00000    0.58667
  49.00000    0.57346    0.00000    0.57346
  49.50000    0.57437    0.00000    0.57437
  50.00000    0.58214    0.00000    0.58214
  50.50000    0.57108    0.00000    0.57108
  51.00000    0.57364    0.00000    0.57364
  51.50000    0.58734    0.00000    0.58734
  52.00000    0.57856    0.00000    0.57856
  52.50000    0.59874    0.00000    0.59874
  53.00000    0.57102    0.00000    0.57102
  53.50000    0.53304    0.00000    0.53304
  54.00000    0.54811    0.00000    0.54811
  54.50000    0.56596    0.00000    0.56596
  55.00000    0.57079    0.00000    0.57079
  55.50000    0.59124    0.00000    0.59124
  56.00000    0.58659    0.00000    0.58659
  56.50000    0.55628    0.00000    0.55628
  57.00000    0.51841    0.00000    0.51841
  57.50000    0.56248    0.00000    0.56248
  58.00000    0.59747    0.00000    0.59747
  58.50000    0.62378    0.00000    0.62378
  59.00000    0.58545    0.00000    0.58545
  59.50000    0.55398    0.00000    0.55398
  60.00000    0.53273    0.00000    0.53273
  60.50000    0.52551    0.00000    0.52551
  61.00000    0.56717    0.00000    0.56717
  61.50000    0.60846    0.00000    0.60846
  62.00000    0.62663    0.00000    0.62663
  62.50000    0.56200    0.00000    0.56200
  63.00000    0.56858    0.00000    0.56858
  63.50000    0.62260    0.00000    0.62260
  64.00000    0.62100    0.00000    0.62100
  64.50000    0.55151    0.00000    0.55151
  65.00000    0.50862    0.00000    0.50862
  65.50000    0.56466    0.00000    0.56466
  66.00000    0.56352    0.00000    0.56352
  66.50000    0.56765    0.00000    0.56765
  67.00000    0.56210    0.00000    0.56210
  67.50000    0.60687    0.00000    0.60687
  68.00000    0.59654    0.00000    0.59654
  68.50000    0.56791    0.00000    0.56791
  69.00000    0.52976    0.00000    0.52976
  69.50000    0.53103    0.00000    0.53103
  70.00000    0.54998    0.00000    0.54998
  70.50000    0.57659    0.00000    0.57659
  71.00000    0.55879    0.00000    0.55879
  71.50000    0.54262    0.00000    0.54262
  72.00000    0.55103    0.00000    0.55103
  72.50000    0.56667    0.00000    0.56667
  73.00000    0.57901    0.00000    0.57901
  73.50000    0.59975    0.00000    0.59975
  74.00000    0.61986    0.00000    0.61986
  74.50000    0.63140    0.00000    0.63140
  75.00000    0.59754    0.00000    0.59754
  75.50000    0.56190    0.00000    0.56190
  76.00000    0.51146    0.00000    0.51146
  76.50000    0.53937    0.00000    0.53937
  77.00000    0.54098    0.00000    0.54098
  77.50000    0.59984    0.00000    0.59984
  78.00000    0.58891    0.00000    0.58891
  78.50000    0.56390    0.00000    0.56390
  79.00000    0.52188    0.00000    0.52188
  79.50000    0.51032    0.00000    0.51032
  80.00000    0.52716    0.00000    0.52716
  80.50000    0.55240    0.00000    0.55240
  81.00000    0.55086    0.00000    0.55086
  81.50000    0.52070    0.00000    0.52070
  82.00000    0.49960    0.00000    0.49960
  82.50000    0.53127    0.00000    0.53127
  83.00000    0.54531    0.00000    0.54531
  83.50000    0.53920    0.00000    0.53920
  84.00000    0.54346    0.00000    0.54346
  84.50000    0.58945    0.00000    0.58945
  85.00000    0.60791    0.00000    0.60791
  85.50000    0.57387    0.00000    0.57387
  86.00000    0.54765    0.00000    0.54765
  86.50000    0.55538    0.00000    0.55538
  87.00000    0.57709    0.00000    0.57709
  87.50000    0.59181    0.00000    0.59181
  88.00000    0.59575    0.00000    0.59575
  88.50000    0.59357    0.00000    0.59357
  89.00000    0.60230    0.00000    0.60230
  89.50000    0.57691    0.00000    0.57691
  90.00000    0.57417    0.00000    0.57417
  90.50000    0.56543    0.00000    0.56543
  91.00000    0.56710    0.00000    0.56710
  91.50000    0.57240    0.00000    0.57240
  92.00000    0.57940    0.00000    0.57940
  92.50000    0.55154    0.00000    0.55154
  93.00000    0.52875    0.00000    0.52875
  93.50000    0.52245    0.00000    0.52245
  94.00000    0.52318    0.00000    0.52318
  94.50000    0.52785    0.00000    0.52785
  95.00000    0.54917    0.00000    0.54917
  95.50000    0.58034    0.00000    0.58034
  96.00000    0.61071    0.00000    0.61071
  96.50000    0.62042    0.00000    0.62042
  97.00000    0.59098    0.00000    0.59098
  97.50000    0.58092    0.00000    0.58092
  98.00000    0.58769    0.00000    0.58769
  98.50000    0.57549    0.00000    0.57549
  99.00000    0.55554    0.00000    0.55554
  99.50000    0.56400    0.00000    0.56400
 100.00000    0.57986    0.00000    0.57986
 100.50000    0.59910    0.00000    0.59910
 101.00000    0.60043    0.00000    0.60043
 101.50000    0.57068    0.00000    0.57068
 102.00000    0.50206    0.00000    0.50206
 102.50000    0.47432    0.00000    0.47432
 103.00000    0.49826    0.00000    0.49826
 103.50000    0.50945    0.00000    0.50945
 104.00000    0.53081    0.00000    0.53081
 104.50000    0.56296    0.00000    0.56296
 105.00000    0.61940    0.00000    0.61940
 105.50000    0.58949    0.00000    0.58949
 106.00000    0.57129    0.00000    0.57129
 106.50000    0.58200    0.00000    0.58200
 107.00000    0.60324    0.00000    0.60324
 107.50000    0.59608    0.00000    0.59608
 108.00000    0.60996    0.00000    0.60996
 108.50000    0.60880    0.00000    0.60880
 109.00000    0.58884    0.00000    0.58884
 109.50000    0.58788    0.00000    0.58788
 110.00000    0.59593    0.00000    0.59593
 110.50000    0.58522    0.00000    0.58522
 111.00000    0.56578    0.00000    0.56578
 111.50000    0.57619    0.00000    0.57619
 112.00000    0.56701    0.00000    0.56701
 112.50000    0.56872    0.00000    0.56872
 113.00000    0.58305    0.00000    0.58305
 113.50000    0.58209    0.00000    0.58209
 114.00000    0.56690    0.00000    0.56690
 114.50000    0.53547    0.00000    0.53547
 115.00000    0.53180    0.00000    0.53180
 115.50000    0.53850    0.00000    0.53850
 116.00000    0.61102    0.00000    0.61102
 116.50000    0.62516    0.00000    0.62516
 117.00000    0.59943    0.00000    0.59943
 117.50000    0.57692    0.00000    0.57692
 118.00000    0.59988    0.00000    0.59988
 118.50000    0.59794    0.00000    0.59794
 119.00000    0.58710    0.00000    0.58710
 119.50000    0.58392    0.00000    0.58392
 120.00000    0.59044    0.00000    0.59044
 120.50000    0.54830    0.00000    0.54830
 121.00000    0.55823    0.00000    0.55823
 121.50000    0.55037    0.00000    0.55037
 122.00000    0.57982    0.00000    0.57982
 122.50000    0.58411    0.00000    0.58411
 123.00000    0.59612    0.00000    0.59612
 123.50000    0.54192    0.00000    0.54192
 124.00000    0.54110    0.00000    0.54110
 124.50000    0.55494    0.00000    0.55494
 125.00000    0.58551    0.00000    0.58551
 125.50000    0.59459    0.00000    0.59459
 126.00000    0.60192    0.00000    0.60192
 126.50000    0.56791    0.00000    0.56791
 127.00000    0.59366    0.00000    0.59366
 127.50000    0.58819    0.00000    0.58819
 128.00000    0.58629    0.00000    0.58629
 128.50000    0.54270    0.00000    0.54270
 129.00000    0.53958    0.00000    0.53958
 129.50000    0.53717    0.00000    0.53717
 130.00000    0.55059    0.00000    0.55059
 130.50000    0.53263    0.00000    0.53263
 131.00000    0.55113    0.00000    0.55113
 131.50000    0.57143    0.00000    0.57143
 132.00000    0.57442    0.00000    0.57442
 132.50000    0.55181    0.00000    0.55181
 133.00000    0.55209    0.00000    0.55209
 133.50000    0.56943    0.00000    0.56943
 134.00000    0.59144    0.00000    0.59144
 134.50000    0.55475    0.00000    0.55475
 135.00000    0.53531    0.00000    0.53531
 135.50000    0.56390    0.00000    0.56390
 136.00000    0.58928    0.00000    0.58928
 136.50000    0.59119    0.00000    0.59119
 137.00000    0.61082    0.00000    0.61082
 137.50000    0.62785    0.00000    0.62785
 138.00000    0.59606    0.00000    0.59606
 138.50000    0.56036    0.00000    0.56036
 139.00000    0.54258    0.00000    0.54258
 139.50000    0.57687    0.00000    0.57687
 140.00000    0.60564    0.00000    0.60564
 140.50000    0.58855    0.00000    0.58855
 141.00000    0.60081    0.00000    0.60081
 141.50000    0.59012    0.00000    0.59012
 142.00000    0.59580    0.00000    0.59580
 142.50000    0.58301    0.00000    0.58301
 143.00000    0.61441    0.00000    0.61441
 143.50000    0.62486    0.00000    0.62486
 144.00000    0.57221    0.00000    0.57221
 144.50000    0.52581    0.00000    0.52581
 145.00000    0.55478    0.00000    0.55478
 145.50000    0.60653    0.00000    0.60653
 146.00000    0.56285    0.00000    0.56285
 146.50000    0.51735    0.00000    0.51735
 147.00000    0.56057    0.00000    0.56057
 147.50000    0.58318    0.00000    0.58318
 148.00000    0.56324    0.00000    0.56324
 148.50000    0.55865    0.00000    0.55865
 149.00000    0.56210    0.00000    0.56210
 149.50000    0.55157    0.00000    0.55157
 150.00000    0.56927    0.00000    0.56927
