   0.00000    0.44811    0.00000    0.44811
   0.50000    0.47606    0.00000    0.47606
   1.00000    0.47474    0.00000    0.47474
   1.50000    0.48356    0.00000    0.48356
   2.00000    0.51034    0.00000    0.51034
   2.50000    0.50517    0.00000    0.50517
   3.00000    0.49860    0.00000    0.49860
   3.50000    0.51001    0.00000    0.51001
   4.00000    0.49248    0.00000    0.49248
   4.50000    0.49441    0.00000    0.49441
   5.00000    0.46586    0.00000    0.46586
   5.50000    0.47739    0.00000    0.47739
   6.00000    0.46981    0.00000    0.46981
   6.50000    0.52287    0.00000    0.52287
   7.00000    0.51787    0.00000    0.51787
   7.50000    0.48552    0.00000    0.48552
   8.00000    0.45146    0.00000    0.45146
   8.50000    0.46537    0.00000    0.46537
   9.00000    0.48788    0.00000    0.48788
   9.50000    0.48532    0.00000    0.48532
  10.00000    0.48886    0.00000    0.48886
  10.50000    0.49408    0.00000    0.49408
  11.00000    0.49896    0.00000    0.49896
  11.50000    0.47641    0.00000    0.47641
  12.00000    0.45585    0.00000    0.45585
  12.50000    0.46177    0.00000    0.46177
  13.00000    0.45182    0.00000    0.45182
  13.50000    0.45599    0.00000    0.45599
  14.00000    0.45549    0.00000    0.45549
  14.50000    0.48515    0.00000    0.48515
  15.00000    0.48858    0.00000    0.48858
  15.50000    0.50575    0.00000    0.50575
  16.00000    0.48524    0.00000    0.48524
  16.50000    0.48189    0.00000    0.48189
  17.00000    0.48719    0.00000    0.48719
  17.50000    0.49009    0.00000    0.49009
  18.00000    0.49403    0.00000    0.49403
  18.50000    0.51004    0.00000    0.51004
  19.00000    0.52486    0.00000    0.52486
  19.50000    0.50834    0.00000    0.50834
  20.00000    0.49560    0.00000    0.49560
  20.50000    0.48142    0.00000    0.48142
  21.00000    0.47177    0.00000    0.47177
  21.50000    0.46565    0.00000    0.46565
  22.00000    0.47717    0.00000    0.47717
  22.50000    0.48274    0.00000    0.48274
  23.00000    0.48931    0.00000    0.48931
  23.50000    0.50630    0.00000    0.50630
  24.00000    0.53092    0.00000    0.53092
  24.50000    0.50764    0.00000    0.50764
  25.00000    0.47846    0.00000    0.47846
  25.50000    0.46463    0.00000    0.46463
  26.00000    0.47877    0.00000    0.47877
  26.50000    0.48224    0.00000    0.48224
  27.00000    0.49512    0.00000    0.49512
  27.50000    0.48166    0.00000    0.48166
  28.00000    0.47770    0.00000    0.47770
  28.50000    0.46972    0.00000    0.46972
  29.00000    0.49222    0.00000    0.49222
  29.50000    0.51618    0.00000    0.51618
  30.00000    0.52356    0.00000    0.52356
  30.50000    0.50872    0.00000    0.50872
  31.00000    0.47738    0.00000    0.47738
  31.50000    0.48111    0.00000    0.48111
  32.00000    0.47548    0.00000    0.47548
  32.50000    0.49736    0.00000    0.49736
  33.00000    0.50097    0.00000    0.50097
  33.50000    0.50652    0.00000    0.50652
  34.00000    0.50215    0.00000    0.50215
  34.50000    0.50268    0.00000    0.50268
  35.00000    0.49233    0.00000    0.49233
  35.50000    0.47890    0.00000    0.47890
  36.00000    0.49647    0.00000    0.49647
  36.50000    0.49070    0.00000    0.49070
  37.00000    0.49096    0.00000    0.49096
  37.50000    0.48471    0.00000    0.48471
  38.00000    0.50190    0.00000    0.50190
  38.50000    0.51095    0.00000    0.51095
  39.00000    0.51504    0.00000    0.51504
  39.50000    0.47400    0.00000    0.47400
  40.00000    0.46720    0.00000    0.46720
  40.50000    0.50822    0.00000    0.50822
  41.00000    0.54795    0.00000    0.54795
  41.50000    0.52418    0.00000    0.52418
  42.00000    0.50019    0.00000    0.50019
  42.50000    0.46772    0.00000    0.46772
  43.00000    0.47760    0.00000    0.47760
  43.50000    0.47066    0.00000    0.47066
  44.00000    0.48947    0.00000    0.48947
  44.50000    0.49927    0.00000    0.49927
  45.00000    0.50006    0.00000    0.50006
  45.50000    0.49025    0.00000    0.49025
  46.00000    0.48712    0.00000    0.48712
  46.50000    0.48587    0.00000    0.48587
  47.00000    0.49222    0.00000    0.49222
  47.50000    0.52449    0.00000    0.52449
  48.00000    0.54905    0.00000    0.54905
  48.50000    0.49954    0.00000    0.49954
  49.00000    0.48645    0.00000    0.48645
  49.50000    0.49952    0.00000    0.49952
  50.00000    0.51592    0.00000    0.51592
  50.50000    0.50453    0.00000    0.50453
  51.00000    0.49659    0.00000    0.49659
  51.50000    0.50777    0.00000    0.50777
  52.00000    0.49170    0.00000    0.49170
  52.50000    0.51500    0.00000    0.51500
  53.00000    0.49247    0.00000    0.49247
  53.50000    0.47177    0.00000    0.47177
  54.00000    0.47824    0.00000    0.47824
  54.50000    0.50823    0.00000    0.50823
  55.00000    0.50980    0.00000    0.50980
  55.50000    0.52142    0.00000    0.52142
  56.00000    0.53205    0.00000    0.53205
  56.50000    0.48832    0.00000    0.48832
  57.00000    0.45638    0.00000    0.45638
  57.50000    0.49111    0.00000    0.49111
  58.00000    0.53059    0.00000    0.53059
  58.50000    0.51755    0.00000    0.51755
  59.00000    0.47791    0.00000    0.47791
  59.50000    0.46109    0.00000    0.46109
  60.00000    0.45866    0.00000    0.45866
  60.50000    0.46018    0.00000    0.46018
  61.00000    0.50394    0.00000    0.50394
  61.50000    0.51457    0.00000    0.51457
  62.00000    0.52948    0.00000    0.52948
  62.50000    0.48204    0.00000    0.48204
  63.00000    0.50003    0.00000    0.50003
  63.50000    0.52349    0.00000    0.52349
  64.00000    0.53947    0.00000    0.53947
  64.50000    0.50719    0.00000    0.50719
  65.00000    0.47918    0.00000    0.47918
  65.50000    0.51810    0.00000    0.51810
  66.00000    0.51332    0.00000    0.51332
  66.50000    0.50301    0.00000    0.50301
  67.00000    0.47559    0.00000    0.47559
  67.50000    0.50381    0.00000    0.50381
  68.00000    0.52853    0.00000    0.52853
  68.50000    0.51276    0.00000    0.51276
  69.00000    0.46994    0.00000    0.46994
  69.50000    0.44869    0.00000    0.44869
  70.00000    0.47145    0.00000    0.47145
  70.50000    0.49413    0.00000    0.49413
  71.00000    0.49262    0.00000    0.49262
  71.50000    0.46431    0.00000    0.46431
  72.00000    0.46514    0.00000    0.46514
  72.50000    0.49294    0.00000    0.49294
  73.00000    0.51847    0.00000    0.51847
  73.50000    0.51443    0.00000    0.51443
  74.00000    0.51867    0.00000    0.51867
  74.50000    0.53384    0.00000    0.53384
  75.00000    0.50737    0.00000    0.50737
  75.50000    0.48490    0.00000    0.48490
  76.00000    0.45768    0.00000    0.45768
  76.50000    0.48418    0.00000    0.48418
  77.00000    0.49220    0.00000    0.49220
  77.50000    0.51991    0.00000    0.51991
  78.00000    0.50926    0.00000    0.50926
  78.50000    0.47782    0.00000    0.47782
  79.00000    0.46401    0.00000    0.46401
  79.50000    0.44952    0.00000    0.44952
  80.00000    0.48584    0.00000    0.48584
  80.50000    0.49931    0.00000    0.49931
  81.00000    0.48873    0.00000    0.48873
  81.50000    0.45859    0.00000    0.45859
  82.00000    0.45005    0.00000    0.45005
  82.50000    0.49157    0.00000    0.49157
  83.00000    0.50233    0.00000    0.50233
  83.50000    0.49815    0.00000    0.49815
  84.00000    0.47538    0.00000    0.47538
  84.50000    0.51339    0.00000    0.51339
  85.00000    0.52122    0.00000    0.52122
  85.50000    0.48733    0.00000    0.48733
  86.00000    0.44872    0.00000    0.44872
  86.50000    0.46512    0.00000    0.46512
  87.00000    0.47883    0.00000    0.47883
  87.50000    0.49625    0.00000    0.49625
  88.00000    0.50210    0.00000    0.50210
  88.50000    0.50640    0.00000    0.50640
  89.00000    0.51600    0.00000    0.51600
  89.50000    0.51506    0.00000    0.51506
  90.00000    0.51342    0.00000    0.51342
  90.50000    0.49223    0.00000    0.49223
  91.00000    0.48081    0.00000    0.48081
  91.50000    0.48312    0.00000    0.48312
  92.00000    0.51157    0.00000    0.51157
  92.50000    0.47873    0.00000    0.47873
  93.00000    0.46547    0.00000    0.46547
  93.50000    0.45242    0.00000    0.45242
  94.00000    0.46737    0.00000    0.46737
  94.50000    0.43730    0.00000    0.43730
  95.00000    0.47625    0.00000    0.47625
  95.50000    0.51894    0.00000    0.51894
  96.00000    0.54623    0.00000    0.54623
  96.50000    0.52882    0.00000    0.52882
  97.00000    0.50935    0.00000    0.50935
  97.50000    0.50471    0.00000    0.50471
  98.00000    0.49738    0.00000    0.49738
  98.50000    0.48354    0.00000    0.48354
  99.00000    0.46761    0.00000    0.46761
  99.50000    0.47873    0.00000    0.47873
 100.00000    0.48073    0.00000    0.48073
 100.50000    0.50218    0.00000    0.50218
 101.00000    0.52419    0.00000    0.52419
 101.50000    0.50337    0.00000    0.50337
 102.00000    0.44827    0.00000    0.44827
 102.50000    0.41373    0.00000    0.41373
 103.00000    0.46048    0.00000    0.46048
 103.50000    0.46958    0.00000    0.46958
 104.00000    0.47779    0.00000    0.47779
 104.50000    0.46649    0.00000    0.46649
 105.00000    0.52103    0.00000    0.52103
 105.50000    0.51327    0.00000    0.51327
 106.00000    0.49019    0.00000    0.49019
 106.50000    0.46979    0.00000    0.46979
 107.00000    0.51353    0.00000    0.51353
 107.50000    0.52249    0.00000    0.52249
 108.00000    0.52868    0.00000    0.52868
 108.50000    0.51298    0.00000    0.51298
 109.00000    0.51534    0.00000    0.51534
 109.50000    0.51184    0.00000    0.51184
 110.00000    0.50888    0.00000    0.50888
 110.50000    0.48309    0.00000    0.48309
 111.00000    0.47305    0.00000    0.47305
 111.50000    0.49490    0.00000    0.49490
 112.00000    0.51188    0.00000    0.51188
 112.50000    0.50961    0.00000    0.50961
 113.00000    0.50877    0.00000    0.50877
 113.50000    0.48298    0.00000    0.48298
 114.00000    0.46391    0.00000    0.46391
 114.50000    0.44590    0.00000    0.44590
 115.00000    0.45698    0.00000    0.45698
 115.50000    0.46441    0.00000    0.46441
 116.00000    0.52061    0.00000    0.52061
 116.50000    0.51003    0.00000    0.51003
 117.00000    0.49273    0.00000    0.49273
 117.50000    0.46938    0.00000    0.46938
 118.00000    0.50158    0.00000    0.50158
 118.50000    0.49839    0.00000    0.49839
 119.00000    0.50582    0.00000    0.50582
 119.50000    0.51627    0.00000    0.51627
 120.00000    0.52709    0.00000    0.52709
 120.50000    0.48244    0.00000    0.48244
 121.00000    0.48313    0.00000    0.48313
 121.50000    0.48078    0.00000    0.48078
 122.00000    0.48585    0.00000    0.48585
 122.50000    0.47491    0.00000    0.47491
 123.00000    0.50136    0.00000    0.50136
 123.50000    0.48784    0.00000    0.48784
 124.00000    0.46890    0.00000    0.46890
 124.50000    0.46461    0.00000    0.46461
 125.00000    0.47913    0.00000    0.47913
 125.50000    0.50108    0.00000    0.50108
 126.00000    0.49990    0.00000    0.49990
 126.50000    0.48094    0.00000    0.48094
 127.00000    0.48180    0.00000    0.48180
 127.50000    0.49105    0.00000    0.49105
 128.00000    0.48514    0.00000    0.48514
 128.50000    0.47221    0.00000    0.47221
 129.00000    0.46701    0.00000    0.46701
 129.50000    0.47347    0.00000    0.47347
 130.00000    0.48189    0.00000    0.48189
 130.50000    0.47131    0.00000    0.47131
 131.00000    0.48056    0.00000    0.48056
 131.50000    0.48110    0.00000    0.48110
 132.00000    0.49468    0.00000    0.49468
 132.50000    0.49003    0.00000    0.49003
 133.00000    0.48425    0.00000    0.48425
 133.50000    0.47604    0.00000    0.47604
 134.00000    0.50276    0.00000    0.50276
 134.50000    0.51891    0.00000    0.51891
 135.00000    0.50957    0.00000    0.50957
 135.50000    0.51611    0.00000    0.51611
 136.00000    0.51820    0.00000    0.51820
 136.50000    0.50393    0.00000    0.50393
 137.00000    0.49514    0.00000    0.49514
 137.50000    0.50512    0.00000    0.50512
 138.00000    0.50255    0.00000    0.50255
 138.50000    0.47572    0.00000    0.47572
 139.00000    0.47060    0.00000    0.47060
 139.50000    0.48963    0.00000    0.48963
 140.00000    0.50898    0.00000    0.50898
 140.50000    0.49410    0.00000    0.49410
 141.00000    0.51868    0.00000    0.51868
 141.50000    0.49423    0.00000    0.49423
 142.00000    0.49519    0.00000    0.49519
 142.50000    0.49383    0.00000    0.49383
 143.00000    0.55264    0.00000    0.55264
 143.50000    0.56711    0.00000    0.56711
 144.00000    0.52766    0.00000    0.52766
 144.50000    0.47574    0.00000    0.47574
 145.00000    0.48829    0.00000    0.48829
 145.50000    0.52463    0.00000    0.52463
 146.00000    0.48456    0.00000    0.48456
 146.50000    0.45442    0.00000    0.45442
 147.00000    0.48425    0.00000    0.48425
 147.50000    0.51364    0.00000    0.51364
 148.00000    0.49189    0.00000    0.49189
 148.50000    0.46525    0.00000    0.46525
 149.00000    0.46242    0.00000    0.46242
 149.50000    0.47566    0.00000    0.47566
 150.00000    0.45181    0.00000    0.45181
