   0.00000    0.53794    0.00000    0.53794
   0.50000    0.58214    0.00000    0.58214
   1.00000    0.57902    0.00000    0.57902
   1.50000    0.56398    0.00000    0.56398
   2.00000    0.58376    0.00000    0.58376
   2.50000    0.56560    0.00000    0.56560
   3.00000    0.59550    0.00000    0.59550
   3.50000    0.60905    0.00000    0.60905
   4.00000    0.58726    0.00000    0.58726
   4.50000    0.54943    0.00000    0.54943
   5.00000    0.56105    0.00000    0.56105
   5.50000    0.58295    0.00000    0.58295
   6.00000    0.59519    0.00000    0.59519
   6.50000    0.62777    0.00000    0.62777
   7.00000    0.62666    0.00000    0.62666
   7.50000    0.57347    0.00000    0.57347
   8.00000    0.54979    0.00000    0.54979
   8.50000    0.56444    0.00000    0.56444
   9.00000    0.58656    0.00000    0.58656
   9.50000    0.56972    0.00000    0.56972
  10.00000    0.58141    0.00000    0.58141
  10.50000    0.60990    0.00000    0.60990
  11.00000    0.61660    0.00000    0.61660
  11.50000    0.58572    0.00000    0.58572
  12.00000    0.56879    0.00000    0.56879
  12.50000    0.58845    0.00000    0.58845
  13.00000    0.56645    0.00000    0.56645
  13.50000    0.57779    0.00000    0.57779
  14.00000    0.56634    0.00000    0.56634
  14.50000    0.59323    0.00000    0.59323
  15.00000    0.57798    0.00000    0.57798
  15.50000    0.61856    0.00000    0.61856
  16.00000    0.59387    0.00000    0.59387
  16.50000    0.62076    0.00000    0.62076
  17.00000    0.61373    0.00000    0.61373
  17.50000    0.60084    0.00000    0.60084
  18.00000    0.57409    0.00000    0.57409
  18.50000    0.62294    0.00000    0.62294
  19.00000    0.63729    0.00000    0.63729
  19.50000    0.61255    0.00000    0.61255
  20.00000    0.58165    0.00000    0.58165
  20.50000    0.57605    0.00000    0.57605
  21.00000    0.55565    0.00000    0.55565
  21.50000    0.57450    0.00000    0.57450
  22.00000    0.60269    0.00000    0.60269
  22.50000    0.59992    0.00000    0.59992
  23.00000    0.57743    0.00000    0.57743
  23.50000    0.60908    0.00000    0.60908
  24.00000    0.63807    0.00000    0.63807
  24.50000    0.61552    0.00000    0.61552
  25.00000    0.57326    0.00000    0.57326
  25.50000    0.56796    0.00000    0.56796
  26.00000    0.57094    0.00000    0.57094
  26.50000    0.57412    0.00000    0.57412
  27.00000    0.58332    0.00000    0.58332
  27.50000    0.57520    0.00000    0.57520
  28.00000    0.57421    0.00000    0.57421
  28.50000    0.57186    0.00000    0.57186
  29.00000    0.60281    0.00000    0.60281
  29.50000    0.62563    0.00000    0.62563
  30.00000    0.62708    0.00000    0.62708
  30.50000    0.60812    0.00000    0.60812
  31.00000    0.57457    0.00000    0.57457
  31.50000    0.58939    0.00000    0.58939
  32.00000    0.59021    0.00000    0.59021
  32.50000    0.61093    0.00000    0.61093
  33.00000    0.59533    0.00000    0.59533
  33.50000    0.58980    0.00000    0.58980
  34.00000    0.59421    0.00000    0.59421
  34.50000    0.61623    0.00000    0.61623
  35.00000    0.60125    0.00000    0.60125
  35.50000    0.56708    0.00000    0.56708
  36.00000    0.59043    0.00000    0.59043
  36.50000    0.59420    0.00000    0.59420
  37.00000    0.56622    0.00000    0.56622
  37.50000    0.53482    0.00000    0.53482
  38.00000    0.58484    0.00000    0.58484
  38.50000    0.63083    0.00000    0.63083
  39.00000    0.62861    0.00000    0.62861
  39.50000    0.56588    0.00000    0.56588
  40.00000    0.58647    0.00000    0.58647
  40.50000    0.66531    0.00000    0.66531
  41.00000    0.69983    0.00000    0.69983
  41.50000    0.64011    0.00000    0.64011
  42.00000    0.60242    0.00000    0.60242
  42.50000    0.55825    0.00000    0.55825
  43.00000    0.57599    0.00000    0.57599
  43.50000    0.58180    0.00000    0.58180
  44.00000    0.58837    0.00000    0.58837
  44.50000    0.57761    0.00000    0.57761
  45.00000    0.57431    0.00000    0.57431
  45.50000    0.58657    0.00000    0.58657
  46.00000    0.58596    0.00000    0.58596
  46.50000    0.59436    0.00000    0.59436
  47.00000    0.58819    0.00000    0.58819
  47.50000    0.60639    0.00000    0.60639
  48.00000    0.63454    0.00000    0.63454
  48.50000    0.60203    0.00000    0.60203
  49.00000    0.60405    0.00000    0.60405
  49.50000    0.61012    0.00000    0.61012
  50.00000    0.61386    0.00000    0.61386
  50.50000    0.59953    0.00000    0.59953
  51.00000    0.59312    0.00000    0.59312
  51.50000    0.60035    0.00000    0.60035
  52.00000    0.60296    0.00000    0.60296
  52.50000    0.63989    0.00000    0.63989
  53.00000    0.60512    0.00000    0.60512
  53.50000    0.55040    0.00000    0.55040
  54.00000    0.57449    0.00000    0.57449
  54.50000    0.61260    0.00000    0.61260
  55.00000    0.62879    0.00000    0.62879
  55.50000    0.64171    0.00000    0.64171
  56.00000    0.63180    0.00000    0.63180
  56.50000    0.57625    0.00000    0.57625
  57.00000    0.52282    0.00000    0.52282
  57.50000    0.55352    0.00000    0.55352
  58.00000    0.60291    0.00000    0.60291
  58.50000    0.65105    0.00000    0.65105
  59.00000    0.63042    0.00000    0.63042
  59.50000    0.57278    0.00000    0.57278
  60.00000    0.53204    0.00000    0.53204
  60.50000    0.53612    0.00000    0.53612
  61.00000    0.60709    0.00000    0.60709
  61.50000    0.64332    0.00000    0.64332
  62.00000    0.64879    0.00000    0.64879
  62.50000    0.58637    0.00000    0.58637
  63.00000    0.61448    0.00000    0.61448
  63.50000    0.65116    0.00000    0.65116
  64.00000    0.64697    0.00000    0.64697
  64.50000    0.56139    0.00000    0.56139
  65.00000    0.53244    0.00000    0.53244
  65.50000    0.58130    0.00000    0.58130
  66.00000    0.59904    0.00000    0.59904
  66.50000    0.60173    0.00000    0.60173
  67.00000    0.59345    0.00000    0.59345
  67.50000    0.60390    0.00000    0.60390
  68.00000    0.61428    0.00000    0.61428
  68.50000    0.60608    0.00000    0.60608
  69.00000    0.56996    0.00000    0.56996
  69.50000    0.53766    0.00000    0.53766
  70.00000    0.56044    0.00000    0.56044
  70.50000    0.59765    0.00000    0.59765
  71.00000    0.58896    0.00000    0.58896
  71.50000    0.56651    0.00000    0.56651
  72.00000    0.57384    0.00000    0.57384
  72.50000    0.59663    0.00000    0.59663
  73.00000    0.60884    0.00000    0.60884
  73.50000    0.61446    0.00000    0.61446
  74.00000    0.64338    0.00000    0.64338
  74.50000    0.68441    0.00000    0.68441
  75.00000    0.65253    0.00000    0.65253
  75.50000    0.59710    0.00000    0.59710
  76.00000    0.52922    0.00000    0.52922
  76.50000    0.57332    0.00000    0.57332
  77.00000    0.58568    0.00000    0.58568
  77.50000    0.63197    0.00000    0.63197
  78.00000    0.59661    0.00000    0.59661
  78.50000    0.57182    0.00000    0.57182
  79.00000    0.54321    0.00000    0.54321
  79.50000    0.53563    0.00000    0.53563
  80.00000    0.56041    0.00000    0.56041
  80.50000    0.58875    0.00000    0.58875
  81.00000    0.57169    0.00000    0.57169
  81.50000    0.54128    0.00000    0.54128
  82.00000    0.53087    0.00000    0.53087
  82.50000    0.57950    0.00000    0.57950
  83.00000    0.59091    0.00000    0.59091
  83.50000    0.59216    0.00000    0.59216
  84.00000    0.58989    0.00000    0.58989
  84.50000    0.62848    0.00000    0.62848
  85.00000    0.64198    0.00000    0.64198
  85.50000    0.59088    0.00000    0.59088
  86.00000    0.57116    0.00000    0.57116
  86.50000    0.58452    0.00000    0.58452
  87.00000    0.61209    0.00000    0.61209
  87.50000    0.60407    0.00000    0.60407
  88.00000    0.60101    0.00000    0.60101
  88.50000    0.60504    0.00000    0.60504
  89.00000    0.63641    0.00000    0.63641
  89.50000    0.62959    0.00000    0.62959
  90.00000    0.62167    0.00000    0.62167
  90.50000    0.59719    0.00000    0.59719
  91.00000    0.58064    0.00000    0.58064
  91.50000    0.58212    0.00000    0.58212
  92.00000    0.60441    0.00000    0.60441
  92.50000    0.57936    0.00000    0.57936
  93.00000    0.56274    0.00000    0.56274
  93.50000    0.56306    0.00000    0.56306
  94.00000    0.56911    0.00000    0.56911
  94.50000    0.55007    0.00000    0.55007
  95.00000    0.56138    0.00000    0.56138
  95.50000    0.60135    0.00000    0.60135
  96.00000    0.62336    0.00000    0.62336
  96.50000    0.64366    0.00000    0.64366
  97.00000    0.60927    0.00000    0.60927
  97.50000    0.60737    0.00000    0.60737
  98.00000    0.61284    0.00000    0.61284
  98.50000    0.60904    0.00000    0.60904
  99.00000    0.59228    0.00000    0.59228
  99.50000    0.59380    0.00000    0.59380
 100.00000    0.60944    0.00000    0.60944
 100.50000    0.61293    0.00000    0.61293
 101.00000    0.61583    0.00000    0.61583
 101.50000    0.57817    0.00000    0.57817
 102.00000    0.52613    0.00000    0.52613
 102.50000    0.51316    0.00000    0.51316
 103.00000    0.53053    0.00000    0.53053
 103.50000    0.52659    0.00000    0.52659
 104.00000    0.54753    0.00000    0.54753
 104.50000    0.59308    0.00000    0.59308
 105.00000    0.64950    0.00000    0.64950
 105.50000    0.62416    0.00000    0.62416
 106.00000    0.59648    0.00000    0.59648
 106.50000    0.59502    0.00000    0.59502
 107.00000    0.61157    0.00000    0.61157
 107.50000    0.59888    0.00000    0.59888
 108.00000    0.60850    0.00000    0.60850
 108.50000    0.62847    0.00000    0.62847
 109.00000    0.62194    0.00000    0.62194
 109.50000    0.62377    0.00000    0.62377
 110.00000    0.62379    0.00000    0.62379
 110.50000    0.62967    0.00000    0.62967
 111.00000    0.60027    0.00000    0.60027
 111.50000    0.61030    0.00000    0.61030
 112.00000    0.60102    0.00000    0.60102
 112.50000    0.60470    0.00000    0.60470
 113.00000    0.61875    0.00000    0.61875
 113.50000    0.61000    0.00000    0.61000
 114.00000    0.58861    0.00000    0.58861
 114.50000    0.55089    0.00000    0.55089
 115.00000    0.55177    0.00000    0.55177
 115.50000    0.56910    0.00000    0.56910
 116.00000    0.64061    0.00000    0.64061
 116.50000    0.65541    0.00000    0.65541
 117.00000    0.61984    0.00000    0.61984
 117.50000    0.60927    0.00000    0.60927
 118.00000    0.61686    0.00000    0.61686
 118.50000    0.61683    0.00000    0.61683
 119.00000    0.59224    0.00000    0.59224
 119.50000    0.61507    0.00000    0.61507
 120.00000    0.62319    0.00000    0.62319
 120.50000    0.59556    0.00000    0.59556
 121.00000    0.59579    0.00000    0.59579
 121.50000    0.58700    0.00000    0.58700
 122.00000    0.61310    0.00000    0.61310
 122.50000    0.61972    0.00000    0.61972
 123.00000    0.63976    0.00000    0.63976
 123.50000    0.57919    0.00000    0.57919
 124.00000    0.56442    0.00000    0.56442
 124.50000    0.58006    0.00000    0.58006
 125.00000    0.60224    0.00000    0.60224
 125.50000    0.60862    0.00000    0.60862
 126.00000    0.60179    0.00000    0.60179
 126.50000    0.59013    0.00000    0.59013
 127.00000    0.60656    0.00000    0.60656
 127.50000    0.62270    0.00000    0.62270
 128.00000    0.60736    0.00000    0.60736
 128.50000    0.56399    0.00000    0.56399
 129.00000    0.53893    0.00000    0.53893
 129.50000    0.56124    0.00000    0.56124
 130.00000    0.59165    0.00000    0.59165
 130.50000    0.58222    0.00000    0.58222
 131.00000    0.58557    0.00000    0.58557
 131.50000    0.60735    0.00000    0.60735
 132.00000    0.62425    0.00000    0.62425
 132.50000    0.61270    0.00000    0.61270
 133.00000    0.58113    0.00000    0.58113
 133.50000    0.56761    0.00000    0.56761
 134.00000    0.59070    0.00000    0.59070
 134.50000    0.58423    0.00000    0.58423
 135.00000    0.56226    0.00000    0.56226
 135.50000    0.57620    0.00000    0.57620
 136.00000    0.60848    0.00000    0.60848
 136.50000    0.61926    0.00000    0.61926
 137.00000    0.63173    0.00000    0.63173
 137.50000    0.64085    0.00000    0.64085
 138.00000    0.61397    0.00000    0.61397
 138.50000    0.59293    0.00000    0.59293
 139.00000    0.58732    0.00000    0.58732
 139.50000    0.61929    0.00000    0.61929
 140.00000    0.63097    0.00000    0.63097
 140.50000    0.60964    0.00000    0.60964
 141.00000    0.62545    0.00000    0.62545
 141.50000    0.61408    0.00000    0.61408
 142.00000    0.62192    0.00000    0.62192
 142.50000    0.59867    0.00000    0.59867
 143.00000    0.63429    0.00000    0.63429
 143.50000    0.63877    0.00000    0.63877
 144.00000    0.61662    0.00000    0.61662
 144.50000    0.56476    0.00000    0.56476
 145.00000    0.58690    0.00000    0.58690
 145.50000    0.59900    0.00000    0.59900
 146.00000    0.57978    0.00000    0.57978
 146.50000    0.55896    0.00000    0.55896
 147.00000    0.61555    0.00000    0.61555
 147.50000    0.61042    0.00000    0.61042
 148.00000    0.58599    0.00000    0.58599
 148.50000    0.57565    0.00000    0.57565
 149.00000    0.57355    0.00000    0.57355
 149.50000    0.55985    0.00000    0.55985
 150.00000    0.60730    0.00000    0.60730
