   0.00000    0.51619    0.00000    0.51619
   0.50000    0.52000    0.00000    0.52000
   1.00000    0.54374    0.00000    0.54374
   1.50000    0.55217    0.00000    0.55217
   2.00000    0.53221    0.00000    0.53221
   2.50000    0.51072    0.00000    0.51072
   3.00000    0.52963    0.00000    0.52963
   3.50000    0.56611    0.00000    0.56611
   4.00000    0.55596    0.00000    0.55596
   4.50000    0.54867    0.00000    0.54867
   5.00000    0.51214    0.00000    0.51214
   5.50000    0.51359    0.00000    0.51359
   6.00000    0.51620    0.00000    0.51620
   6.50000    0.57454    0.00000    0.57454
   7.00000    0.57080    0.00000    0.57080
   7.50000    0.52395    0.00000    0.52395
   8.00000    0.48924    0.00000    0.48924
   8.50000    0.51338    0.00000    0.51338
   9.00000    0.54728    0.00000    0.54728
   9.50000    0.55657    0.00000    0.55657
  10.00000    0.57455    0.00000    0.57455
  10.50000    0.58737    0.00000    0.58737
  11.00000    0.57578    0.00000    0.57578
  11.50000    0.55410    0.00000    0.55410
  12.00000    0.51094    0.00000    0.51094
  12.50000    0.52611    0.00000    0.52611
  13.00000    0.51774    0.00000    0.51774
  13.50000    0.52238    0.00000    0.52238
  14.00000    0.50879    0.00000    0.50879
  14.50000    0.52302    0.00000    0.52302
  15.00000    0.56205    0.00000    0.56205
  15.50000    0.60961    0.00000    0.60961
  16.00000    0.59017    0.00000    0.59017
  16.50000    0.54698    0.00000    0.54698
  17.00000    0.55589    0.00000    0.55589
  17.50000    0.58262    0.00000    0.58262
  18.00000    0.56605    0.00000    0.56605
  18.50000    0.56516    0.00000    0.56516
  19.00000    0.57125    0.00000    0.57125
  19.50000    0.55758    0.00000    0.55758
  20.00000    0.54338    0.00000    0.54338
  20.50000    0.53742    0.00000    0.53742
  21.00000    0.53765    0.00000    0.53765
  21.50000    0.52945    0.00000    0.52945
  22.00000    0.54584    0.00000    0.54584
  22.50000    0.53017    0.00000    0.53017
  23.00000    0.52268    0.00000    0.52268
  23.50000    0.54939    0.00000    0.54939
  24.00000    0.59733    0.00000    0.59733
  24.50000    0.57723    0.00000    0.57723
  25.00000    0.52942    0.00000    0.52942
  25.50000    0.53164    0.00000    0.53164
  26.00000    0.53512    0.00000    0.53512
  26.50000    0.52578    0.00000    0.52578
  27.00000    0.53031    0.00000    0.53031
  27.50000    0.54701    0.00000    0.54701
  28.00000    0.54390    0.00000    0.54390
  28.50000    0.52832    0.00000    0.52832
  29.00000    0.54386    0.00000    0.54386
  29.50000    0.56010    0.00000    0.56010
  30.00000    0.55427    0.00000    0.55427
  30.50000    0.55058    0.00000    0.55058
  31.00000    0.52735    0.00000    0.52735
  31.50000    0.54304    0.00000    0.54304
  32.00000    0.54623    0.00000    0.54623
  32.50000    0.55034    0.00000    0.55034
  33.00000    0.56335    0.00000    0.56335
  33.50000    0.57974    0.00000    0.57974
  34.00000    0.58085    0.00000    0.58085
  34.50000    0.56716    0.00000    0.56716
  35.00000    0.56598    0.00000    0.56598
  35.50000    0.54400    0.00000    0.54400
  36.00000    0.53575    0.00000    0.53575
  36.50000    0.55665    0.00000    0.55665
  37.00000    0.55607    0.00000    0.55607
  37.50000    0.55121    0.00000    0.55121
  38.00000    0.54594    0.00000    0.54594
  38.50000    0.58485    0.00000    0.58485
  39.00000    0.57032    0.00000    0.57032
  39.50000    0.52740    0.00000    0.52740
  40.00000    0.51986    0.00000    0.51986
  40.50000    0.59734    0.00000    0.59734
  41.00000    0.63485    0.00000    0.63485
  41.50000    0.58422    0.00000    0.58422
  42.00000    0.52527    0.00000    0.52527
  42.50000    0.49711    0.00000    0.49711
  43.00000    0.51095    0.00000    0.51095
  43.50000    0.52315    0.00000    0.52315
  44.00000    0.54049    0.00000    0.54049
  44.50000    0.54763    0.00000    0.54763
  45.00000    0.51825    0.00000    0.51825
  45.50000    0.50902    0.00000    0.50902
  46.00000    0.52147    0.00000    0.52147
  46.50000    0.54115    0.00000    0.54115
  47.00000    0.53175    0.00000    0.53175
  47.50000    0.55063    0.00000    0.55063
  48.00000    0.58666    0.00000    0.58666
  48.50000    0.56818    0.00000    0.56818
  49.00000    0.56797    0.00000    0.56797
  49.50000    0.56420    0.00000    0.56420
  50.00000    0.57175    0.00000    0.57175
  50.50000    0.54100    0.00000    0.54100
  51.00000    0.54255    0.00000    0.54255
  51.50000    0.56302    0.00000    0.56302
  52.00000    0.56915    0.00000    0.56915
  52.50000    0.58974    0.00000    0.58974
  53.00000    0.55649    0.00000    0.55649
  53.50000    0.50837    0.00000    0.50837
  54.00000    0.50792    0.00000    0.50792
  54.50000    0.56033    0.00000    0.56033
  55.00000    0.56265    0.00000    0.56265
  55.50000    0.56985    0.00000    0.56985
  56.00000    0.57674    0.00000    0.57674
  56.50000    0.55001    0.00000    0.55001
  57.00000    0.50533    0.00000    0.50533
  57.50000    0.54010    0.00000    0.54010
  58.00000    0.57994    0.00000    0.57994
  58.50000    0.57708    0.00000    0.57708
  59.00000    0.55343    0.00000    0.55343
  59.50000    0.53806    0.00000    0.53806
  60.00000    0.52715    0.00000    0.52715
  60.50000    0.51705    0.00000    0.51705
  61.00000    0.55692    0.00000    0.55692
  61.50000    0.57689    0.00000    0.57689
  62.00000    0.58706    0.00000    0.58706
  62.50000    0.53831    0.00000    0.53831
  63.00000    0.55717    0.00000    0.55717
  63.50000    0.60370    0.00000    0.60370
  64.00000    0.60573    0.00000    0.60573
  64.50000    0.52635    0.00000    0.52635
  65.00000    0.49549    0.00000    0.49549
  65.50000    0.57687    0.00000    0.57687
  66.00000    0.60932    0.00000    0.60932
  66.50000    0.58704    0.00000    0.58704
  67.00000    0.54358    0.00000    0.54358
  67.50000    0.59077    0.00000    0.59077
  68.00000    0.62214    0.00000    0.62214
  68.50000    0.58745    0.00000    0.58745
  69.00000    0.51596    0.00000    0.51596
  69.50000    0.49229    0.00000    0.49229
  70.00000    0.53310    0.00000    0.53310
  70.50000    0.53523    0.00000    0.53523
  71.00000    0.53148    0.00000    0.53148
  71.50000    0.50773    0.00000    0.50773
  72.00000    0.51297    0.00000    0.51297
  72.50000    0.52218    0.00000    0.52218
  73.00000    0.53143    0.00000    0.53143
  73.50000    0.55692    0.00000    0.55692
  74.00000    0.56686    0.00000    0.56686
  74.50000    0.59669    0.00000    0.59669
  75.00000    0.55950    0.00000    0.55950
  75.50000    0.54361    0.00000    0.54361
  76.00000    0.50018    0.00000    0.50018
  76.50000    0.51564    0.00000    0.51564
  77.00000    0.52988    0.00000    0.52988
  77.50000    0.58732    0.00000    0.58732
  78.00000    0.57959    0.00000    0.57959
  78.50000    0.54499    0.00000    0.54499
  79.00000    0.52130    0.00000    0.52130
  79.50000    0.51651    0.00000    0.51651
  80.00000    0.55241    0.00000    0.55241
  80.50000    0.58010    0.00000    0.58010
  81.00000    0.56095    0.00000    0.56095
  81.50000    0.51061    0.00000    0.51061
  82.00000    0.50185    0.00000    0.50185
  82.50000    0.55015    0.00000    0.55015
  83.00000    0.56472    0.00000    0.56472
  83.50000    0.53488    0.00000    0.53488
  84.00000    0.53474    0.00000    0.53474
  84.50000    0.57784    0.00000    0.57784
  85.00000    0.59604    0.00000    0.59604
  85.50000    0.56482    0.00000    0.56482
  86.00000    0.53574    0.00000    0.53574
  86.50000    0.55687    0.00000    0.55687
  87.00000    0.56745    0.00000    0.56745
  87.50000    0.59165    0.00000    0.59165
  88.00000    0.56428    0.00000    0.56428
  88.50000    0.56423    0.00000    0.56423
  89.00000    0.57261    0.00000    0.57261
  89.50000    0.59384    0.00000    0.59384
  90.00000    0.58159    0.00000    0.58159
  90.50000    0.55756    0.00000    0.55756
  91.00000    0.53333    0.00000    0.53333
  91.50000    0.51660    0.00000    0.51660
  92.00000    0.54480    0.00000    0.54480
  92.50000    0.53286    0.00000    0.53286
  93.00000    0.51624    0.00000    0.51624
  93.50000    0.50595    0.00000    0.50595
  94.00000    0.50196    0.00000    0.50196
  94.50000    0.50623    0.00000    0.50623
  95.00000    0.53598    0.00000    0.53598
  95.50000    0.60351    0.00000    0.60351
  96.00000    0.58404    0.00000    0.58404
  96.50000    0.60157    0.00000    0.60157
  97.00000    0.58276    0.00000    0.58276
  97.50000    0.59514    0.00000    0.59514
  98.00000    0.55626    0.00000    0.55626
  98.50000    0.54589    0.00000    0.54589
  99.00000    0.53218    0.00000    0.53218
  99.50000    0.56978    0.00000    0.56978
 100.00000    0.58263    0.00000    0.58263
 100.50000    0.56344    0.00000    0.56344
 101.00000    0.55146    0.00000    0.55146
 101.50000    0.54577    0.00000    0.54577
 102.00000    0.52451    0.00000    0.52451
 102.50000    0.50508    0.00000    0.50508
 103.00000    0.52733    0.00000    0.52733
 103.50000    0.51504    0.00000    0.51504
 104.00000    0.51855    0.00000    0.51855
 104.50000    0.53733    0.00000    0.53733
 105.00000    0.57757    0.00000    0.57757
 105.50000    0.55180    0.00000    0.55180
 106.00000    0.53043    0.00000    0.53043
 106.50000    0.54053    0.00000    0.54053
 107.00000    0.57759    0.00000    0.57759
 107.50000    0.58008    0.00000    0.58008
 108.00000    0.58941    0.00000    0.58941
 108.50000    0.59824    0.00000    0.59824
 109.00000    0.59702    0.00000    0.59702
 109.50000    0.58322    0.00000    0.58322
 110.00000    0.56532    0.00000    0.56532
 110.50000    0.53487    0.00000    0.53487
 111.00000    0.52382    0.00000    0.52382
 111.50000    0.54996    0.00000    0.54996
 112.00000    0.56338    0.00000    0.56338
 112.50000    0.56357    0.00000    0.56357
 113.00000    0.55524    0.00000    0.55524
 113.50000    0.53057    0.00000    0.53057
 114.00000    0.53342    0.00000    0.53342
 114.50000    0.53519    0.00000    0.53519
 115.00000    0.52680    0.00000    0.52680
 115.50000    0.54928    0.00000    0.54928
 116.00000    0.61331    0.00000    0.61331
 116.50000    0.62718    0.00000    0.62718
 117.00000    0.59606    0.00000    0.59606
 117.50000    0.57424    0.00000    0.57424
 118.00000    0.55866    0.00000    0.55866
 118.50000    0.55710    0.00000    0.55710
 119.00000    0.55774    0.00000    0.55774
 119.50000    0.57798    0.00000    0.57798
 120.00000    0.57861    0.00000    0.57861
 120.50000    0.53079    0.00000    0.53079
 121.00000    0.54902    0.00000    0.54902
 121.50000    0.56179    0.00000    0.56179
 122.00000    0.57885    0.00000    0.57885
 122.50000    0.53376    0.00000    0.53376
 123.00000    0.56594    0.00000    0.56594
 123.50000    0.52815    0.00000    0.52815
 124.00000    0.50933    0.00000    0.50933
 124.50000    0.51201    0.00000    0.51201
 125.00000    0.56315    0.00000    0.56315
 125.50000    0.56833    0.00000    0.56833
 126.00000    0.54777    0.00000    0.54777
 126.50000    0.51664    0.00000    0.51664
 127.00000    0.53498    0.00000    0.53498
 127.50000    0.55234    0.00000    0.55234
 128.00000    0.55536    0.00000    0.55536
 128.50000    0.53280    0.00000    0.53280
 129.00000    0.53296    0.00000    0.53296
 129.50000    0.56109    0.00000    0.56109
 130.00000    0.57990    0.00000    0.57990
 130.50000    0.54160    0.00000    0.54160
 131.00000    0.51609    0.00000    0.51609
 131.50000    0.52891    0.00000    0.52891
 132.00000    0.56039    0.00000    0.56039
 132.50000    0.56238    0.00000    0.56238
 133.00000    0.54683    0.00000    0.54683
 133.50000    0.53379    0.00000    0.53379
 134.00000    0.53440    0.00000    0.53440
 134.50000    0.56550    0.00000    0.56550
 135.00000    0.58807    0.00000    0.58807
 135.50000    0.59324    0.00000    0.59324
 136.00000    0.55989    0.00000    0.55989
 136.50000    0.52028    0.00000    0.52028
 137.00000    0.54581    0.00000    0.54581
 137.50000    0.59220    0.00000    0.59220
 138.00000    0.57876    0.00000    0.57876
 138.50000    0.52490    0.00000    0.52490
 139.00000    0.49952    0.00000    0.49952
 139.50000    0.53780    0.00000    0.53780
 140.00000    0.55735    0.00000    0.55735
 140.50000    0.57168    0.00000    0.57168
 141.00000    0.57597    0.00000    0.57597
 141.50000    0.53983    0.00000    0.53983
 142.00000    0.55687    0.00000    0.55687
 142.50000    0.58364    0.00000    0.58364
 143.00000    0.64946    0.00000    0.64946
 143.50000    0.62848    0.00000    0.62848
 144.00000    0.59283    0.00000    0.59283
 144.50000    0.53824    0.00000    0.53824
 145.00000    0.56030    0.00000    0.56030
 145.50000    0.57439    0.00000    0.57439
 146.00000    0.55780    0.00000    0.55780
 146.50000    0.51939    0.00000    0.51939
 147.00000    0.54286    0.00000    0.54286
 147.50000    0.55727    0.00000    0.55727
 148.00000    0.54820    0.00000    0.54820
 148.50000    0.52762    0.00000    0.52762
 149.00000    0.54040    0.00000    0.54040
 149.50000    0.55060    0.00000    0.55060
 150.00000    0.46345    0.00000    0.46345
