   0.00000    0.50047    0.00000    0.50047
   0.50000    0.59064    0.00000    0.59064
   1.00000    0.58255    0.00000    0.58255
   1.50000    0.56070    0.00000    0.56070
   2.00000    0.61490    0.00000    0.61490
   2.50000    0.60875    0.00000    0.60875
   3.00000    0.58585    0.00000    0.58585
   3.50000    0.54093    0.00000    0.54093
   4.00000    0.53985    0.00000    0.53985
   4.50000    0.56071    0.00000    0.56071
   5.00000    0.53545    0.00000    0.53545
   5.50000    0.55147    0.00000    0.55147
   6.00000    0.55141    0.00000    0.55141
   6.50000    0.60723    0.00000    0.60723
   7.00000    0.58465    0.00000    0.58465
   7.50000    0.57057    0.00000    0.57057
   8.00000    0.55503    0.00000    0.55503
   8.50000    0.56722    0.00000    0.56722
   9.00000    0.56305    0.00000    0.56305
   9.50000    0.53517    0.00000    0.53517
  10.00000    0.56488    0.00000    0.56488
  10.50000    0.57682    0.00000    0.57682
  11.00000    0.56290    0.00000    0.56290
  11.50000    0.55415    0.00000    0.55415
  12.00000    0.54619    0.00000    0.54619
  12.50000    0.54519    0.00000    0.54519
  13.00000    0.49699    0.00000    0.49699
  13.50000    0.52938    0.00000    0.52938
  14.00000    0.53903    0.00000    0.53903
  14.50000    0.56134    0.00000    0.56134
  15.00000    0.54440    0.00000    0.54440
  15.50000    0.58434    0.00000    0.58434
  16.00000    0.57471    0.00000    0.57471
  16.50000    0.56077    0.00000    0.56077
  17.00000    0.55819    0.00000    0.55819
  17.50000    0.55062    0.00000    0.55062
  18.00000    0.54044    0.00000    0.54044
  18.50000    0.56536    0.00000    0.56536
  19.00000    0.55986    0.00000    0.55986
  19.50000    0.53319    0.00000    0.53319
  20.00000    0.54034    0.00000    0.54034
  20.50000    0.55802    0.00000    0.55802
  21.00000    0.53597    0.00000    0.53597
  21.50000    0.55263    0.00000    0.55263
  22.00000    0.58137    0.00000    0.58137
  22.50000    0.57653    0.00000    0.57653
  23.00000    0.56809    0.00000    0.56809
  23.50000    0.59785    0.00000    0.59785
  24.00000    0.60306    0.00000    0.60306
  24.50000    0.55143    0.00000    0.55143
  25.00000    0.51563    0.00000    0.51563
  25.50000    0.55298    0.00000    0.55298
  26.00000    0.56050    0.00000    0.56050
  26.50000    0.53794    0.00000    0.53794
  27.00000    0.52357    0.00000    0.52357
  27.50000    0.55199    0.00000    0.55199
  28.00000    0.55485    0.00000    0.55485
  28.50000    0.53242    0.00000    0.53242
  29.00000    0.56624    0.00000    0.56624
  29.50000    0.62388    0.00000    0.62388
  30.00000    0.60513    0.00000    0.60513
  30.50000    0.55795    0.00000    0.55795
  31.00000    0.53253    0.00000    0.53253
  31.50000    0.55000    0.00000    0.55000
  32.00000    0.54499    0.00000    0.54499
  32.50000    0.53886    0.00000    0.53886
  33.00000    0.52924    0.00000    0.52924
  33.50000    0.52437    0.00000    0.52437
  34.00000    0.54701    0.00000    0.54701
  34.50000    0.56503    0.00000    0.56503
  35.00000    0.56441    0.00000    0.56441
  35.50000    0.55859    0.00000    0.55859
  36.00000    0.57484    0.00000    0.57484
  36.50000    0.58082    0.00000    0.58082
  37.00000    0.55094    0.00000    0.55094
  37.50000    0.54243    0.00000    0.54243
  38.00000    0.56041    0.00000    0.56041
  38.50000    0.58884    0.00000    0.58884
  39.00000    0.54943    0.00000    0.54943
  39.50000    0.53133    0.00000    0.53133
  40.00000    0.54230    0.00000    0.54230
  40.50000    0.60243    0.00000    0.60243
  41.00000    0.60217    0.00000    0.60217
  41.50000    0.57105    0.00000    0.57105
  42.00000    0.54361    0.00000    0.54361
  42.50000    0.50652    0.00000    0.50652
  43.00000    0.52353    0.00000    0.52353
  43.50000    0.53727    0.00000    0.53727
  44.00000    0.60314    0.00000    0.60314
  44.50000    0.64421    0.00000    0.64421
  45.00000    0.59135    0.00000    0.59135
  45.50000    0.53488    0.00000    0.53488
  46.00000    0.53591    0.00000    0.53591
  46.50000    0.57787    0.00000    0.57787
  47.00000    0.56315    0.00000    0.56315
  47.50000    0.56318    0.00000    0.56318
  48.00000    0.54143    0.00000    0.54143
  48.50000    0.52071    0.00000    0.52071
  49.00000    0.55253    0.00000    0.55253
  49.50000    0.57562    0.00000    0.57562
  50.00000    0.57076    0.00000    0.57076
  50.50000    0.54491    0.00000    0.54491
  51.00000    0.51410    0.00000    0.51410
  51.50000    0.52164    0.00000    0.52164
  52.00000    0.56637    0.00000    0.56637
  52.50000    0.59518    0.00000    0.59518
  53.00000    0.54116    0.00000    0.54116
  53.50000    0.52078    0.00000    0.52078
  54.00000    0.54317    0.00000    0.54317
  54.50000    0.59875    0.00000    0.59875
  55.00000    0.58762    0.00000    0.58762
  55.50000    0.58818    0.00000    0.58818
  56.00000    0.54049    0.00000    0.54049
  56.50000    0.53209    0.00000    0.53209
  57.00000    0.50634    0.00000    0.50634
  57.50000    0.54328    0.00000    0.54328
  58.00000    0.55669    0.00000    0.55669
  58.50000    0.56380    0.00000    0.56380
  59.00000    0.56334    0.00000    0.56334
  59.50000    0.56546    0.00000    0.56546
  60.00000    0.58123    0.00000    0.58123
  60.50000    0.58598    0.00000    0.58598
  61.00000    0.62287    0.00000    0.62287
  61.50000    0.61773    0.00000    0.61773
  62.00000    0.60250    0.00000    0.60250
  62.50000    0.54120    0.00000    0.54120
  63.00000    0.54651    0.00000    0.54651
  63.50000    0.60028    0.00000    0.60028
  64.00000    0.64136    0.00000    0.64136
  64.50000    0.60754    0.00000    0.60754
  65.00000    0.60010    0.00000    0.60010
  65.50000    0.63938    0.00000    0.63938
  66.00000    0.62348    0.00000    0.62348
  66.50000    0.58005    0.00000    0.58005
  67.00000    0.55320    0.00000    0.55320
  67.50000    0.59078    0.00000    0.59078
  68.00000    0.58253    0.00000    0.58253
  68.50000    0.56958    0.00000    0.56958
  69.00000    0.52328    0.00000    0.52328
  69.50000    0.50474    0.00000    0.50474
  70.00000    0.50520    0.00000    0.50520
  70.50000    0.52216    0.00000    0.52216
  71.00000    0.53813    0.00000    0.53813
  71.50000    0.51573    0.00000    0.51573
  72.00000    0.51427    0.00000    0.51427
  72.50000    0.53215    0.00000    0.53215
  73.00000    0.57910    0.00000    0.57910
  73.50000    0.59526    0.00000    0.59526
  74.00000    0.58843    0.00000    0.58843
  74.50000    0.59026    0.00000    0.59026
  75.00000    0.55272    0.00000    0.55272
  75.50000    0.52937    0.00000    0.52937
  76.00000    0.52521    0.00000    0.52521
  76.50000    0.56500    0.00000    0.56500
  77.00000    0.56717    0.00000    0.56717
  77.50000    0.57707    0.00000    0.57707
  78.00000    0.54889    0.00000    0.54889
  78.50000    0.53047    0.00000    0.53047
  79.00000    0.52463    0.00000    0.52463
  79.50000    0.54104    0.00000    0.54104
  80.00000    0.56362    0.00000    0.56362
  80.50000    0.57711    0.00000    0.57711
  81.00000    0.55578    0.00000    0.55578
  81.50000    0.52821    0.00000    0.52821
  82.00000    0.54624    0.00000    0.54624
  82.50000    0.58074    0.00000    0.58074
  83.00000    0.56370    0.00000    0.56370
  83.50000    0.51838    0.00000    0.51838
  84.00000    0.55039    0.00000    0.55039
  84.50000    0.61970    0.00000    0.61970
  85.00000    0.62625    0.00000    0.62625
  85.50000    0.55993    0.00000    0.55993
  86.00000    0.53878    0.00000    0.53878
  86.50000    0.57152    0.00000    0.57152
  87.00000    0.58726    0.00000    0.58726
  87.50000    0.57970    0.00000    0.57970
  88.00000    0.58281    0.00000    0.58281
  88.50000    0.55648    0.00000    0.55648
  89.00000    0.54892    0.00000    0.54892
  89.50000    0.55723    0.00000    0.55723
  90.00000    0.57156    0.00000    0.57156
  90.50000    0.54310    0.00000    0.54310
  91.00000    0.53427    0.00000    0.53427
  91.50000    0.54122    0.00000    0.54122
  92.00000    0.58202    0.00000    0.58202
  92.50000    0.59079    0.00000    0.59079
  93.00000    0.57775    0.00000    0.57775
  93.50000    0.53660    0.00000    0.53660
  94.00000    0.52753    0.00000    0.52753
  94.50000    0.52636    0.00000    0.52636
  95.00000    0.53199    0.00000    0.53199
  95.50000    0.57867    0.00000    0.57867
  96.00000    0.57649    0.00000    0.57649
  96.50000    0.60085    0.00000    0.60085
  97.00000    0.56064    0.00000    0.56064
  97.50000    0.55956    0.00000    0.55956
  98.00000    0.53485    0.00000    0.53485
  98.50000    0.56242    0.00000    0.56242
  99.00000    0.56347    0.00000    0.56347
  99.50000    0.58068    0.00000    0.58068
 100.00000    0.58317    0.00000    0.58317
 100.50000    0.57663    0.00000    0.57663
 101.00000    0.60359    0.00000    0.60359
 101.50000    0.58208    0.00000    0.58208
 102.00000    0.53543    0.00000    0.53543
 102.50000    0.49598    0.00000    0.49598
 103.00000    0.54440    0.00000    0.54440
 103.50000    0.54883    0.00000    0.54883
 104.00000    0.53357    0.00000    0.53357
 104.50000    0.52603    0.00000    0.52603
 105.00000    0.54456    0.00000    0.54456
 105.50000    0.53107    0.00000    0.53107
 106.00000    0.54021    0.00000    0.54021
 106.50000    0.55368    0.00000    0.55368
 107.00000    0.59426    0.00000    0.59426
 107.50000    0.60191    0.00000    0.60191
 108.00000    0.61403    0.00000    0.61403
 108.50000    0.59393    0.00000    0.59393
 109.00000    0.59945    0.00000    0.59945
 109.50000    0.61632    0.00000    0.61632
 110.00000    0.57153    0.00000    0.57153
 110.50000    0.54124    0.00000    0.54124
 111.00000    0.52280    0.00000    0.52280
 111.50000    0.55815    0.00000    0.55815
 112.00000    0.55078    0.00000    0.55078
 112.50000    0.55788    0.00000    0.55788
 113.00000    0.55546    0.00000    0.55546
 113.50000    0.53675    0.00000    0.53675
 114.00000    0.53587    0.00000    0.53587
 114.50000    0.53251    0.00000    0.53251
 115.00000    0.54824    0.00000    0.54824
 115.50000    0.55667    0.00000    0.55667
 116.00000    0.59538    0.00000    0.59538
 116.50000    0.62685    0.00000    0.62685
 117.00000    0.61159    0.00000    0.61159
 117.50000    0.57792    0.00000    0.57792
 118.00000    0.55545    0.00000    0.55545
 118.50000    0.58132    0.00000    0.58132
 119.00000    0.58813    0.00000    0.58813
 119.50000    0.60932    0.00000    0.60932
 120.00000    0.61017    0.00000    0.61017
 120.50000    0.55545    0.00000    0.55545
 121.00000    0.55943    0.00000    0.55943
 121.50000    0.57008    0.00000    0.57008
 122.00000    0.59582    0.00000    0.59582
 122.50000    0.55287    0.00000    0.55287
 123.00000    0.58055    0.00000    0.58055
 123.50000    0.54087    0.00000    0.54087
 124.00000    0.52381    0.00000    0.52381
 124.50000    0.50660    0.00000    0.50660
 125.00000    0.53532    0.00000    0.53532
 125.50000    0.55490    0.00000    0.55490
 126.00000    0.56600    0.00000    0.56600
 126.50000    0.56969    0.00000    0.56969
 127.00000    0.59132    0.00000    0.59132
 127.50000    0.57481    0.00000    0.57481
 128.00000    0.52757    0.00000    0.52757
 128.50000    0.48986    0.00000    0.48986
 129.00000    0.50782    0.00000    0.50782
 129.50000    0.56075    0.00000    0.56075
 130.00000    0.58493    0.00000    0.58493
 130.50000    0.57066    0.00000    0.57066
 131.00000    0.53399    0.00000    0.53399
 131.50000    0.53193    0.00000    0.53193
 132.00000    0.55345    0.00000    0.55345
 132.50000    0.56180    0.00000    0.56180
 133.00000    0.53663    0.00000    0.53663
 133.50000    0.55404    0.00000    0.55404
 134.00000    0.57900    0.00000    0.57900
 134.50000    0.58560    0.00000    0.58560
 135.00000    0.57123    0.00000    0.57123
 135.50000    0.58621    0.00000    0.58621
 136.00000    0.54979    0.00000    0.54979
 136.50000    0.52647    0.00000    0.52647
 137.00000    0.54687    0.00000    0.54687
 137.50000    0.58830    0.00000    0.58830
 138.00000    0.56820    0.00000    0.56820
 138.50000    0.54113    0.00000    0.54113
 139.00000    0.53719    0.00000    0.53719
 139.50000    0.58335    0.00000    0.58335
 140.00000    0.57220    0.00000    0.57220
 140.50000    0.55012    0.00000    0.55012
 141.00000    0.55172    0.00000    0.55172
 141.50000    0.54996    0.00000    0.54996
 142.00000    0.59317    0.00000    0.59317
 142.50000    0.59442    0.00000    0.59442
 143.00000    0.60197    0.00000    0.60197
 143.50000    0.58973    0.00000    0.58973
 144.00000    0.60062    0.00000    0.60062
 144.50000    0.53677    0.00000    0.53677
 145.00000    0.54424    0.00000    0.54424
 145.50000    0.56691    0.00000    0.56691
 146.00000    0.57923    0.00000    0.57923
 146.50000    0.55856    0.00000    0.55856
 147.00000    0.60000    0.00000    0.60000
 147.50000    0.57143    0.00000    0.57143
 148.00000    0.55257    0.00000    0.55257
 148.50000    0.52834    0.00000    0.52834
 149.00000    0.52294    0.00000    0.52294
 149.50000    0.50052    0.00000    0.50052
 150.00000    0.52004    0.00000    0.52004
