   0.00000    0.45911    0.00000    0.45911
   0.50000    0.48729    0.00000    0.48729
   1.00000    0.48207    0.00000    0.48207
   1.50000    0.49189    0.00000    0.49189
   2.00000    0.51817    0.00000    0.51817
   2.50000    0.51434    0.00000    0.51434
   3.00000    0.51238    0.00000    0.51238
   3.50000    0.52688    0.00000    0.52688
   4.00000    0.50281    0.00000    0.50281
   4.50000    0.49602    0.00000    0.49602
   5.00000    0.47634    0.00000    0.47634
   5.50000    0.49433    0.00000    0.49433
   6.00000    0.48162    0.00000    0.48162
   6.50000    0.52503    0.00000    0.52503
   7.00000    0.52993    0.00000    0.52993
   7.50000    0.50708    0.00000    0.50708
   8.00000    0.47141    0.00000    0.47141
   8.50000    0.47596    0.00000    0.47596
   9.00000    0.49956    0.00000    0.49956
   9.50000    0.49787    0.00000    0.49787
  10.00000    0.50066    0.00000    0.50066
  10.50000    0.50764    0.00000    0.50764
  11.00000    0.51211    0.00000    0.51211
  11.50000    0.48724    0.00000    0.48724
  12.00000    0.46491    0.00000    0.46491
  12.50000    0.47223    0.00000    0.47223
  13.00000    0.46558    0.00000    0.46558
  13.50000    0.47050    0.00000    0.47050
  14.00000    0.47405    0.00000    0.47405
  14.50000    0.49985    0.00000    0.49985
  15.00000    0.50243    0.00000    0.50243
  15.50000    0.51789    0.00000    0.51789
  16.00000    0.49579    0.00000    0.49579
  16.50000    0.49343    0.00000    0.49343
  17.00000    0.50020    0.00000    0.50020
  17.50000    0.50006    0.00000    0.50006
  18.00000    0.50024    0.00000    0.50024
  18.50000    0.52290    0.00000    0.52290
  19.00000    0.54753    0.00000    0.54753
  19.50000    0.52633    0.00000    0.52633
  20.00000    0.50579    0.00000    0.50579
  20.50000    0.49014    0.00000    0.49014
  21.00000    0.48735    0.00000    0.48735
  21.50000    0.48367    0.00000    0.48367
  22.00000    0.49735    0.00000    0.49735
  22.50000    0.49428    0.00000    0.49428
  23.00000    0.49761    0.00000    0.49761
  23.50000    0.51333    0.00000    0.51333
  24.00000    0.54213    0.00000    0.54213
  24.50000    0.52116    0.00000    0.52116
  25.00000    0.49795    0.00000    0.49795
  25.50000    0.48318    0.00000    0.48318
  26.00000    0.48345    0.00000    0.48345
  26.50000    0.48552    0.00000    0.48552
  27.00000    0.49967    0.00000    0.49967
  27.50000    0.48902    0.00000    0.48902
  28.00000    0.48575    0.00000    0.48575
  28.50000    0.48223    0.00000    0.48223
  29.00000    0.50352    0.00000    0.50352
  29.50000    0.52810    0.00000    0.52810
  30.00000    0.53551    0.00000    0.53551
  30.50000    0.52517    0.00000    0.52517
  31.00000    0.49235    0.00000    0.49235
  31.50000    0.49534    0.00000    0.49534
  32.00000    0.48620    0.00000    0.48620
  32.50000    0.51375    0.00000    0.51375
  33.00000    0.51448    0.00000    0.51448
  33.50000    0.51471    0.00000    0.51471
  34.00000    0.50489    0.00000    0.50489
  34.50000    0.50616    0.00000    0.50616
  35.00000    0.49679    0.00000    0.49679
  35.50000    0.48283    0.00000    0.48283
  36.00000    0.50688    0.00000    0.50688
  36.50000    0.50676    0.00000    0.50676
  37.00000    0.50556    0.00000    0.50556
  37.50000    0.48441    0.00000    0.48441
  38.00000    0.50093    0.00000    0.50093
  38.50000    0.51295    0.00000    0.51295
  39.00000    0.52324    0.00000    0.52324
  39.50000    0.48364    0.00000    0.48364
  40.00000    0.48467    0.00000    0.48467
  40.50000    0.52698    0.00000    0.52698
  41.00000    0.56820    0.00000    0.56820
  41.50000    0.54014    0.00000    0.54014
  42.00000    0.51225    0.00000    0.51225
  42.50000    0.47552    0.00000    0.47552
  43.00000    0.48617    0.00000    0.48617
  43.50000    0.48305    0.00000    0.48305
  44.00000    0.50015    0.00000    0.50015
  44.50000    0.50971    0.00000    0.50971
  45.00000    0.51530    0.00000    0.51530
  45.50000    0.50819    0.00000    0.50819
  46.00000    0.49305    0.00000    0.49305
  46.50000    0.48568    0.00000    0.48568
  47.00000    0.49846    0.00000    0.49846
  47.50000    0.53614    0.00000    0.53614
  48.00000    0.56248    0.00000    0.56248
  48.50000    0.51230    0.00000    0.51230
  49.00000    0.49853    0.00000    0.49853
  49.50000    0.50949    0.00000    0.50949
  50.00000    0.52240    0.00000    0.52240
  50.50000    0.51437    0.00000    0.51437
  51.00000    0.50765    0.00000    0.50765
  51.50000    0.52527    0.00000    0.52527
  52.00000    0.50642    0.00000    0.50642
  52.50000    0.53075    0.00000    0.53075
  53.00000    0.50117    0.00000    0.50117
  53.50000    0.47612    0.00000    0.47612
  54.00000    0.48513    0.00000    0.48513
  54.50000    0.51871    0.00000    0.51871
  55.00000    0.52038    0.00000    0.52038
  55.50000    0.52897    0.00000    0.52897
  56.00000    0.53864    0.00000    0.53864
  56.50000    0.50103    0.00000    0.50103
  57.00000    0.47236    0.00000    0.47236
  57.50000    0.50699    0.00000    0.50699
  58.00000    0.53950    0.00000    0.53950
  58.50000    0.53088    0.00000    0.53088
  59.00000    0.49183    0.00000    0.49183
  59.50000    0.47257    0.00000    0.47257
  60.00000    0.46953    0.00000    0.46953
  60.50000    0.47434    0.00000    0.47434
  61.00000    0.51013    0.00000    0.51013
  61.50000    0.52006    0.00000    0.52006
  62.00000    0.53876    0.00000    0.53876
  62.50000    0.49121    0.00000    0.49121
  63.00000    0.50548    0.00000    0.50548
  63.50000    0.53515    0.00000    0.53515
  64.00000    0.55585    0.00000    0.55585
  64.50000    0.51119    0.00000    0.51119
  65.00000    0.47630    0.00000    0.47630
  65.50000    0.51299    0.00000    0.51299
  66.00000    0.51754    0.00000    0.51754
  66.50000    0.51254    0.00000    0.51254
  67.00000    0.49154    0.00000    0.49154
  67.50000    0.52047    0.00000    0.52047
  68.00000    0.54327    0.00000    0.54327
  68.50000    0.52542    0.00000    0.52542
  69.00000    0.47653    0.00000    0.47653
  69.50000    0.46010    0.00000    0.46010
  70.00000    0.48593    0.00000    0.48593
  70.50000    0.51106    0.00000    0.51106
  71.00000    0.49989    0.00000    0.49989
  71.50000    0.47574    0.00000    0.47574
  72.00000    0.47822    0.00000    0.47822
  72.50000    0.50084    0.00000    0.50084
  73.00000    0.51727    0.00000    0.51727
  73.50000    0.52442    0.00000    0.52442
  74.00000    0.53507    0.00000    0.53507
  74.50000    0.55488    0.00000    0.55488
  75.00000    0.51812    0.00000    0.51812
  75.50000    0.49536    0.00000    0.49536
  76.00000    0.46355    0.00000    0.46355
  76.50000    0.49939    0.00000    0.49939
  77.00000    0.50263    0.00000    0.50263
  77.50000    0.52783    0.00000    0.52783
  78.00000    0.51798    0.00000    0.51798
  78.50000    0.49361    0.00000    0.49361
  79.00000    0.47712    0.00000    0.47712
  79.50000    0.45579    0.00000    0.45579
  80.00000    0.49414    0.00000    0.49414
  80.50000    0.50921    0.00000    0.50921
  81.00000    0.50438    0.00000    0.50438
  81.50000    0.46674    0.00000    0.46674
  82.00000    0.45703    0.00000    0.45703
  82.50000    0.49791    0.00000    0.49791
  83.00000    0.51756    0.00000    0.51756
  83.50000    0.50643    0.00000    0.50643
  84.00000    0.48170    0.00000    0.48170
  84.50000    0.52524    0.00000    0.52524
  85.00000    0.53927    0.00000    0.53927
  85.50000    0.49929    0.00000    0.49929
  86.00000    0.45833    0.00000    0.45833
  86.50000    0.47377    0.00000    0.47377
  87.00000    0.49267    0.00000    0.49267
  87.50000    0.50721    0.00000    0.50721
  88.00000    0.51624    0.00000    0.51624
  88.50000    0.51840    0.00000    0.51840
  89.00000    0.52691    0.00000    0.52691
  89.50000    0.52261    0.00000    0.52261
  90.00000    0.52093    0.00000    0.52093
  90.50000    0.50164    0.00000    0.50164
  91.00000    0.48905    0.00000    0.48905
  91.50000    0.49544    0.00000    0.49544
  92.00000    0.52137    0.00000    0.52137
  92.50000    0.48837    0.00000    0.48837
  93.00000    0.47819    0.00000    0.47819
  93.50000    0.46773    0.00000    0.46773
  94.00000    0.47929    0.00000    0.47929
  94.50000    0.44503    0.00000    0.44503
  95.00000    0.48246    0.00000    0.48246
  95.50000    0.52581    0.00000    0.52581
  96.00000    0.55661    0.00000    0.55661
  96.50000    0.54143    0.00000    0.54143
  97.00000    0.51589    0.00000    0.51589
  97.50000    0.50945    0.00000    0.50945
  98.00000    0.50538    0.00000    0.50538
  98.50000    0.49529    0.00000    0.49529
  99.00000    0.47907    0.00000    0.47907
  99.50000    0.49007    0.00000    0.49007
 100.00000    0.49134    0.00000    0.49134
 100.50000    0.51176    0.00000    0.51176
 101.00000    0.53550    0.00000    0.53550
 101.50000    0.51303    0.00000    0.51303
 102.00000    0.45921    0.00000    0.45921
 102.50000    0.42332    0.00000    0.42332
 103.00000    0.47187    0.00000    0.47187
 103.50000    0.47595    0.00000    0.47595
 104.00000    0.48274    0.00000    0.48274
 104.50000    0.47659    0.00000    0.47659
 105.00000    0.53947    0.00000    0.53947
 105.50000    0.53552    0.00000    0.53552
 106.00000    0.50586    0.00000    0.50586
 106.50000    0.48838    0.00000    0.48838
 107.00000    0.52509    0.00000    0.52509
 107.50000    0.53279    0.00000    0.53279
 108.00000    0.54153    0.00000    0.54153
 108.50000    0.53803    0.00000    0.53803
 109.00000    0.53796    0.00000    0.53796
 109.50000    0.52874    0.00000    0.52874
 110.00000    0.52187    0.00000    0.52187
 110.50000    0.50084    0.00000    0.50084
 111.00000    0.48976    0.00000    0.48976
 111.50000    0.50641    0.00000    0.50641
 112.00000    0.51784    0.00000    0.51784
 112.50000    0.51685    0.00000    0.51685
 113.00000    0.52498    0.00000    0.52498
 113.50000    0.50354    0.00000    0.50354
 114.00000    0.48105    0.00000    0.48105
 114.50000    0.45090    0.00000    0.45090
 115.00000    0.46030    0.00000    0.46030
 115.50000    0.47181    0.00000    0.47181
 116.00000    0.53499    0.00000    0.53499
 116.50000    0.52523    0.00000    0.52523
 117.00000    0.50349    0.00000    0.50349
 117.50000    0.48197    0.00000    0.48197
 118.00000    0.51838    0.00000    0.51838
 118.50000    0.51779    0.00000    0.51779
 119.00000    0.52340    0.00000    0.52340
 119.50000    0.53047    0.00000    0.53047
 120.00000    0.53491    0.00000    0.53491
 120.50000    0.48839    0.00000    0.48839
 121.00000    0.48942    0.00000    0.48942
 121.50000    0.49047    0.00000    0.49047
 122.00000    0.50225    0.00000    0.50225
 122.50000    0.49632    0.00000    0.49632
 123.00000    0.51566    0.00000    0.51566
 123.50000    0.49348    0.00000    0.49348
 124.00000    0.47577    0.00000    0.47577
 124.50000    0.47920    0.00000    0.47920
 125.00000    0.49022    0.00000    0.49022
 125.50000    0.50596    0.00000    0.50596
 126.00000    0.50474    0.00000    0.50474
 126.50000    0.49588    0.00000    0.49588
 127.00000    0.49968    0.00000    0.49968
 127.50000    0.50269    0.00000    0.50269
 128.00000    0.49532    0.00000    0.49532
 128.50000    0.48219    0.00000    0.48219
 129.00000    0.47959    0.00000    0.47959
 129.50000    0.48038    0.00000    0.48038
 130.00000    0.48968    0.00000    0.48968
 130.50000    0.47639    0.00000    0.47639
 131.00000    0.48330    0.00000    0.48330
 131.50000    0.48841    0.00000    0.48841
 132.00000    0.50856    0.00000    0.50856
 132.50000    0.50238    0.00000    0.50238
 133.00000    0.49361    0.00000    0.49361
 133.50000    0.49211    0.00000    0.49211
 134.00000    0.52394    0.00000    0.52394
 134.50000    0.53195    0.00000    0.53195
 135.00000    0.51520    0.00000    0.51520
 135.50000    0.51500    0.00000    0.51500
 136.00000    0.52156    0.00000    0.52156
 136.50000    0.51069    0.00000    0.51069
 137.00000    0.50487    0.00000    0.50487
 137.50000    0.51593    0.00000    0.51593
 138.00000    0.51882    0.00000    0.51882
 138.50000    0.49286    0.00000    0.49286
 139.00000    0.48438    0.00000    0.48438
 139.50000    0.50674    0.00000    0.50674
 140.00000    0.52682    0.00000    0.52682
 140.50000    0.50716    0.00000    0.50716
 141.00000    0.52923    0.00000    0.52923
 141.50000    0.50694    0.00000    0.50694
 142.00000    0.50870    0.00000    0.50870
 142.50000    0.50385    0.00000    0.50385
 143.00000    0.56096    0.00000    0.56096
 143.50000    0.57879    0.00000    0.57879
 144.00000    0.53376    0.00000    0.53376
 144.50000    0.48201    0.00000    0.48201
 145.00000    0.49613    0.00000    0.49613
 145.50000    0.54006    0.00000    0.54006
 146.00000    0.49376    0.00000    0.49376
 146.50000    0.46355    0.00000    0.46355
 147.00000    0.49685    0.00000    0.49685
 147.50000    0.52890    0.00000    0.52890
 148.00000    0.50224    0.00000    0.50224
 148.50000    0.47623    0.00000    0.47623
 149.00000    0.47374    0.00000    0.47374
 149.50000    0.48686    0.00000    0.48686
 150.00000    0.46659    0.00000    0.46659
