   0.00000    0.48737    0.00000    0.48737
   0.50000    0.58138    0.00000    0.58138
   1.00000    0.58037    0.00000    0.58037
   1.50000    0.55978    0.00000    0.55978
   2.00000    0.60325    0.00000    0.60325
   2.50000    0.58697    0.00000    0.58697
   3.00000    0.56974    0.00000    0.56974
   3.50000    0.53537    0.00000    0.53537
   4.00000    0.53175    0.00000    0.53175
   4.50000    0.54375    0.00000    0.54375
   5.00000    0.52179    0.00000    0.52179
   5.50000    0.54230    0.00000    0.54230
   6.00000    0.54582    0.00000    0.54582
   6.50000    0.59572    0.00000    0.59572
   7.00000    0.57725    0.00000    0.57725
   7.50000    0.56762    0.00000    0.56762
   8.00000    0.55554    0.00000    0.55554
   8.50000    0.57376    0.00000    0.57376
   9.00000    0.56244    0.00000    0.56244
   9.50000    0.53017    0.00000    0.53017
  10.00000    0.54725    0.00000    0.54725
  10.50000    0.55841    0.00000    0.55841
  11.00000    0.55522    0.00000    0.55522
  11.50000    0.55227    0.00000    0.55227
  12.00000    0.54435    0.00000    0.54435
  12.50000    0.54046    0.00000    0.54046
  13.00000    0.50201    0.00000    0.50201
  13.50000    0.53722    0.00000    0.53722
  14.00000    0.54541    0.00000    0.54541
  14.50000    0.55970    0.00000    0.55970
  15.00000    0.53624    0.00000    0.53624
  15.50000    0.57630    0.00000    0.57630
  16.00000    0.56026    0.00000    0.56026
  16.50000    0.54820    0.00000    0.54820
  17.00000    0.55147    0.00000    0.55147
  17.50000    0.55139    0.00000    0.55139
  18.00000    0.53380    0.00000    0.53380
  18.50000    0.54720    0.00000    0.54720
  19.00000    0.53853    0.00000    0.53853
  19.50000    0.51662    0.00000    0.51662
  20.00000    0.52343    0.00000    0.52343
  20.50000    0.54433    0.00000    0.54433
  21.00000    0.53300    0.00000    0.53300
  21.50000    0.55193    0.00000    0.55193
  22.00000    0.57851    0.00000    0.57851
  22.50000    0.57279    0.00000    0.57279
  23.00000    0.56264    0.00000    0.56264
  23.50000    0.59169    0.00000    0.59169
  24.00000    0.59718    0.00000    0.59718
  24.50000    0.54185    0.00000    0.54185
  25.00000    0.50338    0.00000    0.50338
  25.50000    0.53868    0.00000    0.53868
  26.00000    0.55956    0.00000    0.55956
  26.50000    0.53519    0.00000    0.53519
  27.00000    0.52026    0.00000    0.52026
  27.50000    0.54051    0.00000    0.54051
  28.00000    0.55037    0.00000    0.55037
  28.50000    0.52463    0.00000    0.52463
  29.00000    0.55426    0.00000    0.55426
  29.50000    0.60348    0.00000    0.60348
  30.00000    0.58037    0.00000    0.58037
  30.50000    0.53600    0.00000    0.53600
  31.00000    0.52182    0.00000    0.52182
  31.50000    0.53508    0.00000    0.53508
  32.00000    0.52853    0.00000    0.52853
  32.50000    0.52784    0.00000    0.52784
  33.00000    0.53027    0.00000    0.53027
  33.50000    0.52095    0.00000    0.52095
  34.00000    0.53649    0.00000    0.53649
  34.50000    0.55611    0.00000    0.55611
  35.00000    0.55379    0.00000    0.55379
  35.50000    0.54509    0.00000    0.54509
  36.00000    0.55882    0.00000    0.55882
  36.50000    0.57216    0.00000    0.57216
  37.00000    0.53872    0.00000    0.53872
  37.50000    0.53324    0.00000    0.53324
  38.00000    0.55068    0.00000    0.55068
  38.50000    0.58420    0.00000    0.58420
  39.00000    0.55210    0.00000    0.55210
  39.50000    0.53627    0.00000    0.53627
  40.00000    0.54709    0.00000    0.54709
  40.50000    0.59652    0.00000    0.59652
  41.00000    0.60479    0.00000    0.60479
  41.50000    0.57683    0.00000    0.57683
  42.00000    0.55121    0.00000    0.55121
  42.50000    0.49054    0.00000    0.49054
  43.00000    0.50312    0.00000    0.50312
  43.50000    0.52007    0.00000    0.52007
  44.00000    0.59514    0.00000    0.59514
  44.50000    0.62242    0.00000    0.62242
  45.00000    0.58083    0.00000    0.58083
  45.50000    0.52610    0.00000    0.52610
  46.00000    0.53992    0.00000    0.53992
  46.50000    0.57393    0.00000    0.57393
  47.00000    0.55777    0.00000    0.55777
  47.50000    0.54972    0.00000    0.54972
  48.00000    0.53436    0.00000    0.53436
  48.50000    0.52276    0.00000    0.52276
  49.00000    0.55716    0.00000    0.55716
  49.50000    0.56799    0.00000    0.56799
  50.00000    0.55396    0.00000    0.55396
  50.50000    0.53602    0.00000    0.53602
  51.00000    0.52209    0.00000    0.52209
  51.50000    0.52735    0.00000    0.52735
  52.00000    0.56408    0.00000    0.56408
  52.50000    0.59024    0.00000    0.59024
  53.00000    0.54696    0.00000    0.54696
  53.50000    0.52243    0.00000    0.52243
  54.00000    0.54232    0.00000    0.54232
  54.50000    0.58861    0.00000    0.58861
  55.00000    0.58421    0.00000    0.58421
  55.50000    0.57497    0.00000    0.57497
  56.00000    0.52634    0.00000    0.52634
  56.50000    0.51634    0.00000    0.51634
  57.00000    0.50858    0.00000    0.50858
  57.50000    0.54611    0.00000    0.54611
  58.00000    0.55151    0.00000    0.55151
  58.50000    0.55275    0.00000    0.55275
  59.00000    0.55431    0.00000    0.55431
  59.50000    0.56796    0.00000    0.56796
  60.00000    0.57881    0.00000    0.57881
  60.50000    0.57679    0.00000    0.57679
  61.00000    0.61225    0.00000    0.61225
  61.50000    0.61001    0.00000    0.61001
  62.00000    0.59428    0.00000    0.59428
  62.50000    0.53644    0.00000    0.53644
  63.00000    0.55111    0.00000    0.55111
  63.50000    0.58824    0.00000    0.58824
  64.00000    0.62653    0.00000    0.62653
  64.50000    0.59537    0.00000    0.59537
  65.00000    0.59214    0.00000    0.59214
  65.50000    0.61997    0.00000    0.61997
  66.00000    0.60761    0.00000    0.60761
  66.50000    0.56325    0.00000    0.56325
  67.00000    0.53618    0.00000    0.53618
  67.50000    0.56901    0.00000    0.56901
  68.00000    0.57166    0.00000    0.57166
  68.50000    0.56998    0.00000    0.56998
  69.00000    0.52721    0.00000    0.52721
  69.50000    0.50036    0.00000    0.50036
  70.00000    0.49850    0.00000    0.49850
  70.50000    0.51929    0.00000    0.51929
  71.00000    0.53642    0.00000    0.53642
  71.50000    0.50832    0.00000    0.50832
  72.00000    0.49462    0.00000    0.49462
  72.50000    0.50122    0.00000    0.50122
  73.00000    0.55214    0.00000    0.55214
  73.50000    0.58090    0.00000    0.58090
  74.00000    0.58494    0.00000    0.58494
  74.50000    0.58181    0.00000    0.58181
  75.00000    0.54926    0.00000    0.54926
  75.50000    0.52997    0.00000    0.52997
  76.00000    0.52745    0.00000    0.52745
  76.50000    0.55989    0.00000    0.55989
  77.00000    0.56538    0.00000    0.56538
  77.50000    0.56685    0.00000    0.56685
  78.00000    0.53669    0.00000    0.53669
  78.50000    0.51672    0.00000    0.51672
  79.00000    0.51100    0.00000    0.51100
  79.50000    0.52844    0.00000    0.52844
  80.00000    0.55761    0.00000    0.55761
  80.50000    0.57657    0.00000    0.57657
  81.00000    0.54850    0.00000    0.54850
  81.50000    0.51989    0.00000    0.51989
  82.00000    0.53134    0.00000    0.53134
  82.50000    0.57066    0.00000    0.57066
  83.00000    0.55099    0.00000    0.55099
  83.50000    0.50527    0.00000    0.50527
  84.00000    0.52835    0.00000    0.52835
  84.50000    0.60224    0.00000    0.60224
  85.00000    0.61402    0.00000    0.61402
  85.50000    0.55938    0.00000    0.55938
  86.00000    0.53890    0.00000    0.53890
  86.50000    0.57297    0.00000    0.57297
  87.00000    0.57800    0.00000    0.57800
  87.50000    0.57481    0.00000    0.57481
  88.00000    0.57451    0.00000    0.57451
  88.50000    0.55469    0.00000    0.55469
  89.00000    0.54451    0.00000    0.54451
  89.50000    0.56239    0.00000    0.56239
  90.00000    0.57079    0.00000    0.57079
  90.50000    0.54069    0.00000    0.54069
  91.00000    0.52827    0.00000    0.52827
  91.50000    0.53866    0.00000    0.53866
  92.00000    0.57026    0.00000    0.57026
  92.50000    0.57005    0.00000    0.57005
  93.00000    0.56368    0.00000    0.56368
  93.50000    0.53897    0.00000    0.53897
  94.00000    0.52069    0.00000    0.52069
  94.50000    0.50953    0.00000    0.50953
  95.00000    0.51839    0.00000    0.51839
  95.50000    0.57551    0.00000    0.57551
  96.00000    0.56231    0.00000    0.56231
  96.50000    0.59267    0.00000    0.59267
  97.00000    0.55381    0.00000    0.55381
  97.50000    0.56449    0.00000    0.56449
  98.00000    0.52707    0.00000    0.52707
  98.50000    0.55014    0.00000    0.55014
  99.00000    0.54855    0.00000    0.54855
  99.50000    0.56538    0.00000    0.56538
 100.00000    0.55390    0.00000    0.55390
 100.50000    0.54859    0.00000    0.54859
 101.00000    0.58351    0.00000    0.58351
 101.50000    0.56951    0.00000    0.56951
 102.00000    0.52214    0.00000    0.52214
 102.50000    0.48307    0.00000    0.48307
 103.00000    0.53087    0.00000    0.53087
 103.50000    0.54314    0.00000    0.54314
 104.00000    0.52272    0.00000    0.52272
 104.50000    0.51308    0.00000    0.51308
 105.00000    0.54180    0.00000    0.54180
 105.50000    0.54003    0.00000    0.54003
 106.00000    0.53444    0.00000    0.53444
 106.50000    0.54600    0.00000    0.54600
 107.00000    0.59028    0.00000    0.59028
 107.50000    0.59940    0.00000    0.59940
 108.00000    0.61170    0.00000    0.61170
 108.50000    0.59581    0.00000    0.59581
 109.00000    0.59908    0.00000    0.59908
 109.50000    0.60666    0.00000    0.60666
 110.00000    0.56572    0.00000    0.56572
 110.50000    0.53032    0.00000    0.53032
 111.00000    0.51270    0.00000    0.51270
 111.50000    0.55053    0.00000    0.55053
 112.00000    0.54438    0.00000    0.54438
 112.50000    0.54412    0.00000    0.54412
 113.00000    0.54004    0.00000    0.54004
 113.50000    0.52586    0.00000    0.52586
 114.00000    0.53479    0.00000    0.53479
 114.50000    0.54061    0.00000    0.54061
 115.00000    0.55598    0.00000    0.55598
 115.50000    0.54470    0.00000    0.54470
 116.00000    0.57784    0.00000    0.57784
 116.50000    0.60705    0.00000    0.60705
 117.00000    0.59812    0.00000    0.59812
 117.50000    0.55925    0.00000    0.55925
 118.00000    0.54958    0.00000    0.54958
 118.50000    0.56653    0.00000    0.56653
 119.00000    0.57364    0.00000    0.57364
 119.50000    0.59065    0.00000    0.59065
 120.00000    0.58853    0.00000    0.58853
 120.50000    0.52902    0.00000    0.52902
 121.00000    0.53104    0.00000    0.53104
 121.50000    0.54647    0.00000    0.54647
 122.00000    0.56544    0.00000    0.56544
 122.50000    0.54190    0.00000    0.54190
 123.00000    0.56829    0.00000    0.56829
 123.50000    0.52317    0.00000    0.52317
 124.00000    0.51385    0.00000    0.51385
 124.50000    0.51058    0.00000    0.51058
 125.00000    0.54671    0.00000    0.54671
 125.50000    0.54814    0.00000    0.54814
 126.00000    0.56171    0.00000    0.56171
 126.50000    0.55445    0.00000    0.55445
 127.00000    0.57778    0.00000    0.57778
 127.50000    0.57123    0.00000    0.57123
 128.00000    0.53475    0.00000    0.53475
 128.50000    0.49770    0.00000    0.49770
 129.00000    0.50801    0.00000    0.50801
 129.50000    0.56536    0.00000    0.56536
 130.00000    0.58090    0.00000    0.58090
 130.50000    0.56001    0.00000    0.56001
 131.00000    0.51767    0.00000    0.51767
 131.50000    0.52232    0.00000    0.52232
 132.00000    0.54633    0.00000    0.54633
 132.50000    0.55796    0.00000    0.55796
 133.00000    0.53230    0.00000    0.53230
 133.50000    0.54648    0.00000    0.54648
 134.00000    0.57129    0.00000    0.57129
 134.50000    0.57589    0.00000    0.57589
 135.00000    0.56731    0.00000    0.56731
 135.50000    0.57400    0.00000    0.57400
 136.00000    0.54565    0.00000    0.54565
 136.50000    0.52870    0.00000    0.52870
 137.00000    0.54807    0.00000    0.54807
 137.50000    0.57383    0.00000    0.57383
 138.00000    0.55667    0.00000    0.55667
 138.50000    0.54586    0.00000    0.54586
 139.00000    0.54537    0.00000    0.54537
 139.50000    0.58025    0.00000    0.58025
 140.00000    0.55880    0.00000    0.55880
 140.50000    0.52988    0.00000    0.52988
 141.00000    0.53670    0.00000    0.53670
 141.50000    0.54316    0.00000    0.54316
 142.00000    0.58115    0.00000    0.58115
 142.50000    0.58417    0.00000    0.58417
 143.00000    0.59873    0.00000    0.59873
 143.50000    0.58702    0.00000    0.58702
 144.00000    0.57899    0.00000    0.57899
 144.50000    0.52588    0.00000    0.52588
 145.00000    0.53781    0.00000    0.53781
 145.50000    0.56707    0.00000    0.56707
 146.00000    0.56991    0.00000    0.56991
 146.50000    0.55408    0.00000    0.55408
 147.00000    0.59185    0.00000    0.59185
 147.50000    0.57694    0.00000    0.57694
 148.00000    0.55884    0.00000    0.55884
 148.50000    0.53070    0.00000    0.53070
 149.00000    0.51439    0.00000    0.51439
 149.50000    0.48830    0.00000    0.48830
 150.00000    0.50847    0.00000    0.50847
