   0.00000    0.55176    0.00000    0.55176
   0.50000    0.62521    0.00000    0.62521
   1.00000    0.64583    0.00000    0.64583
   1.50000    0.64342    0.00000    0.64342
   2.00000    0.69775    0.00000    0.69775
   2.50000    0.65627    0.00000    0.65627
   3.00000    0.63403    0.00000    0.63403
   3.50000    0.59844    0.00000    0.59844
   4.00000    0.59778    0.00000    0.59778
   4.50000    0.60364    0.00000    0.60364
   5.00000    0.58261    0.00000    0.58261
   5.50000    0.59531    0.00000    0.59531
   6.00000    0.61107    0.00000    0.61107
   6.50000    0.67627    0.00000    0.67627
   7.00000    0.65624    0.00000    0.65624
   7.50000    0.61548    0.00000    0.61548
   8.00000    0.59477    0.00000    0.59477
   8.50000    0.62235    0.00000    0.62235
   9.00000    0.63023    0.00000    0.63023
   9.50000    0.60232    0.00000    0.60232
  10.00000    0.62179    0.00000    0.62179
  10.50000    0.63180    0.00000    0.63180
  11.00000    0.64705    0.00000    0.64705
  11.50000    0.64495    0.00000    0.64495
  12.00000    0.63306    0.00000    0.63306
  12.50000    0.61280    0.00000    0.61280
  13.00000    0.56270    0.00000    0.56270
  13.50000    0.58984    0.00000    0.58984
  14.00000    0.59385    0.00000    0.59385
  14.50000    0.60713    0.00000    0.60713
  15.00000    0.58706    0.00000    0.58706
  15.50000    0.65493    0.00000    0.65493
  16.00000    0.63739    0.00000    0.63739
  16.50000    0.61822    0.00000    0.61822
  17.00000    0.62291    0.00000    0.62291
  17.50000    0.61187    0.00000    0.61187
  18.00000    0.56874    0.00000    0.56874
  18.50000    0.58449    0.00000    0.58449
  19.00000    0.60793    0.00000    0.60793
  19.50000    0.59163    0.00000    0.59163
  20.00000    0.59310    0.00000    0.59310
  20.50000    0.62015    0.00000    0.62015
  21.00000    0.61067    0.00000    0.61067
  21.50000    0.60946    0.00000    0.60946
  22.00000    0.61644    0.00000    0.61644
  22.50000    0.60235    0.00000    0.60235
  23.00000    0.60907    0.00000    0.60907
  23.50000    0.66638    0.00000    0.66638
  24.00000    0.68712    0.00000    0.68712
  24.50000    0.62014    0.00000    0.62014
  25.00000    0.56372    0.00000    0.56372
  25.50000    0.61547    0.00000    0.61547
  26.00000    0.61604    0.00000    0.61604
  26.50000    0.58100    0.00000    0.58100
  27.00000    0.57013    0.00000    0.57013
  27.50000    0.60348    0.00000    0.60348
  28.00000    0.60439    0.00000    0.60439
  28.50000    0.56995    0.00000    0.56995
  29.00000    0.61465    0.00000    0.61465
  29.50000    0.64926    0.00000    0.64926
  30.00000    0.63582    0.00000    0.63582
  30.50000    0.60582    0.00000    0.60582
  31.00000    0.60534    0.00000    0.60534
  31.50000    0.62294    0.00000    0.62294
  32.00000    0.60266    0.00000    0.60266
  32.50000    0.60232    0.00000    0.60232
  33.00000    0.60857    0.00000    0.60857
  33.50000    0.61437    0.00000    0.61437
  34.00000    0.59914    0.00000    0.59914
  34.50000    0.61475    0.00000    0.61475
  35.00000    0.63146    0.00000    0.63146
  35.50000    0.62779    0.00000    0.62779
  36.00000    0.60914    0.00000    0.60914
  36.50000    0.62228    0.00000    0.62228
  37.00000    0.60574    0.00000    0.60574
  37.50000    0.59332    0.00000    0.59332
  38.00000    0.60664    0.00000    0.60664
  38.50000    0.66130    0.00000    0.66130
  39.00000    0.63034    0.00000    0.63034
  39.50000    0.59394    0.00000    0.59394
  40.00000    0.58893    0.00000    0.58893
  40.50000    0.64699    0.00000    0.64699
  41.00000    0.65458    0.00000    0.65458
  41.50000    0.63907    0.00000    0.63907
  42.00000    0.61579    0.00000    0.61579
  42.50000    0.55653    0.00000    0.55653
  43.00000    0.55875    0.00000    0.55875
  43.50000    0.58308    0.00000    0.58308
  44.00000    0.66011    0.00000    0.66011
  44.50000    0.69677    0.00000    0.69677
  45.00000    0.64265    0.00000    0.64265
  45.50000    0.59217    0.00000    0.59217
  46.00000    0.59008    0.00000    0.59008
  46.50000    0.63665    0.00000    0.63665
  47.00000    0.61783    0.00000    0.61783
  47.50000    0.61707    0.00000    0.61707
  48.00000    0.58577    0.00000    0.58577
  48.50000    0.57983    0.00000    0.57983
  49.00000    0.63129    0.00000    0.63129
  49.50000    0.66462    0.00000    0.66462
  50.00000    0.63661    0.00000    0.63661
  50.50000    0.58493    0.00000    0.58493
  51.00000    0.55953    0.00000    0.55953
  51.50000    0.58004    0.00000    0.58004
  52.00000    0.63562    0.00000    0.63562
  52.50000    0.66932    0.00000    0.66932
  53.00000    0.62181    0.00000    0.62181
  53.50000    0.58620    0.00000    0.58620
  54.00000    0.60035    0.00000    0.60035
  54.50000    0.65987    0.00000    0.65987
  55.00000    0.66084    0.00000    0.66084
  55.50000    0.64265    0.00000    0.64265
  56.00000    0.58400    0.00000    0.58400
  56.50000    0.57104    0.00000    0.57104
  57.00000    0.57689    0.00000    0.57689
  57.50000    0.62325    0.00000    0.62325
  58.00000    0.65227    0.00000    0.65227
  58.50000    0.64930    0.00000    0.64930
  59.00000    0.63499    0.00000    0.63499
  59.50000    0.60870    0.00000    0.60870
  60.00000    0.61631    0.00000    0.61631
  60.50000    0.64418    0.00000    0.64418
  61.00000    0.68321    0.00000    0.68321
  61.50000    0.67021    0.00000    0.67021
  62.00000    0.65983    0.00000    0.65983
  62.50000    0.61293    0.00000    0.61293
  63.00000    0.61997    0.00000    0.61997
  63.50000    0.67783    0.00000    0.67783
  64.00000    0.71373    0.00000    0.71373
  64.50000    0.64674    0.00000    0.64674
  65.00000    0.62610    0.00000    0.62610
  65.50000    0.68175    0.00000    0.68175
  66.00000    0.67858    0.00000    0.67858
  66.50000    0.63380    0.00000    0.63380
  67.00000    0.60980    0.00000    0.60980
  67.50000    0.64247    0.00000    0.64247
  68.00000    0.64643    0.00000    0.64643
  68.50000    0.63299    0.00000    0.63299
  69.00000    0.58640    0.00000    0.58640
  69.50000    0.53495    0.00000    0.53495
  70.00000    0.54110    0.00000    0.54110
  70.50000    0.55428    0.00000    0.55428
  71.00000    0.57919    0.00000    0.57919
  71.50000    0.55712    0.00000    0.55712
  72.00000    0.56603    0.00000    0.56603
  72.50000    0.58218    0.00000    0.58218
  73.00000    0.61752    0.00000    0.61752
  73.50000    0.63749    0.00000    0.63749
  74.00000    0.65127    0.00000    0.65127
  74.50000    0.67321    0.00000    0.67321
  75.00000    0.62544    0.00000    0.62544
  75.50000    0.59731    0.00000    0.59731
  76.00000    0.58332    0.00000    0.58332
  76.50000    0.63496    0.00000    0.63496
  77.00000    0.63147    0.00000    0.63147
  77.50000    0.63417    0.00000    0.63417
  78.00000    0.57298    0.00000    0.57298
  78.50000    0.54816    0.00000    0.54816
  79.00000    0.55954    0.00000    0.55954
  79.50000    0.59333    0.00000    0.59333
  80.00000    0.65351    0.00000    0.65351
  80.50000    0.66590    0.00000    0.66590
  81.00000    0.64251    0.00000    0.64251
  81.50000    0.58322    0.00000    0.58322
  82.00000    0.60338    0.00000    0.60338
  82.50000    0.64507    0.00000    0.64507
  83.00000    0.65037    0.00000    0.65037
  83.50000    0.59846    0.00000    0.59846
  84.00000    0.60948    0.00000    0.60948
  84.50000    0.66925    0.00000    0.66925
  85.00000    0.67571    0.00000    0.67571
  85.50000    0.62098    0.00000    0.62098
  86.00000    0.60270    0.00000    0.60270
  86.50000    0.63152    0.00000    0.63152
  87.00000    0.60427    0.00000    0.60427
  87.50000    0.60553    0.00000    0.60553
  88.00000    0.61188    0.00000    0.61188
  88.50000    0.62354    0.00000    0.62354
  89.00000    0.60601    0.00000    0.60601
  89.50000    0.63032    0.00000    0.63032
  90.00000    0.63124    0.00000    0.63124
  90.50000    0.60416    0.00000    0.60416
  91.00000    0.58484    0.00000    0.58484
  91.50000    0.57736    0.00000    0.57736
  92.00000    0.61483    0.00000    0.61483
  92.50000    0.63571    0.00000    0.63571
  93.00000    0.63993    0.00000    0.63993
  93.50000    0.59197    0.00000    0.59197
  94.00000    0.56885    0.00000    0.56885
  94.50000    0.55921    0.00000    0.55921
  95.00000    0.55484    0.00000    0.55484
  95.50000    0.62201    0.00000    0.62201
  96.00000    0.65037    0.00000    0.65037
  96.50000    0.68220    0.00000    0.68220
  97.00000    0.62405    0.00000    0.62405
  97.50000    0.61873    0.00000    0.61873
  98.00000    0.58269    0.00000    0.58269
  98.50000    0.58101    0.00000    0.58101
  99.00000    0.58351    0.00000    0.58351
  99.50000    0.62062    0.00000    0.62062
 100.00000    0.62637    0.00000    0.62637
 100.50000    0.60683    0.00000    0.60683
 101.00000    0.63816    0.00000    0.63816
 101.50000    0.63717    0.00000    0.63717
 102.00000    0.57421    0.00000    0.57421
 102.50000    0.51159    0.00000    0.51159
 103.00000    0.56569    0.00000    0.56569
 103.50000    0.60306    0.00000    0.60306
 104.00000    0.59680    0.00000    0.59680
 104.50000    0.57903    0.00000    0.57903
 105.00000    0.61203    0.00000    0.61203
 105.50000    0.60262    0.00000    0.60262
 106.00000    0.59592    0.00000    0.59592
 106.50000    0.58969    0.00000    0.58969
 107.00000    0.64588    0.00000    0.64588
 107.50000    0.65291    0.00000    0.65291
 108.00000    0.66858    0.00000    0.66858
 108.50000    0.63907    0.00000    0.63907
 109.00000    0.64929    0.00000    0.64929
 109.50000    0.64826    0.00000    0.64826
 110.00000    0.62707    0.00000    0.62707
 110.50000    0.60498    0.00000    0.60498
 111.00000    0.58971    0.00000    0.58971
 111.50000    0.59947    0.00000    0.59947
 112.00000    0.58666    0.00000    0.58666
 112.50000    0.60331    0.00000    0.60331
 113.00000    0.61496    0.00000    0.61496
 113.50000    0.58877    0.00000    0.58877
 114.00000    0.58425    0.00000    0.58425
 114.50000    0.60087    0.00000    0.60087
 115.00000    0.62904    0.00000    0.62904
 115.50000    0.62040    0.00000    0.62040
 116.00000    0.67400    0.00000    0.67400
 116.50000    0.71452    0.00000    0.71452
 117.00000    0.68282    0.00000    0.68282
 117.50000    0.62768    0.00000    0.62768
 118.00000    0.62510    0.00000    0.62510
 118.50000    0.64499    0.00000    0.64499
 119.00000    0.63547    0.00000    0.63547
 119.50000    0.66134    0.00000    0.66134
 120.00000    0.67617    0.00000    0.67617
 120.50000    0.61619    0.00000    0.61619
 121.00000    0.61062    0.00000    0.61062
 121.50000    0.62073    0.00000    0.62073
 122.00000    0.64138    0.00000    0.64138
 122.50000    0.59519    0.00000    0.59519
 123.00000    0.61844    0.00000    0.61844
 123.50000    0.57177    0.00000    0.57177
 124.00000    0.57590    0.00000    0.57590
 124.50000    0.55507    0.00000    0.55507
 125.00000    0.59063    0.00000    0.59063
 125.50000    0.60866    0.00000    0.60866
 126.00000    0.61920    0.00000    0.61920
 126.50000    0.59511    0.00000    0.59511
 127.00000    0.61751    0.00000    0.61751
 127.50000    0.62906    0.00000    0.62906
 128.00000    0.58379    0.00000    0.58379
 128.50000    0.54903    0.00000    0.54903
 129.00000    0.56403    0.00000    0.56403
 129.50000    0.63303    0.00000    0.63303
 130.00000    0.65404    0.00000    0.65404
 130.50000    0.63864    0.00000    0.63864
 131.00000    0.59554    0.00000    0.59554
 131.50000    0.60166    0.00000    0.60166
 132.00000    0.62055    0.00000    0.62055
 132.50000    0.62770    0.00000    0.62770
 133.00000    0.59732    0.00000    0.59732
 133.50000    0.63088    0.00000    0.63088
 134.00000    0.65555    0.00000    0.65555
 134.50000    0.63932    0.00000    0.63932
 135.00000    0.62116    0.00000    0.62116
 135.50000    0.66322    0.00000    0.66322
 136.00000    0.62574    0.00000    0.62574
 136.50000    0.56568    0.00000    0.56568
 137.00000    0.58198    0.00000    0.58198
 137.50000    0.63854    0.00000    0.63854
 138.00000    0.61558    0.00000    0.61558
 138.50000    0.58622    0.00000    0.58622
 139.00000    0.58701    0.00000    0.58701
 139.50000    0.62362    0.00000    0.62362
 140.00000    0.60713    0.00000    0.60713
 140.50000    0.58413    0.00000    0.58413
 141.00000    0.61077    0.00000    0.61077
 141.50000    0.58230    0.00000    0.58230
 142.00000    0.61228    0.00000    0.61228
 142.50000    0.63776    0.00000    0.63776
 143.00000    0.69725    0.00000    0.69725
 143.50000    0.69299    0.00000    0.69299
 144.00000    0.65732    0.00000    0.65732
 144.50000    0.58273    0.00000    0.58273
 145.00000    0.59179    0.00000    0.59179
 145.50000    0.62860    0.00000    0.62860
 146.00000    0.60899    0.00000    0.60899
 146.50000    0.56548    0.00000    0.56548
 147.00000    0.61806    0.00000    0.61806
 147.50000    0.64569    0.00000    0.64569
 148.00000    0.62920    0.00000    0.62920
 148.50000    0.60191    0.00000    0.60191
 149.00000    0.58353    0.00000    0.58353
 149.50000    0.58116    0.00000    0.58116
 150.00000    0.56830    0.00000    0.56830
