   0.00000    0.44535    0.00000    0.44535
   0.50000    0.51445    0.00000    0.51445
   1.00000    0.51228    0.00000    0.51228
   1.50000    0.50834    0.00000    0.50834
   2.00000    0.52075    0.00000    0.52075
   2.50000    0.51202    0.00000    0.51202
   3.00000    0.51503    0.00000    0.51503
   3.50000    0.54076    0.00000    0.54076
   4.00000    0.51455    0.00000    0.51455
   4.50000    0.51666    0.00000    0.51666
   5.00000    0.50492    0.00000    0.50492
   5.50000    0.52779    0.00000    0.52779
   6.00000    0.50058    0.00000    0.50058
   6.50000    0.54453    0.00000    0.54453
   7.00000    0.54748    0.00000    0.54748
   7.50000    0.53098    0.00000    0.53098
   8.00000    0.48497    0.00000    0.48497
   8.50000    0.48984    0.00000    0.48984
   9.00000    0.50709    0.00000    0.50709
   9.50000    0.52740    0.00000    0.52740
  10.00000    0.53358    0.00000    0.53358
  10.50000    0.53407    0.00000    0.53407
  11.00000    0.52767    0.00000    0.52767
  11.50000    0.52294    0.00000    0.52294
  12.00000    0.51038    0.00000    0.51038
  12.50000    0.51285    0.00000    0.51285
  13.00000    0.49469    0.00000    0.49469
  13.50000    0.49202    0.00000    0.49202
  14.00000    0.48944    0.00000    0.48944
  14.50000    0.50805    0.00000    0.50805
  15.00000    0.51157    0.00000    0.51157
  15.50000    0.52716    0.00000    0.52716
  16.00000    0.52707    0.00000    0.52707
  16.50000    0.52646    0.00000    0.52646
  17.00000    0.53692    0.00000    0.53692
  17.50000    0.52124    0.00000    0.52124
  18.00000    0.50909    0.00000    0.50909
  18.50000    0.53242    0.00000    0.53242
  19.00000    0.56912    0.00000    0.56912
  19.50000    0.54852    0.00000    0.54852
  20.00000    0.50860    0.00000    0.50860
  20.50000    0.49127    0.00000    0.49127
  21.00000    0.48658    0.00000    0.48658
  21.50000    0.51488    0.00000    0.51488
  22.00000    0.53156    0.00000    0.53156
  22.50000    0.52413    0.00000    0.52413
  23.00000    0.51403    0.00000    0.51403
  23.50000    0.54514    0.00000    0.54514
  24.00000    0.57630    0.00000    0.57630
  24.50000    0.54430    0.00000    0.54430
  25.00000    0.51057    0.00000    0.51057
  25.50000    0.49892    0.00000    0.49892
  26.00000    0.51707    0.00000    0.51707
  26.50000    0.51574    0.00000    0.51574
  27.00000    0.52817    0.00000    0.52817
  27.50000    0.51607    0.00000    0.51607
  28.00000    0.50446    0.00000    0.50446
  28.50000    0.48630    0.00000    0.48630
  29.00000    0.53163    0.00000    0.53163
  29.50000    0.55410    0.00000    0.55410
  30.00000    0.55194    0.00000    0.55194
  30.50000    0.52866    0.00000    0.52866
  31.00000    0.50065    0.00000    0.50065
  31.50000    0.50030    0.00000    0.50030
  32.00000    0.49646    0.00000    0.49646
  32.50000    0.53375    0.00000    0.53375
  33.00000    0.54367    0.00000    0.54367
  33.50000    0.54367    0.00000    0.54367
  34.00000    0.53318    0.00000    0.53318
  34.50000    0.53245    0.00000    0.53245
  35.00000    0.52177    0.00000    0.52177
  35.50000    0.50191    0.00000    0.50191
  36.00000    0.53893    0.00000    0.53893
  36.50000    0.54203    0.00000    0.54203
  37.00000    0.52401    0.00000    0.52401
  37.50000    0.51288    0.00000    0.51288
  38.00000    0.53692    0.00000    0.53692
  38.50000    0.54877    0.00000    0.54877
  39.00000    0.53182    0.00000    0.53182
  39.50000    0.48595    0.00000    0.48595
  40.00000    0.50782    0.00000    0.50782
  40.50000    0.56934    0.00000    0.56934
  41.00000    0.62093    0.00000    0.62093
  41.50000    0.57254    0.00000    0.57254
  42.00000    0.53443    0.00000    0.53443
  42.50000    0.48130    0.00000    0.48130
  43.00000    0.50571    0.00000    0.50571
  43.50000    0.50807    0.00000    0.50807
  44.00000    0.52375    0.00000    0.52375
  44.50000    0.53129    0.00000    0.53129
  45.00000    0.53317    0.00000    0.53317
  45.50000    0.52183    0.00000    0.52183
  46.00000    0.50505    0.00000    0.50505
  46.50000    0.51026    0.00000    0.51026
  47.00000    0.52662    0.00000    0.52662
  47.50000    0.55428    0.00000    0.55428
  48.00000    0.58479    0.00000    0.58479
  48.50000    0.53713    0.00000    0.53713
  49.00000    0.53455    0.00000    0.53455
  49.50000    0.52812    0.00000    0.52812
  50.00000    0.54492    0.00000    0.54492
  50.50000    0.53311    0.00000    0.53311
  51.00000    0.53908    0.00000    0.53908
  51.50000    0.54504    0.00000    0.54504
  52.00000    0.52613    0.00000    0.52613
  52.50000    0.54079    0.00000    0.54079
  53.00000    0.52017    0.00000    0.52017
  53.50000    0.50218    0.00000    0.50218
  54.00000    0.51497    0.00000    0.51497
  54.50000    0.53210    0.00000    0.53210
  55.00000    0.54299    0.00000    0.54299
  55.50000    0.55273    0.00000    0.55273
  56.00000    0.53877    0.00000    0.53877
  56.50000    0.50309    0.00000    0.50309
  57.00000    0.48643    0.00000    0.48643
  57.50000    0.53718    0.00000    0.53718
  58.00000    0.55854    0.00000    0.55854
  58.50000    0.56727    0.00000    0.56727
  59.00000    0.52562    0.00000    0.52562
  59.50000    0.50256    0.00000    0.50256
  60.00000    0.48262    0.00000    0.48262
  60.50000    0.47978    0.00000    0.47978
  61.00000    0.53669    0.00000    0.53669
  61.50000    0.55725    0.00000    0.55725
  62.00000    0.57001    0.00000    0.57001
  62.50000    0.50352    0.00000    0.50352
  63.00000    0.53049    0.00000    0.53049
  63.50000    0.55917    0.00000    0.55917
  64.00000    0.57142    0.00000    0.57142
  64.50000    0.51810    0.00000    0.51810
  65.00000    0.49439    0.00000    0.49439
  65.50000    0.53127    0.00000    0.53127
  66.00000    0.52950    0.00000    0.52950
  66.50000    0.51553    0.00000    0.51553
  67.00000    0.49787    0.00000    0.49787
  67.50000    0.55035    0.00000    0.55035
  68.00000    0.56491    0.00000    0.56491
  68.50000    0.52596    0.00000    0.52596
  69.00000    0.47469    0.00000    0.47469
  69.50000    0.48031    0.00000    0.48031
  70.00000    0.50067    0.00000    0.50067
  70.50000    0.52183    0.00000    0.52183
  71.00000    0.51298    0.00000    0.51298
  71.50000    0.49520    0.00000    0.49520
  72.00000    0.50065    0.00000    0.50065
  72.50000    0.51797    0.00000    0.51797
  73.00000    0.54282    0.00000    0.54282
  73.50000    0.54874    0.00000    0.54874
  74.00000    0.56345    0.00000    0.56345
  74.50000    0.56824    0.00000    0.56824
  75.00000    0.54483    0.00000    0.54483
  75.50000    0.51735    0.00000    0.51735
  76.00000    0.49067    0.00000    0.49067
  76.50000    0.51934    0.00000    0.51934
  77.00000    0.51464    0.00000    0.51464
  77.50000    0.53809    0.00000    0.53809
  78.00000    0.54465    0.00000    0.54465
  78.50000    0.52537    0.00000    0.52537
  79.00000    0.49204    0.00000    0.49204
  79.50000    0.47371    0.00000    0.47371
  80.00000    0.51232    0.00000    0.51232
  80.50000    0.52919    0.00000    0.52919
  81.00000    0.51040    0.00000    0.51040
  81.50000    0.47743    0.00000    0.47743
  82.00000    0.46736    0.00000    0.46736
  82.50000    0.49553    0.00000    0.49553
  83.00000    0.51590    0.00000    0.51590
  83.50000    0.51438    0.00000    0.51438
  84.00000    0.51233    0.00000    0.51233
  84.50000    0.55548    0.00000    0.55548
  85.00000    0.57698    0.00000    0.57698
  85.50000    0.53720    0.00000    0.53720
  86.00000    0.48888    0.00000    0.48888
  86.50000    0.50451    0.00000    0.50451
  87.00000    0.51825    0.00000    0.51825
  87.50000    0.53722    0.00000    0.53722
  88.00000    0.53627    0.00000    0.53627
  88.50000    0.54783    0.00000    0.54783
  89.00000    0.54693    0.00000    0.54693
  89.50000    0.54234    0.00000    0.54234
  90.00000    0.53652    0.00000    0.53652
  90.50000    0.52205    0.00000    0.52205
  91.00000    0.51726    0.00000    0.51726
  91.50000    0.53075    0.00000    0.53075
  92.00000    0.52636    0.00000    0.52636
  92.50000    0.49885    0.00000    0.49885
  93.00000    0.49137    0.00000    0.49137
  93.50000    0.49429    0.00000    0.49429
  94.00000    0.48872    0.00000    0.48872
  94.50000    0.47498    0.00000    0.47498
  95.00000    0.50133    0.00000    0.50133
  95.50000    0.53763    0.00000    0.53763
  96.00000    0.58302    0.00000    0.58302
  96.50000    0.58320    0.00000    0.58320
  97.00000    0.55917    0.00000    0.55917
  97.50000    0.53752    0.00000    0.53752
  98.00000    0.53460    0.00000    0.53460
  98.50000    0.51746    0.00000    0.51746
  99.00000    0.50536    0.00000    0.50536
  99.50000    0.51011    0.00000    0.51011
 100.00000    0.52238    0.00000    0.52238
 100.50000    0.53686    0.00000    0.53686
 101.00000    0.55752    0.00000    0.55752
 101.50000    0.52256    0.00000    0.52256
 102.00000    0.46944    0.00000    0.46944
 102.50000    0.43075    0.00000    0.43075
 103.00000    0.47576    0.00000    0.47576
 103.50000    0.49129    0.00000    0.49129
 104.00000    0.50222    0.00000    0.50222
 104.50000    0.49482    0.00000    0.49482
 105.00000    0.54945    0.00000    0.54945
 105.50000    0.55629    0.00000    0.55629
 106.00000    0.54308    0.00000    0.54308
 106.50000    0.52932    0.00000    0.52932
 107.00000    0.55292    0.00000    0.55292
 107.50000    0.55060    0.00000    0.55060
 108.00000    0.55948    0.00000    0.55948
 108.50000    0.55018    0.00000    0.55018
 109.00000    0.54972    0.00000    0.54972
 109.50000    0.53166    0.00000    0.53166
 110.00000    0.52912    0.00000    0.52912
 110.50000    0.51859    0.00000    0.51859
 111.00000    0.52263    0.00000    0.52263
 111.50000    0.53408    0.00000    0.53408
 112.00000    0.53508    0.00000    0.53508
 112.50000    0.53938    0.00000    0.53938
 113.00000    0.55105    0.00000    0.55105
 113.50000    0.52636    0.00000    0.52636
 114.00000    0.49309    0.00000    0.49309
 114.50000    0.45906    0.00000    0.45906
 115.00000    0.48135    0.00000    0.48135
 115.50000    0.51225    0.00000    0.51225
 116.00000    0.58166    0.00000    0.58166
 116.50000    0.55380    0.00000    0.55380
 117.00000    0.52454    0.00000    0.52454
 117.50000    0.51191    0.00000    0.51191
 118.00000    0.55225    0.00000    0.55225
 118.50000    0.54340    0.00000    0.54340
 119.00000    0.54351    0.00000    0.54351
 119.50000    0.55559    0.00000    0.55559
 120.00000    0.56761    0.00000    0.56761
 120.50000    0.52786    0.00000    0.52786
 121.00000    0.52942    0.00000    0.52942
 121.50000    0.51820    0.00000    0.51820
 122.00000    0.51205    0.00000    0.51205
 122.50000    0.50390    0.00000    0.50390
 123.00000    0.53354    0.00000    0.53354
 123.50000    0.52121    0.00000    0.52121
 124.00000    0.50279    0.00000    0.50279
 124.50000    0.49501    0.00000    0.49501
 125.00000    0.50477    0.00000    0.50477
 125.50000    0.53273    0.00000    0.53273
 126.00000    0.53255    0.00000    0.53255
 126.50000    0.50770    0.00000    0.50770
 127.00000    0.52106    0.00000    0.52106
 127.50000    0.52479    0.00000    0.52479
 128.00000    0.52598    0.00000    0.52598
 128.50000    0.49953    0.00000    0.49953
 129.00000    0.50394    0.00000    0.50394
 129.50000    0.49841    0.00000    0.49841
 130.00000    0.50232    0.00000    0.50232
 130.50000    0.48749    0.00000    0.48749
 131.00000    0.50673    0.00000    0.50673
 131.50000    0.52070    0.00000    0.52070
 132.00000    0.51723    0.00000    0.51723
 132.50000    0.50750    0.00000    0.50750
 133.00000    0.49714    0.00000    0.49714
 133.50000    0.51265    0.00000    0.51265
 134.00000    0.54143    0.00000    0.54143
 134.50000    0.53599    0.00000    0.53599
 135.00000    0.51114    0.00000    0.51114
 135.50000    0.52932    0.00000    0.52932
 136.00000    0.55966    0.00000    0.55966
 136.50000    0.55869    0.00000    0.55869
 137.00000    0.57653    0.00000    0.57653
 137.50000    0.57521    0.00000    0.57521
 138.00000    0.55037    0.00000    0.55037
 138.50000    0.50697    0.00000    0.50697
 139.00000    0.49875    0.00000    0.49875
 139.50000    0.53026    0.00000    0.53026
 140.00000    0.55369    0.00000    0.55369
 140.50000    0.54270    0.00000    0.54270
 141.00000    0.55135    0.00000    0.55135
 141.50000    0.53642    0.00000    0.53642
 142.00000    0.53838    0.00000    0.53838
 142.50000    0.53214    0.00000    0.53214
 143.00000    0.57743    0.00000    0.57743
 143.50000    0.58639    0.00000    0.58639
 144.00000    0.55222    0.00000    0.55222
 144.50000    0.50387    0.00000    0.50387
 145.00000    0.51750    0.00000    0.51750
 145.50000    0.55578    0.00000    0.55578
 146.00000    0.52693    0.00000    0.52693
 146.50000    0.48692    0.00000    0.48692
 147.00000    0.51634    0.00000    0.51634
 147.50000    0.53070    0.00000    0.53070
 148.00000    0.51588    0.00000    0.51588
 148.50000    0.51515    0.00000    0.51515
 149.00000    0.53594    0.00000    0.53594
 149.50000    0.53059    0.00000    0.53059
 150.00000    0.51100    0.00000    0.51100
