   0.00000    0.50305    0.00000    0.50305
   0.50000    0.55371    0.00000    0.55371
   1.00000    0.55550    0.00000    0.55550
   1.50000    0.56105    0.00000    0.56105
   2.00000    0.58034    0.00000    0.58034
   2.50000    0.55753    0.00000    0.55753
   3.00000    0.55258    0.00000    0.55258
   3.50000    0.55988    0.00000    0.55988
   4.00000    0.55264    0.00000    0.55264
   4.50000    0.55763    0.00000    0.55763
   5.00000    0.53971    0.00000    0.53971
   5.50000    0.54755    0.00000    0.54755
   6.00000    0.54872    0.00000    0.54872
   6.50000    0.60319    0.00000    0.60319
   7.00000    0.59174    0.00000    0.59174
   7.50000    0.55235    0.00000    0.55235
   8.00000    0.52080    0.00000    0.52080
   8.50000    0.52526    0.00000    0.52526
   9.00000    0.54961    0.00000    0.54961
   9.50000    0.56631    0.00000    0.56631
  10.00000    0.56393    0.00000    0.56393
  10.50000    0.55481    0.00000    0.55481
  11.00000    0.54954    0.00000    0.54954
  11.50000    0.55486    0.00000    0.55486
  12.00000    0.53674    0.00000    0.53674
  12.50000    0.54810    0.00000    0.54810
  13.00000    0.52340    0.00000    0.52340
  13.50000    0.51772    0.00000    0.51772
  14.00000    0.51379    0.00000    0.51379
  14.50000    0.54261    0.00000    0.54261
  15.00000    0.54904    0.00000    0.54904
  15.50000    0.57189    0.00000    0.57189
  16.00000    0.55856    0.00000    0.55856
  16.50000    0.56319    0.00000    0.56319
  17.00000    0.57449    0.00000    0.57449
  17.50000    0.55352    0.00000    0.55352
  18.00000    0.52744    0.00000    0.52744
  18.50000    0.56027    0.00000    0.56027
  19.00000    0.59404    0.00000    0.59404
  19.50000    0.57463    0.00000    0.57463
  20.00000    0.54409    0.00000    0.54409
  20.50000    0.53841    0.00000    0.53841
  21.00000    0.52116    0.00000    0.52116
  21.50000    0.52723    0.00000    0.52723
  22.00000    0.54921    0.00000    0.54921
  22.50000    0.55565    0.00000    0.55565
  23.00000    0.56310    0.00000    0.56310
  23.50000    0.58898    0.00000    0.58898
  24.00000    0.60523    0.00000    0.60523
  24.50000    0.57665    0.00000    0.57665
  25.00000    0.53299    0.00000    0.53299
  25.50000    0.51801    0.00000    0.51801
  26.00000    0.51950    0.00000    0.51950
  26.50000    0.54032    0.00000    0.54032
  27.00000    0.55964    0.00000    0.55964
  27.50000    0.55552    0.00000    0.55552
  28.00000    0.54395    0.00000    0.54395
  28.50000    0.52787    0.00000    0.52787
  29.00000    0.56056    0.00000    0.56056
  29.50000    0.57143    0.00000    0.57143
  30.00000    0.58273    0.00000    0.58273
  30.50000    0.55879    0.00000    0.55879
  31.00000    0.53887    0.00000    0.53887
  31.50000    0.53509    0.00000    0.53509
  32.00000    0.54346    0.00000    0.54346
  32.50000    0.55980    0.00000    0.55980
  33.00000    0.56261    0.00000    0.56261
  33.50000    0.57675    0.00000    0.57675
  34.00000    0.56299    0.00000    0.56299
  34.50000    0.56684    0.00000    0.56684
  35.00000    0.54554    0.00000    0.54554
  35.50000    0.53896    0.00000    0.53896
  36.00000    0.55186    0.00000    0.55186
  36.50000    0.55314    0.00000    0.55314
  37.00000    0.54870    0.00000    0.54870
  37.50000    0.54153    0.00000    0.54153
  38.00000    0.56389    0.00000    0.56389
  38.50000    0.58608    0.00000    0.58608
  39.00000    0.58700    0.00000    0.58700
  39.50000    0.53321    0.00000    0.53321
  40.00000    0.54437    0.00000    0.54437
  40.50000    0.60632    0.00000    0.60632
  41.00000    0.64099    0.00000    0.64099
  41.50000    0.59261    0.00000    0.59261
  42.00000    0.56295    0.00000    0.56295
  42.50000    0.52861    0.00000    0.52861
  43.00000    0.53760    0.00000    0.53760
  43.50000    0.54087    0.00000    0.54087
  44.00000    0.55228    0.00000    0.55228
  44.50000    0.55767    0.00000    0.55767
  45.00000    0.54392    0.00000    0.54392
  45.50000    0.53174    0.00000    0.53174
  46.00000    0.53800    0.00000    0.53800
  46.50000    0.55136    0.00000    0.55136
  47.00000    0.57007    0.00000    0.57007
  47.50000    0.58995    0.00000    0.58995
  48.00000    0.60337    0.00000    0.60337
  48.50000    0.54543    0.00000    0.54543
  49.00000    0.55897    0.00000    0.55897
  49.50000    0.59460    0.00000    0.59460
  50.00000    0.60316    0.00000    0.60316
  50.50000    0.57508    0.00000    0.57508
  51.00000    0.56566    0.00000    0.56566
  51.50000    0.56933    0.00000    0.56933
  52.00000    0.55077    0.00000    0.55077
  52.50000    0.56857    0.00000    0.56857
  53.00000    0.55466    0.00000    0.55466
  53.50000    0.53923    0.00000    0.53923
  54.00000    0.55451    0.00000    0.55451
  54.50000    0.57713    0.00000    0.57713
  55.00000    0.58402    0.00000    0.58402
  55.50000    0.59876    0.00000    0.59876
  56.00000    0.58820    0.00000    0.58820
  56.50000    0.54949    0.00000    0.54949
  57.00000    0.52538    0.00000    0.52538
  57.50000    0.56016    0.00000    0.56016
  58.00000    0.58972    0.00000    0.58972
  58.50000    0.60535    0.00000    0.60535
  59.00000    0.56551    0.00000    0.56551
  59.50000    0.52027    0.00000    0.52027
  60.00000    0.50224    0.00000    0.50224
  60.50000    0.51672    0.00000    0.51672
  61.00000    0.58600    0.00000    0.58600
  61.50000    0.61230    0.00000    0.61230
  62.00000    0.62465    0.00000    0.62465
  62.50000    0.54547    0.00000    0.54547
  63.00000    0.57107    0.00000    0.57107
  63.50000    0.61049    0.00000    0.61049
  64.00000    0.62430    0.00000    0.62430
  64.50000    0.56213    0.00000    0.56213
  65.00000    0.53745    0.00000    0.53745
  65.50000    0.57964    0.00000    0.57964
  66.00000    0.57662    0.00000    0.57662
  66.50000    0.57314    0.00000    0.57314
  67.00000    0.55264    0.00000    0.55264
  67.50000    0.58125    0.00000    0.58125
  68.00000    0.58539    0.00000    0.58539
  68.50000    0.57071    0.00000    0.57071
  69.00000    0.52895    0.00000    0.52895
  69.50000    0.50608    0.00000    0.50608
  70.00000    0.52426    0.00000    0.52426
  70.50000    0.55838    0.00000    0.55838
  71.00000    0.55987    0.00000    0.55987
  71.50000    0.54484    0.00000    0.54484
  72.00000    0.55335    0.00000    0.55335
  72.50000    0.57445    0.00000    0.57445
  73.00000    0.59533    0.00000    0.59533
  73.50000    0.60383    0.00000    0.60383
  74.00000    0.61040    0.00000    0.61040
  74.50000    0.61243    0.00000    0.61243
  75.00000    0.58115    0.00000    0.58115
  75.50000    0.55559    0.00000    0.55559
  76.00000    0.51085    0.00000    0.51085
  76.50000    0.54385    0.00000    0.54385
  77.00000    0.54242    0.00000    0.54242
  77.50000    0.58034    0.00000    0.58034
  78.00000    0.55698    0.00000    0.55698
  78.50000    0.54150    0.00000    0.54150
  79.00000    0.51214    0.00000    0.51214
  79.50000    0.50738    0.00000    0.50738
  80.00000    0.54405    0.00000    0.54405
  80.50000    0.55709    0.00000    0.55709
  81.00000    0.53414    0.00000    0.53414
  81.50000    0.51066    0.00000    0.51066
  82.00000    0.51873    0.00000    0.51873
  82.50000    0.54132    0.00000    0.54132
  83.00000    0.53971    0.00000    0.53971
  83.50000    0.52827    0.00000    0.52827
  84.00000    0.54134    0.00000    0.54134
  84.50000    0.59174    0.00000    0.59174
  85.00000    0.61246    0.00000    0.61246
  85.50000    0.57270    0.00000    0.57270
  86.00000    0.52240    0.00000    0.52240
  86.50000    0.52757    0.00000    0.52757
  87.00000    0.54588    0.00000    0.54588
  87.50000    0.57912    0.00000    0.57912
  88.00000    0.57312    0.00000    0.57312
  88.50000    0.58400    0.00000    0.58400
  89.00000    0.60922    0.00000    0.60922
  89.50000    0.60312    0.00000    0.60312
  90.00000    0.58383    0.00000    0.58383
  90.50000    0.55959    0.00000    0.55959
  91.00000    0.55116    0.00000    0.55116
  91.50000    0.54998    0.00000    0.54998
  92.00000    0.56145    0.00000    0.56145
  92.50000    0.54121    0.00000    0.54121
  93.00000    0.53108    0.00000    0.53108
  93.50000    0.51563    0.00000    0.51563
  94.00000    0.51473    0.00000    0.51473
  94.50000    0.50424    0.00000    0.50424
  95.00000    0.52996    0.00000    0.52996
  95.50000    0.57435    0.00000    0.57435
  96.00000    0.61931    0.00000    0.61931
  96.50000    0.61943    0.00000    0.61943
  97.00000    0.57402    0.00000    0.57402
  97.50000    0.56522    0.00000    0.56522
  98.00000    0.56175    0.00000    0.56175
  98.50000    0.54881    0.00000    0.54881
  99.00000    0.53239    0.00000    0.53239
  99.50000    0.55049    0.00000    0.55049
 100.00000    0.54860    0.00000    0.54860
 100.50000    0.56537    0.00000    0.56537
 101.00000    0.58211    0.00000    0.58211
 101.50000    0.58433    0.00000    0.58433
 102.00000    0.51911    0.00000    0.51911
 102.50000    0.48209    0.00000    0.48209
 103.00000    0.50717    0.00000    0.50717
 103.50000    0.52141    0.00000    0.52141
 104.00000    0.53061    0.00000    0.53061
 104.50000    0.54005    0.00000    0.54005
 105.00000    0.59629    0.00000    0.59629
 105.50000    0.58658    0.00000    0.58658
 106.00000    0.57162    0.00000    0.57162
 106.50000    0.55260    0.00000    0.55260
 107.00000    0.59352    0.00000    0.59352
 107.50000    0.59874    0.00000    0.59874
 108.00000    0.60297    0.00000    0.60297
 108.50000    0.58113    0.00000    0.58113
 109.00000    0.57490    0.00000    0.57490
 109.50000    0.58295    0.00000    0.58295
 110.00000    0.58181    0.00000    0.58181
 110.50000    0.56545    0.00000    0.56545
 111.00000    0.55326    0.00000    0.55326
 111.50000    0.58325    0.00000    0.58325
 112.00000    0.58728    0.00000    0.58728
 112.50000    0.57408    0.00000    0.57408
 113.00000    0.57150    0.00000    0.57150
 113.50000    0.55397    0.00000    0.55397
 114.00000    0.54093    0.00000    0.54093
 114.50000    0.52146    0.00000    0.52146
 115.00000    0.51856    0.00000    0.51856
 115.50000    0.52111    0.00000    0.52111
 116.00000    0.59657    0.00000    0.59657
 116.50000    0.60161    0.00000    0.60161
 117.00000    0.57243    0.00000    0.57243
 117.50000    0.54281    0.00000    0.54281
 118.00000    0.58479    0.00000    0.58479
 118.50000    0.59011    0.00000    0.59011
 119.00000    0.57737    0.00000    0.57737
 119.50000    0.57128    0.00000    0.57128
 120.00000    0.59063    0.00000    0.59063
 120.50000    0.56766    0.00000    0.56766
 121.00000    0.57769    0.00000    0.57769
 121.50000    0.55444    0.00000    0.55444
 122.00000    0.55604    0.00000    0.55604
 122.50000    0.55223    0.00000    0.55223
 123.00000    0.57929    0.00000    0.57929
 123.50000    0.54234    0.00000    0.54234
 124.00000    0.51611    0.00000    0.51611
 124.50000    0.51248    0.00000    0.51248
 125.00000    0.55068    0.00000    0.55068
 125.50000    0.58328    0.00000    0.58328
 126.00000    0.58908    0.00000    0.58908
 126.50000    0.54325    0.00000    0.54325
 127.00000    0.55687    0.00000    0.55687
 127.50000    0.56622    0.00000    0.56622
 128.00000    0.56255    0.00000    0.56255
 128.50000    0.53378    0.00000    0.53378
 129.00000    0.52547    0.00000    0.52547
 129.50000    0.53391    0.00000    0.53391
 130.00000    0.52995    0.00000    0.52995
 130.50000    0.52556    0.00000    0.52556
 131.00000    0.53832    0.00000    0.53832
 131.50000    0.55709    0.00000    0.55709
 132.00000    0.56599    0.00000    0.56599
 132.50000    0.55917    0.00000    0.55917
 133.00000    0.54427    0.00000    0.54427
 133.50000    0.54423    0.00000    0.54423
 134.00000    0.57183    0.00000    0.57183
 134.50000    0.57349    0.00000    0.57349
 135.00000    0.56209    0.00000    0.56209
 135.50000    0.57461    0.00000    0.57461
 136.00000    0.58273    0.00000    0.58273
 136.50000    0.56349    0.00000    0.56349
 137.00000    0.56946    0.00000    0.56946
 137.50000    0.57471    0.00000    0.57471
 138.00000    0.56933    0.00000    0.56933
 138.50000    0.53146    0.00000    0.53146
 139.00000    0.52848    0.00000    0.52848
 139.50000    0.56685    0.00000    0.56685
 140.00000    0.59595    0.00000    0.59595
 140.50000    0.57281    0.00000    0.57281
 141.00000    0.58425    0.00000    0.58425
 141.50000    0.56828    0.00000    0.56828
 142.00000    0.56895    0.00000    0.56895
 142.50000    0.56527    0.00000    0.56527
 143.00000    0.61843    0.00000    0.61843
 143.50000    0.64197    0.00000    0.64197
 144.00000    0.59219    0.00000    0.59219
 144.50000    0.53578    0.00000    0.53578
 145.00000    0.54268    0.00000    0.54268
 145.50000    0.59120    0.00000    0.59120
 146.00000    0.55463    0.00000    0.55463
 146.50000    0.51978    0.00000    0.51978
 147.00000    0.54639    0.00000    0.54639
 147.50000    0.55928    0.00000    0.55928
 148.00000    0.55323    0.00000    0.55323
 148.50000    0.53511    0.00000    0.53511
 149.00000    0.53991    0.00000    0.53991
 149.50000    0.53142    0.00000    0.53142
 150.00000    0.51609    0.00000    0.51609
