   0.00000    0.51862    0.00000    0.51862
   0.50000    0.59932    0.00000    0.59932
   1.00000    0.58231    0.00000    0.58231
   1.50000    0.54734    0.00000    0.54734
   2.00000    0.57606    0.00000    0.57606
   2.50000    0.59350    0.00000    0.59350
   3.00000    0.58859    0.00000    0.58859
   3.50000    0.59027    0.00000    0.59027
   4.00000    0.57733    0.00000    0.57733
   4.50000    0.55960    0.00000    0.55960
   5.00000    0.55973    0.00000    0.55973
   5.50000    0.59559    0.00000    0.59559
   6.00000    0.58575    0.00000    0.58575
   6.50000    0.61657    0.00000    0.61657
   7.00000    0.62736    0.00000    0.62736
   7.50000    0.57555    0.00000    0.57555
   8.00000    0.54152    0.00000    0.54152
   8.50000    0.56167    0.00000    0.56167
   9.00000    0.57581    0.00000    0.57581
   9.50000    0.54253    0.00000    0.54253
  10.00000    0.56223    0.00000    0.56223
  10.50000    0.61371    0.00000    0.61371
  11.00000    0.62103    0.00000    0.62103
  11.50000    0.58004    0.00000    0.58004
  12.00000    0.55503    0.00000    0.55503
  12.50000    0.58586    0.00000    0.58586
  13.00000    0.58573    0.00000    0.58573
  13.50000    0.60144    0.00000    0.60144
  14.00000    0.57682    0.00000    0.57682
  14.50000    0.57848    0.00000    0.57848
  15.00000    0.57284    0.00000    0.57284
  15.50000    0.61963    0.00000    0.61963
  16.00000    0.59829    0.00000    0.59829
  16.50000    0.60797    0.00000    0.60797
  17.00000    0.60817    0.00000    0.60817
  17.50000    0.59368    0.00000    0.59368
  18.00000    0.57772    0.00000    0.57772
  18.50000    0.62013    0.00000    0.62013
  19.00000    0.63140    0.00000    0.63140
  19.50000    0.59869    0.00000    0.59869
  20.00000    0.57326    0.00000    0.57326
  20.50000    0.56292    0.00000    0.56292
  21.00000    0.56386    0.00000    0.56386
  21.50000    0.60120    0.00000    0.60120
  22.00000    0.63390    0.00000    0.63390
  22.50000    0.61656    0.00000    0.61656
  23.00000    0.58036    0.00000    0.58036
  23.50000    0.59335    0.00000    0.59335
  24.00000    0.61225    0.00000    0.61225
  24.50000    0.59201    0.00000    0.59201
  25.00000    0.55162    0.00000    0.55162
  25.50000    0.55850    0.00000    0.55850
  26.00000    0.57353    0.00000    0.57353
  26.50000    0.58374    0.00000    0.58374
  27.00000    0.57938    0.00000    0.57938
  27.50000    0.57326    0.00000    0.57326
  28.00000    0.57274    0.00000    0.57274
  28.50000    0.57494    0.00000    0.57494
  29.00000    0.58648    0.00000    0.58648
  29.50000    0.60109    0.00000    0.60109
  30.00000    0.60537    0.00000    0.60537
  30.50000    0.60184    0.00000    0.60184
  31.00000    0.58627    0.00000    0.58627
  31.50000    0.59490    0.00000    0.59490
  32.00000    0.58120    0.00000    0.58120
  32.50000    0.58931    0.00000    0.58931
  33.00000    0.57220    0.00000    0.57220
  33.50000    0.57240    0.00000    0.57240
  34.00000    0.57653    0.00000    0.57653
  34.50000    0.60629    0.00000    0.60629
  35.00000    0.58268    0.00000    0.58268
  35.50000    0.57284    0.00000    0.57284
  36.00000    0.59106    0.00000    0.59106
  36.50000    0.58194    0.00000    0.58194
  37.00000    0.53759    0.00000    0.53759
  37.50000    0.52941    0.00000    0.52941
  38.00000    0.58110    0.00000    0.58110
  38.50000    0.62492    0.00000    0.62492
  39.00000    0.62703    0.00000    0.62703
  39.50000    0.56713    0.00000    0.56713
  40.00000    0.58438    0.00000    0.58438
  40.50000    0.65184    0.00000    0.65184
  41.00000    0.69949    0.00000    0.69949
  41.50000    0.64243    0.00000    0.64243
  42.00000    0.59483    0.00000    0.59483
  42.50000    0.53779    0.00000    0.53779
  43.00000    0.57078    0.00000    0.57078
  43.50000    0.58747    0.00000    0.58747
  44.00000    0.59069    0.00000    0.59069
  44.50000    0.57534    0.00000    0.57534
  45.00000    0.57100    0.00000    0.57100
  45.50000    0.57755    0.00000    0.57755
  46.00000    0.57102    0.00000    0.57102
  46.50000    0.57149    0.00000    0.57149
  47.00000    0.58319    0.00000    0.58319
  47.50000    0.60471    0.00000    0.60471
  48.00000    0.63832    0.00000    0.63832
  48.50000    0.58665    0.00000    0.58665
  49.00000    0.59162    0.00000    0.59162
  49.50000    0.59674    0.00000    0.59674
  50.00000    0.61328    0.00000    0.61328
  50.50000    0.59456    0.00000    0.59456
  51.00000    0.58825    0.00000    0.58825
  51.50000    0.58646    0.00000    0.58646
  52.00000    0.58670    0.00000    0.58670
  52.50000    0.62915    0.00000    0.62915
  53.00000    0.60867    0.00000    0.60867
  53.50000    0.55266    0.00000    0.55266
  54.00000    0.57638    0.00000    0.57638
  54.50000    0.61123    0.00000    0.61123
  55.00000    0.62398    0.00000    0.62398
  55.50000    0.64178    0.00000    0.64178
  56.00000    0.64710    0.00000    0.64710
  56.50000    0.57097    0.00000    0.57097
  57.00000    0.52165    0.00000    0.52165
  57.50000    0.55310    0.00000    0.55310
  58.00000    0.60389    0.00000    0.60389
  58.50000    0.62321    0.00000    0.62321
  59.00000    0.61419    0.00000    0.61419
  59.50000    0.56901    0.00000    0.56901
  60.00000    0.54775    0.00000    0.54775
  60.50000    0.55270    0.00000    0.55270
  61.00000    0.60616    0.00000    0.60616
  61.50000    0.61934    0.00000    0.61934
  62.00000    0.63409    0.00000    0.63409
  62.50000    0.58187    0.00000    0.58187
  63.00000    0.61698    0.00000    0.61698
  63.50000    0.65959    0.00000    0.65959
  64.00000    0.67176    0.00000    0.67176
  64.50000    0.59077    0.00000    0.59077
  65.00000    0.55039    0.00000    0.55039
  65.50000    0.57050    0.00000    0.57050
  66.00000    0.58278    0.00000    0.58278
  66.50000    0.58452    0.00000    0.58452
  67.00000    0.58639    0.00000    0.58639
  67.50000    0.59182    0.00000    0.59182
  68.00000    0.61020    0.00000    0.61020
  68.50000    0.58979    0.00000    0.58979
  69.00000    0.55432    0.00000    0.55432
  69.50000    0.51907    0.00000    0.51907
  70.00000    0.55764    0.00000    0.55764
  70.50000    0.59990    0.00000    0.59990
  71.00000    0.60704    0.00000    0.60704
  71.50000    0.56254    0.00000    0.56254
  72.00000    0.55400    0.00000    0.55400
  72.50000    0.57876    0.00000    0.57876
  73.00000    0.61212    0.00000    0.61212
  73.50000    0.61390    0.00000    0.61390
  74.00000    0.63260    0.00000    0.63260
  74.50000    0.67430    0.00000    0.67430
  75.00000    0.63176    0.00000    0.63176
  75.50000    0.57826    0.00000    0.57826
  76.00000    0.53046    0.00000    0.53046
  76.50000    0.56955    0.00000    0.56955
  77.00000    0.58067    0.00000    0.58067
  77.50000    0.62353    0.00000    0.62353
  78.00000    0.61044    0.00000    0.61044
  78.50000    0.56962    0.00000    0.56962
  79.00000    0.53572    0.00000    0.53572
  79.50000    0.51863    0.00000    0.51863
  80.00000    0.55934    0.00000    0.55934
  80.50000    0.57939    0.00000    0.57939
  81.00000    0.56385    0.00000    0.56385
  81.50000    0.53286    0.00000    0.53286
  82.00000    0.52919    0.00000    0.52919
  82.50000    0.57232    0.00000    0.57232
  83.00000    0.58482    0.00000    0.58482
  83.50000    0.59170    0.00000    0.59170
  84.00000    0.57575    0.00000    0.57575
  84.50000    0.61738    0.00000    0.61738
  85.00000    0.62928    0.00000    0.62928
  85.50000    0.60560    0.00000    0.60560
  86.00000    0.58786    0.00000    0.58786
  86.50000    0.60248    0.00000    0.60248
  87.00000    0.61358    0.00000    0.61358
  87.50000    0.60292    0.00000    0.60292
  88.00000    0.59571    0.00000    0.59571
  88.50000    0.60127    0.00000    0.60127
  89.00000    0.63383    0.00000    0.63383
  89.50000    0.62821    0.00000    0.62821
  90.00000    0.60580    0.00000    0.60580
  90.50000    0.57514    0.00000    0.57514
  91.00000    0.57121    0.00000    0.57121
  91.50000    0.58820    0.00000    0.58820
  92.00000    0.59957    0.00000    0.59957
  92.50000    0.57280    0.00000    0.57280
  93.00000    0.57212    0.00000    0.57212
  93.50000    0.58173    0.00000    0.58173
  94.00000    0.57640    0.00000    0.57640
  94.50000    0.54959    0.00000    0.54959
  95.00000    0.56188    0.00000    0.56188
  95.50000    0.59711    0.00000    0.59711
  96.00000    0.60018    0.00000    0.60018
  96.50000    0.61738    0.00000    0.61738
  97.00000    0.59875    0.00000    0.59875
  97.50000    0.59778    0.00000    0.59778
  98.00000    0.60057    0.00000    0.60057
  98.50000    0.59915    0.00000    0.59915
  99.00000    0.58904    0.00000    0.58904
  99.50000    0.57586    0.00000    0.57586
 100.00000    0.59634    0.00000    0.59634
 100.50000    0.61336    0.00000    0.61336
 101.00000    0.62539    0.00000    0.62539
 101.50000    0.58067    0.00000    0.58067
 102.00000    0.51748    0.00000    0.51748
 102.50000    0.50533    0.00000    0.50533
 103.00000    0.52693    0.00000    0.52693
 103.50000    0.53036    0.00000    0.53036
 104.00000    0.54014    0.00000    0.54014
 104.50000    0.57178    0.00000    0.57178
 105.00000    0.62424    0.00000    0.62424
 105.50000    0.62037    0.00000    0.62037
 106.00000    0.59765    0.00000    0.59765
 106.50000    0.59895    0.00000    0.59895
 107.00000    0.62357    0.00000    0.62357
 107.50000    0.60949    0.00000    0.60949
 108.00000    0.58877    0.00000    0.58877
 108.50000    0.60585    0.00000    0.60585
 109.00000    0.61097    0.00000    0.61097
 109.50000    0.61724    0.00000    0.61724
 110.00000    0.61807    0.00000    0.61807
 110.50000    0.63156    0.00000    0.63156
 111.00000    0.61344    0.00000    0.61344
 111.50000    0.61720    0.00000    0.61720
 112.00000    0.60043    0.00000    0.60043
 112.50000    0.59469    0.00000    0.59469
 113.00000    0.61005    0.00000    0.61005
 113.50000    0.58843    0.00000    0.58843
 114.00000    0.56869    0.00000    0.56869
 114.50000    0.54736    0.00000    0.54736
 115.00000    0.56226    0.00000    0.56226
 115.50000    0.57323    0.00000    0.57323
 116.00000    0.64671    0.00000    0.64671
 116.50000    0.64398    0.00000    0.64398
 117.00000    0.59797    0.00000    0.59797
 117.50000    0.58767    0.00000    0.58767
 118.00000    0.60418    0.00000    0.60418
 118.50000    0.60224    0.00000    0.60224
 119.00000    0.57819    0.00000    0.57819
 119.50000    0.61396    0.00000    0.61396
 120.00000    0.61694    0.00000    0.61694
 120.50000    0.59198    0.00000    0.59198
 121.00000    0.59821    0.00000    0.59821
 121.50000    0.58447    0.00000    0.58447
 122.00000    0.59960    0.00000    0.59960
 122.50000    0.60286    0.00000    0.60286
 123.00000    0.64404    0.00000    0.64404
 123.50000    0.59404    0.00000    0.59404
 124.00000    0.57928    0.00000    0.57928
 124.50000    0.58998    0.00000    0.58998
 125.00000    0.60214    0.00000    0.60214
 125.50000    0.60688    0.00000    0.60688
 126.00000    0.59820    0.00000    0.59820
 126.50000    0.60324    0.00000    0.60324
 127.00000    0.61352    0.00000    0.61352
 127.50000    0.62871    0.00000    0.62871
 128.00000    0.60486    0.00000    0.60486
 128.50000    0.56387    0.00000    0.56387
 129.00000    0.54189    0.00000    0.54189
 129.50000    0.56828    0.00000    0.56828
 130.00000    0.59208    0.00000    0.59208
 130.50000    0.58806    0.00000    0.58806
 131.00000    0.59616    0.00000    0.59616
 131.50000    0.60061    0.00000    0.60061
 132.00000    0.58903    0.00000    0.58903
 132.50000    0.59580    0.00000    0.59580
 133.00000    0.58100    0.00000    0.58100
 133.50000    0.58075    0.00000    0.58075
 134.00000    0.59434    0.00000    0.59434
 134.50000    0.59852    0.00000    0.59852
 135.00000    0.57391    0.00000    0.57391
 135.50000    0.58844    0.00000    0.58844
 136.00000    0.62066    0.00000    0.62066
 136.50000    0.61368    0.00000    0.61368
 137.00000    0.61500    0.00000    0.61500
 137.50000    0.62472    0.00000    0.62472
 138.00000    0.61760    0.00000    0.61760
 138.50000    0.60032    0.00000    0.60032
 139.00000    0.60627    0.00000    0.60627
 139.50000    0.62852    0.00000    0.62852
 140.00000    0.63228    0.00000    0.63228
 140.50000    0.59902    0.00000    0.59902
 141.00000    0.61031    0.00000    0.61031
 141.50000    0.58814    0.00000    0.58814
 142.00000    0.59593    0.00000    0.59593
 142.50000    0.59033    0.00000    0.59033
 143.00000    0.64130    0.00000    0.64130
 143.50000    0.64351    0.00000    0.64351
 144.00000    0.60091    0.00000    0.60091
 144.50000    0.53926    0.00000    0.53926
 145.00000    0.54871    0.00000    0.54871
 145.50000    0.58807    0.00000    0.58807
 146.00000    0.58015    0.00000    0.58015
 146.50000    0.56478    0.00000    0.56478
 147.00000    0.61220    0.00000    0.61220
 147.50000    0.61087    0.00000    0.61087
 148.00000    0.58637    0.00000    0.58637
 148.50000    0.55638    0.00000    0.55638
 149.00000    0.56982    0.00000    0.56982
 149.50000    0.55594    0.00000    0.55594
 150.00000    0.57502    0.00000    0.57502
