   0.00000    0.46033    0.00000    0.46033
   0.50000    0.49019    0.00000    0.49019
   1.00000    0.48100    0.00000    0.48100
   1.50000    0.49637    0.00000    0.49637
   2.00000    0.52197    0.00000    0.52197
   2.50000    0.51668    0.00000    0.51668
   3.00000    0.50650    0.00000    0.50650
   3.50000    0.52307    0.00000    0.52307
   4.00000    0.50157    0.00000    0.50157
   4.50000    0.50036    0.00000    0.50036
   5.00000    0.46700    0.00000    0.46700
   5.50000    0.47689    0.00000    0.47689
   6.00000    0.47324    0.00000    0.47324
   6.50000    0.53132    0.00000    0.53132
   7.00000    0.53040    0.00000    0.53040
   7.50000    0.49800    0.00000    0.49800
   8.00000    0.45998    0.00000    0.45998
   8.50000    0.47788    0.00000    0.47788
   9.00000    0.50475    0.00000    0.50475
   9.50000    0.51023    0.00000    0.51023
  10.00000    0.51323    0.00000    0.51323
  10.50000    0.51069    0.00000    0.51069
  11.00000    0.50437    0.00000    0.50437
  11.50000    0.48991    0.00000    0.48991
  12.00000    0.47705    0.00000    0.47705
  12.50000    0.48529    0.00000    0.48529
  13.00000    0.47519    0.00000    0.47519
  13.50000    0.47667    0.00000    0.47667
  14.00000    0.46825    0.00000    0.46825
  14.50000    0.49603    0.00000    0.49603
  15.00000    0.49665    0.00000    0.49665
  15.50000    0.51804    0.00000    0.51804
  16.00000    0.50109    0.00000    0.50109
  16.50000    0.49725    0.00000    0.49725
  17.00000    0.49803    0.00000    0.49803
  17.50000    0.50061    0.00000    0.50061
  18.00000    0.50268    0.00000    0.50268
  18.50000    0.52139    0.00000    0.52139
  19.00000    0.54291    0.00000    0.54291
  19.50000    0.52031    0.00000    0.52031
  20.00000    0.50387    0.00000    0.50387
  20.50000    0.49423    0.00000    0.49423
  21.00000    0.49035    0.00000    0.49035
  21.50000    0.48522    0.00000    0.48522
  22.00000    0.49689    0.00000    0.49689
  22.50000    0.50357    0.00000    0.50357
  23.00000    0.50875    0.00000    0.50875
  23.50000    0.52547    0.00000    0.52547
  24.00000    0.54523    0.00000    0.54523
  24.50000    0.52919    0.00000    0.52919
  25.00000    0.50306    0.00000    0.50306
  25.50000    0.48870    0.00000    0.48870
  26.00000    0.49003    0.00000    0.49003
  26.50000    0.49197    0.00000    0.49197
  27.00000    0.50377    0.00000    0.50377
  27.50000    0.49326    0.00000    0.49326
  28.00000    0.49346    0.00000    0.49346
  28.50000    0.49486    0.00000    0.49486
  29.00000    0.51779    0.00000    0.51779
  29.50000    0.52744    0.00000    0.52744
  30.00000    0.52812    0.00000    0.52812
  30.50000    0.50709    0.00000    0.50709
  31.00000    0.48381    0.00000    0.48381
  31.50000    0.49304    0.00000    0.49304
  32.00000    0.50077    0.00000    0.50077
  32.50000    0.52136    0.00000    0.52136
  33.00000    0.52403    0.00000    0.52403
  33.50000    0.51830    0.00000    0.51830
  34.00000    0.50730    0.00000    0.50730
  34.50000    0.50750    0.00000    0.50750
  35.00000    0.50121    0.00000    0.50121
  35.50000    0.49239    0.00000    0.49239
  36.00000    0.51262    0.00000    0.51262
  36.50000    0.51206    0.00000    0.51206
  37.00000    0.50594    0.00000    0.50594
  37.50000    0.49784    0.00000    0.49784
  38.00000    0.51472    0.00000    0.51472
  38.50000    0.53252    0.00000    0.53252
  39.00000    0.53223    0.00000    0.53223
  39.50000    0.48304    0.00000    0.48304
  40.00000    0.47512    0.00000    0.47512
  40.50000    0.51637    0.00000    0.51637
  41.00000    0.56710    0.00000    0.56710
  41.50000    0.54430    0.00000    0.54430
  42.00000    0.52372    0.00000    0.52372
  42.50000    0.48437    0.00000    0.48437
  43.00000    0.48695    0.00000    0.48695
  43.50000    0.48070    0.00000    0.48070
  44.00000    0.50639    0.00000    0.50639
  44.50000    0.52031    0.00000    0.52031
  45.00000    0.51541    0.00000    0.51541
  45.50000    0.50357    0.00000    0.50357
  46.00000    0.49926    0.00000    0.49926
  46.50000    0.48784    0.00000    0.48784
  47.00000    0.49822    0.00000    0.49822
  47.50000    0.52753    0.00000    0.52753
  48.00000    0.55302    0.00000    0.55302
  48.50000    0.50477    0.00000    0.50477
  49.00000    0.50404    0.00000    0.50404
  49.50000    0.50871    0.00000    0.50871
  50.00000    0.52325    0.00000    0.52325
  50.50000    0.51805    0.00000    0.51805
  51.00000    0.51588    0.00000    0.51588
  51.50000    0.52477    0.00000    0.52477
  52.00000    0.50746    0.00000    0.50746
  52.50000    0.52396    0.00000    0.52396
  53.00000    0.49463    0.00000    0.49463
  53.50000    0.47339    0.00000    0.47339
  54.00000    0.48211    0.00000    0.48211
  54.50000    0.51745    0.00000    0.51745
  55.00000    0.52757    0.00000    0.52757
  55.50000    0.54006    0.00000    0.54006
  56.00000    0.54037    0.00000    0.54037
  56.50000    0.50226    0.00000    0.50226
  57.00000    0.47344    0.00000    0.47344
  57.50000    0.51080    0.00000    0.51080
  58.00000    0.54753    0.00000    0.54753
  58.50000    0.53427    0.00000    0.53427
  59.00000    0.49433    0.00000    0.49433
  59.50000    0.47967    0.00000    0.47967
  60.00000    0.47862    0.00000    0.47862
  60.50000    0.47606    0.00000    0.47606
  61.00000    0.51645    0.00000    0.51645
  61.50000    0.52591    0.00000    0.52591
  62.00000    0.54111    0.00000    0.54111
  62.50000    0.49665    0.00000    0.49665
  63.00000    0.51367    0.00000    0.51367
  63.50000    0.53189    0.00000    0.53189
  64.00000    0.55236    0.00000    0.55236
  64.50000    0.51812    0.00000    0.51812
  65.00000    0.48335    0.00000    0.48335
  65.50000    0.51556    0.00000    0.51556
  66.00000    0.52569    0.00000    0.52569
  66.50000    0.52086    0.00000    0.52086
  67.00000    0.48657    0.00000    0.48657
  67.50000    0.51289    0.00000    0.51289
  68.00000    0.53658    0.00000    0.53658
  68.50000    0.51962    0.00000    0.51962
  69.00000    0.47418    0.00000    0.47418
  69.50000    0.46035    0.00000    0.46035
  70.00000    0.48562    0.00000    0.48562
  70.50000    0.50018    0.00000    0.50018
  71.00000    0.49430    0.00000    0.49430
  71.50000    0.47266    0.00000    0.47266
  72.00000    0.48245    0.00000    0.48245
  72.50000    0.50011    0.00000    0.50011
  73.00000    0.52168    0.00000    0.52168
  73.50000    0.52557    0.00000    0.52557
  74.00000    0.53978    0.00000    0.53978
  74.50000    0.55929    0.00000    0.55929
  75.00000    0.52607    0.00000    0.52607
  75.50000    0.49576    0.00000    0.49576
  76.00000    0.46855    0.00000    0.46855
  76.50000    0.50239    0.00000    0.50239
  77.00000    0.50934    0.00000    0.50934
  77.50000    0.53224    0.00000    0.53224
  78.00000    0.52479    0.00000    0.52479
  78.50000    0.49938    0.00000    0.49938
  79.00000    0.48507    0.00000    0.48507
  79.50000    0.45875    0.00000    0.45875
  80.00000    0.50424    0.00000    0.50424
  80.50000    0.52628    0.00000    0.52628
  81.00000    0.50925    0.00000    0.50925
  81.50000    0.46370    0.00000    0.46370
  82.00000    0.46042    0.00000    0.46042
  82.50000    0.50852    0.00000    0.50852
  83.00000    0.51899    0.00000    0.51899
  83.50000    0.51227    0.00000    0.51227
  84.00000    0.49404    0.00000    0.49404
  84.50000    0.52842    0.00000    0.52842
  85.00000    0.53966    0.00000    0.53966
  85.50000    0.50380    0.00000    0.50380
  86.00000    0.46941    0.00000    0.46941
  86.50000    0.47737    0.00000    0.47737
  87.00000    0.49922    0.00000    0.49922
  87.50000    0.51401    0.00000    0.51401
  88.00000    0.51436    0.00000    0.51436
  88.50000    0.51654    0.00000    0.51654
  89.00000    0.53214    0.00000    0.53214
  89.50000    0.53124    0.00000    0.53124
  90.00000    0.52638    0.00000    0.52638
  90.50000    0.51110    0.00000    0.51110
  91.00000    0.49834    0.00000    0.49834
  91.50000    0.49353    0.00000    0.49353
  92.00000    0.51178    0.00000    0.51178
  92.50000    0.48245    0.00000    0.48245
  93.00000    0.47630    0.00000    0.47630
  93.50000    0.46959    0.00000    0.46959
  94.00000    0.48188    0.00000    0.48188
  94.50000    0.45432    0.00000    0.45432
  95.00000    0.48916    0.00000    0.48916
  95.50000    0.52839    0.00000    0.52839
  96.00000    0.55632    0.00000    0.55632
  96.50000    0.54183    0.00000    0.54183
  97.00000    0.51984    0.00000    0.51984
  97.50000    0.50961    0.00000    0.50961
  98.00000    0.50500    0.00000    0.50500
  98.50000    0.49934    0.00000    0.49934
  99.00000    0.48975    0.00000    0.48975
  99.50000    0.50310    0.00000    0.50310
 100.00000    0.50363    0.00000    0.50363
 100.50000    0.51905    0.00000    0.51905
 101.00000    0.53771    0.00000    0.53771
 101.50000    0.52119    0.00000    0.52119
 102.00000    0.47362    0.00000    0.47362
 102.50000    0.43641    0.00000    0.43641
 103.00000    0.48001    0.00000    0.48001
 103.50000    0.48636    0.00000    0.48636
 104.00000    0.49111    0.00000    0.49111
 104.50000    0.47985    0.00000    0.47985
 105.00000    0.53574    0.00000    0.53574
 105.50000    0.52697    0.00000    0.52697
 106.00000    0.49859    0.00000    0.49859
 106.50000    0.48569    0.00000    0.48569
 107.00000    0.53331    0.00000    0.53331
 107.50000    0.54099    0.00000    0.54099
 108.00000    0.55330    0.00000    0.55330
 108.50000    0.53363    0.00000    0.53363
 109.00000    0.53273    0.00000    0.53273
 109.50000    0.51883    0.00000    0.51883
 110.00000    0.52553    0.00000    0.52553
 110.50000    0.49315    0.00000    0.49315
 111.00000    0.48698    0.00000    0.48698
 111.50000    0.49756    0.00000    0.49756
 112.00000    0.52587    0.00000    0.52587
 112.50000    0.53171    0.00000    0.53171
 113.00000    0.53100    0.00000    0.53100
 113.50000    0.49197    0.00000    0.49197
 114.00000    0.47269    0.00000    0.47269
 114.50000    0.45615    0.00000    0.45615
 115.00000    0.46968    0.00000    0.46968
 115.50000    0.48331    0.00000    0.48331
 116.00000    0.54223    0.00000    0.54223
 116.50000    0.52667    0.00000    0.52667
 117.00000    0.51418    0.00000    0.51418
 117.50000    0.49368    0.00000    0.49368
 118.00000    0.53040    0.00000    0.53040
 118.50000    0.51814    0.00000    0.51814
 119.00000    0.52449    0.00000    0.52449
 119.50000    0.53122    0.00000    0.53122
 120.00000    0.54681    0.00000    0.54681
 120.50000    0.50402    0.00000    0.50402
 121.00000    0.50244    0.00000    0.50244
 121.50000    0.49609    0.00000    0.49609
 122.00000    0.49088    0.00000    0.49088
 122.50000    0.48446    0.00000    0.48446
 123.00000    0.51218    0.00000    0.51218
 123.50000    0.49839    0.00000    0.49839
 124.00000    0.47523    0.00000    0.47523
 124.50000    0.47319    0.00000    0.47319
 125.00000    0.49277    0.00000    0.49277
 125.50000    0.51058    0.00000    0.51058
 126.00000    0.51131    0.00000    0.51131
 126.50000    0.48474    0.00000    0.48474
 127.00000    0.49326    0.00000    0.49326
 127.50000    0.49862    0.00000    0.49862
 128.00000    0.49491    0.00000    0.49491
 128.50000    0.47969    0.00000    0.47969
 129.00000    0.48246    0.00000    0.48246
 129.50000    0.49209    0.00000    0.49209
 130.00000    0.49969    0.00000    0.49969
 130.50000    0.47706    0.00000    0.47706
 131.00000    0.47488    0.00000    0.47488
 131.50000    0.47957    0.00000    0.47957
 132.00000    0.50117    0.00000    0.50117
 132.50000    0.50237    0.00000    0.50237
 133.00000    0.50656    0.00000    0.50656
 133.50000    0.50241    0.00000    0.50241
 134.00000    0.51696    0.00000    0.51696
 134.50000    0.52532    0.00000    0.52532
 135.00000    0.51654    0.00000    0.51654
 135.50000    0.52158    0.00000    0.52158
 136.00000    0.52985    0.00000    0.52985
 136.50000    0.52124    0.00000    0.52124
 137.00000    0.51826    0.00000    0.51826
 137.50000    0.51934    0.00000    0.51934
 138.00000    0.51834    0.00000    0.51834
 138.50000    0.49113    0.00000    0.49113
 139.00000    0.48683    0.00000    0.48683
 139.50000    0.50515    0.00000    0.50515
 140.00000    0.52073    0.00000    0.52073
 140.50000    0.50030    0.00000    0.50030
 141.00000    0.51521    0.00000    0.51521
 141.50000    0.48849    0.00000    0.48849
 142.00000    0.49805    0.00000    0.49805
 142.50000    0.50343    0.00000    0.50343
 143.00000    0.55957    0.00000    0.55957
 143.50000    0.57124    0.00000    0.57124
 144.00000    0.53261    0.00000    0.53261
 144.50000    0.48874    0.00000    0.48874
 145.00000    0.50984    0.00000    0.50984
 145.50000    0.54943    0.00000    0.54943
 146.00000    0.49839    0.00000    0.49839
 146.50000    0.46621    0.00000    0.46621
 147.00000    0.50019    0.00000    0.50019
 147.50000    0.52525    0.00000    0.52525
 148.00000    0.49905    0.00000    0.49905
 148.50000    0.47275    0.00000    0.47275
 149.00000    0.47882    0.00000    0.47882
 149.50000    0.49373    0.00000    0.49373
 150.00000    0.44594    0.00000    0.44594
