   0.00000    0.50770    0.00000    0.50770
   0.50000    0.57165    0.00000    0.57165
   1.00000    0.58586    0.00000    0.58586
   1.50000    0.58076    0.00000    0.58076
   2.00000    0.62921    0.00000    0.62921
   2.50000    0.60358    0.00000    0.60358
   3.00000    0.59614    0.00000    0.59614
   3.50000    0.55865    0.00000    0.55865
   4.00000    0.55227    0.00000    0.55227
   4.50000    0.55955    0.00000    0.55955
   5.00000    0.53979    0.00000    0.53979
   5.50000    0.54233    0.00000    0.54233
   6.00000    0.56135    0.00000    0.56135
   6.50000    0.63232    0.00000    0.63232
   7.00000    0.61118    0.00000    0.61118
   7.50000    0.55484    0.00000    0.55484
   8.00000    0.53910    0.00000    0.53910
   8.50000    0.56365    0.00000    0.56365
   9.00000    0.57970    0.00000    0.57970
   9.50000    0.54211    0.00000    0.54211
  10.00000    0.55607    0.00000    0.55607
  10.50000    0.57260    0.00000    0.57260
  11.00000    0.59291    0.00000    0.59291
  11.50000    0.58773    0.00000    0.58773
  12.00000    0.57527    0.00000    0.57527
  12.50000    0.56700    0.00000    0.56700
  13.00000    0.51561    0.00000    0.51561
  13.50000    0.52548    0.00000    0.52548
  14.00000    0.54834    0.00000    0.54834
  14.50000    0.58088    0.00000    0.58088
  15.00000    0.56271    0.00000    0.56271
  15.50000    0.59752    0.00000    0.59752
  16.00000    0.58563    0.00000    0.58563
  16.50000    0.57878    0.00000    0.57878
  17.00000    0.57838    0.00000    0.57838
  17.50000    0.56462    0.00000    0.56462
  18.00000    0.52018    0.00000    0.52018
  18.50000    0.52969    0.00000    0.52969
  19.00000    0.54982    0.00000    0.54982
  19.50000    0.54435    0.00000    0.54435
  20.00000    0.55102    0.00000    0.55102
  20.50000    0.56347    0.00000    0.56347
  21.00000    0.55369    0.00000    0.55369
  21.50000    0.54923    0.00000    0.54923
  22.00000    0.57591    0.00000    0.57591
  22.50000    0.56135    0.00000    0.56135
  23.00000    0.55231    0.00000    0.55231
  23.50000    0.59308    0.00000    0.59308
  24.00000    0.62678    0.00000    0.62678
  24.50000    0.57615    0.00000    0.57615
  25.00000    0.51675    0.00000    0.51675
  25.50000    0.56618    0.00000    0.56618
  26.00000    0.56936    0.00000    0.56936
  26.50000    0.53629    0.00000    0.53629
  27.00000    0.50964    0.00000    0.50964
  27.50000    0.55096    0.00000    0.55096
  28.00000    0.56421    0.00000    0.56421
  28.50000    0.53869    0.00000    0.53869
  29.00000    0.56110    0.00000    0.56110
  29.50000    0.58975    0.00000    0.58975
  30.00000    0.57668    0.00000    0.57668
  30.50000    0.55795    0.00000    0.55795
  31.00000    0.57255    0.00000    0.57255
  31.50000    0.59379    0.00000    0.59379
  32.00000    0.57317    0.00000    0.57317
  32.50000    0.54825    0.00000    0.54825
  33.00000    0.54605    0.00000    0.54605
  33.50000    0.55666    0.00000    0.55666
  34.00000    0.56376    0.00000    0.56376
  34.50000    0.56301    0.00000    0.56301
  35.00000    0.56013    0.00000    0.56013
  35.50000    0.56825    0.00000    0.56825
  36.00000    0.58045    0.00000    0.58045
  36.50000    0.58854    0.00000    0.58854
  37.00000    0.55983    0.00000    0.55983
  37.50000    0.54833    0.00000    0.54833
  38.00000    0.56846    0.00000    0.56846
  38.50000    0.60174    0.00000    0.60174
  39.00000    0.57218    0.00000    0.57218
  39.50000    0.54241    0.00000    0.54241
  40.00000    0.54819    0.00000    0.54819
  40.50000    0.59932    0.00000    0.59932
  41.00000    0.59999    0.00000    0.59999
  41.50000    0.57373    0.00000    0.57373
  42.00000    0.55466    0.00000    0.55466
  42.50000    0.51784    0.00000    0.51784
  43.00000    0.51738    0.00000    0.51738
  43.50000    0.53853    0.00000    0.53853
  44.00000    0.60186    0.00000    0.60186
  44.50000    0.64057    0.00000    0.64057
  45.00000    0.58944    0.00000    0.58944
  45.50000    0.54044    0.00000    0.54044
  46.00000    0.54859    0.00000    0.54859
  46.50000    0.58456    0.00000    0.58456
  47.00000    0.56140    0.00000    0.56140
  47.50000    0.55576    0.00000    0.55576
  48.00000    0.54068    0.00000    0.54068
  48.50000    0.52982    0.00000    0.52982
  49.00000    0.57796    0.00000    0.57796
  49.50000    0.61636    0.00000    0.61636
  50.00000    0.59245    0.00000    0.59245
  50.50000    0.54289    0.00000    0.54289
  51.00000    0.52639    0.00000    0.52639
  51.50000    0.53815    0.00000    0.53815
  52.00000    0.56728    0.00000    0.56728
  52.50000    0.59148    0.00000    0.59148
  53.00000    0.56253    0.00000    0.56253
  53.50000    0.55254    0.00000    0.55254
  54.00000    0.56151    0.00000    0.56151
  54.50000    0.59625    0.00000    0.59625
  55.00000    0.59308    0.00000    0.59308
  55.50000    0.59430    0.00000    0.59430
  56.00000    0.55724    0.00000    0.55724
  56.50000    0.53446    0.00000    0.53446
  57.00000    0.53247    0.00000    0.53247
  57.50000    0.57489    0.00000    0.57489
  58.00000    0.59634    0.00000    0.59634
  58.50000    0.59553    0.00000    0.59553
  59.00000    0.59213    0.00000    0.59213
  59.50000    0.57045    0.00000    0.57045
  60.00000    0.56856    0.00000    0.56856
  60.50000    0.59860    0.00000    0.59860
  61.00000    0.64650    0.00000    0.64650
  61.50000    0.63013    0.00000    0.63013
  62.00000    0.61109    0.00000    0.61109
  62.50000    0.56515    0.00000    0.56515
  63.00000    0.57586    0.00000    0.57586
  63.50000    0.63530    0.00000    0.63530
  64.00000    0.66077    0.00000    0.66077
  64.50000    0.59513    0.00000    0.59513
  65.00000    0.57442    0.00000    0.57442
  65.50000    0.62755    0.00000    0.62755
  66.00000    0.62608    0.00000    0.62608
  66.50000    0.58321    0.00000    0.58321
  67.00000    0.55126    0.00000    0.55126
  67.50000    0.58730    0.00000    0.58730
  68.00000    0.59677    0.00000    0.59677
  68.50000    0.59276    0.00000    0.59276
  69.00000    0.54221    0.00000    0.54221
  69.50000    0.50453    0.00000    0.50453
  70.00000    0.50794    0.00000    0.50794
  70.50000    0.51916    0.00000    0.51916
  71.00000    0.53641    0.00000    0.53641
  71.50000    0.51909    0.00000    0.51909
  72.00000    0.52907    0.00000    0.52907
  72.50000    0.55118    0.00000    0.55118
  73.00000    0.58314    0.00000    0.58314
  73.50000    0.60582    0.00000    0.60582
  74.00000    0.61175    0.00000    0.61175
  74.50000    0.61634    0.00000    0.61634
  75.00000    0.56575    0.00000    0.56575
  75.50000    0.54499    0.00000    0.54499
  76.00000    0.53611    0.00000    0.53611
  76.50000    0.57325    0.00000    0.57325
  77.00000    0.57175    0.00000    0.57175
  77.50000    0.58261    0.00000    0.58261
  78.00000    0.53631    0.00000    0.53631
  78.50000    0.51780    0.00000    0.51780
  79.00000    0.52060    0.00000    0.52060
  79.50000    0.55329    0.00000    0.55329
  80.00000    0.60499    0.00000    0.60499
  80.50000    0.61775    0.00000    0.61775
  81.00000    0.57477    0.00000    0.57477
  81.50000    0.52398    0.00000    0.52398
  82.00000    0.55015    0.00000    0.55015
  82.50000    0.59079    0.00000    0.59079
  83.00000    0.58048    0.00000    0.58048
  83.50000    0.52695    0.00000    0.52695
  84.00000    0.55465    0.00000    0.55465
  84.50000    0.62309    0.00000    0.62309
  85.00000    0.63428    0.00000    0.63428
  85.50000    0.57619    0.00000    0.57619
  86.00000    0.54822    0.00000    0.54822
  86.50000    0.56947    0.00000    0.56947
  87.00000    0.56661    0.00000    0.56661
  87.50000    0.58133    0.00000    0.58133
  88.00000    0.58160    0.00000    0.58160
  88.50000    0.56477    0.00000    0.56477
  89.00000    0.55702    0.00000    0.55702
  89.50000    0.56420    0.00000    0.56420
  90.00000    0.57761    0.00000    0.57761
  90.50000    0.56814    0.00000    0.56814
  91.00000    0.55303    0.00000    0.55303
  91.50000    0.52655    0.00000    0.52655
  92.00000    0.56313    0.00000    0.56313
  92.50000    0.58074    0.00000    0.58074
  93.00000    0.58033    0.00000    0.58033
  93.50000    0.54084    0.00000    0.54084
  94.00000    0.52824    0.00000    0.52824
  94.50000    0.50749    0.00000    0.50749
  95.00000    0.50484    0.00000    0.50484
  95.50000    0.56985    0.00000    0.56985
  96.00000    0.61185    0.00000    0.61185
  96.50000    0.63192    0.00000    0.63192
  97.00000    0.55759    0.00000    0.55759
  97.50000    0.54533    0.00000    0.54533
  98.00000    0.53852    0.00000    0.53852
  98.50000    0.55639    0.00000    0.55639
  99.00000    0.56077    0.00000    0.56077
  99.50000    0.58530    0.00000    0.58530
 100.00000    0.57897    0.00000    0.57897
 100.50000    0.56031    0.00000    0.56031
 101.00000    0.58557    0.00000    0.58557
 101.50000    0.59431    0.00000    0.59431
 102.00000    0.55714    0.00000    0.55714
 102.50000    0.51446    0.00000    0.51446
 103.00000    0.53551    0.00000    0.53551
 103.50000    0.54159    0.00000    0.54159
 104.00000    0.52338    0.00000    0.52338
 104.50000    0.52912    0.00000    0.52912
 105.00000    0.58172    0.00000    0.58172
 105.50000    0.57648    0.00000    0.57648
 106.00000    0.56098    0.00000    0.56098
 106.50000    0.54176    0.00000    0.54176
 107.00000    0.59949    0.00000    0.59949
 107.50000    0.61136    0.00000    0.61136
 108.00000    0.62257    0.00000    0.62257
 108.50000    0.58036    0.00000    0.58036
 109.00000    0.60067    0.00000    0.60067
 109.50000    0.62414    0.00000    0.62414
 110.00000    0.59027    0.00000    0.59027
 110.50000    0.54864    0.00000    0.54864
 111.00000    0.53209    0.00000    0.53209
 111.50000    0.56673    0.00000    0.56673
 112.00000    0.56589    0.00000    0.56589
 112.50000    0.56797    0.00000    0.56797
 113.00000    0.56206    0.00000    0.56206
 113.50000    0.54005    0.00000    0.54005
 114.00000    0.54518    0.00000    0.54518
 114.50000    0.55359    0.00000    0.55359
 115.00000    0.57358    0.00000    0.57358
 115.50000    0.56692    0.00000    0.56692
 116.00000    0.61745    0.00000    0.61745
 116.50000    0.64461    0.00000    0.64461
 117.00000    0.61984    0.00000    0.61984
 117.50000    0.56905    0.00000    0.56905
 118.00000    0.56650    0.00000    0.56650
 118.50000    0.58372    0.00000    0.58372
 119.00000    0.57323    0.00000    0.57323
 119.50000    0.59232    0.00000    0.59232
 120.00000    0.60649    0.00000    0.60649
 120.50000    0.56443    0.00000    0.56443
 121.00000    0.57544    0.00000    0.57544
 121.50000    0.59032    0.00000    0.59032
 122.00000    0.60997    0.00000    0.60997
 122.50000    0.56307    0.00000    0.56307
 123.00000    0.58643    0.00000    0.58643
 123.50000    0.54098    0.00000    0.54098
 124.00000    0.54162    0.00000    0.54162
 124.50000    0.51736    0.00000    0.51736
 125.00000    0.54288    0.00000    0.54288
 125.50000    0.55667    0.00000    0.55667
 126.00000    0.56678    0.00000    0.56678
 126.50000    0.54909    0.00000    0.54909
 127.00000    0.57821    0.00000    0.57821
 127.50000    0.58493    0.00000    0.58493
 128.00000    0.53993    0.00000    0.53993
 128.50000    0.50556    0.00000    0.50556
 129.00000    0.52523    0.00000    0.52523
 129.50000    0.58210    0.00000    0.58210
 130.00000    0.59291    0.00000    0.59291
 130.50000    0.56979    0.00000    0.56979
 131.00000    0.53577    0.00000    0.53577
 131.50000    0.54778    0.00000    0.54778
 132.00000    0.57398    0.00000    0.57398
 132.50000    0.57313    0.00000    0.57313
 133.00000    0.55334    0.00000    0.55334
 133.50000    0.57129    0.00000    0.57129
 134.00000    0.60736    0.00000    0.60736
 134.50000    0.59248    0.00000    0.59248
 135.00000    0.59169    0.00000    0.59169
 135.50000    0.61621    0.00000    0.61621
 136.00000    0.57137    0.00000    0.57137
 136.50000    0.50591    0.00000    0.50591
 137.00000    0.53441    0.00000    0.53441
 137.50000    0.60297    0.00000    0.60297
 138.00000    0.59026    0.00000    0.59026
 138.50000    0.55211    0.00000    0.55211
 139.00000    0.54652    0.00000    0.54652
 139.50000    0.58793    0.00000    0.58793
 140.00000    0.56663    0.00000    0.56663
 140.50000    0.54127    0.00000    0.54127
 141.00000    0.56556    0.00000    0.56556
 141.50000    0.56413    0.00000    0.56413
 142.00000    0.57239    0.00000    0.57239
 142.50000    0.58167    0.00000    0.58167
 143.00000    0.63077    0.00000    0.63077
 143.50000    0.64536    0.00000    0.64536
 144.00000    0.60898    0.00000    0.60898
 144.50000    0.54007    0.00000    0.54007
 145.00000    0.55250    0.00000    0.55250
 145.50000    0.59209    0.00000    0.59209
 146.00000    0.57354    0.00000    0.57354
 146.50000    0.54714    0.00000    0.54714
 147.00000    0.58948    0.00000    0.58948
 147.50000    0.59862    0.00000    0.59862
 148.00000    0.58516    0.00000    0.58516
 148.50000    0.56228    0.00000    0.56228
 149.00000    0.52688    0.00000    0.52688
 149.50000    0.50271    0.00000    0.50271
 150.00000    0.52069    0.00000    0.52069
