   0.00000    0.49958    0.00000    0.49958
   0.50000    0.60013    0.00000    0.60013
   1.00000    0.59749    0.00000    0.59749
   1.50000    0.56965    0.00000    0.56965
   2.00000    0.62334    0.00000    0.62334
   2.50000    0.61723    0.00000    0.61723
   3.00000    0.59472    0.00000    0.59472
   3.50000    0.54083    0.00000    0.54083
   4.00000    0.53572    0.00000    0.53572
   4.50000    0.55779    0.00000    0.55779
   5.00000    0.53641    0.00000    0.53641
   5.50000    0.54520    0.00000    0.54520
   6.00000    0.56270    0.00000    0.56270
   6.50000    0.62804    0.00000    0.62804
   7.00000    0.60275    0.00000    0.60275
   7.50000    0.55273    0.00000    0.55273
   8.00000    0.54133    0.00000    0.54133
   8.50000    0.55661    0.00000    0.55661
   9.00000    0.56748    0.00000    0.56748
   9.50000    0.53434    0.00000    0.53434
  10.00000    0.55945    0.00000    0.55945
  10.50000    0.57113    0.00000    0.57113
  11.00000    0.58555    0.00000    0.58555
  11.50000    0.57975    0.00000    0.57975
  12.00000    0.56728    0.00000    0.56728
  12.50000    0.56004    0.00000    0.56004
  13.00000    0.51189    0.00000    0.51189
  13.50000    0.52762    0.00000    0.52762
  14.00000    0.54359    0.00000    0.54359
  14.50000    0.56772    0.00000    0.56772
  15.00000    0.55318    0.00000    0.55318
  15.50000    0.59224    0.00000    0.59224
  16.00000    0.58359    0.00000    0.58359
  16.50000    0.56940    0.00000    0.56940
  17.00000    0.57454    0.00000    0.57454
  17.50000    0.56614    0.00000    0.56614
  18.00000    0.53212    0.00000    0.53212
  18.50000    0.53009    0.00000    0.53009
  19.00000    0.54277    0.00000    0.54277
  19.50000    0.53716    0.00000    0.53716
  20.00000    0.55063    0.00000    0.55063
  20.50000    0.56033    0.00000    0.56033
  21.00000    0.55396    0.00000    0.55396
  21.50000    0.56511    0.00000    0.56511
  22.00000    0.59491    0.00000    0.59491
  22.50000    0.57568    0.00000    0.57568
  23.00000    0.55765    0.00000    0.55765
  23.50000    0.59324    0.00000    0.59324
  24.00000    0.61918    0.00000    0.61918
  24.50000    0.56633    0.00000    0.56633
  25.00000    0.52284    0.00000    0.52284
  25.50000    0.57333    0.00000    0.57333
  26.00000    0.57273    0.00000    0.57273
  26.50000    0.53456    0.00000    0.53456
  27.00000    0.50877    0.00000    0.50877
  27.50000    0.55139    0.00000    0.55139
  28.00000    0.56388    0.00000    0.56388
  28.50000    0.53931    0.00000    0.53931
  29.00000    0.56173    0.00000    0.56173
  29.50000    0.61100    0.00000    0.61100
  30.00000    0.59555    0.00000    0.59555
  30.50000    0.55630    0.00000    0.55630
  31.00000    0.54951    0.00000    0.54951
  31.50000    0.56952    0.00000    0.56952
  32.00000    0.55421    0.00000    0.55421
  32.50000    0.54092    0.00000    0.54092
  33.00000    0.53630    0.00000    0.53630
  33.50000    0.54652    0.00000    0.54652
  34.00000    0.56371    0.00000    0.56371
  34.50000    0.57809    0.00000    0.57809
  35.00000    0.56407    0.00000    0.56407
  35.50000    0.55948    0.00000    0.55948
  36.00000    0.57297    0.00000    0.57297
  36.50000    0.58645    0.00000    0.58645
  37.00000    0.55920    0.00000    0.55920
  37.50000    0.54903    0.00000    0.54903
  38.00000    0.57647    0.00000    0.57647
  38.50000    0.60498    0.00000    0.60498
  39.00000    0.56377    0.00000    0.56377
  39.50000    0.53756    0.00000    0.53756
  40.00000    0.55425    0.00000    0.55425
  40.50000    0.61001    0.00000    0.61001
  41.00000    0.61025    0.00000    0.61025
  41.50000    0.58334    0.00000    0.58334
  42.00000    0.55211    0.00000    0.55211
  42.50000    0.51009    0.00000    0.51009
  43.00000    0.51777    0.00000    0.51777
  43.50000    0.53824    0.00000    0.53824
  44.00000    0.60307    0.00000    0.60307
  44.50000    0.64468    0.00000    0.64468
  45.00000    0.59701    0.00000    0.59701
  45.50000    0.54389    0.00000    0.54389
  46.00000    0.55248    0.00000    0.55248
  46.50000    0.58407    0.00000    0.58407
  47.00000    0.56332    0.00000    0.56332
  47.50000    0.55481    0.00000    0.55481
  48.00000    0.54022    0.00000    0.54022
  48.50000    0.53310    0.00000    0.53310
  49.00000    0.57519    0.00000    0.57519
  49.50000    0.60220    0.00000    0.60220
  50.00000    0.58769    0.00000    0.58769
  50.50000    0.55267    0.00000    0.55267
  51.00000    0.52208    0.00000    0.52208
  51.50000    0.52554    0.00000    0.52554
  52.00000    0.56246    0.00000    0.56246
  52.50000    0.59348    0.00000    0.59348
  53.00000    0.55960    0.00000    0.55960
  53.50000    0.54368    0.00000    0.54368
  54.00000    0.56308    0.00000    0.56308
  54.50000    0.60819    0.00000    0.60819
  55.00000    0.60911    0.00000    0.60911
  55.50000    0.59598    0.00000    0.59598
  56.00000    0.55314    0.00000    0.55314
  56.50000    0.53334    0.00000    0.53334
  57.00000    0.52869    0.00000    0.52869
  57.50000    0.56103    0.00000    0.56103
  58.00000    0.57542    0.00000    0.57542
  58.50000    0.58234    0.00000    0.58234
  59.00000    0.58898    0.00000    0.58898
  59.50000    0.58226    0.00000    0.58226
  60.00000    0.58107    0.00000    0.58107
  60.50000    0.60405    0.00000    0.60405
  61.00000    0.64386    0.00000    0.64386
  61.50000    0.63272    0.00000    0.63272
  62.00000    0.60551    0.00000    0.60551
  62.50000    0.55775    0.00000    0.55775
  63.00000    0.56099    0.00000    0.56099
  63.50000    0.61834    0.00000    0.61834
  64.00000    0.65555    0.00000    0.65555
  64.50000    0.60749    0.00000    0.60749
  65.00000    0.58950    0.00000    0.58950
  65.50000    0.62853    0.00000    0.62853
  66.00000    0.62565    0.00000    0.62565
  66.50000    0.57730    0.00000    0.57730
  67.00000    0.54446    0.00000    0.54446
  67.50000    0.57976    0.00000    0.57976
  68.00000    0.58993    0.00000    0.58993
  68.50000    0.59141    0.00000    0.59141
  69.00000    0.54777    0.00000    0.54777
  69.50000    0.50945    0.00000    0.50945
  70.00000    0.49952    0.00000    0.49952
  70.50000    0.51644    0.00000    0.51644
  71.00000    0.55142    0.00000    0.55142
  71.50000    0.53351    0.00000    0.53351
  72.00000    0.53169    0.00000    0.53169
  72.50000    0.54774    0.00000    0.54774
  73.00000    0.59493    0.00000    0.59493
  73.50000    0.60746    0.00000    0.60746
  74.00000    0.60957    0.00000    0.60957
  74.50000    0.61049    0.00000    0.61049
  75.00000    0.56266    0.00000    0.56266
  75.50000    0.53432    0.00000    0.53432
  76.00000    0.53793    0.00000    0.53793
  76.50000    0.57916    0.00000    0.57916
  77.00000    0.57683    0.00000    0.57683
  77.50000    0.58277    0.00000    0.58277
  78.00000    0.54744    0.00000    0.54744
  78.50000    0.52546    0.00000    0.52546
  79.00000    0.52161    0.00000    0.52161
  79.50000    0.54580    0.00000    0.54580
  80.00000    0.59148    0.00000    0.59148
  80.50000    0.60500    0.00000    0.60500
  81.00000    0.56935    0.00000    0.56935
  81.50000    0.53016    0.00000    0.53016
  82.00000    0.54290    0.00000    0.54290
  82.50000    0.57993    0.00000    0.57993
  83.00000    0.57436    0.00000    0.57436
  83.50000    0.53471    0.00000    0.53471
  84.00000    0.55546    0.00000    0.55546
  84.50000    0.62634    0.00000    0.62634
  85.00000    0.64294    0.00000    0.64294
  85.50000    0.57987    0.00000    0.57987
  86.00000    0.54749    0.00000    0.54749
  86.50000    0.57009    0.00000    0.57009
  87.00000    0.57439    0.00000    0.57439
  87.50000    0.57600    0.00000    0.57600
  88.00000    0.57417    0.00000    0.57417
  88.50000    0.55992    0.00000    0.55992
  89.00000    0.55305    0.00000    0.55305
  89.50000    0.56293    0.00000    0.56293
  90.00000    0.57807    0.00000    0.57807
  90.50000    0.56066    0.00000    0.56066
  91.00000    0.54662    0.00000    0.54662
  91.50000    0.53012    0.00000    0.53012
  92.00000    0.56433    0.00000    0.56433
  92.50000    0.56860    0.00000    0.56860
  93.00000    0.57669    0.00000    0.57669
  93.50000    0.55073    0.00000    0.55073
  94.00000    0.54065    0.00000    0.54065
  94.50000    0.52023    0.00000    0.52023
  95.00000    0.51513    0.00000    0.51513
  95.50000    0.57581    0.00000    0.57581
  96.00000    0.59753    0.00000    0.59753
  96.50000    0.62329    0.00000    0.62329
  97.00000    0.55460    0.00000    0.55460
  97.50000    0.54572    0.00000    0.54572
  98.00000    0.53317    0.00000    0.53317
  98.50000    0.56029    0.00000    0.56029
  99.00000    0.56618    0.00000    0.56618
  99.50000    0.57897    0.00000    0.57897
 100.00000    0.57415    0.00000    0.57415
 100.50000    0.56478    0.00000    0.56478
 101.00000    0.59762    0.00000    0.59762
 101.50000    0.59203    0.00000    0.59203
 102.00000    0.54505    0.00000    0.54505
 102.50000    0.50384    0.00000    0.50384
 103.00000    0.54214    0.00000    0.54214
 103.50000    0.55287    0.00000    0.55287
 104.00000    0.53167    0.00000    0.53167
 104.50000    0.52440    0.00000    0.52440
 105.00000    0.56459    0.00000    0.56459
 105.50000    0.55828    0.00000    0.55828
 106.00000    0.55954    0.00000    0.55954
 106.50000    0.55333    0.00000    0.55333
 107.00000    0.60621    0.00000    0.60621
 107.50000    0.61482    0.00000    0.61482
 108.00000    0.62318    0.00000    0.62318
 108.50000    0.58662    0.00000    0.58662
 109.00000    0.59790    0.00000    0.59790
 109.50000    0.61711    0.00000    0.61711
 110.00000    0.57615    0.00000    0.57615
 110.50000    0.54468    0.00000    0.54468
 111.00000    0.52847    0.00000    0.52847
 111.50000    0.55739    0.00000    0.55739
 112.00000    0.55000    0.00000    0.55000
 112.50000    0.55486    0.00000    0.55486
 113.00000    0.55848    0.00000    0.55848
 113.50000    0.53984    0.00000    0.53984
 114.00000    0.55167    0.00000    0.55167
 114.50000    0.56443    0.00000    0.56443
 115.00000    0.58263    0.00000    0.58263
 115.50000    0.56588    0.00000    0.56588
 116.00000    0.59877    0.00000    0.59877
 116.50000    0.63360    0.00000    0.63360
 117.00000    0.61940    0.00000    0.61940
 117.50000    0.57831    0.00000    0.57831
 118.00000    0.56595    0.00000    0.56595
 118.50000    0.58507    0.00000    0.58507
 119.00000    0.57759    0.00000    0.57759
 119.50000    0.59649    0.00000    0.59649
 120.00000    0.59888    0.00000    0.59888
 120.50000    0.55778    0.00000    0.55778
 121.00000    0.57174    0.00000    0.57174
 121.50000    0.59825    0.00000    0.59825
 122.00000    0.62182    0.00000    0.62182
 122.50000    0.56517    0.00000    0.56517
 123.00000    0.58661    0.00000    0.58661
 123.50000    0.54526    0.00000    0.54526
 124.00000    0.54889    0.00000    0.54889
 124.50000    0.52703    0.00000    0.52703
 125.00000    0.55542    0.00000    0.55542
 125.50000    0.56184    0.00000    0.56184
 126.00000    0.55878    0.00000    0.55878
 126.50000    0.55293    0.00000    0.55293
 127.00000    0.58172    0.00000    0.58172
 127.50000    0.58372    0.00000    0.58372
 128.00000    0.53358    0.00000    0.53358
 128.50000    0.49923    0.00000    0.49923
 129.00000    0.51409    0.00000    0.51409
 129.50000    0.57057    0.00000    0.57057
 130.00000    0.58645    0.00000    0.58645
 130.50000    0.57653    0.00000    0.57653
 131.00000    0.54012    0.00000    0.54012
 131.50000    0.54315    0.00000    0.54315
 132.00000    0.56033    0.00000    0.56033
 132.50000    0.56417    0.00000    0.56417
 133.00000    0.54518    0.00000    0.54518
 133.50000    0.57215    0.00000    0.57215
 134.00000    0.61277    0.00000    0.61277
 134.50000    0.59694    0.00000    0.59694
 135.00000    0.58550    0.00000    0.58550
 135.50000    0.60052    0.00000    0.60052
 136.00000    0.56087    0.00000    0.56087
 136.50000    0.50572    0.00000    0.50572
 137.00000    0.53633    0.00000    0.53633
 137.50000    0.59389    0.00000    0.59389
 138.00000    0.58444    0.00000    0.58444
 138.50000    0.56365    0.00000    0.56365
 139.00000    0.56161    0.00000    0.56161
 139.50000    0.59573    0.00000    0.59573
 140.00000    0.57223    0.00000    0.57223
 140.50000    0.55148    0.00000    0.55148
 141.00000    0.56364    0.00000    0.56364
 141.50000    0.56176    0.00000    0.56176
 142.00000    0.57432    0.00000    0.57432
 142.50000    0.58077    0.00000    0.58077
 143.00000    0.61453    0.00000    0.61453
 143.50000    0.62694    0.00000    0.62694
 144.00000    0.60120    0.00000    0.60120
 144.50000    0.53956    0.00000    0.53956
 145.00000    0.55154    0.00000    0.55154
 145.50000    0.59486    0.00000    0.59486
 146.00000    0.58454    0.00000    0.58454
 146.50000    0.56757    0.00000    0.56757
 147.00000    0.59508    0.00000    0.59508
 147.50000    0.59324    0.00000    0.59324
 148.00000    0.57066    0.00000    0.57066
 148.50000    0.55571    0.00000    0.55571
 149.00000    0.52675    0.00000    0.52675
 149.50000    0.50830    0.00000    0.50830
 150.00000    0.51745    0.00000    0.51745
