   0.00000    0.46632    0.00000    0.46632
   0.50000    0.54061    0.00000    0.54061
   1.00000    0.55588    0.00000    0.55588
   1.50000    0.53797    0.00000    0.53797
   2.00000    0.53696    0.00000    0.53696
   2.50000    0.54481    0.00000    0.54481
   3.00000    0.54826    0.00000    0.54826
   3.50000    0.56358    0.00000    0.56358
   4.00000    0.55265    0.00000    0.55265
   4.50000    0.55227    0.00000    0.55227
   5.00000    0.52744    0.00000    0.52744
   5.50000    0.54180    0.00000    0.54180
   6.00000    0.53329    0.00000    0.53329
   6.50000    0.58827    0.00000    0.58827
   7.00000    0.59653    0.00000    0.59653
   7.50000    0.55675    0.00000    0.55675
   8.00000    0.50301    0.00000    0.50301
   8.50000    0.52338    0.00000    0.52338
   9.00000    0.54289    0.00000    0.54289
   9.50000    0.53432    0.00000    0.53432
  10.00000    0.52982    0.00000    0.52982
  10.50000    0.54294    0.00000    0.54294
  11.00000    0.54663    0.00000    0.54663
  11.50000    0.54636    0.00000    0.54636
  12.00000    0.53227    0.00000    0.53227
  12.50000    0.54380    0.00000    0.54380
  13.00000    0.52095    0.00000    0.52095
  13.50000    0.54619    0.00000    0.54619
  14.00000    0.51936    0.00000    0.51936
  14.50000    0.52530    0.00000    0.52530
  15.00000    0.51162    0.00000    0.51162
  15.50000    0.56368    0.00000    0.56368
  16.00000    0.54243    0.00000    0.54243
  16.50000    0.55366    0.00000    0.55366
  17.00000    0.55993    0.00000    0.55993
  17.50000    0.55377    0.00000    0.55377
  18.00000    0.53081    0.00000    0.53081
  18.50000    0.58386    0.00000    0.58386
  19.00000    0.60553    0.00000    0.60553
  19.50000    0.56914    0.00000    0.56914
  20.00000    0.53407    0.00000    0.53407
  20.50000    0.54324    0.00000    0.54324
  21.00000    0.53534    0.00000    0.53534
  21.50000    0.54340    0.00000    0.54340
  22.00000    0.55179    0.00000    0.55179
  22.50000    0.55390    0.00000    0.55390
  23.00000    0.54667    0.00000    0.54667
  23.50000    0.57601    0.00000    0.57601
  24.00000    0.58768    0.00000    0.58768
  24.50000    0.55810    0.00000    0.55810
  25.00000    0.52518    0.00000    0.52518
  25.50000    0.51796    0.00000    0.51796
  26.00000    0.52902    0.00000    0.52902
  26.50000    0.54216    0.00000    0.54216
  27.00000    0.55222    0.00000    0.55222
  27.50000    0.54188    0.00000    0.54188
  28.00000    0.53693    0.00000    0.53693
  28.50000    0.53613    0.00000    0.53613
  29.00000    0.54115    0.00000    0.54115
  29.50000    0.54760    0.00000    0.54760
  30.00000    0.55192    0.00000    0.55192
  30.50000    0.55821    0.00000    0.55821
  31.00000    0.53691    0.00000    0.53691
  31.50000    0.55871    0.00000    0.55871
  32.00000    0.55463    0.00000    0.55463
  32.50000    0.55574    0.00000    0.55574
  33.00000    0.52085    0.00000    0.52085
  33.50000    0.53642    0.00000    0.53642
  34.00000    0.54258    0.00000    0.54258
  34.50000    0.55763    0.00000    0.55763
  35.00000    0.55039    0.00000    0.55039
  35.50000    0.54410    0.00000    0.54410
  36.00000    0.54673    0.00000    0.54673
  36.50000    0.53740    0.00000    0.53740
  37.00000    0.53432    0.00000    0.53432
  37.50000    0.53421    0.00000    0.53421
  38.00000    0.56169    0.00000    0.56169
  38.50000    0.58882    0.00000    0.58882
  39.00000    0.57590    0.00000    0.57590
  39.50000    0.52027    0.00000    0.52027
  40.00000    0.52547    0.00000    0.52547
  40.50000    0.59880    0.00000    0.59880
  41.00000    0.63723    0.00000    0.63723
  41.50000    0.59974    0.00000    0.59974
  42.00000    0.56681    0.00000    0.56681
  42.50000    0.51455    0.00000    0.51455
  43.00000    0.52803    0.00000    0.52803
  43.50000    0.53791    0.00000    0.53791
  44.00000    0.56917    0.00000    0.56917
  44.50000    0.57457    0.00000    0.57457
  45.00000    0.56167    0.00000    0.56167
  45.50000    0.53480    0.00000    0.53480
  46.00000    0.52801    0.00000    0.52801
  46.50000    0.53553    0.00000    0.53553
  47.00000    0.54891    0.00000    0.54891
  47.50000    0.55699    0.00000    0.55699
  48.00000    0.58667    0.00000    0.58667
  48.50000    0.53078    0.00000    0.53078
  49.00000    0.53465    0.00000    0.53465
  49.50000    0.56051    0.00000    0.56051
  50.00000    0.60222    0.00000    0.60222
  50.50000    0.58531    0.00000    0.58531
  51.00000    0.55182    0.00000    0.55182
  51.50000    0.54424    0.00000    0.54424
  52.00000    0.55884    0.00000    0.55884
  52.50000    0.61349    0.00000    0.61349
  53.00000    0.58849    0.00000    0.58849
  53.50000    0.54446    0.00000    0.54446
  54.00000    0.54913    0.00000    0.54913
  54.50000    0.57903    0.00000    0.57903
  55.00000    0.57583    0.00000    0.57583
  55.50000    0.58036    0.00000    0.58036
  56.00000    0.57877    0.00000    0.57877
  56.50000    0.53983    0.00000    0.53983
  57.00000    0.49717    0.00000    0.49717
  57.50000    0.51482    0.00000    0.51482
  58.00000    0.56544    0.00000    0.56544
  58.50000    0.59060    0.00000    0.59060
  59.00000    0.56745    0.00000    0.56745
  59.50000    0.51329    0.00000    0.51329
  60.00000    0.48357    0.00000    0.48357
  60.50000    0.50393    0.00000    0.50393
  61.00000    0.57722    0.00000    0.57722
  61.50000    0.60497    0.00000    0.60497
  62.00000    0.59885    0.00000    0.59885
  62.50000    0.53619    0.00000    0.53619
  63.00000    0.55273    0.00000    0.55273
  63.50000    0.59299    0.00000    0.59299
  64.00000    0.60316    0.00000    0.60316
  64.50000    0.53398    0.00000    0.53398
  65.00000    0.49965    0.00000    0.49965
  65.50000    0.54566    0.00000    0.54566
  66.00000    0.55301    0.00000    0.55301
  66.50000    0.54727    0.00000    0.54727
  67.00000    0.52629    0.00000    0.52629
  67.50000    0.55234    0.00000    0.55234
  68.00000    0.57188    0.00000    0.57188
  68.50000    0.56032    0.00000    0.56032
  69.00000    0.52820    0.00000    0.52820
  69.50000    0.49639    0.00000    0.49639
  70.00000    0.51166    0.00000    0.51166
  70.50000    0.54304    0.00000    0.54304
  71.00000    0.55393    0.00000    0.55393
  71.50000    0.53348    0.00000    0.53348
  72.00000    0.54009    0.00000    0.54009
  72.50000    0.56790    0.00000    0.56790
  73.00000    0.59300    0.00000    0.59300
  73.50000    0.58292    0.00000    0.58292
  74.00000    0.59506    0.00000    0.59506
  74.50000    0.61677    0.00000    0.61677
  75.00000    0.59354    0.00000    0.59354
  75.50000    0.54437    0.00000    0.54437
  76.00000    0.49732    0.00000    0.49732
  76.50000    0.51671    0.00000    0.51671
  77.00000    0.52479    0.00000    0.52479
  77.50000    0.56508    0.00000    0.56508
  78.00000    0.55491    0.00000    0.55491
  78.50000    0.53910    0.00000    0.53910
  79.00000    0.52089    0.00000    0.52089
  79.50000    0.51362    0.00000    0.51362
  80.00000    0.53697    0.00000    0.53697
  80.50000    0.54953    0.00000    0.54953
  81.00000    0.52913    0.00000    0.52913
  81.50000    0.51716    0.00000    0.51716
  82.00000    0.52444    0.00000    0.52444
  82.50000    0.54439    0.00000    0.54439
  83.00000    0.54065    0.00000    0.54065
  83.50000    0.53914    0.00000    0.53914
  84.00000    0.54141    0.00000    0.54141
  84.50000    0.56574    0.00000    0.56574
  85.00000    0.59086    0.00000    0.59086
  85.50000    0.56472    0.00000    0.56472
  86.00000    0.53887    0.00000    0.53887
  86.50000    0.53761    0.00000    0.53761
  87.00000    0.57191    0.00000    0.57191
  87.50000    0.56918    0.00000    0.56918
  88.00000    0.55730    0.00000    0.55730
  88.50000    0.56183    0.00000    0.56183
  89.00000    0.60981    0.00000    0.60981
  89.50000    0.60737    0.00000    0.60737
  90.00000    0.59047    0.00000    0.59047
  90.50000    0.55129    0.00000    0.55129
  91.00000    0.53530    0.00000    0.53530
  91.50000    0.54960    0.00000    0.54960
  92.00000    0.56154    0.00000    0.56154
  92.50000    0.54664    0.00000    0.54664
  93.00000    0.53046    0.00000    0.53046
  93.50000    0.52859    0.00000    0.52859
  94.00000    0.51766    0.00000    0.51766
  94.50000    0.50096    0.00000    0.50096
  95.00000    0.51178    0.00000    0.51178
  95.50000    0.54792    0.00000    0.54792
  96.00000    0.56300    0.00000    0.56300
  96.50000    0.58231    0.00000    0.58231
  97.00000    0.56997    0.00000    0.56997
  97.50000    0.56193    0.00000    0.56193
  98.00000    0.54611    0.00000    0.54611
  98.50000    0.54720    0.00000    0.54720
  99.00000    0.56040    0.00000    0.56040
  99.50000    0.56461    0.00000    0.56461
 100.00000    0.56695    0.00000    0.56695
 100.50000    0.56770    0.00000    0.56770
 101.00000    0.59091    0.00000    0.59091
 101.50000    0.55166    0.00000    0.55166
 102.00000    0.48635    0.00000    0.48635
 102.50000    0.47084    0.00000    0.47084
 103.00000    0.49884    0.00000    0.49884
 103.50000    0.49799    0.00000    0.49799
 104.00000    0.48668    0.00000    0.48668
 104.50000    0.51899    0.00000    0.51899
 105.00000    0.57875    0.00000    0.57875
 105.50000    0.56776    0.00000    0.56776
 106.00000    0.53349    0.00000    0.53349
 106.50000    0.52696    0.00000    0.52696
 107.00000    0.57316    0.00000    0.57316
 107.50000    0.56031    0.00000    0.56031
 108.00000    0.57422    0.00000    0.57422
 108.50000    0.56971    0.00000    0.56971
 109.00000    0.56376    0.00000    0.56376
 109.50000    0.56251    0.00000    0.56251
 110.00000    0.57448    0.00000    0.57448
 110.50000    0.58152    0.00000    0.58152
 111.00000    0.56337    0.00000    0.56337
 111.50000    0.57993    0.00000    0.57993
 112.00000    0.56085    0.00000    0.56085
 112.50000    0.56658    0.00000    0.56658
 113.00000    0.57392    0.00000    0.57392
 113.50000    0.54525    0.00000    0.54525
 114.00000    0.51740    0.00000    0.51740
 114.50000    0.51673    0.00000    0.51673
 115.00000    0.53057    0.00000    0.53057
 115.50000    0.54097    0.00000    0.54097
 116.00000    0.60069    0.00000    0.60069
 116.50000    0.60941    0.00000    0.60941
 117.00000    0.55568    0.00000    0.55568
 117.50000    0.53511    0.00000    0.53511
 118.00000    0.56346    0.00000    0.56346
 118.50000    0.57097    0.00000    0.57097
 119.00000    0.55197    0.00000    0.55197
 119.50000    0.56865    0.00000    0.56865
 120.00000    0.58671    0.00000    0.58671
 120.50000    0.54820    0.00000    0.54820
 121.00000    0.55657    0.00000    0.55657
 121.50000    0.55118    0.00000    0.55118
 122.00000    0.57060    0.00000    0.57060
 122.50000    0.53941    0.00000    0.53941
 123.00000    0.56640    0.00000    0.56640
 123.50000    0.53225    0.00000    0.53225
 124.00000    0.51133    0.00000    0.51133
 124.50000    0.50580    0.00000    0.50580
 125.00000    0.54077    0.00000    0.54077
 125.50000    0.56871    0.00000    0.56871
 126.00000    0.54747    0.00000    0.54747
 126.50000    0.53330    0.00000    0.53330
 127.00000    0.54978    0.00000    0.54978
 127.50000    0.56127    0.00000    0.56127
 128.00000    0.54099    0.00000    0.54099
 128.50000    0.51683    0.00000    0.51683
 129.00000    0.51777    0.00000    0.51777
 129.50000    0.54353    0.00000    0.54353
 130.00000    0.56039    0.00000    0.56039
 130.50000    0.53420    0.00000    0.53420
 131.00000    0.53219    0.00000    0.53219
 131.50000    0.56064    0.00000    0.56064
 132.00000    0.59124    0.00000    0.59124
 132.50000    0.58262    0.00000    0.58262
 133.00000    0.53510    0.00000    0.53510
 133.50000    0.51717    0.00000    0.51717
 134.00000    0.54432    0.00000    0.54432
 134.50000    0.55222    0.00000    0.55222
 135.00000    0.54597    0.00000    0.54597
 135.50000    0.56801    0.00000    0.56801
 136.00000    0.60208    0.00000    0.60208
 136.50000    0.58230    0.00000    0.58230
 137.00000    0.57546    0.00000    0.57546
 137.50000    0.57569    0.00000    0.57569
 138.00000    0.56540    0.00000    0.56540
 138.50000    0.55726    0.00000    0.55726
 139.00000    0.54995    0.00000    0.54995
 139.50000    0.55747    0.00000    0.55747
 140.00000    0.54599    0.00000    0.54599
 140.50000    0.55340    0.00000    0.55340
 141.00000    0.58047    0.00000    0.58047
 141.50000    0.56313    0.00000    0.56313
 142.00000    0.56632    0.00000    0.56632
 142.50000    0.56059    0.00000    0.56059
 143.00000    0.60765    0.00000    0.60765
 143.50000    0.61797    0.00000    0.61797
 144.00000    0.58600    0.00000    0.58600
 144.50000    0.50797    0.00000    0.50797
 145.00000    0.52565    0.00000    0.52565
 145.50000    0.57484    0.00000    0.57484
 146.00000    0.55516    0.00000    0.55516
 146.50000    0.51416    0.00000    0.51416
 147.00000    0.56446    0.00000    0.56446
 147.50000    0.58521    0.00000    0.58521
 148.00000    0.57760    0.00000    0.57760
 148.50000    0.53931    0.00000    0.53931
 149.00000    0.52653    0.00000    0.52653
 149.50000    0.49939    0.00000    0.49939
 150.00000    0.52857    0.00000    0.52857
