   0.00000    0.47884    0.00000    0.47884
   0.50000    0.48305    0.00000    0.48305
   1.00000    0.49929    0.00000    0.49929
   1.50000    0.51324    0.00000    0.51324
   2.00000    0.51988    0.00000    0.51988
   2.50000    0.50048    0.00000    0.50048
   3.00000    0.52564    0.00000    0.52564
   3.50000    0.56055    0.00000    0.56055
   4.00000    0.53920    0.00000    0.53920
   4.50000    0.51036    0.00000    0.51036
   5.00000    0.47244    0.00000    0.47244
   5.50000    0.48421    0.00000    0.48421
   6.00000    0.48425    0.00000    0.48425
   6.50000    0.53300    0.00000    0.53300
   7.00000    0.52654    0.00000    0.52654
   7.50000    0.50119    0.00000    0.50119
   8.00000    0.46948    0.00000    0.46948
   8.50000    0.50158    0.00000    0.50158
   9.00000    0.52587    0.00000    0.52587
   9.50000    0.53184    0.00000    0.53184
  10.00000    0.54216    0.00000    0.54216
  10.50000    0.55343    0.00000    0.55343
  11.00000    0.54081    0.00000    0.54081
  11.50000    0.52068    0.00000    0.52068
  12.00000    0.49245    0.00000    0.49245
  12.50000    0.49522    0.00000    0.49522
  13.00000    0.47961    0.00000    0.47961
  13.50000    0.48516    0.00000    0.48516
  14.00000    0.49217    0.00000    0.49217
  14.50000    0.51584    0.00000    0.51584
  15.00000    0.53783    0.00000    0.53783
  15.50000    0.56148    0.00000    0.56148
  16.00000    0.53375    0.00000    0.53375
  16.50000    0.50011    0.00000    0.50011
  17.00000    0.50752    0.00000    0.50752
  17.50000    0.52928    0.00000    0.52928
  18.00000    0.52484    0.00000    0.52484
  18.50000    0.53928    0.00000    0.53928
  19.00000    0.56518    0.00000    0.56518
  19.50000    0.53657    0.00000    0.53657
  20.00000    0.49459    0.00000    0.49459
  20.50000    0.48607    0.00000    0.48607
  21.00000    0.50644    0.00000    0.50644
  21.50000    0.50971    0.00000    0.50971
  22.00000    0.51195    0.00000    0.51195
  22.50000    0.50395    0.00000    0.50395
  23.00000    0.50594    0.00000    0.50594
  23.50000    0.52971    0.00000    0.52971
  24.00000    0.55861    0.00000    0.55861
  24.50000    0.53638    0.00000    0.53638
  25.00000    0.49370    0.00000    0.49370
  25.50000    0.49806    0.00000    0.49806
  26.00000    0.49818    0.00000    0.49818
  26.50000    0.48979    0.00000    0.48979
  27.00000    0.49076    0.00000    0.49076
  27.50000    0.50037    0.00000    0.50037
  28.00000    0.50344    0.00000    0.50344
  28.50000    0.48818    0.00000    0.48818
  29.00000    0.51240    0.00000    0.51240
  29.50000    0.51419    0.00000    0.51419
  30.00000    0.51148    0.00000    0.51148
  30.50000    0.50888    0.00000    0.50888
  31.00000    0.50014    0.00000    0.50014
  31.50000    0.51460    0.00000    0.51460
  32.00000    0.51730    0.00000    0.51730
  32.50000    0.52689    0.00000    0.52689
  33.00000    0.53664    0.00000    0.53664
  33.50000    0.54770    0.00000    0.54770
  34.00000    0.53651    0.00000    0.53651
  34.50000    0.52373    0.00000    0.52373
  35.00000    0.52142    0.00000    0.52142
  35.50000    0.50647    0.00000    0.50647
  36.00000    0.49848    0.00000    0.49848
  36.50000    0.51064    0.00000    0.51064
  37.00000    0.52365    0.00000    0.52365
  37.50000    0.52804    0.00000    0.52804
  38.00000    0.53332    0.00000    0.53332
  38.50000    0.55099    0.00000    0.55099
  39.00000    0.52998    0.00000    0.52998
  39.50000    0.49584    0.00000    0.49584
  40.00000    0.50141    0.00000    0.50141
  40.50000    0.56346    0.00000    0.56346
  41.00000    0.58393    0.00000    0.58393
  41.50000    0.54529    0.00000    0.54529
  42.00000    0.50966    0.00000    0.50966
  42.50000    0.47023    0.00000    0.47023
  43.00000    0.47354    0.00000    0.47354
  43.50000    0.46794    0.00000    0.46794
  44.00000    0.50490    0.00000    0.50490
  44.50000    0.52688    0.00000    0.52688
  45.00000    0.50275    0.00000    0.50275
  45.50000    0.48239    0.00000    0.48239
  46.00000    0.49057    0.00000    0.49057
  46.50000    0.51087    0.00000    0.51087
  47.00000    0.50399    0.00000    0.50399
  47.50000    0.53334    0.00000    0.53334
  48.00000    0.55340    0.00000    0.55340
  48.50000    0.52328    0.00000    0.52328
  49.00000    0.53298    0.00000    0.53298
  49.50000    0.53533    0.00000    0.53533
  50.00000    0.53187    0.00000    0.53187
  50.50000    0.50249    0.00000    0.50249
  51.00000    0.52445    0.00000    0.52445
  51.50000    0.54476    0.00000    0.54476
  52.00000    0.53990    0.00000    0.53990
  52.50000    0.55102    0.00000    0.55102
  53.00000    0.52054    0.00000    0.52054
  53.50000    0.49313    0.00000    0.49313
  54.00000    0.48864    0.00000    0.48864
  54.50000    0.53103    0.00000    0.53103
  55.00000    0.52575    0.00000    0.52575
  55.50000    0.53968    0.00000    0.53968
  56.00000    0.54210    0.00000    0.54210
  56.50000    0.51912    0.00000    0.51912
  57.00000    0.49337    0.00000    0.49337
  57.50000    0.53109    0.00000    0.53109
  58.00000    0.56499    0.00000    0.56499
  58.50000    0.54865    0.00000    0.54865
  59.00000    0.53367    0.00000    0.53367
  59.50000    0.52239    0.00000    0.52239
  60.00000    0.50717    0.00000    0.50717
  60.50000    0.49763    0.00000    0.49763
  61.00000    0.53777    0.00000    0.53777
  61.50000    0.53916    0.00000    0.53916
  62.00000    0.53465    0.00000    0.53465
  62.50000    0.49514    0.00000    0.49514
  63.00000    0.53719    0.00000    0.53719
  63.50000    0.57885    0.00000    0.57885
  64.00000    0.58537    0.00000    0.58537
  64.50000    0.51613    0.00000    0.51613
  65.00000    0.49709    0.00000    0.49709
  65.50000    0.55312    0.00000    0.55312
  66.00000    0.57304    0.00000    0.57304
  66.50000    0.55705    0.00000    0.55705
  67.00000    0.52688    0.00000    0.52688
  67.50000    0.56393    0.00000    0.56393
  68.00000    0.59396    0.00000    0.59396
  68.50000    0.55815    0.00000    0.55815
  69.00000    0.48854    0.00000    0.48854
  69.50000    0.46304    0.00000    0.46304
  70.00000    0.49632    0.00000    0.49632
  70.50000    0.50399    0.00000    0.50399
  71.00000    0.50021    0.00000    0.50021
  71.50000    0.48745    0.00000    0.48745
  72.00000    0.47684    0.00000    0.47684
  72.50000    0.48106    0.00000    0.48106
  73.00000    0.50568    0.00000    0.50568
  73.50000    0.53855    0.00000    0.53855
  74.00000    0.54323    0.00000    0.54323
  74.50000    0.55840    0.00000    0.55840
  75.00000    0.52660    0.00000    0.52660
  75.50000    0.50465    0.00000    0.50465
  76.00000    0.47052    0.00000    0.47052
  76.50000    0.48611    0.00000    0.48611
  77.00000    0.50211    0.00000    0.50211
  77.50000    0.55880    0.00000    0.55880
  78.00000    0.55332    0.00000    0.55332
  78.50000    0.50688    0.00000    0.50688
  79.00000    0.48588    0.00000    0.48588
  79.50000    0.49122    0.00000    0.49122
  80.00000    0.53160    0.00000    0.53160
  80.50000    0.53366    0.00000    0.53366
  81.00000    0.51449    0.00000    0.51449
  81.50000    0.46648    0.00000    0.46648
  82.00000    0.46541    0.00000    0.46541
  82.50000    0.50776    0.00000    0.50776
  83.00000    0.52504    0.00000    0.52504
  83.50000    0.50688    0.00000    0.50688
  84.00000    0.51511    0.00000    0.51511
  84.50000    0.56256    0.00000    0.56256
  85.00000    0.56636    0.00000    0.56636
  85.50000    0.52684    0.00000    0.52684
  86.00000    0.50212    0.00000    0.50212
  86.50000    0.52380    0.00000    0.52380
  87.00000    0.52891    0.00000    0.52891
  87.50000    0.54716    0.00000    0.54716
  88.00000    0.51962    0.00000    0.51962
  88.50000    0.52496    0.00000    0.52496
  89.00000    0.52658    0.00000    0.52658
  89.50000    0.56155    0.00000    0.56155
  90.00000    0.54503    0.00000    0.54503
  90.50000    0.53348    0.00000    0.53348
  91.00000    0.49970    0.00000    0.49970
  91.50000    0.49097    0.00000    0.49097
  92.00000    0.50717    0.00000    0.50717
  92.50000    0.50373    0.00000    0.50373
  93.00000    0.47643    0.00000    0.47643
  93.50000    0.46837    0.00000    0.46837
  94.00000    0.47399    0.00000    0.47399
  94.50000    0.48356    0.00000    0.48356
  95.00000    0.49431    0.00000    0.49431
  95.50000    0.54476    0.00000    0.54476
  96.00000    0.54583    0.00000    0.54583
  96.50000    0.56715    0.00000    0.56715
  97.00000    0.55150    0.00000    0.55150
  97.50000    0.55608    0.00000    0.55608
  98.00000    0.51341    0.00000    0.51341
  98.50000    0.50492    0.00000    0.50492
  99.00000    0.49510    0.00000    0.49510
  99.50000    0.53729    0.00000    0.53729
 100.00000    0.54540    0.00000    0.54540
 100.50000    0.54194    0.00000    0.54194
 101.00000    0.52549    0.00000    0.52549
 101.50000    0.51765    0.00000    0.51765
 102.00000    0.47536    0.00000    0.47536
 102.50000    0.44608    0.00000    0.44608
 103.00000    0.48970    0.00000    0.48970
 103.50000    0.50731    0.00000    0.50731
 104.00000    0.50361    0.00000    0.50361
 104.50000    0.50204    0.00000    0.50204
 105.00000    0.54425    0.00000    0.54425
 105.50000    0.53281    0.00000    0.53281
 106.00000    0.51203    0.00000    0.51203
 106.50000    0.51688    0.00000    0.51688
 107.00000    0.54512    0.00000    0.54512
 107.50000    0.55391    0.00000    0.55391
 108.00000    0.56291    0.00000    0.56291
 108.50000    0.55156    0.00000    0.55156
 109.00000    0.55311    0.00000    0.55311
 109.50000    0.54590    0.00000    0.54590
 110.00000    0.53222    0.00000    0.53222
 110.50000    0.49931    0.00000    0.49931
 111.00000    0.49668    0.00000    0.49668
 111.50000    0.52819    0.00000    0.52819
 112.00000    0.53508    0.00000    0.53508
 112.50000    0.53349    0.00000    0.53349
 113.00000    0.52623    0.00000    0.52623
 113.50000    0.49639    0.00000    0.49639
 114.00000    0.49054    0.00000    0.49054
 114.50000    0.48588    0.00000    0.48588
 115.00000    0.50194    0.00000    0.50194
 115.50000    0.51056    0.00000    0.51056
 116.00000    0.57276    0.00000    0.57276
 116.50000    0.57622    0.00000    0.57622
 117.00000    0.56361    0.00000    0.56361
 117.50000    0.52450    0.00000    0.52450
 118.00000    0.52446    0.00000    0.52446
 118.50000    0.52254    0.00000    0.52254
 119.00000    0.53545    0.00000    0.53545
 119.50000    0.55337    0.00000    0.55337
 120.00000    0.55683    0.00000    0.55683
 120.50000    0.50105    0.00000    0.50105
 121.00000    0.49986    0.00000    0.49986
 121.50000    0.51800    0.00000    0.51800
 122.00000    0.52399    0.00000    0.52399
 122.50000    0.49431    0.00000    0.49431
 123.00000    0.51705    0.00000    0.51705
 123.50000    0.49092    0.00000    0.49092
 124.00000    0.47741    0.00000    0.47741
 124.50000    0.49051    0.00000    0.49051
 125.00000    0.53095    0.00000    0.53095
 125.50000    0.52768    0.00000    0.52768
 126.00000    0.52021    0.00000    0.52021
 126.50000    0.49079    0.00000    0.49079
 127.00000    0.51350    0.00000    0.51350
 127.50000    0.52430    0.00000    0.52430
 128.00000    0.53135    0.00000    0.53135
 128.50000    0.49364    0.00000    0.49364
 129.00000    0.49012    0.00000    0.49012
 129.50000    0.50981    0.00000    0.50981
 130.00000    0.53526    0.00000    0.53526
 130.50000    0.50111    0.00000    0.50111
 131.00000    0.47474    0.00000    0.47474
 131.50000    0.49356    0.00000    0.49356
 132.00000    0.52909    0.00000    0.52909
 132.50000    0.52214    0.00000    0.52214
 133.00000    0.49438    0.00000    0.49438
 133.50000    0.48979    0.00000    0.48979
 134.00000    0.49753    0.00000    0.49753
 134.50000    0.52805    0.00000    0.52805
 135.00000    0.55271    0.00000    0.55271
 135.50000    0.57688    0.00000    0.57688
 136.00000    0.54890    0.00000    0.54890
 136.50000    0.51365    0.00000    0.51365
 137.00000    0.52192    0.00000    0.52192
 137.50000    0.55571    0.00000    0.55571
 138.00000    0.53848    0.00000    0.53848
 138.50000    0.49266    0.00000    0.49266
 139.00000    0.47505    0.00000    0.47505
 139.50000    0.51033    0.00000    0.51033
 140.00000    0.51824    0.00000    0.51824
 140.50000    0.53254    0.00000    0.53254
 141.00000    0.54909    0.00000    0.54909
 141.50000    0.50364    0.00000    0.50364
 142.00000    0.50842    0.00000    0.50842
 142.50000    0.54446    0.00000    0.54446
 143.00000    0.61629    0.00000    0.61629
 143.50000    0.58071    0.00000    0.58071
 144.00000    0.54128    0.00000    0.54128
 144.50000    0.50464    0.00000    0.50464
 145.00000    0.53278    0.00000    0.53278
 145.50000    0.54965    0.00000    0.54965
 146.00000    0.52274    0.00000    0.52274
 146.50000    0.48762    0.00000    0.48762
 147.00000    0.51088    0.00000    0.51088
 147.50000    0.52898    0.00000    0.52898
 148.00000    0.51095    0.00000    0.51095
 148.50000    0.48570    0.00000    0.48570
 149.00000    0.48854    0.00000    0.48854
 149.50000    0.49747    0.00000    0.49747
 150.00000    0.43224    0.00000    0.43224
