   0.00000    0.51022    0.00000    0.51022
   0.50000    0.50328    0.00000    0.50328
   1.00000    0.52495    0.00000    0.52495
   1.50000    0.53061    0.00000    0.53061
   2.00000    0.53177    0.00000    0.53177
   2.50000    0.50734    0.00000    0.50734
   3.00000    0.54251    0.00000    0.54251
   3.50000    0.58093    0.00000    0.58093
   4.00000    0.56398    0.00000    0.56398
   4.50000    0.53184    0.00000    0.53184
   5.00000    0.49866    0.00000    0.49866
   5.50000    0.51815    0.00000    0.51815
   6.00000    0.50750    0.00000    0.50750
   6.50000    0.55196    0.00000    0.55196
   7.00000    0.54887    0.00000    0.54887
   7.50000    0.52695    0.00000    0.52695
   8.00000    0.49055    0.00000    0.49055
   8.50000    0.52136    0.00000    0.52136
   9.00000    0.54187    0.00000    0.54187
   9.50000    0.54426    0.00000    0.54426
  10.00000    0.55062    0.00000    0.55062
  10.50000    0.57963    0.00000    0.57963
  11.00000    0.57596    0.00000    0.57596
  11.50000    0.55881    0.00000    0.55881
  12.00000    0.52206    0.00000    0.52206
  12.50000    0.52844    0.00000    0.52844
  13.00000    0.51609    0.00000    0.51609
  13.50000    0.52374    0.00000    0.52374
  14.00000    0.53029    0.00000    0.53029
  14.50000    0.53668    0.00000    0.53668
  15.00000    0.55329    0.00000    0.55329
  15.50000    0.59246    0.00000    0.59246
  16.00000    0.58066    0.00000    0.58066
  16.50000    0.53582    0.00000    0.53582
  17.00000    0.52452    0.00000    0.52452
  17.50000    0.53917    0.00000    0.53917
  18.00000    0.53829    0.00000    0.53829
  18.50000    0.55565    0.00000    0.55565
  19.00000    0.57970    0.00000    0.57970
  19.50000    0.56563    0.00000    0.56563
  20.00000    0.53759    0.00000    0.53759
  20.50000    0.52002    0.00000    0.52002
  21.00000    0.52540    0.00000    0.52540
  21.50000    0.53416    0.00000    0.53416
  22.00000    0.53937    0.00000    0.53937
  22.50000    0.51963    0.00000    0.51963
  23.00000    0.50769    0.00000    0.50769
  23.50000    0.54902    0.00000    0.54902
  24.00000    0.58739    0.00000    0.58739
  24.50000    0.55869    0.00000    0.55869
  25.00000    0.50683    0.00000    0.50683
  25.50000    0.52751    0.00000    0.52751
  26.00000    0.54541    0.00000    0.54541
  26.50000    0.53296    0.00000    0.53296
  27.00000    0.52578    0.00000    0.52578
  27.50000    0.52913    0.00000    0.52913
  28.00000    0.53332    0.00000    0.53332
  28.50000    0.51304    0.00000    0.51304
  29.00000    0.53357    0.00000    0.53357
  29.50000    0.53584    0.00000    0.53584
  30.00000    0.52798    0.00000    0.52798
  30.50000    0.52054    0.00000    0.52054
  31.00000    0.51379    0.00000    0.51379
  31.50000    0.53098    0.00000    0.53098
  32.00000    0.53787    0.00000    0.53787
  32.50000    0.55084    0.00000    0.55084
  33.00000    0.55750    0.00000    0.55750
  33.50000    0.56158    0.00000    0.56158
  34.00000    0.56209    0.00000    0.56209
  34.50000    0.56709    0.00000    0.56709
  35.00000    0.55877    0.00000    0.55877
  35.50000    0.52766    0.00000    0.52766
  36.00000    0.51989    0.00000    0.51989
  36.50000    0.53742    0.00000    0.53742
  37.00000    0.53188    0.00000    0.53188
  37.50000    0.52944    0.00000    0.52944
  38.00000    0.54609    0.00000    0.54609
  38.50000    0.57764    0.00000    0.57764
  39.00000    0.55689    0.00000    0.55689
  39.50000    0.51841    0.00000    0.51841
  40.00000    0.52774    0.00000    0.52774
  40.50000    0.59645    0.00000    0.59645
  41.00000    0.61889    0.00000    0.61889
  41.50000    0.57480    0.00000    0.57480
  42.00000    0.52954    0.00000    0.52954
  42.50000    0.49288    0.00000    0.49288
  43.00000    0.49545    0.00000    0.49545
  43.50000    0.49452    0.00000    0.49452
  44.00000    0.51533    0.00000    0.51533
  44.50000    0.54208    0.00000    0.54208
  45.00000    0.53084    0.00000    0.53084
  45.50000    0.51676    0.00000    0.51676
  46.00000    0.51256    0.00000    0.51256
  46.50000    0.53234    0.00000    0.53234
  47.00000    0.52779    0.00000    0.52779
  47.50000    0.56127    0.00000    0.56127
  48.00000    0.57991    0.00000    0.57991
  48.50000    0.55645    0.00000    0.55645
  49.00000    0.56246    0.00000    0.56246
  49.50000    0.56025    0.00000    0.56025
  50.00000    0.54790    0.00000    0.54790
  50.50000    0.52037    0.00000    0.52037
  51.00000    0.54704    0.00000    0.54704
  51.50000    0.56790    0.00000    0.56790
  52.00000    0.56354    0.00000    0.56354
  52.50000    0.56435    0.00000    0.56435
  53.00000    0.53124    0.00000    0.53124
  53.50000    0.49586    0.00000    0.49586
  54.00000    0.51082    0.00000    0.51082
  54.50000    0.56078    0.00000    0.56078
  55.00000    0.54845    0.00000    0.54845
  55.50000    0.55711    0.00000    0.55711
  56.00000    0.57232    0.00000    0.57232
  56.50000    0.54250    0.00000    0.54250
  57.00000    0.49816    0.00000    0.49816
  57.50000    0.53696    0.00000    0.53696
  58.00000    0.58879    0.00000    0.58879
  58.50000    0.56823    0.00000    0.56823
  59.00000    0.54703    0.00000    0.54703
  59.50000    0.52270    0.00000    0.52270
  60.00000    0.51932    0.00000    0.51932
  60.50000    0.50882    0.00000    0.50882
  61.00000    0.54977    0.00000    0.54977
  61.50000    0.55296    0.00000    0.55296
  62.00000    0.56092    0.00000    0.56092
  62.50000    0.51741    0.00000    0.51741
  63.00000    0.55035    0.00000    0.55035
  63.50000    0.60228    0.00000    0.60228
  64.00000    0.61328    0.00000    0.61328
  64.50000    0.54560    0.00000    0.54560
  65.00000    0.51266    0.00000    0.51266
  65.50000    0.58081    0.00000    0.58081
  66.00000    0.60039    0.00000    0.60039
  66.50000    0.58593    0.00000    0.58593
  67.00000    0.53871    0.00000    0.53871
  67.50000    0.57787    0.00000    0.57787
  68.00000    0.60602    0.00000    0.60602
  68.50000    0.57323    0.00000    0.57323
  69.00000    0.50919    0.00000    0.50919
  69.50000    0.48789    0.00000    0.48789
  70.00000    0.52135    0.00000    0.52135
  70.50000    0.53063    0.00000    0.53063
  71.00000    0.52326    0.00000    0.52326
  71.50000    0.51115    0.00000    0.51115
  72.00000    0.50925    0.00000    0.50925
  72.50000    0.52177    0.00000    0.52177
  73.00000    0.52724    0.00000    0.52724
  73.50000    0.55911    0.00000    0.55911
  74.00000    0.56593    0.00000    0.56593
  74.50000    0.59564    0.00000    0.59564
  75.00000    0.55694    0.00000    0.55694
  75.50000    0.53442    0.00000    0.53442
  76.00000    0.49128    0.00000    0.49128
  76.50000    0.50607    0.00000    0.50607
  77.00000    0.51670    0.00000    0.51670
  77.50000    0.56674    0.00000    0.56674
  78.00000    0.56053    0.00000    0.56053
  78.50000    0.51910    0.00000    0.51910
  79.00000    0.50466    0.00000    0.50466
  79.50000    0.50701    0.00000    0.50701
  80.00000    0.54125    0.00000    0.54125
  80.50000    0.54462    0.00000    0.54462
  81.00000    0.52649    0.00000    0.52649
  81.50000    0.49126    0.00000    0.49126
  82.00000    0.49439    0.00000    0.49439
  82.50000    0.53026    0.00000    0.53026
  83.00000    0.54207    0.00000    0.54207
  83.50000    0.52646    0.00000    0.52646
  84.00000    0.53661    0.00000    0.53661
  84.50000    0.59077    0.00000    0.59077
  85.00000    0.60174    0.00000    0.60174
  85.50000    0.55678    0.00000    0.55678
  86.00000    0.52335    0.00000    0.52335
  86.50000    0.55690    0.00000    0.55690
  87.00000    0.56233    0.00000    0.56233
  87.50000    0.57926    0.00000    0.57926
  88.00000    0.55205    0.00000    0.55205
  88.50000    0.56028    0.00000    0.56028
  89.00000    0.55116    0.00000    0.55116
  89.50000    0.56957    0.00000    0.56957
  90.00000    0.56188    0.00000    0.56188
  90.50000    0.56231    0.00000    0.56231
  91.00000    0.53517    0.00000    0.53517
  91.50000    0.51499    0.00000    0.51499
  92.00000    0.52262    0.00000    0.52262
  92.50000    0.51041    0.00000    0.51041
  93.00000    0.49316    0.00000    0.49316
  93.50000    0.49034    0.00000    0.49034
  94.00000    0.48637    0.00000    0.48637
  94.50000    0.49778    0.00000    0.49778
  95.00000    0.52402    0.00000    0.52402
  95.50000    0.58338    0.00000    0.58338
  96.00000    0.57468    0.00000    0.57468
  96.50000    0.59083    0.00000    0.59083
  97.00000    0.56605    0.00000    0.56605
  97.50000    0.58000    0.00000    0.58000
  98.00000    0.55418    0.00000    0.55418
  98.50000    0.54331    0.00000    0.54331
  99.00000    0.52482    0.00000    0.52482
  99.50000    0.56234    0.00000    0.56234
 100.00000    0.55954    0.00000    0.55954
 100.50000    0.55578    0.00000    0.55578
 101.00000    0.54535    0.00000    0.54535
 101.50000    0.55125    0.00000    0.55125
 102.00000    0.50483    0.00000    0.50483
 102.50000    0.48592    0.00000    0.48592
 103.00000    0.51329    0.00000    0.51329
 103.50000    0.52253    0.00000    0.52253
 104.00000    0.52474    0.00000    0.52474
 104.50000    0.54778    0.00000    0.54778
 105.00000    0.58819    0.00000    0.58819
 105.50000    0.55518    0.00000    0.55518
 106.00000    0.52297    0.00000    0.52297
 106.50000    0.54180    0.00000    0.54180
 107.00000    0.57336    0.00000    0.57336
 107.50000    0.57503    0.00000    0.57503
 108.00000    0.58846    0.00000    0.58846
 108.50000    0.57629    0.00000    0.57629
 109.00000    0.57064    0.00000    0.57064
 109.50000    0.56604    0.00000    0.56604
 110.00000    0.56938    0.00000    0.56938
 110.50000    0.52671    0.00000    0.52671
 111.00000    0.51514    0.00000    0.51514
 111.50000    0.54856    0.00000    0.54856
 112.00000    0.55867    0.00000    0.55867
 112.50000    0.55536    0.00000    0.55536
 113.00000    0.54534    0.00000    0.54534
 113.50000    0.52530    0.00000    0.52530
 114.00000    0.51755    0.00000    0.51755
 114.50000    0.50512    0.00000    0.50512
 115.00000    0.51025    0.00000    0.51025
 115.50000    0.52512    0.00000    0.52512
 116.00000    0.59847    0.00000    0.59847
 116.50000    0.61270    0.00000    0.61270
 117.00000    0.59502    0.00000    0.59502
 117.50000    0.55854    0.00000    0.55854
 118.00000    0.55219    0.00000    0.55219
 118.50000    0.54086    0.00000    0.54086
 119.00000    0.53915    0.00000    0.53915
 119.50000    0.56269    0.00000    0.56269
 120.00000    0.56396    0.00000    0.56396
 120.50000    0.50319    0.00000    0.50319
 121.00000    0.51667    0.00000    0.51667
 121.50000    0.55135    0.00000    0.55135
 122.00000    0.56518    0.00000    0.56518
 122.50000    0.52737    0.00000    0.52737
 123.00000    0.54184    0.00000    0.54184
 123.50000    0.50762    0.00000    0.50762
 124.00000    0.49367    0.00000    0.49367
 124.50000    0.50954    0.00000    0.50954
 125.00000    0.55356    0.00000    0.55356
 125.50000    0.55877    0.00000    0.55877
 126.00000    0.55411    0.00000    0.55411
 126.50000    0.51870    0.00000    0.51870
 127.00000    0.53624    0.00000    0.53624
 127.50000    0.55369    0.00000    0.55369
 128.00000    0.56549    0.00000    0.56549
 128.50000    0.52593    0.00000    0.52593
 129.00000    0.51607    0.00000    0.51607
 129.50000    0.54565    0.00000    0.54565
 130.00000    0.56810    0.00000    0.56810
 130.50000    0.53323    0.00000    0.53323
 131.00000    0.50276    0.00000    0.50276
 131.50000    0.52492    0.00000    0.52492
 132.00000    0.54426    0.00000    0.54426
 132.50000    0.53320    0.00000    0.53320
 133.00000    0.52175    0.00000    0.52175
 133.50000    0.51985    0.00000    0.51985
 134.00000    0.53397    0.00000    0.53397
 134.50000    0.55354    0.00000    0.55354
 135.00000    0.57584    0.00000    0.57584
 135.50000    0.58710    0.00000    0.58710
 136.00000    0.57017    0.00000    0.57017
 136.50000    0.53290    0.00000    0.53290
 137.00000    0.53860    0.00000    0.53860
 137.50000    0.57823    0.00000    0.57823
 138.00000    0.56059    0.00000    0.56059
 138.50000    0.51724    0.00000    0.51724
 139.00000    0.50124    0.00000    0.50124
 139.50000    0.53787    0.00000    0.53787
 140.00000    0.54253    0.00000    0.54253
 140.50000    0.55771    0.00000    0.55771
 141.00000    0.57373    0.00000    0.57373
 141.50000    0.53109    0.00000    0.53109
 142.00000    0.54299    0.00000    0.54299
 142.50000    0.57540    0.00000    0.57540
 143.00000    0.64171    0.00000    0.64171
 143.50000    0.60369    0.00000    0.60369
 144.00000    0.56984    0.00000    0.56984
 144.50000    0.53733    0.00000    0.53733
 145.00000    0.56583    0.00000    0.56583
 145.50000    0.56497    0.00000    0.56497
 146.00000    0.53925    0.00000    0.53925
 146.50000    0.50512    0.00000    0.50512
 147.00000    0.52972    0.00000    0.52972
 147.50000    0.54534    0.00000    0.54534
 148.00000    0.53641    0.00000    0.53641
 148.50000    0.50237    0.00000    0.50237
 149.00000    0.51026    0.00000    0.51026
 149.50000    0.53564    0.00000    0.53564
 150.00000    0.46653    0.00000    0.46653
