   0.00000    0.45871    0.00000    0.45871
   0.50000    0.52747    0.00000    0.52747
   1.00000    0.50508    0.00000    0.50508
   1.50000    0.50211    0.00000    0.50211
   2.00000    0.52008    0.00000    0.52008
   2.50000    0.51239    0.00000    0.51239
   3.00000    0.51454    0.00000    0.51454
   3.50000    0.55262    0.00000    0.55262
   4.00000    0.52843    0.00000    0.52843
   4.50000    0.52124    0.00000    0.52124
   5.00000    0.48617    0.00000    0.48617
   5.50000    0.50017    0.00000    0.50017
   6.00000    0.48092    0.00000    0.48092
   6.50000    0.53764    0.00000    0.53764
   7.00000    0.53331    0.00000    0.53331
   7.50000    0.50915    0.00000    0.50915
   8.00000    0.47122    0.00000    0.47122
   8.50000    0.49903    0.00000    0.49903
   9.00000    0.52049    0.00000    0.52049
   9.50000    0.53417    0.00000    0.53417
  10.00000    0.54041    0.00000    0.54041
  10.50000    0.54208    0.00000    0.54208
  11.00000    0.52392    0.00000    0.52392
  11.50000    0.51068    0.00000    0.51068
  12.00000    0.49969    0.00000    0.49969
  12.50000    0.51548    0.00000    0.51548
  13.00000    0.49874    0.00000    0.49874
  13.50000    0.48698    0.00000    0.48698
  14.00000    0.47129    0.00000    0.47129
  14.50000    0.49900    0.00000    0.49900
  15.00000    0.52639    0.00000    0.52639
  15.50000    0.55848    0.00000    0.55848
  16.00000    0.55325    0.00000    0.55325
  16.50000    0.53251    0.00000    0.53251
  17.00000    0.53812    0.00000    0.53812
  17.50000    0.55059    0.00000    0.55059
  18.00000    0.54546    0.00000    0.54546
  18.50000    0.54588    0.00000    0.54588
  19.00000    0.56408    0.00000    0.56408
  19.50000    0.53801    0.00000    0.53801
  20.00000    0.50869    0.00000    0.50869
  20.50000    0.50154    0.00000    0.50154
  21.00000    0.51135    0.00000    0.51135
  21.50000    0.51444    0.00000    0.51444
  22.00000    0.52878    0.00000    0.52878
  22.50000    0.53761    0.00000    0.53761
  23.00000    0.54055    0.00000    0.54055
  23.50000    0.55188    0.00000    0.55188
  24.00000    0.56853    0.00000    0.56853
  24.50000    0.55558    0.00000    0.55558
  25.00000    0.54062    0.00000    0.54062
  25.50000    0.52095    0.00000    0.52095
  26.00000    0.51118    0.00000    0.51118
  26.50000    0.51258    0.00000    0.51258
  27.00000    0.53223    0.00000    0.53223
  27.50000    0.52218    0.00000    0.52218
  28.00000    0.50046    0.00000    0.50046
  28.50000    0.49350    0.00000    0.49350
  29.00000    0.53521    0.00000    0.53521
  29.50000    0.55022    0.00000    0.55022
  30.00000    0.54002    0.00000    0.54002
  30.50000    0.51432    0.00000    0.51432
  31.00000    0.50378    0.00000    0.50378
  31.50000    0.50724    0.00000    0.50724
  32.00000    0.51677    0.00000    0.51677
  32.50000    0.53860    0.00000    0.53860
  33.00000    0.55216    0.00000    0.55216
  33.50000    0.54526    0.00000    0.54526
  34.00000    0.53208    0.00000    0.53208
  34.50000    0.52884    0.00000    0.52884
  35.00000    0.52395    0.00000    0.52395
  35.50000    0.51647    0.00000    0.51647
  36.00000    0.52868    0.00000    0.52868
  36.50000    0.53531    0.00000    0.53531
  37.00000    0.52773    0.00000    0.52773
  37.50000    0.52915    0.00000    0.52915
  38.00000    0.55481    0.00000    0.55481
  38.50000    0.57376    0.00000    0.57376
  39.00000    0.54796    0.00000    0.54796
  39.50000    0.50221    0.00000    0.50221
  40.00000    0.50712    0.00000    0.50712
  40.50000    0.55345    0.00000    0.55345
  41.00000    0.58580    0.00000    0.58580
  41.50000    0.55533    0.00000    0.55533
  42.00000    0.53561    0.00000    0.53561
  42.50000    0.51801    0.00000    0.51801
  43.00000    0.52351    0.00000    0.52351
  43.50000    0.49850    0.00000    0.49850
  44.00000    0.50869    0.00000    0.50869
  44.50000    0.52526    0.00000    0.52526
  45.00000    0.51726    0.00000    0.51726
  45.50000    0.50345    0.00000    0.50345
  46.00000    0.50968    0.00000    0.50968
  46.50000    0.51170    0.00000    0.51170
  47.00000    0.53278    0.00000    0.53278
  47.50000    0.56583    0.00000    0.56583
  48.00000    0.57898    0.00000    0.57898
  48.50000    0.52972    0.00000    0.52972
  49.00000    0.53257    0.00000    0.53257
  49.50000    0.53676    0.00000    0.53676
  50.00000    0.54331    0.00000    0.54331
  50.50000    0.54727    0.00000    0.54727
  51.00000    0.55241    0.00000    0.55241
  51.50000    0.54752    0.00000    0.54752
  52.00000    0.52533    0.00000    0.52533
  52.50000    0.54456    0.00000    0.54456
  53.00000    0.52023    0.00000    0.52023
  53.50000    0.48837    0.00000    0.48837
  54.00000    0.49227    0.00000    0.49227
  54.50000    0.53609    0.00000    0.53609
  55.00000    0.54808    0.00000    0.54808
  55.50000    0.55497    0.00000    0.55497
  56.00000    0.55168    0.00000    0.55168
  56.50000    0.52036    0.00000    0.52036
  57.00000    0.49050    0.00000    0.49050
  57.50000    0.54114    0.00000    0.54114
  58.00000    0.57790    0.00000    0.57790
  58.50000    0.55334    0.00000    0.55334
  59.00000    0.50550    0.00000    0.50550
  59.50000    0.50237    0.00000    0.50237
  60.00000    0.51043    0.00000    0.51043
  60.50000    0.49547    0.00000    0.49547
  61.00000    0.52784    0.00000    0.52784
  61.50000    0.53981    0.00000    0.53981
  62.00000    0.56907    0.00000    0.56907
  62.50000    0.51835    0.00000    0.51835
  63.00000    0.52608    0.00000    0.52608
  63.50000    0.55294    0.00000    0.55294
  64.00000    0.57926    0.00000    0.57926
  64.50000    0.52751    0.00000    0.52751
  65.00000    0.49560    0.00000    0.49560
  65.50000    0.54670    0.00000    0.54670
  66.00000    0.57146    0.00000    0.57146
  66.50000    0.55209    0.00000    0.55209
  67.00000    0.49989    0.00000    0.49989
  67.50000    0.53344    0.00000    0.53344
  68.00000    0.56121    0.00000    0.56121
  68.50000    0.54254    0.00000    0.54254
  69.00000    0.48639    0.00000    0.48639
  69.50000    0.48420    0.00000    0.48420
  70.00000    0.51187    0.00000    0.51187
  70.50000    0.51688    0.00000    0.51688
  71.00000    0.50917    0.00000    0.50917
  71.50000    0.49433    0.00000    0.49433
  72.00000    0.49297    0.00000    0.49297
  72.50000    0.49983    0.00000    0.49983
  73.00000    0.52495    0.00000    0.52495
  73.50000    0.55531    0.00000    0.55531
  74.00000    0.56704    0.00000    0.56704
  74.50000    0.58108    0.00000    0.58108
  75.00000    0.53997    0.00000    0.53997
  75.50000    0.51128    0.00000    0.51128
  76.00000    0.47387    0.00000    0.47387
  76.50000    0.49654    0.00000    0.49654
  77.00000    0.51039    0.00000    0.51039
  77.50000    0.55688    0.00000    0.55688
  78.00000    0.54679    0.00000    0.54679
  78.50000    0.50938    0.00000    0.50938
  79.00000    0.48303    0.00000    0.48303
  79.50000    0.47422    0.00000    0.47422
  80.00000    0.52318    0.00000    0.52318
  80.50000    0.55049    0.00000    0.55049
  81.00000    0.53529    0.00000    0.53529
  81.50000    0.48568    0.00000    0.48568
  82.00000    0.48324    0.00000    0.48324
  82.50000    0.51905    0.00000    0.51905
  83.00000    0.52957    0.00000    0.52957
  83.50000    0.52087    0.00000    0.52087
  84.00000    0.51510    0.00000    0.51510
  84.50000    0.54486    0.00000    0.54486
  85.00000    0.55068    0.00000    0.55068
  85.50000    0.53058    0.00000    0.53058
  86.00000    0.50311    0.00000    0.50311
  86.50000    0.50957    0.00000    0.50957
  87.00000    0.51393    0.00000    0.51393
  87.50000    0.53728    0.00000    0.53728
  88.00000    0.53666    0.00000    0.53666
  88.50000    0.54744    0.00000    0.54744
  89.00000    0.54156    0.00000    0.54156
  89.50000    0.54679    0.00000    0.54679
  90.00000    0.55065    0.00000    0.55065
  90.50000    0.54155    0.00000    0.54155
  91.00000    0.52577    0.00000    0.52577
  91.50000    0.52031    0.00000    0.52031
  92.00000    0.54381    0.00000    0.54381
  92.50000    0.51144    0.00000    0.51144
  93.00000    0.48591    0.00000    0.48591
  93.50000    0.47104    0.00000    0.47104
  94.00000    0.49202    0.00000    0.49202
  94.50000    0.49156    0.00000    0.49156
  95.00000    0.51275    0.00000    0.51275
  95.50000    0.55455    0.00000    0.55455
  96.00000    0.57476    0.00000    0.57476
  96.50000    0.56677    0.00000    0.56677
  97.00000    0.54859    0.00000    0.54859
  97.50000    0.54657    0.00000    0.54657
  98.00000    0.52125    0.00000    0.52125
  98.50000    0.51459    0.00000    0.51459
  99.00000    0.51733    0.00000    0.51733
  99.50000    0.53751    0.00000    0.53751
 100.00000    0.53612    0.00000    0.53612
 100.50000    0.54903    0.00000    0.54903
 101.00000    0.57585    0.00000    0.57585
 101.50000    0.55335    0.00000    0.55335
 102.00000    0.50233    0.00000    0.50233
 102.50000    0.44401    0.00000    0.44401
 103.00000    0.49623    0.00000    0.49623
 103.50000    0.49379    0.00000    0.49379
 104.00000    0.49865    0.00000    0.49865
 104.50000    0.49033    0.00000    0.49033
 105.00000    0.54973    0.00000    0.54973
 105.50000    0.54215    0.00000    0.54215
 106.00000    0.52222    0.00000    0.52222
 106.50000    0.52654    0.00000    0.52654
 107.00000    0.56359    0.00000    0.56359
 107.50000    0.55640    0.00000    0.55640
 108.00000    0.56922    0.00000    0.56922
 108.50000    0.55469    0.00000    0.55469
 109.00000    0.55521    0.00000    0.55521
 109.50000    0.51324    0.00000    0.51324
 110.00000    0.52368    0.00000    0.52368
 110.50000    0.50292    0.00000    0.50292
 111.00000    0.50699    0.00000    0.50699
 111.50000    0.52070    0.00000    0.52070
 112.00000    0.54685    0.00000    0.54685
 112.50000    0.55403    0.00000    0.55403
 113.00000    0.54095    0.00000    0.54095
 113.50000    0.50386    0.00000    0.50386
 114.00000    0.48892    0.00000    0.48892
 114.50000    0.47807    0.00000    0.47807
 115.00000    0.50130    0.00000    0.50130
 115.50000    0.51805    0.00000    0.51805
 116.00000    0.58135    0.00000    0.58135
 116.50000    0.56801    0.00000    0.56801
 117.00000    0.55801    0.00000    0.55801
 117.50000    0.52445    0.00000    0.52445
 118.00000    0.55092    0.00000    0.55092
 118.50000    0.53458    0.00000    0.53458
 119.00000    0.54257    0.00000    0.54257
 119.50000    0.54467    0.00000    0.54467
 120.00000    0.55887    0.00000    0.55887
 120.50000    0.50663    0.00000    0.50663
 121.00000    0.51558    0.00000    0.51558
 121.50000    0.52160    0.00000    0.52160
 122.00000    0.53165    0.00000    0.53165
 122.50000    0.51298    0.00000    0.51298
 123.00000    0.53020    0.00000    0.53020
 123.50000    0.49577    0.00000    0.49577
 124.00000    0.47858    0.00000    0.47858
 124.50000    0.48114    0.00000    0.48114
 125.00000    0.50887    0.00000    0.50887
 125.50000    0.53731    0.00000    0.53731
 126.00000    0.54813    0.00000    0.54813
 126.50000    0.51860    0.00000    0.51860
 127.00000    0.51911    0.00000    0.51911
 127.50000    0.51688    0.00000    0.51688
 128.00000    0.52005    0.00000    0.52005
 128.50000    0.49230    0.00000    0.49230
 129.00000    0.50262    0.00000    0.50262
 129.50000    0.51603    0.00000    0.51603
 130.00000    0.53635    0.00000    0.53635
 130.50000    0.50518    0.00000    0.50518
 131.00000    0.49918    0.00000    0.49918
 131.50000    0.49614    0.00000    0.49614
 132.00000    0.51863    0.00000    0.51863
 132.50000    0.52480    0.00000    0.52480
 133.00000    0.53739    0.00000    0.53739
 133.50000    0.53168    0.00000    0.53168
 134.00000    0.54437    0.00000    0.54437
 134.50000    0.54320    0.00000    0.54320
 135.00000    0.52726    0.00000    0.52726
 135.50000    0.54339    0.00000    0.54339
 136.00000    0.55055    0.00000    0.55055
 136.50000    0.53578    0.00000    0.53578
 137.00000    0.53493    0.00000    0.53493
 137.50000    0.55459    0.00000    0.55459
 138.00000    0.54240    0.00000    0.54240
 138.50000    0.50371    0.00000    0.50371
 139.00000    0.50393    0.00000    0.50393
 139.50000    0.53602    0.00000    0.53602
 140.00000    0.54392    0.00000    0.54392
 140.50000    0.53382    0.00000    0.53382
 141.00000    0.54460    0.00000    0.54460
 141.50000    0.51112    0.00000    0.51112
 142.00000    0.51721    0.00000    0.51721
 142.50000    0.53356    0.00000    0.53356
 143.00000    0.58263    0.00000    0.58263
 143.50000    0.59304    0.00000    0.59304
 144.00000    0.56511    0.00000    0.56511
 144.50000    0.51405    0.00000    0.51405
 145.00000    0.53100    0.00000    0.53100
 145.50000    0.56379    0.00000    0.56379
 146.00000    0.51696    0.00000    0.51696
 146.50000    0.46929    0.00000    0.46929
 147.00000    0.51402    0.00000    0.51402
 147.50000    0.53094    0.00000    0.53094
 148.00000    0.50744    0.00000    0.50744
 148.50000    0.48872    0.00000    0.48872
 149.00000    0.51457    0.00000    0.51457
 149.50000    0.52183    0.00000    0.52183
 150.00000    0.44250    0.00000    0.44250
