   0.00000    0.43261    0.00000    0.43261
   0.50000    0.50839    0.00000    0.50839
   1.00000    0.51267    0.00000    0.51267
   1.50000    0.49574    0.00000    0.49574
   2.00000    0.50230    0.00000    0.50230
   2.50000    0.51225    0.00000    0.51225
   3.00000    0.52279    0.00000    0.52279
   3.50000    0.54746    0.00000    0.54746
   4.00000    0.52507    0.00000    0.52507
   4.50000    0.51862    0.00000    0.51862
   5.00000    0.48805    0.00000    0.48805
   5.50000    0.50158    0.00000    0.50158
   6.00000    0.48731    0.00000    0.48731
   6.50000    0.54320    0.00000    0.54320
   7.00000    0.54729    0.00000    0.54729
   7.50000    0.50969    0.00000    0.50969
   8.00000    0.46786    0.00000    0.46786
   8.50000    0.48736    0.00000    0.48736
   9.00000    0.49937    0.00000    0.49937
   9.50000    0.49515    0.00000    0.49515
  10.00000    0.50232    0.00000    0.50232
  10.50000    0.52066    0.00000    0.52066
  11.00000    0.50956    0.00000    0.50956
  11.50000    0.50857    0.00000    0.50857
  12.00000    0.49835    0.00000    0.49835
  12.50000    0.50103    0.00000    0.50103
  13.00000    0.47693    0.00000    0.47693
  13.50000    0.49869    0.00000    0.49869
  14.00000    0.49301    0.00000    0.49301
  14.50000    0.48771    0.00000    0.48771
  15.00000    0.48994    0.00000    0.48994
  15.50000    0.52123    0.00000    0.52123
  16.00000    0.52175    0.00000    0.52175
  16.50000    0.51448    0.00000    0.51448
  17.00000    0.51347    0.00000    0.51347
  17.50000    0.49407    0.00000    0.49407
  18.00000    0.50644    0.00000    0.50644
  18.50000    0.55462    0.00000    0.55462
  19.00000    0.56094    0.00000    0.56094
  19.50000    0.51910    0.00000    0.51910
  20.00000    0.51502    0.00000    0.51502
  20.50000    0.51792    0.00000    0.51792
  21.00000    0.50577    0.00000    0.50577
  21.50000    0.49841    0.00000    0.49841
  22.00000    0.51053    0.00000    0.51053
  22.50000    0.50923    0.00000    0.50923
  23.00000    0.53329    0.00000    0.53329
  23.50000    0.55097    0.00000    0.55097
  24.00000    0.55472    0.00000    0.55472
  24.50000    0.50894    0.00000    0.50894
  25.00000    0.48883    0.00000    0.48883
  25.50000    0.46878    0.00000    0.46878
  26.00000    0.49086    0.00000    0.49086
  26.50000    0.51448    0.00000    0.51448
  27.00000    0.52218    0.00000    0.52218
  27.50000    0.48992    0.00000    0.48992
  28.00000    0.49286    0.00000    0.49286
  28.50000    0.50377    0.00000    0.50377
  29.00000    0.50898    0.00000    0.50898
  29.50000    0.51622    0.00000    0.51622
  30.00000    0.52779    0.00000    0.52779
  30.50000    0.52727    0.00000    0.52727
  31.00000    0.50443    0.00000    0.50443
  31.50000    0.52138    0.00000    0.52138
  32.00000    0.51432    0.00000    0.51432
  32.50000    0.52769    0.00000    0.52769
  33.00000    0.51504    0.00000    0.51504
  33.50000    0.52135    0.00000    0.52135
  34.00000    0.50827    0.00000    0.50827
  34.50000    0.51238    0.00000    0.51238
  35.00000    0.50381    0.00000    0.50381
  35.50000    0.48995    0.00000    0.48995
  36.00000    0.50044    0.00000    0.50044
  36.50000    0.49349    0.00000    0.49349
  37.00000    0.49431    0.00000    0.49431
  37.50000    0.49160    0.00000    0.49160
  38.00000    0.52563    0.00000    0.52563
  38.50000    0.53647    0.00000    0.53647
  39.00000    0.53125    0.00000    0.53125
  39.50000    0.48728    0.00000    0.48728
  40.00000    0.49406    0.00000    0.49406
  40.50000    0.54257    0.00000    0.54257
  41.00000    0.58364    0.00000    0.58364
  41.50000    0.54809    0.00000    0.54809
  42.00000    0.52108    0.00000    0.52108
  42.50000    0.47742    0.00000    0.47742
  43.00000    0.49502    0.00000    0.49502
  43.50000    0.50661    0.00000    0.50661
  44.00000    0.52952    0.00000    0.52952
  44.50000    0.52527    0.00000    0.52527
  45.00000    0.51415    0.00000    0.51415
  45.50000    0.51139    0.00000    0.51139
  46.00000    0.51749    0.00000    0.51749
  46.50000    0.52110    0.00000    0.52110
  47.00000    0.52130    0.00000    0.52130
  47.50000    0.53721    0.00000    0.53721
  48.00000    0.56392    0.00000    0.56392
  48.50000    0.50285    0.00000    0.50285
  49.00000    0.49252    0.00000    0.49252
  49.50000    0.52072    0.00000    0.52072
  50.00000    0.55519    0.00000    0.55519
  50.50000    0.54762    0.00000    0.54762
  51.00000    0.52361    0.00000    0.52361
  51.50000    0.51917    0.00000    0.51917
  52.00000    0.51304    0.00000    0.51304
  52.50000    0.55688    0.00000    0.55688
  53.00000    0.53077    0.00000    0.53077
  53.50000    0.49258    0.00000    0.49258
  54.00000    0.50694    0.00000    0.50694
  54.50000    0.54108    0.00000    0.54108
  55.00000    0.53053    0.00000    0.53053
  55.50000    0.52135    0.00000    0.52135
  56.00000    0.52890    0.00000    0.52890
  56.50000    0.50738    0.00000    0.50738
  57.00000    0.47042    0.00000    0.47042
  57.50000    0.49765    0.00000    0.49765
  58.00000    0.53765    0.00000    0.53765
  58.50000    0.54802    0.00000    0.54802
  59.00000    0.51101    0.00000    0.51101
  59.50000    0.48431    0.00000    0.48431
  60.00000    0.46750    0.00000    0.46750
  60.50000    0.47043    0.00000    0.47043
  61.00000    0.51834    0.00000    0.51834
  61.50000    0.53518    0.00000    0.53518
  62.00000    0.54656    0.00000    0.54656
  62.50000    0.50118    0.00000    0.50118
  63.00000    0.50508    0.00000    0.50508
  63.50000    0.52909    0.00000    0.52909
  64.00000    0.53818    0.00000    0.53818
  64.50000    0.50351    0.00000    0.50351
  65.00000    0.48005    0.00000    0.48005
  65.50000    0.53041    0.00000    0.53041
  66.00000    0.52086    0.00000    0.52086
  66.50000    0.50389    0.00000    0.50389
  67.00000    0.48799    0.00000    0.48799
  67.50000    0.53568    0.00000    0.53568
  68.00000    0.55398    0.00000    0.55398
  68.50000    0.52275    0.00000    0.52275
  69.00000    0.48550    0.00000    0.48550
  69.50000    0.47578    0.00000    0.47578
  70.00000    0.49366    0.00000    0.49366
  70.50000    0.52355    0.00000    0.52355
  71.00000    0.52989    0.00000    0.52989
  71.50000    0.50076    0.00000    0.50076
  72.00000    0.48816    0.00000    0.48816
  72.50000    0.51379    0.00000    0.51379
  73.00000    0.54063    0.00000    0.54063
  73.50000    0.53535    0.00000    0.53535
  74.00000    0.54430    0.00000    0.54430
  74.50000    0.55206    0.00000    0.55206
  75.00000    0.52708    0.00000    0.52708
  75.50000    0.51286    0.00000    0.51286
  76.00000    0.48562    0.00000    0.48562
  76.50000    0.48810    0.00000    0.48810
  77.00000    0.47912    0.00000    0.47912
  77.50000    0.53106    0.00000    0.53106
  78.00000    0.52848    0.00000    0.52848
  78.50000    0.50421    0.00000    0.50421
  79.00000    0.48395    0.00000    0.48395
  79.50000    0.48152    0.00000    0.48152
  80.00000    0.49668    0.00000    0.49668
  80.50000    0.50891    0.00000    0.50891
  81.00000    0.49669    0.00000    0.49669
  81.50000    0.48242    0.00000    0.48242
  82.00000    0.47116    0.00000    0.47116
  82.50000    0.50274    0.00000    0.50274
  83.00000    0.51410    0.00000    0.51410
  83.50000    0.51401    0.00000    0.51401
  84.00000    0.49607    0.00000    0.49607
  84.50000    0.53419    0.00000    0.53419
  85.00000    0.55222    0.00000    0.55222
  85.50000    0.51900    0.00000    0.51900
  86.00000    0.47808    0.00000    0.47808
  86.50000    0.49530    0.00000    0.49530
  87.00000    0.53248    0.00000    0.53248
  87.50000    0.54208    0.00000    0.54208
  88.00000    0.54210    0.00000    0.54210
  88.50000    0.52575    0.00000    0.52575
  89.00000    0.54608    0.00000    0.54608
  89.50000    0.53201    0.00000    0.53201
  90.00000    0.53392    0.00000    0.53392
  90.50000    0.50098    0.00000    0.50098
  91.00000    0.50869    0.00000    0.50869
  91.50000    0.53209    0.00000    0.53209
  92.00000    0.55998    0.00000    0.55998
  92.50000    0.52839    0.00000    0.52839
  93.00000    0.49822    0.00000    0.49822
  93.50000    0.47346    0.00000    0.47346
  94.00000    0.47757    0.00000    0.47757
  94.50000    0.45833    0.00000    0.45833
  95.00000    0.47861    0.00000    0.47861
  95.50000    0.52054    0.00000    0.52054
  96.00000    0.55180    0.00000    0.55180
  96.50000    0.53913    0.00000    0.53913
  97.00000    0.52219    0.00000    0.52219
  97.50000    0.52808    0.00000    0.52808
  98.00000    0.52256    0.00000    0.52256
  98.50000    0.51278    0.00000    0.51278
  99.00000    0.51051    0.00000    0.51051
  99.50000    0.51439    0.00000    0.51439
 100.00000    0.51507    0.00000    0.51507
 100.50000    0.53129    0.00000    0.53129
 101.00000    0.54782    0.00000    0.54782
 101.50000    0.51010    0.00000    0.51010
 102.00000    0.45151    0.00000    0.45151
 102.50000    0.44026    0.00000    0.44026
 103.00000    0.48121    0.00000    0.48121
 103.50000    0.47872    0.00000    0.47872
 104.00000    0.46303    0.00000    0.46303
 104.50000    0.47835    0.00000    0.47835
 105.00000    0.53380    0.00000    0.53380
 105.50000    0.52620    0.00000    0.52620
 106.00000    0.50933    0.00000    0.50933
 106.50000    0.50954    0.00000    0.50954
 107.00000    0.55416    0.00000    0.55416
 107.50000    0.54056    0.00000    0.54056
 108.00000    0.56199    0.00000    0.56199
 108.50000    0.54615    0.00000    0.54615
 109.00000    0.54160    0.00000    0.54160
 109.50000    0.51516    0.00000    0.51516
 110.00000    0.51999    0.00000    0.51999
 110.50000    0.51693    0.00000    0.51693
 111.00000    0.51047    0.00000    0.51047
 111.50000    0.52539    0.00000    0.52539
 112.00000    0.52819    0.00000    0.52819
 112.50000    0.53156    0.00000    0.53156
 113.00000    0.54133    0.00000    0.54133
 113.50000    0.50565    0.00000    0.50565
 114.00000    0.48810    0.00000    0.48810
 114.50000    0.48398    0.00000    0.48398
 115.00000    0.51467    0.00000    0.51467
 115.50000    0.50568    0.00000    0.50568
 116.00000    0.55059    0.00000    0.55059
 116.50000    0.55260    0.00000    0.55260
 117.00000    0.51872    0.00000    0.51872
 117.50000    0.49608    0.00000    0.49608
 118.00000    0.53740    0.00000    0.53740
 118.50000    0.54144    0.00000    0.54144
 119.00000    0.52365    0.00000    0.52365
 119.50000    0.51762    0.00000    0.51762
 120.00000    0.53517    0.00000    0.53517
 120.50000    0.49726    0.00000    0.49726
 121.00000    0.51468    0.00000    0.51468
 121.50000    0.51808    0.00000    0.51808
 122.00000    0.53609    0.00000    0.53609
 122.50000    0.52110    0.00000    0.52110
 123.00000    0.53878    0.00000    0.53878
 123.50000    0.51531    0.00000    0.51531
 124.00000    0.48557    0.00000    0.48557
 124.50000    0.47567    0.00000    0.47567
 125.00000    0.48377    0.00000    0.48377
 125.50000    0.51050    0.00000    0.51050
 126.00000    0.51166    0.00000    0.51166
 126.50000    0.51894    0.00000    0.51894
 127.00000    0.52509    0.00000    0.52509
 127.50000    0.51789    0.00000    0.51789
 128.00000    0.49521    0.00000    0.49521
 128.50000    0.48412    0.00000    0.48412
 129.00000    0.49338    0.00000    0.49338
 129.50000    0.49985    0.00000    0.49985
 130.00000    0.50997    0.00000    0.50997
 130.50000    0.47663    0.00000    0.47663
 131.00000    0.49423    0.00000    0.49423
 131.50000    0.51230    0.00000    0.51230
 132.00000    0.53124    0.00000    0.53124
 132.50000    0.51473    0.00000    0.51473
 133.00000    0.48867    0.00000    0.48867
 133.50000    0.48901    0.00000    0.48901
 134.00000    0.51764    0.00000    0.51764
 134.50000    0.53805    0.00000    0.53805
 135.00000    0.52522    0.00000    0.52522
 135.50000    0.54257    0.00000    0.54257
 136.00000    0.56106    0.00000    0.56106
 136.50000    0.54549    0.00000    0.54549
 137.00000    0.53966    0.00000    0.53966
 137.50000    0.53941    0.00000    0.53941
 138.00000    0.53560    0.00000    0.53560
 138.50000    0.52444    0.00000    0.52444
 139.00000    0.52245    0.00000    0.52245
 139.50000    0.52708    0.00000    0.52708
 140.00000    0.51892    0.00000    0.51892
 140.50000    0.51479    0.00000    0.51479
 141.00000    0.53554    0.00000    0.53554
 141.50000    0.53761    0.00000    0.53761
 142.00000    0.53390    0.00000    0.53390
 142.50000    0.51990    0.00000    0.51990
 143.00000    0.55556    0.00000    0.55556
 143.50000    0.57499    0.00000    0.57499
 144.00000    0.53700    0.00000    0.53700
 144.50000    0.46592    0.00000    0.46592
 145.00000    0.48887    0.00000    0.48887
 145.50000    0.54364    0.00000    0.54364
 146.00000    0.51520    0.00000    0.51520
 146.50000    0.46283    0.00000    0.46283
 147.00000    0.52004    0.00000    0.52004
 147.50000    0.54867    0.00000    0.54867
 148.00000    0.53492    0.00000    0.53492
 148.50000    0.49568    0.00000    0.49568
 149.00000    0.49842    0.00000    0.49842
 149.50000    0.47473    0.00000    0.47473
 150.00000    0.47660    0.00000    0.47660
