   0.00000    0.48265    0.00000    0.48265
   0.50000    0.55181    0.00000    0.55181
   1.00000    0.55168    0.00000    0.55168
   1.50000    0.53333    0.00000    0.53333
   2.00000    0.54280    0.00000    0.54280
   2.50000    0.53806    0.00000    0.53806
   3.00000    0.54585    0.00000    0.54585
   3.50000    0.57382    0.00000    0.57382
   4.00000    0.56252    0.00000    0.56252
   4.50000    0.54863    0.00000    0.54863
   5.00000    0.53094    0.00000    0.53094
   5.50000    0.55172    0.00000    0.55172
   6.00000    0.53915    0.00000    0.53915
   6.50000    0.57135    0.00000    0.57135
   7.00000    0.57591    0.00000    0.57591
   7.50000    0.54846    0.00000    0.54846
   8.00000    0.51040    0.00000    0.51040
   8.50000    0.52811    0.00000    0.52811
   9.00000    0.54540    0.00000    0.54540
   9.50000    0.53229    0.00000    0.53229
  10.00000    0.52822    0.00000    0.52822
  10.50000    0.54961    0.00000    0.54961
  11.00000    0.56057    0.00000    0.56057
  11.50000    0.54094    0.00000    0.54094
  12.00000    0.52236    0.00000    0.52236
  12.50000    0.54174    0.00000    0.54174
  13.00000    0.53240    0.00000    0.53240
  13.50000    0.54656    0.00000    0.54656
  14.00000    0.52652    0.00000    0.52652
  14.50000    0.55098    0.00000    0.55098
  15.00000    0.55032    0.00000    0.55032
  15.50000    0.59214    0.00000    0.59214
  16.00000    0.56384    0.00000    0.56384
  16.50000    0.58244    0.00000    0.58244
  17.00000    0.58046    0.00000    0.58046
  17.50000    0.56104    0.00000    0.56104
  18.00000    0.53367    0.00000    0.53367
  18.50000    0.58550    0.00000    0.58550
  19.00000    0.60300    0.00000    0.60300
  19.50000    0.56600    0.00000    0.56600
  20.00000    0.53695    0.00000    0.53695
  20.50000    0.53594    0.00000    0.53594
  21.00000    0.52835    0.00000    0.52835
  21.50000    0.55355    0.00000    0.55355
  22.00000    0.58227    0.00000    0.58227
  22.50000    0.57015    0.00000    0.57015
  23.00000    0.55863    0.00000    0.55863
  23.50000    0.58174    0.00000    0.58174
  24.00000    0.59411    0.00000    0.59411
  24.50000    0.56195    0.00000    0.56195
  25.00000    0.53554    0.00000    0.53554
  25.50000    0.52411    0.00000    0.52411
  26.00000    0.52143    0.00000    0.52143
  26.50000    0.54175    0.00000    0.54175
  27.00000    0.55787    0.00000    0.55787
  27.50000    0.55573    0.00000    0.55573
  28.00000    0.54477    0.00000    0.54477
  28.50000    0.54979    0.00000    0.54979
  29.00000    0.55096    0.00000    0.55096
  29.50000    0.54903    0.00000    0.54903
  30.00000    0.53708    0.00000    0.53708
  30.50000    0.54113    0.00000    0.54113
  31.00000    0.51783    0.00000    0.51783
  31.50000    0.53677    0.00000    0.53677
  32.00000    0.53243    0.00000    0.53243
  32.50000    0.55023    0.00000    0.55023
  33.00000    0.53806    0.00000    0.53806
  33.50000    0.54105    0.00000    0.54105
  34.00000    0.53554    0.00000    0.53554
  34.50000    0.55750    0.00000    0.55750
  35.00000    0.56173    0.00000    0.56173
  35.50000    0.54075    0.00000    0.54075
  36.00000    0.53528    0.00000    0.53528
  36.50000    0.52561    0.00000    0.52561
  37.00000    0.51685    0.00000    0.51685
  37.50000    0.51200    0.00000    0.51200
  38.00000    0.54900    0.00000    0.54900
  38.50000    0.58005    0.00000    0.58005
  39.00000    0.57686    0.00000    0.57686
  39.50000    0.51534    0.00000    0.51534
  40.00000    0.52719    0.00000    0.52719
  40.50000    0.61190    0.00000    0.61190
  41.00000    0.65767    0.00000    0.65767
  41.50000    0.60207    0.00000    0.60207
  42.00000    0.56518    0.00000    0.56518
  42.50000    0.52599    0.00000    0.52599
  43.00000    0.54579    0.00000    0.54579
  43.50000    0.55071    0.00000    0.55071
  44.00000    0.56503    0.00000    0.56503
  44.50000    0.54399    0.00000    0.54399
  45.00000    0.53466    0.00000    0.53466
  45.50000    0.54349    0.00000    0.54349
  46.00000    0.54148    0.00000    0.54148
  46.50000    0.54678    0.00000    0.54678
  47.00000    0.56071    0.00000    0.56071
  47.50000    0.58854    0.00000    0.58854
  48.00000    0.60103    0.00000    0.60103
  48.50000    0.53878    0.00000    0.53878
  49.00000    0.54228    0.00000    0.54228
  49.50000    0.57093    0.00000    0.57093
  50.00000    0.57975    0.00000    0.57975
  50.50000    0.55536    0.00000    0.55536
  51.00000    0.54726    0.00000    0.54726
  51.50000    0.56450    0.00000    0.56450
  52.00000    0.55778    0.00000    0.55778
  52.50000    0.59566    0.00000    0.59566
  53.00000    0.56419    0.00000    0.56419
  53.50000    0.51992    0.00000    0.51992
  54.00000    0.52879    0.00000    0.52879
  54.50000    0.55985    0.00000    0.55985
  55.00000    0.55641    0.00000    0.55641
  55.50000    0.57509    0.00000    0.57509
  56.00000    0.57426    0.00000    0.57426
  56.50000    0.52904    0.00000    0.52904
  57.00000    0.48438    0.00000    0.48438
  57.50000    0.53098    0.00000    0.53098
  58.00000    0.57808    0.00000    0.57808
  58.50000    0.59548    0.00000    0.59548
  59.00000    0.56143    0.00000    0.56143
  59.50000    0.52179    0.00000    0.52179
  60.00000    0.50489    0.00000    0.50489
  60.50000    0.51782    0.00000    0.51782
  61.00000    0.57746    0.00000    0.57746
  61.50000    0.59572    0.00000    0.59572
  62.00000    0.59888    0.00000    0.59888
  62.50000    0.54130    0.00000    0.54130
  63.00000    0.56938    0.00000    0.56938
  63.50000    0.61632    0.00000    0.61632
  64.00000    0.61956    0.00000    0.61956
  64.50000    0.54489    0.00000    0.54489
  65.00000    0.50170    0.00000    0.50170
  65.50000    0.54346    0.00000    0.54346
  66.00000    0.54566    0.00000    0.54566
  66.50000    0.54938    0.00000    0.54938
  67.00000    0.53760    0.00000    0.53760
  67.50000    0.56374    0.00000    0.56374
  68.00000    0.57346    0.00000    0.57346
  68.50000    0.55900    0.00000    0.55900
  69.00000    0.51625    0.00000    0.51625
  69.50000    0.50061    0.00000    0.50061
  70.00000    0.52989    0.00000    0.52989
  70.50000    0.56493    0.00000    0.56493
  71.00000    0.54996    0.00000    0.54996
  71.50000    0.51853    0.00000    0.51853
  72.00000    0.51481    0.00000    0.51481
  72.50000    0.54721    0.00000    0.54721
  73.00000    0.56932    0.00000    0.56932
  73.50000    0.57686    0.00000    0.57686
  74.00000    0.59969    0.00000    0.59969
  74.50000    0.62952    0.00000    0.62952
  75.00000    0.58696    0.00000    0.58696
  75.50000    0.54286    0.00000    0.54286
  76.00000    0.49357    0.00000    0.49357
  76.50000    0.51978    0.00000    0.51978
  77.00000    0.53073    0.00000    0.53073
  77.50000    0.58760    0.00000    0.58760
  78.00000    0.57465    0.00000    0.57465
  78.50000    0.55263    0.00000    0.55263
  79.00000    0.51496    0.00000    0.51496
  79.50000    0.49441    0.00000    0.49441
  80.00000    0.51968    0.00000    0.51968
  80.50000    0.55363    0.00000    0.55363
  81.00000    0.53710    0.00000    0.53710
  81.50000    0.50226    0.00000    0.50226
  82.00000    0.49467    0.00000    0.49467
  82.50000    0.53457    0.00000    0.53457
  83.00000    0.55268    0.00000    0.55268
  83.50000    0.54886    0.00000    0.54886
  84.00000    0.54052    0.00000    0.54052
  84.50000    0.56905    0.00000    0.56905
  85.00000    0.57839    0.00000    0.57839
  85.50000    0.54159    0.00000    0.54159
  86.00000    0.51715    0.00000    0.51715
  86.50000    0.52871    0.00000    0.52871
  87.00000    0.56785    0.00000    0.56785
  87.50000    0.58612    0.00000    0.58612
  88.00000    0.58842    0.00000    0.58842
  88.50000    0.56939    0.00000    0.56939
  89.00000    0.59743    0.00000    0.59743
  89.50000    0.58526    0.00000    0.58526
  90.00000    0.58482    0.00000    0.58482
  90.50000    0.54843    0.00000    0.54843
  91.00000    0.54759    0.00000    0.54759
  91.50000    0.55831    0.00000    0.55831
  92.00000    0.57030    0.00000    0.57030
  92.50000    0.54857    0.00000    0.54857
  93.00000    0.54003    0.00000    0.54003
  93.50000    0.53589    0.00000    0.53589
  94.00000    0.52395    0.00000    0.52395
  94.50000    0.49426    0.00000    0.49426
  95.00000    0.51229    0.00000    0.51229
  95.50000    0.55584    0.00000    0.55584
  96.00000    0.59337    0.00000    0.59337
  96.50000    0.60791    0.00000    0.60791
  97.00000    0.57811    0.00000    0.57811
  97.50000    0.57027    0.00000    0.57027
  98.00000    0.56856    0.00000    0.56856
  98.50000    0.55239    0.00000    0.55239
  99.00000    0.53416    0.00000    0.53416
  99.50000    0.54957    0.00000    0.54957
 100.00000    0.58967    0.00000    0.58967
 100.50000    0.58835    0.00000    0.58835
 101.00000    0.59257    0.00000    0.59257
 101.50000    0.55541    0.00000    0.55541
 102.00000    0.50228    0.00000    0.50228
 102.50000    0.47968    0.00000    0.47968
 103.00000    0.50511    0.00000    0.50511
 103.50000    0.49108    0.00000    0.49108
 104.00000    0.49223    0.00000    0.49223
 104.50000    0.51698    0.00000    0.51698
 105.00000    0.58373    0.00000    0.58373
 105.50000    0.56640    0.00000    0.56640
 106.00000    0.56114    0.00000    0.56114
 106.50000    0.56199    0.00000    0.56199
 107.00000    0.58777    0.00000    0.58777
 107.50000    0.56155    0.00000    0.56155
 108.00000    0.56790    0.00000    0.56790
 108.50000    0.58503    0.00000    0.58503
 109.00000    0.58487    0.00000    0.58487
 109.50000    0.57919    0.00000    0.57919
 110.00000    0.57272    0.00000    0.57272
 110.50000    0.58045    0.00000    0.58045
 111.00000    0.56417    0.00000    0.56417
 111.50000    0.56923    0.00000    0.56923
 112.00000    0.55857    0.00000    0.55857
 112.50000    0.56685    0.00000    0.56685
 113.00000    0.58909    0.00000    0.58909
 113.50000    0.56200    0.00000    0.56200
 114.00000    0.53170    0.00000    0.53170
 114.50000    0.51213    0.00000    0.51213
 115.00000    0.53987    0.00000    0.53987
 115.50000    0.56833    0.00000    0.56833
 116.00000    0.62490    0.00000    0.62490
 116.50000    0.60965    0.00000    0.60965
 117.00000    0.55498    0.00000    0.55498
 117.50000    0.53845    0.00000    0.53845
 118.00000    0.56640    0.00000    0.56640
 118.50000    0.56642    0.00000    0.56642
 119.00000    0.54605    0.00000    0.54605
 119.50000    0.56986    0.00000    0.56986
 120.00000    0.59653    0.00000    0.59653
 120.50000    0.57015    0.00000    0.57015
 121.00000    0.56070    0.00000    0.56070
 121.50000    0.54602    0.00000    0.54602
 122.00000    0.56386    0.00000    0.56386
 122.50000    0.57464    0.00000    0.57464
 123.00000    0.59855    0.00000    0.59855
 123.50000    0.54794    0.00000    0.54794
 124.00000    0.51841    0.00000    0.51841
 124.50000    0.52091    0.00000    0.52091
 125.00000    0.54310    0.00000    0.54310
 125.50000    0.56177    0.00000    0.56177
 126.00000    0.55727    0.00000    0.55727
 126.50000    0.54643    0.00000    0.54643
 127.00000    0.56451    0.00000    0.56451
 127.50000    0.58700    0.00000    0.58700
 128.00000    0.55864    0.00000    0.55864
 128.50000    0.51770    0.00000    0.51770
 129.00000    0.50892    0.00000    0.50892
 129.50000    0.52897    0.00000    0.52897
 130.00000    0.53848    0.00000    0.53848
 130.50000    0.51642    0.00000    0.51642
 131.00000    0.53098    0.00000    0.53098
 131.50000    0.55868    0.00000    0.55868
 132.00000    0.57731    0.00000    0.57731
 132.50000    0.57458    0.00000    0.57458
 133.00000    0.55130    0.00000    0.55130
 133.50000    0.54939    0.00000    0.54939
 134.00000    0.57256    0.00000    0.57256
 134.50000    0.56842    0.00000    0.56842
 135.00000    0.53833    0.00000    0.53833
 135.50000    0.55139    0.00000    0.55139
 136.00000    0.59405    0.00000    0.59405
 136.50000    0.58953    0.00000    0.58953
 137.00000    0.58582    0.00000    0.58582
 137.50000    0.57638    0.00000    0.57638
 138.00000    0.56699    0.00000    0.56699
 138.50000    0.55741    0.00000    0.55741
 139.00000    0.57186    0.00000    0.57186
 139.50000    0.58243    0.00000    0.58243
 140.00000    0.58589    0.00000    0.58589
 140.50000    0.55666    0.00000    0.55666
 141.00000    0.58320    0.00000    0.58320
 141.50000    0.57508    0.00000    0.57508
 142.00000    0.57215    0.00000    0.57215
 142.50000    0.54516    0.00000    0.54516
 143.00000    0.59298    0.00000    0.59298
 143.50000    0.60803    0.00000    0.60803
 144.00000    0.56909    0.00000    0.56909
 144.50000    0.50900    0.00000    0.50900
 145.00000    0.52166    0.00000    0.52166
 145.50000    0.56197    0.00000    0.56197
 146.00000    0.55640    0.00000    0.55640
 146.50000    0.53644    0.00000    0.53644
 147.00000    0.57127    0.00000    0.57127
 147.50000    0.56604    0.00000    0.56604
 148.00000    0.54346    0.00000    0.54346
 148.50000    0.52870    0.00000    0.52870
 149.00000    0.53948    0.00000    0.53948
 149.50000    0.52497    0.00000    0.52497
 150.00000    0.53351    0.00000    0.53351
