   0.00000    0.53253    0.00000    0.53253
   0.50000    0.56352    0.00000    0.56352
   1.00000    0.57259    0.00000    0.57259
   1.50000    0.56641    0.00000    0.56641
   2.00000    0.58759    0.00000    0.58759
   2.50000    0.57301    0.00000    0.57301
   3.00000    0.57495    0.00000    0.57495
   3.50000    0.57459    0.00000    0.57459
   4.00000    0.57484    0.00000    0.57484
   4.50000    0.56906    0.00000    0.56906
   5.00000    0.53955    0.00000    0.53955
   5.50000    0.55275    0.00000    0.55275
   6.00000    0.56614    0.00000    0.56614
   6.50000    0.61571    0.00000    0.61571
   7.00000    0.58513    0.00000    0.58513
   7.50000    0.52913    0.00000    0.52913
   8.00000    0.51131    0.00000    0.51131
   8.50000    0.54270    0.00000    0.54270
   9.00000    0.55759    0.00000    0.55759
   9.50000    0.54487    0.00000    0.54487
  10.00000    0.55881    0.00000    0.55881
  10.50000    0.58341    0.00000    0.58341
  11.00000    0.59181    0.00000    0.59181
  11.50000    0.59229    0.00000    0.59229
  12.00000    0.55205    0.00000    0.55205
  12.50000    0.55329    0.00000    0.55329
  13.00000    0.52732    0.00000    0.52732
  13.50000    0.53120    0.00000    0.53120
  14.00000    0.52391    0.00000    0.52391
  14.50000    0.55116    0.00000    0.55116
  15.00000    0.57186    0.00000    0.57186
  15.50000    0.62467    0.00000    0.62467
  16.00000    0.59061    0.00000    0.59061
  16.50000    0.57241    0.00000    0.57241
  17.00000    0.56504    0.00000    0.56504
  17.50000    0.57325    0.00000    0.57325
  18.00000    0.53243    0.00000    0.53243
  18.50000    0.56342    0.00000    0.56342
  19.00000    0.58078    0.00000    0.58078
  19.50000    0.56026    0.00000    0.56026
  20.00000    0.55704    0.00000    0.55704
  20.50000    0.57062    0.00000    0.57062
  21.00000    0.56941    0.00000    0.56941
  21.50000    0.56508    0.00000    0.56508
  22.00000    0.59702    0.00000    0.59702
  22.50000    0.57258    0.00000    0.57258
  23.00000    0.57659    0.00000    0.57659
  23.50000    0.60776    0.00000    0.60776
  24.00000    0.63612    0.00000    0.63612
  24.50000    0.57965    0.00000    0.57965
  25.00000    0.54026    0.00000    0.54026
  25.50000    0.56345    0.00000    0.56345
  26.00000    0.55431    0.00000    0.55431
  26.50000    0.52498    0.00000    0.52498
  27.00000    0.53391    0.00000    0.53391
  27.50000    0.58258    0.00000    0.58258
  28.00000    0.57916    0.00000    0.57916
  28.50000    0.53856    0.00000    0.53856
  29.00000    0.55952    0.00000    0.55952
  29.50000    0.58190    0.00000    0.58190
  30.00000    0.57549    0.00000    0.57549
  30.50000    0.55494    0.00000    0.55494
  31.00000    0.53882    0.00000    0.53882
  31.50000    0.54489    0.00000    0.54489
  32.00000    0.55312    0.00000    0.55312
  32.50000    0.55665    0.00000    0.55665
  33.00000    0.55504    0.00000    0.55504
  33.50000    0.57344    0.00000    0.57344
  34.00000    0.57318    0.00000    0.57318
  34.50000    0.58123    0.00000    0.58123
  35.00000    0.57944    0.00000    0.57944
  35.50000    0.57825    0.00000    0.57825
  36.00000    0.55824    0.00000    0.55824
  36.50000    0.55923    0.00000    0.55923
  37.00000    0.55012    0.00000    0.55012
  37.50000    0.55465    0.00000    0.55465
  38.00000    0.59102    0.00000    0.59102
  38.50000    0.63186    0.00000    0.63186
  39.00000    0.59619    0.00000    0.59619
  39.50000    0.53896    0.00000    0.53896
  40.00000    0.55099    0.00000    0.55099
  40.50000    0.62678    0.00000    0.62678
  41.00000    0.63939    0.00000    0.63939
  41.50000    0.58047    0.00000    0.58047
  42.00000    0.54785    0.00000    0.54785
  42.50000    0.51123    0.00000    0.51123
  43.00000    0.51376    0.00000    0.51376
  43.50000    0.52568    0.00000    0.52568
  44.00000    0.59096    0.00000    0.59096
  44.50000    0.61598    0.00000    0.61598
  45.00000    0.56576    0.00000    0.56576
  45.50000    0.51166    0.00000    0.51166
  46.00000    0.52087    0.00000    0.52087
  46.50000    0.55831    0.00000    0.55831
  47.00000    0.56994    0.00000    0.56994
  47.50000    0.57901    0.00000    0.57901
  48.00000    0.57929    0.00000    0.57929
  48.50000    0.55801    0.00000    0.55801
  49.00000    0.57539    0.00000    0.57539
  49.50000    0.59488    0.00000    0.59488
  50.00000    0.56568    0.00000    0.56568
  50.50000    0.55714    0.00000    0.55714
  51.00000    0.55962    0.00000    0.55962
  51.50000    0.58118    0.00000    0.58118
  52.00000    0.58031    0.00000    0.58031
  52.50000    0.62305    0.00000    0.62305
  53.00000    0.57046    0.00000    0.57046
  53.50000    0.52981    0.00000    0.52981
  54.00000    0.53423    0.00000    0.53423
  54.50000    0.61805    0.00000    0.61805
  55.00000    0.60841    0.00000    0.60841
  55.50000    0.59340    0.00000    0.59340
  56.00000    0.56033    0.00000    0.56033
  56.50000    0.54257    0.00000    0.54257
  57.00000    0.51742    0.00000    0.51742
  57.50000    0.56783    0.00000    0.56783
  58.00000    0.60755    0.00000    0.60755
  58.50000    0.60753    0.00000    0.60753
  59.00000    0.60003    0.00000    0.60003
  59.50000    0.57006    0.00000    0.57006
  60.00000    0.53243    0.00000    0.53243
  60.50000    0.55318    0.00000    0.55318
  61.00000    0.62396    0.00000    0.62396
  61.50000    0.62805    0.00000    0.62805
  62.00000    0.59517    0.00000    0.59517
  62.50000    0.53662    0.00000    0.53662
  63.00000    0.55687    0.00000    0.55687
  63.50000    0.60706    0.00000    0.60706
  64.00000    0.64326    0.00000    0.64326
  64.50000    0.57875    0.00000    0.57875
  65.00000    0.56908    0.00000    0.56908
  65.50000    0.61103    0.00000    0.61103
  66.00000    0.62560    0.00000    0.62560
  66.50000    0.59904    0.00000    0.59904
  67.00000    0.56999    0.00000    0.56999
  67.50000    0.61012    0.00000    0.61012
  68.00000    0.63650    0.00000    0.63650
  68.50000    0.63208    0.00000    0.63208
  69.00000    0.56704    0.00000    0.56704
  69.50000    0.53037    0.00000    0.53037
  70.00000    0.53555    0.00000    0.53555
  70.50000    0.53991    0.00000    0.53991
  71.00000    0.55543    0.00000    0.55543
  71.50000    0.52895    0.00000    0.52895
  72.00000    0.52235    0.00000    0.52235
  72.50000    0.52753    0.00000    0.52753
  73.00000    0.57402    0.00000    0.57402
  73.50000    0.59369    0.00000    0.59369
  74.00000    0.59519    0.00000    0.59519
  74.50000    0.63660    0.00000    0.63660
  75.00000    0.59528    0.00000    0.59528
  75.50000    0.55710    0.00000    0.55710
  76.00000    0.51664    0.00000    0.51664
  76.50000    0.56028    0.00000    0.56028
  77.00000    0.55586    0.00000    0.55586
  77.50000    0.58672    0.00000    0.58672
  78.00000    0.56531    0.00000    0.56531
  78.50000    0.54130    0.00000    0.54130
  79.00000    0.51640    0.00000    0.51640
  79.50000    0.53124    0.00000    0.53124
  80.00000    0.58099    0.00000    0.58099
  80.50000    0.58757    0.00000    0.58757
  81.00000    0.55121    0.00000    0.55121
  81.50000    0.52663    0.00000    0.52663
  82.00000    0.55026    0.00000    0.55026
  82.50000    0.56819    0.00000    0.56819
  83.00000    0.58720    0.00000    0.58720
  83.50000    0.58665    0.00000    0.58665
  84.00000    0.60812    0.00000    0.60812
  84.50000    0.63237    0.00000    0.63237
  85.00000    0.63982    0.00000    0.63982
  85.50000    0.58701    0.00000    0.58701
  86.00000    0.56884    0.00000    0.56884
  86.50000    0.57199    0.00000    0.57199
  87.00000    0.56401    0.00000    0.56401
  87.50000    0.58564    0.00000    0.58564
  88.00000    0.57155    0.00000    0.57155
  88.50000    0.56383    0.00000    0.56383
  89.00000    0.56239    0.00000    0.56239
  89.50000    0.60810    0.00000    0.60810
  90.00000    0.60534    0.00000    0.60534
  90.50000    0.57746    0.00000    0.57746
  91.00000    0.52867    0.00000    0.52867
  91.50000    0.52088    0.00000    0.52088
  92.00000    0.56543    0.00000    0.56543
  92.50000    0.58445    0.00000    0.58445
  93.00000    0.56796    0.00000    0.56796
  93.50000    0.54599    0.00000    0.54599
  94.00000    0.53956    0.00000    0.53956
  94.50000    0.53435    0.00000    0.53435
  95.00000    0.53248    0.00000    0.53248
  95.50000    0.59683    0.00000    0.59683
  96.00000    0.59494    0.00000    0.59494
  96.50000    0.61047    0.00000    0.61047
  97.00000    0.57276    0.00000    0.57276
  97.50000    0.59704    0.00000    0.59704
  98.00000    0.55843    0.00000    0.55843
  98.50000    0.55965    0.00000    0.55965
  99.00000    0.56220    0.00000    0.56220
  99.50000    0.60032    0.00000    0.60032
 100.00000    0.56932    0.00000    0.56932
 100.50000    0.55591    0.00000    0.55591
 101.00000    0.57826    0.00000    0.57826
 101.50000    0.58991    0.00000    0.58991
 102.00000    0.53702    0.00000    0.53702
 102.50000    0.50321    0.00000    0.50321
 103.00000    0.54649    0.00000    0.54649
 103.50000    0.54161    0.00000    0.54161
 104.00000    0.53158    0.00000    0.53158
 104.50000    0.53988    0.00000    0.53988
 105.00000    0.59035    0.00000    0.59035
 105.50000    0.56952    0.00000    0.56952
 106.00000    0.53178    0.00000    0.53178
 106.50000    0.52871    0.00000    0.52871
 107.00000    0.57804    0.00000    0.57804
 107.50000    0.58983    0.00000    0.58983
 108.00000    0.60212    0.00000    0.60212
 108.50000    0.61499    0.00000    0.61499
 109.00000    0.61917    0.00000    0.61917
 109.50000    0.60717    0.00000    0.60717
 110.00000    0.56953    0.00000    0.56953
 110.50000    0.55937    0.00000    0.55937
 111.00000    0.54044    0.00000    0.54044
 111.50000    0.56376    0.00000    0.56376
 112.00000    0.56018    0.00000    0.56018
 112.50000    0.57717    0.00000    0.57717
 113.00000    0.57831    0.00000    0.57831
 113.50000    0.53999    0.00000    0.53999
 114.00000    0.53807    0.00000    0.53807
 114.50000    0.54699    0.00000    0.54699
 115.00000    0.56599    0.00000    0.56599
 115.50000    0.56014    0.00000    0.56014
 116.00000    0.60454    0.00000    0.60454
 116.50000    0.63260    0.00000    0.63260
 117.00000    0.61262    0.00000    0.61262
 117.50000    0.57431    0.00000    0.57431
 118.00000    0.57104    0.00000    0.57104
 118.50000    0.58660    0.00000    0.58660
 119.00000    0.57385    0.00000    0.57385
 119.50000    0.58668    0.00000    0.58668
 120.00000    0.61856    0.00000    0.61856
 120.50000    0.56884    0.00000    0.56884
 121.00000    0.57964    0.00000    0.57964
 121.50000    0.57937    0.00000    0.57937
 122.00000    0.61339    0.00000    0.61339
 122.50000    0.56548    0.00000    0.56548
 123.00000    0.58786    0.00000    0.58786
 123.50000    0.52742    0.00000    0.52742
 124.00000    0.52680    0.00000    0.52680
 124.50000    0.54362    0.00000    0.54362
 125.00000    0.58850    0.00000    0.58850
 125.50000    0.57911    0.00000    0.57911
 126.00000    0.56727    0.00000    0.56727
 126.50000    0.54945    0.00000    0.54945
 127.00000    0.58123    0.00000    0.58123
 127.50000    0.58949    0.00000    0.58949
 128.00000    0.57591    0.00000    0.57591
 128.50000    0.54305    0.00000    0.54305
 129.00000    0.53628    0.00000    0.53628
 129.50000    0.56128    0.00000    0.56128
 130.00000    0.59328    0.00000    0.59328
 130.50000    0.57442    0.00000    0.57442
 131.00000    0.53030    0.00000    0.53030
 131.50000    0.54130    0.00000    0.54130
 132.00000    0.58818    0.00000    0.58818
 132.50000    0.58825    0.00000    0.58825
 133.00000    0.55800    0.00000    0.55800
 133.50000    0.56939    0.00000    0.56939
 134.00000    0.57815    0.00000    0.57815
 134.50000    0.56732    0.00000    0.56732
 135.00000    0.56641    0.00000    0.56641
 135.50000    0.60579    0.00000    0.60579
 136.00000    0.57538    0.00000    0.57538
 136.50000    0.52963    0.00000    0.52963
 137.00000    0.55192    0.00000    0.55192
 137.50000    0.60879    0.00000    0.60879
 138.00000    0.59521    0.00000    0.59521
 138.50000    0.54364    0.00000    0.54364
 139.00000    0.52993    0.00000    0.52993
 139.50000    0.57800    0.00000    0.57800
 140.00000    0.58757    0.00000    0.58757
 140.50000    0.58095    0.00000    0.58095
 141.00000    0.59023    0.00000    0.59023
 141.50000    0.56923    0.00000    0.56923
 142.00000    0.59572    0.00000    0.59572
 142.50000    0.61617    0.00000    0.61617
 143.00000    0.65749    0.00000    0.65749
 143.50000    0.63205    0.00000    0.63205
 144.00000    0.59890    0.00000    0.59890
 144.50000    0.54501    0.00000    0.54501
 145.00000    0.57030    0.00000    0.57030
 145.50000    0.60436    0.00000    0.60436
 146.00000    0.57668    0.00000    0.57668
 146.50000    0.54755    0.00000    0.54755
 147.00000    0.57359    0.00000    0.57359
 147.50000    0.59273    0.00000    0.59273
 148.00000    0.56377    0.00000    0.56377
 148.50000    0.55503    0.00000    0.55503
 149.00000    0.55178    0.00000    0.55178
 149.50000    0.56487    0.00000    0.56487
 150.00000    0.49732    0.00000    0.49732
