   0.00000    0.45220    0.00000    0.45220
   0.50000    0.51356    0.00000    0.51356
   1.00000    0.50671    0.00000    0.50671
   1.50000    0.49545    0.00000    0.49545
   2.00000    0.50997    0.00000    0.50997
   2.50000    0.50687    0.00000    0.50687
   3.00000    0.51891    0.00000    0.51891
   3.50000    0.54285    0.00000    0.54285
   4.00000    0.52981    0.00000    0.52981
   4.50000    0.51773    0.00000    0.51773
   5.00000    0.49029    0.00000    0.49029
   5.50000    0.49902    0.00000    0.49902
   6.00000    0.49275    0.00000    0.49275
   6.50000    0.55016    0.00000    0.55016
   7.00000    0.54592    0.00000    0.54592
   7.50000    0.50835    0.00000    0.50835
   8.00000    0.46090    0.00000    0.46090
   8.50000    0.49927    0.00000    0.49927
   9.00000    0.52665    0.00000    0.52665
   9.50000    0.54303    0.00000    0.54303
  10.00000    0.53285    0.00000    0.53285
  10.50000    0.53741    0.00000    0.53741
  11.00000    0.51382    0.00000    0.51382
  11.50000    0.51912    0.00000    0.51912
  12.00000    0.50436    0.00000    0.50436
  12.50000    0.51989    0.00000    0.51989
  13.00000    0.49207    0.00000    0.49207
  13.50000    0.49792    0.00000    0.49792
  14.00000    0.48857    0.00000    0.48857
  14.50000    0.51008    0.00000    0.51008
  15.00000    0.52099    0.00000    0.52099
  15.50000    0.54580    0.00000    0.54580
  16.00000    0.53204    0.00000    0.53204
  16.50000    0.51277    0.00000    0.51277
  17.00000    0.51685    0.00000    0.51685
  17.50000    0.53507    0.00000    0.53507
  18.00000    0.52433    0.00000    0.52433
  18.50000    0.53160    0.00000    0.53160
  19.00000    0.55218    0.00000    0.55218
  19.50000    0.54497    0.00000    0.54497
  20.00000    0.51839    0.00000    0.51839
  20.50000    0.49928    0.00000    0.49928
  21.00000    0.50237    0.00000    0.50237
  21.50000    0.51399    0.00000    0.51399
  22.00000    0.54054    0.00000    0.54054
  22.50000    0.54044    0.00000    0.54044
  23.00000    0.53713    0.00000    0.53713
  23.50000    0.54310    0.00000    0.54310
  24.00000    0.56363    0.00000    0.56363
  24.50000    0.54112    0.00000    0.54112
  25.00000    0.51940    0.00000    0.51940
  25.50000    0.50902    0.00000    0.50902
  26.00000    0.52233    0.00000    0.52233
  26.50000    0.52004    0.00000    0.52004
  27.00000    0.53676    0.00000    0.53676
  27.50000    0.51331    0.00000    0.51331
  28.00000    0.50285    0.00000    0.50285
  28.50000    0.48372    0.00000    0.48372
  29.00000    0.53390    0.00000    0.53390
  29.50000    0.54530    0.00000    0.54530
  30.00000    0.54510    0.00000    0.54510
  30.50000    0.50762    0.00000    0.50762
  31.00000    0.48962    0.00000    0.48962
  31.50000    0.49213    0.00000    0.49213
  32.00000    0.50973    0.00000    0.50973
  32.50000    0.53611    0.00000    0.53611
  33.00000    0.55002    0.00000    0.55002
  33.50000    0.54015    0.00000    0.54015
  34.00000    0.52585    0.00000    0.52585
  34.50000    0.52615    0.00000    0.52615
  35.00000    0.51101    0.00000    0.51101
  35.50000    0.50126    0.00000    0.50126
  36.00000    0.51864    0.00000    0.51864
  36.50000    0.53502    0.00000    0.53502
  37.00000    0.52696    0.00000    0.52696
  37.50000    0.53122    0.00000    0.53122
  38.00000    0.55115    0.00000    0.55115
  38.50000    0.56109    0.00000    0.56109
  39.00000    0.55990    0.00000    0.55990
  39.50000    0.50719    0.00000    0.50719
  40.00000    0.50148    0.00000    0.50148
  40.50000    0.52802    0.00000    0.52802
  41.00000    0.57992    0.00000    0.57992
  41.50000    0.55275    0.00000    0.55275
  42.00000    0.53736    0.00000    0.53736
  42.50000    0.50345    0.00000    0.50345
  43.00000    0.51348    0.00000    0.51348
  43.50000    0.51165    0.00000    0.51165
  44.00000    0.51995    0.00000    0.51995
  44.50000    0.53901    0.00000    0.53901
  45.00000    0.53051    0.00000    0.53051
  45.50000    0.51482    0.00000    0.51482
  46.00000    0.50758    0.00000    0.50758
  46.50000    0.50893    0.00000    0.50893
  47.00000    0.51729    0.00000    0.51729
  47.50000    0.54184    0.00000    0.54184
  48.00000    0.58179    0.00000    0.58179
  48.50000    0.52999    0.00000    0.52999
  49.00000    0.51557    0.00000    0.51557
  49.50000    0.52330    0.00000    0.52330
  50.00000    0.54873    0.00000    0.54873
  50.50000    0.53977    0.00000    0.53977
  51.00000    0.53847    0.00000    0.53847
  51.50000    0.55714    0.00000    0.55714
  52.00000    0.55120    0.00000    0.55120
  52.50000    0.55362    0.00000    0.55362
  53.00000    0.52431    0.00000    0.52431
  53.50000    0.49409    0.00000    0.49409
  54.00000    0.50825    0.00000    0.50825
  54.50000    0.53088    0.00000    0.53088
  55.00000    0.54946    0.00000    0.54946
  55.50000    0.54762    0.00000    0.54762
  56.00000    0.53784    0.00000    0.53784
  56.50000    0.50287    0.00000    0.50287
  57.00000    0.49747    0.00000    0.49747
  57.50000    0.53130    0.00000    0.53130
  58.00000    0.55912    0.00000    0.55912
  58.50000    0.55603    0.00000    0.55603
  59.00000    0.52274    0.00000    0.52274
  59.50000    0.49270    0.00000    0.49270
  60.00000    0.47729    0.00000    0.47729
  60.50000    0.47484    0.00000    0.47484
  61.00000    0.53609    0.00000    0.53609
  61.50000    0.55764    0.00000    0.55764
  62.00000    0.56609    0.00000    0.56609
  62.50000    0.51727    0.00000    0.51727
  63.00000    0.54125    0.00000    0.54125
  63.50000    0.57201    0.00000    0.57201
  64.00000    0.58149    0.00000    0.58149
  64.50000    0.53488    0.00000    0.53488
  65.00000    0.49739    0.00000    0.49739
  65.50000    0.54996    0.00000    0.54996
  66.00000    0.56295    0.00000    0.56295
  66.50000    0.54621    0.00000    0.54621
  67.00000    0.50391    0.00000    0.50391
  67.50000    0.54167    0.00000    0.54167
  68.00000    0.56244    0.00000    0.56244
  68.50000    0.52983    0.00000    0.52983
  69.00000    0.47522    0.00000    0.47522
  69.50000    0.47020    0.00000    0.47020
  70.00000    0.50919    0.00000    0.50919
  70.50000    0.51991    0.00000    0.51991
  71.00000    0.51361    0.00000    0.51361
  71.50000    0.48341    0.00000    0.48341
  72.00000    0.48637    0.00000    0.48637
  72.50000    0.50526    0.00000    0.50526
  73.00000    0.53569    0.00000    0.53569
  73.50000    0.54299    0.00000    0.54299
  74.00000    0.55070    0.00000    0.55070
  74.50000    0.57306    0.00000    0.57306
  75.00000    0.53625    0.00000    0.53625
  75.50000    0.51503    0.00000    0.51503
  76.00000    0.48579    0.00000    0.48579
  76.50000    0.51464    0.00000    0.51464
  77.00000    0.50711    0.00000    0.50711
  77.50000    0.53550    0.00000    0.53550
  78.00000    0.53225    0.00000    0.53225
  78.50000    0.50718    0.00000    0.50718
  79.00000    0.48508    0.00000    0.48508
  79.50000    0.47375    0.00000    0.47375
  80.00000    0.52596    0.00000    0.52596
  80.50000    0.54374    0.00000    0.54374
  81.00000    0.53097    0.00000    0.53097
  81.50000    0.49125    0.00000    0.49125
  82.00000    0.48441    0.00000    0.48441
  82.50000    0.50865    0.00000    0.50865
  83.00000    0.52449    0.00000    0.52449
  83.50000    0.50900    0.00000    0.50900
  84.00000    0.50672    0.00000    0.50672
  84.50000    0.53799    0.00000    0.53799
  85.00000    0.55626    0.00000    0.55626
  85.50000    0.51745    0.00000    0.51745
  86.00000    0.47980    0.00000    0.47980
  86.50000    0.49477    0.00000    0.49477
  87.00000    0.53092    0.00000    0.53092
  87.50000    0.55224    0.00000    0.55224
  88.00000    0.53125    0.00000    0.53125
  88.50000    0.53814    0.00000    0.53814
  89.00000    0.55763    0.00000    0.55763
  89.50000    0.54143    0.00000    0.54143
  90.00000    0.51712    0.00000    0.51712
  90.50000    0.50829    0.00000    0.50829
  91.00000    0.51672    0.00000    0.51672
  91.50000    0.51055    0.00000    0.51055
  92.00000    0.51924    0.00000    0.51924
  92.50000    0.49734    0.00000    0.49734
  93.00000    0.48572    0.00000    0.48572
  93.50000    0.46906    0.00000    0.46906
  94.00000    0.48026    0.00000    0.48026
  94.50000    0.46859    0.00000    0.46859
  95.00000    0.49746    0.00000    0.49746
  95.50000    0.54531    0.00000    0.54531
  96.00000    0.59049    0.00000    0.59049
  96.50000    0.58369    0.00000    0.58369
  97.00000    0.55208    0.00000    0.55208
  97.50000    0.55028    0.00000    0.55028
  98.00000    0.53468    0.00000    0.53468
  98.50000    0.52132    0.00000    0.52132
  99.00000    0.50436    0.00000    0.50436
  99.50000    0.51622    0.00000    0.51622
 100.00000    0.51339    0.00000    0.51339
 100.50000    0.53737    0.00000    0.53737
 101.00000    0.56876    0.00000    0.56876
 101.50000    0.55135    0.00000    0.55135
 102.00000    0.49256    0.00000    0.49256
 102.50000    0.43676    0.00000    0.43676
 103.00000    0.47600    0.00000    0.47600
 103.50000    0.49793    0.00000    0.49793
 104.00000    0.50825    0.00000    0.50825
 104.50000    0.49222    0.00000    0.49222
 105.00000    0.54765    0.00000    0.54765
 105.50000    0.54751    0.00000    0.54751
 106.00000    0.52519    0.00000    0.52519
 106.50000    0.51275    0.00000    0.51275
 107.00000    0.54501    0.00000    0.54501
 107.50000    0.55795    0.00000    0.55795
 108.00000    0.57809    0.00000    0.57809
 108.50000    0.55941    0.00000    0.55941
 109.00000    0.54038    0.00000    0.54038
 109.50000    0.51786    0.00000    0.51786
 110.00000    0.53262    0.00000    0.53262
 110.50000    0.51986    0.00000    0.51986
 111.00000    0.51852    0.00000    0.51852
 111.50000    0.53023    0.00000    0.53023
 112.00000    0.54385    0.00000    0.54385
 112.50000    0.54817    0.00000    0.54817
 113.00000    0.54895    0.00000    0.54895
 113.50000    0.52767    0.00000    0.52767
 114.00000    0.51390    0.00000    0.51390
 114.50000    0.50013    0.00000    0.50013
 115.00000    0.50109    0.00000    0.50109
 115.50000    0.50073    0.00000    0.50073
 116.00000    0.55864    0.00000    0.55864
 116.50000    0.56440    0.00000    0.56440
 117.00000    0.55548    0.00000    0.55548
 117.50000    0.52813    0.00000    0.52813
 118.00000    0.53931    0.00000    0.53931
 118.50000    0.52887    0.00000    0.52887
 119.00000    0.54884    0.00000    0.54884
 119.50000    0.55121    0.00000    0.55121
 120.00000    0.55103    0.00000    0.55103
 120.50000    0.51590    0.00000    0.51590
 121.00000    0.53110    0.00000    0.53110
 121.50000    0.52054    0.00000    0.52054
 122.00000    0.51859    0.00000    0.51859
 122.50000    0.51587    0.00000    0.51587
 123.00000    0.53773    0.00000    0.53773
 123.50000    0.50436    0.00000    0.50436
 124.00000    0.47303    0.00000    0.47303
 124.50000    0.47737    0.00000    0.47737
 125.00000    0.51561    0.00000    0.51561
 125.50000    0.54234    0.00000    0.54234
 126.00000    0.53549    0.00000    0.53549
 126.50000    0.49946    0.00000    0.49946
 127.00000    0.51468    0.00000    0.51468
 127.50000    0.51980    0.00000    0.51980
 128.00000    0.52901    0.00000    0.52901
 128.50000    0.51531    0.00000    0.51531
 129.00000    0.52536    0.00000    0.52536
 129.50000    0.52232    0.00000    0.52232
 130.00000    0.51337    0.00000    0.51337
 130.50000    0.49466    0.00000    0.49466
 131.00000    0.50849    0.00000    0.50849
 131.50000    0.52765    0.00000    0.52765
 132.00000    0.52236    0.00000    0.52236
 132.50000    0.51281    0.00000    0.51281
 133.00000    0.51512    0.00000    0.51512
 133.50000    0.51349    0.00000    0.51349
 134.00000    0.51859    0.00000    0.51859
 134.50000    0.52225    0.00000    0.52225
 135.00000    0.52498    0.00000    0.52498
 135.50000    0.54094    0.00000    0.54094
 136.00000    0.55846    0.00000    0.55846
 136.50000    0.55277    0.00000    0.55277
 137.00000    0.56136    0.00000    0.56136
 137.50000    0.55790    0.00000    0.55790
 138.00000    0.54220    0.00000    0.54220
 138.50000    0.51558    0.00000    0.51558
 139.00000    0.51387    0.00000    0.51387
 139.50000    0.52089    0.00000    0.52089
 140.00000    0.52747    0.00000    0.52747
 140.50000    0.53605    0.00000    0.53605
 141.00000    0.55317    0.00000    0.55317
 141.50000    0.51483    0.00000    0.51483
 142.00000    0.51861    0.00000    0.51861
 142.50000    0.52047    0.00000    0.52047
 143.00000    0.56591    0.00000    0.56591
 143.50000    0.57671    0.00000    0.57671
 144.00000    0.54684    0.00000    0.54684
 144.50000    0.50495    0.00000    0.50495
 145.00000    0.53075    0.00000    0.53075
 145.50000    0.56921    0.00000    0.56921
 146.00000    0.51884    0.00000    0.51884
 146.50000    0.48466    0.00000    0.48466
 147.00000    0.52213    0.00000    0.52213
 147.50000    0.54172    0.00000    0.54172
 148.00000    0.53230    0.00000    0.53230
 148.50000    0.51249    0.00000    0.51249
 149.00000    0.51899    0.00000    0.51899
 149.50000    0.51459    0.00000    0.51459
 150.00000    0.46479    0.00000    0.46479
