   0.00000    0.45747    0.00000    0.45747
   0.50000    0.51147    0.00000    0.51147
   1.00000    0.50156    0.00000    0.50156
   1.50000    0.50251    0.00000    0.50251
   2.00000    0.51348    0.00000    0.51348
   2.50000    0.50404    0.00000    0.50404
   3.00000    0.50544    0.00000    0.50544
   3.50000    0.54463    0.00000    0.54463
   4.00000    0.52236    0.00000    0.52236
   4.50000    0.52106    0.00000    0.52106
   5.00000    0.48387    0.00000    0.48387
   5.50000    0.49231    0.00000    0.49231
   6.00000    0.47168    0.00000    0.47168
   6.50000    0.53157    0.00000    0.53157
   7.00000    0.53179    0.00000    0.53179
   7.50000    0.50680    0.00000    0.50680
   8.00000    0.46492    0.00000    0.46492
   8.50000    0.49520    0.00000    0.49520
   9.00000    0.51796    0.00000    0.51796
   9.50000    0.53709    0.00000    0.53709
  10.00000    0.53865    0.00000    0.53865
  10.50000    0.53666    0.00000    0.53666
  11.00000    0.51746    0.00000    0.51746
  11.50000    0.50949    0.00000    0.50949
  12.00000    0.49030    0.00000    0.49030
  12.50000    0.50642    0.00000    0.50642
  13.00000    0.49241    0.00000    0.49241
  13.50000    0.49350    0.00000    0.49350
  14.00000    0.47478    0.00000    0.47478
  14.50000    0.50024    0.00000    0.50024
  15.00000    0.52569    0.00000    0.52569
  15.50000    0.55587    0.00000    0.55587
  16.00000    0.54487    0.00000    0.54487
  16.50000    0.51892    0.00000    0.51892
  17.00000    0.52761    0.00000    0.52761
  17.50000    0.54427    0.00000    0.54427
  18.00000    0.54413    0.00000    0.54413
  18.50000    0.54195    0.00000    0.54195
  19.00000    0.55669    0.00000    0.55669
  19.50000    0.52725    0.00000    0.52725
  20.00000    0.49210    0.00000    0.49210
  20.50000    0.48530    0.00000    0.48530
  21.00000    0.50257    0.00000    0.50257
  21.50000    0.51304    0.00000    0.51304
  22.00000    0.52616    0.00000    0.52616
  22.50000    0.53827    0.00000    0.53827
  23.00000    0.53744    0.00000    0.53744
  23.50000    0.55264    0.00000    0.55264
  24.00000    0.56415    0.00000    0.56415
  24.50000    0.55158    0.00000    0.55158
  25.00000    0.53179    0.00000    0.53179
  25.50000    0.51725    0.00000    0.51725
  26.00000    0.50442    0.00000    0.50442
  26.50000    0.50338    0.00000    0.50338
  27.00000    0.52130    0.00000    0.52130
  27.50000    0.51184    0.00000    0.51184
  28.00000    0.49164    0.00000    0.49164
  28.50000    0.48691    0.00000    0.48691
  29.00000    0.53253    0.00000    0.53253
  29.50000    0.54805    0.00000    0.54805
  30.00000    0.53119    0.00000    0.53119
  30.50000    0.50443    0.00000    0.50443
  31.00000    0.49450    0.00000    0.49450
  31.50000    0.50455    0.00000    0.50455
  32.00000    0.51781    0.00000    0.51781
  32.50000    0.53850    0.00000    0.53850
  33.00000    0.54956    0.00000    0.54956
  33.50000    0.54363    0.00000    0.54363
  34.00000    0.53230    0.00000    0.53230
  34.50000    0.52631    0.00000    0.52631
  35.00000    0.52422    0.00000    0.52422
  35.50000    0.51973    0.00000    0.51973
  36.00000    0.52708    0.00000    0.52708
  36.50000    0.53199    0.00000    0.53199
  37.00000    0.52881    0.00000    0.52881
  37.50000    0.52801    0.00000    0.52801
  38.00000    0.55212    0.00000    0.55212
  38.50000    0.57305    0.00000    0.57305
  39.00000    0.54724    0.00000    0.54724
  39.50000    0.49470    0.00000    0.49470
  40.00000    0.50180    0.00000    0.50180
  40.50000    0.54734    0.00000    0.54734
  41.00000    0.57457    0.00000    0.57457
  41.50000    0.54143    0.00000    0.54143
  42.00000    0.52461    0.00000    0.52461
  42.50000    0.50950    0.00000    0.50950
  43.00000    0.52103    0.00000    0.52103
  43.50000    0.49608    0.00000    0.49608
  44.00000    0.50908    0.00000    0.50908
  44.50000    0.53032    0.00000    0.53032
  45.00000    0.51913    0.00000    0.51913
  45.50000    0.49878    0.00000    0.49878
  46.00000    0.50689    0.00000    0.50689
  46.50000    0.51453    0.00000    0.51453
  47.00000    0.53008    0.00000    0.53008
  47.50000    0.56032    0.00000    0.56032
  48.00000    0.57241    0.00000    0.57241
  48.50000    0.52316    0.00000    0.52316
  49.00000    0.52572    0.00000    0.52572
  49.50000    0.53102    0.00000    0.53102
  50.00000    0.54443    0.00000    0.54443
  50.50000    0.54060    0.00000    0.54060
  51.00000    0.54881    0.00000    0.54881
  51.50000    0.55049    0.00000    0.55049
  52.00000    0.53331    0.00000    0.53331
  52.50000    0.54122    0.00000    0.54122
  53.00000    0.51324    0.00000    0.51324
  53.50000    0.48348    0.00000    0.48348
  54.00000    0.48715    0.00000    0.48715
  54.50000    0.52848    0.00000    0.52848
  55.00000    0.54113    0.00000    0.54113
  55.50000    0.54878    0.00000    0.54878
  56.00000    0.55130    0.00000    0.55130
  56.50000    0.51873    0.00000    0.51873
  57.00000    0.48708    0.00000    0.48708
  57.50000    0.52794    0.00000    0.52794
  58.00000    0.56896    0.00000    0.56896
  58.50000    0.54739    0.00000    0.54739
  59.00000    0.50639    0.00000    0.50639
  59.50000    0.49300    0.00000    0.49300
  60.00000    0.50369    0.00000    0.50369
  60.50000    0.49592    0.00000    0.49592
  61.00000    0.53857    0.00000    0.53857
  61.50000    0.54162    0.00000    0.54162
  62.00000    0.56129    0.00000    0.56129
  62.50000    0.50771    0.00000    0.50771
  63.00000    0.52452    0.00000    0.52452
  63.50000    0.55298    0.00000    0.55298
  64.00000    0.58173    0.00000    0.58173
  64.50000    0.52914    0.00000    0.52914
  65.00000    0.50365    0.00000    0.50365
  65.50000    0.54991    0.00000    0.54991
  66.00000    0.57379    0.00000    0.57379
  66.50000    0.55032    0.00000    0.55032
  67.00000    0.50197    0.00000    0.50197
  67.50000    0.54112    0.00000    0.54112
  68.00000    0.56881    0.00000    0.56881
  68.50000    0.53721    0.00000    0.53721
  69.00000    0.47488    0.00000    0.47488
  69.50000    0.48148    0.00000    0.48148
  70.00000    0.51376    0.00000    0.51376
  70.50000    0.51027    0.00000    0.51027
  71.00000    0.50106    0.00000    0.50106
  71.50000    0.48858    0.00000    0.48858
  72.00000    0.48131    0.00000    0.48131
  72.50000    0.48324    0.00000    0.48324
  73.00000    0.51573    0.00000    0.51573
  73.50000    0.54689    0.00000    0.54689
  74.00000    0.55369    0.00000    0.55369
  74.50000    0.57100    0.00000    0.57100
  75.00000    0.53610    0.00000    0.53610
  75.50000    0.51002    0.00000    0.51002
  76.00000    0.47709    0.00000    0.47709
  76.50000    0.49724    0.00000    0.49724
  77.00000    0.51191    0.00000    0.51191
  77.50000    0.56163    0.00000    0.56163
  78.00000    0.55194    0.00000    0.55194
  78.50000    0.50768    0.00000    0.50768
  79.00000    0.48657    0.00000    0.48657
  79.50000    0.48275    0.00000    0.48275
  80.00000    0.52700    0.00000    0.52700
  80.50000    0.54855    0.00000    0.54855
  81.00000    0.53075    0.00000    0.53075
  81.50000    0.47971    0.00000    0.47971
  82.00000    0.47889    0.00000    0.47889
  82.50000    0.51919    0.00000    0.51919
  83.00000    0.52747    0.00000    0.52747
  83.50000    0.51551    0.00000    0.51551
  84.00000    0.51456    0.00000    0.51456
  84.50000    0.54740    0.00000    0.54740
  85.00000    0.54702    0.00000    0.54702
  85.50000    0.51915    0.00000    0.51915
  86.00000    0.49584    0.00000    0.49584
  86.50000    0.50991    0.00000    0.50991
  87.00000    0.51336    0.00000    0.51336
  87.50000    0.53747    0.00000    0.53747
  88.00000    0.53291    0.00000    0.53291
  88.50000    0.53785    0.00000    0.53785
  89.00000    0.52863    0.00000    0.52863
  89.50000    0.54629    0.00000    0.54629
  90.00000    0.55017    0.00000    0.55017
  90.50000    0.53915    0.00000    0.53915
  91.00000    0.51879    0.00000    0.51879
  91.50000    0.51249    0.00000    0.51249
  92.00000    0.53084    0.00000    0.53084
  92.50000    0.50368    0.00000    0.50368
  93.00000    0.47612    0.00000    0.47612
  93.50000    0.46023    0.00000    0.46023
  94.00000    0.48478    0.00000    0.48478
  94.50000    0.49148    0.00000    0.49148
  95.00000    0.51869    0.00000    0.51869
  95.50000    0.55830    0.00000    0.55830
  96.00000    0.57628    0.00000    0.57628
  96.50000    0.56283    0.00000    0.56283
  97.00000    0.54996    0.00000    0.54996
  97.50000    0.54666    0.00000    0.54666
  98.00000    0.52084    0.00000    0.52084
  98.50000    0.50625    0.00000    0.50625
  99.00000    0.51160    0.00000    0.51160
  99.50000    0.53793    0.00000    0.53793
 100.00000    0.54286    0.00000    0.54286
 100.50000    0.54431    0.00000    0.54431
 101.00000    0.55721    0.00000    0.55721
 101.50000    0.53292    0.00000    0.53292
 102.00000    0.49140    0.00000    0.49140
 102.50000    0.44138    0.00000    0.44138
 103.00000    0.48862    0.00000    0.48862
 103.50000    0.48936    0.00000    0.48936
 104.00000    0.50186    0.00000    0.50186
 104.50000    0.49947    0.00000    0.49947
 105.00000    0.54968    0.00000    0.54968
 105.50000    0.54252    0.00000    0.54252
 106.00000    0.52802    0.00000    0.52802
 106.50000    0.53273    0.00000    0.53273
 107.00000    0.55798    0.00000    0.55798
 107.50000    0.55233    0.00000    0.55233
 108.00000    0.56796    0.00000    0.56796
 108.50000    0.55113    0.00000    0.55113
 109.00000    0.54314    0.00000    0.54314
 109.50000    0.50560    0.00000    0.50560
 110.00000    0.52037    0.00000    0.52037
 110.50000    0.49922    0.00000    0.49922
 111.00000    0.50216    0.00000    0.50216
 111.50000    0.52062    0.00000    0.52062
 112.00000    0.54975    0.00000    0.54975
 112.50000    0.55409    0.00000    0.55409
 113.00000    0.53519    0.00000    0.53519
 113.50000    0.50234    0.00000    0.50234
 114.00000    0.49351    0.00000    0.49351
 114.50000    0.48686    0.00000    0.48686
 115.00000    0.50427    0.00000    0.50427
 115.50000    0.51756    0.00000    0.51756
 116.00000    0.57397    0.00000    0.57397
 116.50000    0.56425    0.00000    0.56425
 117.00000    0.56450    0.00000    0.56450
 117.50000    0.53252    0.00000    0.53252
 118.00000    0.54750    0.00000    0.54750
 118.50000    0.52413    0.00000    0.52413
 119.00000    0.54027    0.00000    0.54027
 119.50000    0.53840    0.00000    0.53840
 120.00000    0.55034    0.00000    0.55034
 120.50000    0.50462    0.00000    0.50462
 121.00000    0.52456    0.00000    0.52456
 121.50000    0.51755    0.00000    0.51755
 122.00000    0.51923    0.00000    0.51923
 122.50000    0.50545    0.00000    0.50545
 123.00000    0.53328    0.00000    0.53328
 123.50000    0.49886    0.00000    0.49886
 124.00000    0.48149    0.00000    0.48149
 124.50000    0.48289    0.00000    0.48289
 125.00000    0.50745    0.00000    0.50745
 125.50000    0.52824    0.00000    0.52824
 126.00000    0.53991    0.00000    0.53991
 126.50000    0.51182    0.00000    0.51182
 127.00000    0.52054    0.00000    0.52054
 127.50000    0.51502    0.00000    0.51502
 128.00000    0.52005    0.00000    0.52005
 128.50000    0.48472    0.00000    0.48472
 129.00000    0.49697    0.00000    0.49697
 129.50000    0.51205    0.00000    0.51205
 130.00000    0.53866    0.00000    0.53866
 130.50000    0.50787    0.00000    0.50787
 131.00000    0.50077    0.00000    0.50077
 131.50000    0.49215    0.00000    0.49215
 132.00000    0.51544    0.00000    0.51544
 132.50000    0.52146    0.00000    0.52146
 133.00000    0.53177    0.00000    0.53177
 133.50000    0.51955    0.00000    0.51955
 134.00000    0.53178    0.00000    0.53178
 134.50000    0.53698    0.00000    0.53698
 135.00000    0.53122    0.00000    0.53122
 135.50000    0.55275    0.00000    0.55275
 136.00000    0.55243    0.00000    0.55243
 136.50000    0.53060    0.00000    0.53060
 137.00000    0.53159    0.00000    0.53159
 137.50000    0.55953    0.00000    0.55953
 138.00000    0.54945    0.00000    0.54945
 138.50000    0.50122    0.00000    0.50122
 139.00000    0.49448    0.00000    0.49448
 139.50000    0.52599    0.00000    0.52599
 140.00000    0.53599    0.00000    0.53599
 140.50000    0.52877    0.00000    0.52877
 141.00000    0.54658    0.00000    0.54658
 141.50000    0.51359    0.00000    0.51359
 142.00000    0.51619    0.00000    0.51619
 142.50000    0.53194    0.00000    0.53194
 143.00000    0.58516    0.00000    0.58516
 143.50000    0.59389    0.00000    0.59389
 144.00000    0.56224    0.00000    0.56224
 144.50000    0.50273    0.00000    0.50273
 145.00000    0.52140    0.00000    0.52140
 145.50000    0.55962    0.00000    0.55962
 146.00000    0.52382    0.00000    0.52382
 146.50000    0.47153    0.00000    0.47153
 147.00000    0.51145    0.00000    0.51145
 147.50000    0.52813    0.00000    0.52813
 148.00000    0.50869    0.00000    0.50869
 148.50000    0.49355    0.00000    0.49355
 149.00000    0.51623    0.00000    0.51623
 149.50000    0.51979    0.00000    0.51979
 150.00000    0.42897    0.00000    0.42897
