   0.00000    0.44886    0.00000    0.44886
   0.50000    0.47642    0.00000    0.47642
   1.00000    0.47999    0.00000    0.47999
   1.50000    0.48911    0.00000    0.48911
   2.00000    0.49756    0.00000    0.49756
   2.50000    0.49093    0.00000    0.49093
   3.00000    0.49046    0.00000    0.49046
   3.50000    0.50894    0.00000    0.50894
   4.00000    0.49175    0.00000    0.49175
   4.50000    0.49966    0.00000    0.49966
   5.00000    0.46931    0.00000    0.46931
   5.50000    0.47463    0.00000    0.47463
   6.00000    0.45539    0.00000    0.45539
   6.50000    0.50417    0.00000    0.50417
   7.00000    0.50553    0.00000    0.50553
   7.50000    0.49158    0.00000    0.49158
   8.00000    0.45219    0.00000    0.45219
   8.50000    0.47433    0.00000    0.47433
   9.00000    0.49385    0.00000    0.49385
   9.50000    0.50481    0.00000    0.50481
  10.00000    0.51552    0.00000    0.51552
  10.50000    0.51380    0.00000    0.51380
  11.00000    0.49325    0.00000    0.49325
  11.50000    0.47294    0.00000    0.47294
  12.00000    0.46625    0.00000    0.46625
  12.50000    0.48685    0.00000    0.48685
  13.00000    0.47346    0.00000    0.47346
  13.50000    0.47039    0.00000    0.47039
  14.00000    0.44986    0.00000    0.44986
  14.50000    0.48594    0.00000    0.48594
  15.00000    0.49508    0.00000    0.49508
  15.50000    0.51924    0.00000    0.51924
  16.00000    0.49437    0.00000    0.49437
  16.50000    0.48500    0.00000    0.48500
  17.00000    0.48967    0.00000    0.48967
  17.50000    0.50209    0.00000    0.50209
  18.00000    0.50381    0.00000    0.50381
  18.50000    0.51703    0.00000    0.51703
  19.00000    0.53069    0.00000    0.53069
  19.50000    0.49861    0.00000    0.49861
  20.00000    0.46633    0.00000    0.46633
  20.50000    0.46814    0.00000    0.46814
  21.00000    0.48871    0.00000    0.48871
  21.50000    0.49355    0.00000    0.49355
  22.00000    0.49183    0.00000    0.49183
  22.50000    0.49297    0.00000    0.49297
  23.00000    0.50296    0.00000    0.50296
  23.50000    0.52066    0.00000    0.52066
  24.00000    0.53990    0.00000    0.53990
  24.50000    0.53301    0.00000    0.53301
  25.00000    0.51033    0.00000    0.51033
  25.50000    0.49433    0.00000    0.49433
  26.00000    0.48701    0.00000    0.48701
  26.50000    0.48717    0.00000    0.48717
  27.00000    0.48790    0.00000    0.48790
  27.50000    0.47040    0.00000    0.47040
  28.00000    0.46332    0.00000    0.46332
  28.50000    0.46521    0.00000    0.46521
  29.00000    0.50344    0.00000    0.50344
  29.50000    0.51875    0.00000    0.51875
  30.00000    0.50304    0.00000    0.50304
  30.50000    0.47535    0.00000    0.47535
  31.00000    0.45915    0.00000    0.45915
  31.50000    0.47902    0.00000    0.47902
  32.00000    0.49595    0.00000    0.49595
  32.50000    0.51618    0.00000    0.51618
  33.00000    0.52348    0.00000    0.52348
  33.50000    0.51733    0.00000    0.51733
  34.00000    0.50887    0.00000    0.50887
  34.50000    0.49766    0.00000    0.49766
  35.00000    0.49716    0.00000    0.49716
  35.50000    0.49077    0.00000    0.49077
  36.00000    0.50066    0.00000    0.50066
  36.50000    0.50661    0.00000    0.50661
  37.00000    0.50903    0.00000    0.50903
  37.50000    0.50756    0.00000    0.50756
  38.00000    0.51568    0.00000    0.51568
  38.50000    0.53129    0.00000    0.53129
  39.00000    0.51789    0.00000    0.51789
  39.50000    0.48212    0.00000    0.48212
  40.00000    0.48401    0.00000    0.48401
  40.50000    0.52902    0.00000    0.52902
  41.00000    0.56263    0.00000    0.56263
  41.50000    0.53314    0.00000    0.53314
  42.00000    0.50830    0.00000    0.50830
  42.50000    0.48329    0.00000    0.48329
  43.00000    0.49043    0.00000    0.49043
  43.50000    0.47752    0.00000    0.47752
  44.00000    0.50044    0.00000    0.50044
  44.50000    0.51837    0.00000    0.51837
  45.00000    0.49958    0.00000    0.49958
  45.50000    0.47223    0.00000    0.47223
  46.00000    0.48937    0.00000    0.48937
  46.50000    0.49259    0.00000    0.49259
  47.00000    0.50317    0.00000    0.50317
  47.50000    0.52060    0.00000    0.52060
  48.00000    0.54609    0.00000    0.54609
  48.50000    0.50130    0.00000    0.50130
  49.00000    0.51237    0.00000    0.51237
  49.50000    0.50599    0.00000    0.50599
  50.00000    0.51352    0.00000    0.51352
  50.50000    0.50251    0.00000    0.50251
  51.00000    0.51241    0.00000    0.51241
  51.50000    0.51195    0.00000    0.51195
  52.00000    0.49849    0.00000    0.49849
  52.50000    0.51293    0.00000    0.51293
  53.00000    0.48890    0.00000    0.48890
  53.50000    0.46619    0.00000    0.46619
  54.00000    0.46765    0.00000    0.46765
  54.50000    0.49745    0.00000    0.49745
  55.00000    0.50684    0.00000    0.50684
  55.50000    0.51990    0.00000    0.51990
  56.00000    0.52511    0.00000    0.52511
  56.50000    0.48782    0.00000    0.48782
  57.00000    0.46076    0.00000    0.46076
  57.50000    0.49900    0.00000    0.49900
  58.00000    0.53894    0.00000    0.53894
  58.50000    0.52520    0.00000    0.52520
  59.00000    0.48705    0.00000    0.48705
  59.50000    0.47511    0.00000    0.47511
  60.00000    0.47405    0.00000    0.47405
  60.50000    0.47180    0.00000    0.47180
  61.00000    0.50761    0.00000    0.50761
  61.50000    0.51843    0.00000    0.51843
  62.00000    0.53399    0.00000    0.53399
  62.50000    0.49033    0.00000    0.49033
  63.00000    0.50649    0.00000    0.50649
  63.50000    0.52491    0.00000    0.52491
  64.00000    0.54780    0.00000    0.54780
  64.50000    0.50444    0.00000    0.50444
  65.00000    0.47727    0.00000    0.47727
  65.50000    0.51099    0.00000    0.51099
  66.00000    0.52800    0.00000    0.52800
  66.50000    0.51714    0.00000    0.51714
  67.00000    0.48383    0.00000    0.48383
  67.50000    0.52688    0.00000    0.52688
  68.00000    0.54366    0.00000    0.54366
  68.50000    0.51308    0.00000    0.51308
  69.00000    0.46135    0.00000    0.46135
  69.50000    0.46366    0.00000    0.46366
  70.00000    0.48043    0.00000    0.48043
  70.50000    0.48523    0.00000    0.48523
  71.00000    0.48208    0.00000    0.48208
  71.50000    0.47137    0.00000    0.47137
  72.00000    0.46462    0.00000    0.46462
  72.50000    0.47627    0.00000    0.47627
  73.00000    0.51000    0.00000    0.51000
  73.50000    0.52584    0.00000    0.52584
  74.00000    0.52987    0.00000    0.52987
  74.50000    0.54359    0.00000    0.54359
  75.00000    0.51531    0.00000    0.51531
  75.50000    0.47954    0.00000    0.47954
  76.00000    0.45342    0.00000    0.45342
  76.50000    0.47713    0.00000    0.47713
  77.00000    0.49566    0.00000    0.49566
  77.50000    0.53482    0.00000    0.53482
  78.00000    0.53079    0.00000    0.53079
  78.50000    0.48530    0.00000    0.48530
  79.00000    0.47125    0.00000    0.47125
  79.50000    0.46282    0.00000    0.46282
  80.00000    0.50339    0.00000    0.50339
  80.50000    0.52143    0.00000    0.52143
  81.00000    0.50228    0.00000    0.50228
  81.50000    0.45930    0.00000    0.45930
  82.00000    0.45088    0.00000    0.45088
  82.50000    0.49223    0.00000    0.49223
  83.00000    0.49075    0.00000    0.49075
  83.50000    0.48047    0.00000    0.48047
  84.00000    0.48507    0.00000    0.48507
  84.50000    0.53197    0.00000    0.53197
  85.00000    0.53789    0.00000    0.53789
  85.50000    0.49703    0.00000    0.49703
  86.00000    0.46370    0.00000    0.46370
  86.50000    0.47577    0.00000    0.47577
  87.00000    0.49676    0.00000    0.49676
  87.50000    0.52114    0.00000    0.52114
  88.00000    0.50702    0.00000    0.50702
  88.50000    0.49990    0.00000    0.49990
  89.00000    0.49926    0.00000    0.49926
  89.50000    0.51666    0.00000    0.51666
  90.00000    0.51420    0.00000    0.51420
  90.50000    0.51007    0.00000    0.51007
  91.00000    0.49530    0.00000    0.49530
  91.50000    0.48891    0.00000    0.48891
  92.00000    0.49565    0.00000    0.49565
  92.50000    0.48677    0.00000    0.48677
  93.00000    0.46967    0.00000    0.46967
  93.50000    0.45252    0.00000    0.45252
  94.00000    0.45910    0.00000    0.45910
  94.50000    0.46104    0.00000    0.46104
  95.00000    0.48570    0.00000    0.48570
  95.50000    0.52237    0.00000    0.52237
  96.00000    0.53440    0.00000    0.53440
  96.50000    0.52396    0.00000    0.52396
  97.00000    0.51391    0.00000    0.51391
  97.50000    0.51324    0.00000    0.51324
  98.00000    0.49035    0.00000    0.49035
  98.50000    0.48484    0.00000    0.48484
  99.00000    0.49469    0.00000    0.49469
  99.50000    0.51836    0.00000    0.51836
 100.00000    0.52183    0.00000    0.52183
 100.50000    0.51889    0.00000    0.51889
 101.00000    0.52285    0.00000    0.52285
 101.50000    0.50461    0.00000    0.50461
 102.00000    0.46843    0.00000    0.46843
 102.50000    0.42846    0.00000    0.42846
 103.00000    0.46652    0.00000    0.46652
 103.50000    0.46974    0.00000    0.46974
 104.00000    0.47387    0.00000    0.47387
 104.50000    0.46911    0.00000    0.46911
 105.00000    0.51809    0.00000    0.51809
 105.50000    0.51228    0.00000    0.51228
 106.00000    0.49833    0.00000    0.49833
 106.50000    0.49677    0.00000    0.49677
 107.00000    0.53379    0.00000    0.53379
 107.50000    0.53628    0.00000    0.53628
 108.00000    0.54813    0.00000    0.54813
 108.50000    0.52376    0.00000    0.52376
 109.00000    0.51955    0.00000    0.51955
 109.50000    0.50645    0.00000    0.50645
 110.00000    0.51125    0.00000    0.51125
 110.50000    0.48296    0.00000    0.48296
 111.00000    0.48054    0.00000    0.48054
 111.50000    0.49779    0.00000    0.49779
 112.00000    0.52040    0.00000    0.52040
 112.50000    0.51818    0.00000    0.51818
 113.00000    0.51475    0.00000    0.51475
 113.50000    0.48338    0.00000    0.48338
 114.00000    0.48086    0.00000    0.48086
 114.50000    0.46297    0.00000    0.46297
 115.00000    0.47469    0.00000    0.47469
 115.50000    0.48147    0.00000    0.48147
 116.00000    0.53949    0.00000    0.53949
 116.50000    0.53233    0.00000    0.53233
 117.00000    0.52938    0.00000    0.52938
 117.50000    0.50702    0.00000    0.50702
 118.00000    0.52618    0.00000    0.52618
 118.50000    0.50793    0.00000    0.50793
 119.00000    0.51126    0.00000    0.51126
 119.50000    0.51552    0.00000    0.51552
 120.00000    0.52943    0.00000    0.52943
 120.50000    0.48207    0.00000    0.48207
 121.00000    0.49323    0.00000    0.49323
 121.50000    0.49667    0.00000    0.49667
 122.00000    0.49192    0.00000    0.49192
 122.50000    0.46227    0.00000    0.46227
 123.00000    0.49260    0.00000    0.49260
 123.50000    0.47996    0.00000    0.47996
 124.00000    0.46350    0.00000    0.46350
 124.50000    0.46216    0.00000    0.46216
 125.00000    0.49290    0.00000    0.49290
 125.50000    0.51248    0.00000    0.51248
 126.00000    0.51553    0.00000    0.51553
 126.50000    0.48135    0.00000    0.48135
 127.00000    0.49257    0.00000    0.49257
 127.50000    0.49279    0.00000    0.49279
 128.00000    0.49687    0.00000    0.49687
 128.50000    0.47286    0.00000    0.47286
 129.00000    0.48284    0.00000    0.48284
 129.50000    0.48965    0.00000    0.48965
 130.00000    0.50675    0.00000    0.50675
 130.50000    0.47854    0.00000    0.47854
 131.00000    0.46259    0.00000    0.46259
 131.50000    0.46916    0.00000    0.46916
 132.00000    0.49337    0.00000    0.49337
 132.50000    0.49685    0.00000    0.49685
 133.00000    0.49589    0.00000    0.49589
 133.50000    0.48941    0.00000    0.48941
 134.00000    0.49978    0.00000    0.49978
 134.50000    0.50584    0.00000    0.50584
 135.00000    0.50539    0.00000    0.50539
 135.50000    0.51873    0.00000    0.51873
 136.00000    0.52522    0.00000    0.52522
 136.50000    0.50331    0.00000    0.50331
 137.00000    0.50595    0.00000    0.50595
 137.50000    0.52774    0.00000    0.52774
 138.00000    0.52347    0.00000    0.52347
 138.50000    0.48420    0.00000    0.48420
 139.00000    0.47123    0.00000    0.47123
 139.50000    0.49280    0.00000    0.49280
 140.00000    0.50635    0.00000    0.50635
 140.50000    0.50048    0.00000    0.50048
 141.00000    0.51086    0.00000    0.51086
 141.50000    0.47976    0.00000    0.47976
 142.00000    0.49379    0.00000    0.49379
 142.50000    0.51176    0.00000    0.51176
 143.00000    0.56072    0.00000    0.56072
 143.50000    0.57086    0.00000    0.57086
 144.00000    0.53935    0.00000    0.53935
 144.50000    0.48856    0.00000    0.48856
 145.00000    0.49481    0.00000    0.49481
 145.50000    0.52965    0.00000    0.52965
 146.00000    0.49040    0.00000    0.49040
 146.50000    0.45783    0.00000    0.45783
 147.00000    0.49504    0.00000    0.49504
 147.50000    0.50284    0.00000    0.50284
 148.00000    0.48224    0.00000    0.48224
 148.50000    0.46749    0.00000    0.46749
 149.00000    0.48990    0.00000    0.48990
 149.50000    0.48336    0.00000    0.48336
 150.00000    0.40420    0.00000    0.40420
