   0.00000    0.47640    0.00000    0.47640
   0.50000    0.47641    0.00000    0.47641
   1.00000    0.49082    0.00000    0.49082
   1.50000    0.50544    0.00000    0.50544
   2.00000    0.51655    0.00000    0.51655
   2.50000    0.50069    0.00000    0.50069
   3.00000    0.52090    0.00000    0.52090
   3.50000    0.55065    0.00000    0.55065
   4.00000    0.53243    0.00000    0.53243
   4.50000    0.50226    0.00000    0.50226
   5.00000    0.46952    0.00000    0.46952
   5.50000    0.47909    0.00000    0.47909
   6.00000    0.47385    0.00000    0.47385
   6.50000    0.51908    0.00000    0.51908
   7.00000    0.52796    0.00000    0.52796
   7.50000    0.50427    0.00000    0.50427
   8.00000    0.46727    0.00000    0.46727
   8.50000    0.49317    0.00000    0.49317
   9.00000    0.52046    0.00000    0.52046
   9.50000    0.52036    0.00000    0.52036
  10.00000    0.53465    0.00000    0.53465
  10.50000    0.53993    0.00000    0.53993
  11.00000    0.52943    0.00000    0.52943
  11.50000    0.50876    0.00000    0.50876
  12.00000    0.48500    0.00000    0.48500
  12.50000    0.48596    0.00000    0.48596
  13.00000    0.46895    0.00000    0.46895
  13.50000    0.47761    0.00000    0.47761
  14.00000    0.48138    0.00000    0.48138
  14.50000    0.50712    0.00000    0.50712
  15.00000    0.52879    0.00000    0.52879
  15.50000    0.55418    0.00000    0.55418
  16.00000    0.52148    0.00000    0.52148
  16.50000    0.48287    0.00000    0.48287
  17.00000    0.49192    0.00000    0.49192
  17.50000    0.51934    0.00000    0.51934
  18.00000    0.51952    0.00000    0.51952
  18.50000    0.53137    0.00000    0.53137
  19.00000    0.55494    0.00000    0.55494
  19.50000    0.53242    0.00000    0.53242
  20.00000    0.49773    0.00000    0.49773
  20.50000    0.48548    0.00000    0.48548
  21.00000    0.50374    0.00000    0.50374
  21.50000    0.50199    0.00000    0.50199
  22.00000    0.50399    0.00000    0.50399
  22.50000    0.49250    0.00000    0.49250
  23.00000    0.50323    0.00000    0.50323
  23.50000    0.52611    0.00000    0.52611
  24.00000    0.55229    0.00000    0.55229
  24.50000    0.52078    0.00000    0.52078
  25.00000    0.47932    0.00000    0.47932
  25.50000    0.48528    0.00000    0.48528
  26.00000    0.48767    0.00000    0.48767
  26.50000    0.48184    0.00000    0.48184
  27.00000    0.48579    0.00000    0.48579
  27.50000    0.48895    0.00000    0.48895
  28.00000    0.48884    0.00000    0.48884
  28.50000    0.47948    0.00000    0.47948
  29.00000    0.51103    0.00000    0.51103
  29.50000    0.51308    0.00000    0.51308
  30.00000    0.50634    0.00000    0.50634
  30.50000    0.49721    0.00000    0.49721
  31.00000    0.48937    0.00000    0.48937
  31.50000    0.50867    0.00000    0.50867
  32.00000    0.50897    0.00000    0.50897
  32.50000    0.51595    0.00000    0.51595
  33.00000    0.52296    0.00000    0.52296
  33.50000    0.53476    0.00000    0.53476
  34.00000    0.51621    0.00000    0.51621
  34.50000    0.50926    0.00000    0.50926
  35.00000    0.50800    0.00000    0.50800
  35.50000    0.49861    0.00000    0.49861
  36.00000    0.48271    0.00000    0.48271
  36.50000    0.50055    0.00000    0.50055
  37.00000    0.51209    0.00000    0.51209
  37.50000    0.52075    0.00000    0.52075
  38.00000    0.52166    0.00000    0.52166
  38.50000    0.53671    0.00000    0.53671
  39.00000    0.51584    0.00000    0.51584
  39.50000    0.49331    0.00000    0.49331
  40.00000    0.49941    0.00000    0.49941
  40.50000    0.55361    0.00000    0.55361
  41.00000    0.57545    0.00000    0.57545
  41.50000    0.54913    0.00000    0.54913
  42.00000    0.50536    0.00000    0.50536
  42.50000    0.45365    0.00000    0.45365
  43.00000    0.46373    0.00000    0.46373
  43.50000    0.46531    0.00000    0.46531
  44.00000    0.49704    0.00000    0.49704
  44.50000    0.51295    0.00000    0.51295
  45.00000    0.50071    0.00000    0.50071
  45.50000    0.48003    0.00000    0.48003
  46.00000    0.48035    0.00000    0.48035
  46.50000    0.49714    0.00000    0.49714
  47.00000    0.50506    0.00000    0.50506
  47.50000    0.53885    0.00000    0.53885
  48.00000    0.55195    0.00000    0.55195
  48.50000    0.52091    0.00000    0.52091
  49.00000    0.53099    0.00000    0.53099
  49.50000    0.52647    0.00000    0.52647
  50.00000    0.51737    0.00000    0.51737
  50.50000    0.49075    0.00000    0.49075
  51.00000    0.51499    0.00000    0.51499
  51.50000    0.53634    0.00000    0.53634
  52.00000    0.53046    0.00000    0.53046
  52.50000    0.53934    0.00000    0.53934
  53.00000    0.51090    0.00000    0.51090
  53.50000    0.48620    0.00000    0.48620
  54.00000    0.47523    0.00000    0.47523
  54.50000    0.52100    0.00000    0.52100
  55.00000    0.52013    0.00000    0.52013
  55.50000    0.53307    0.00000    0.53307
  56.00000    0.52999    0.00000    0.52999
  56.50000    0.50769    0.00000    0.50769
  57.00000    0.48852    0.00000    0.48852
  57.50000    0.52704    0.00000    0.52704
  58.00000    0.56264    0.00000    0.56264
  58.50000    0.53801    0.00000    0.53801
  59.00000    0.52071    0.00000    0.52071
  59.50000    0.51273    0.00000    0.51273
  60.00000    0.50056    0.00000    0.50056
  60.50000    0.48820    0.00000    0.48820
  61.00000    0.52597    0.00000    0.52597
  61.50000    0.53217    0.00000    0.53217
  62.00000    0.52620    0.00000    0.52620
  62.50000    0.48558    0.00000    0.48558
  63.00000    0.52705    0.00000    0.52705
  63.50000    0.57174    0.00000    0.57174
  64.00000    0.57617    0.00000    0.57617
  64.50000    0.50302    0.00000    0.50302
  65.00000    0.48267    0.00000    0.48267
  65.50000    0.54119    0.00000    0.54119
  66.00000    0.56015    0.00000    0.56015
  66.50000    0.54894    0.00000    0.54894
  67.00000    0.51951    0.00000    0.51951
  67.50000    0.55271    0.00000    0.55271
  68.00000    0.58017    0.00000    0.58017
  68.50000    0.54946    0.00000    0.54946
  69.00000    0.48693    0.00000    0.48693
  69.50000    0.45636    0.00000    0.45636
  70.00000    0.48527    0.00000    0.48527
  70.50000    0.49160    0.00000    0.49160
  71.00000    0.49562    0.00000    0.49562
  71.50000    0.47921    0.00000    0.47921
  72.00000    0.46935    0.00000    0.46935
  72.50000    0.47912    0.00000    0.47912
  73.00000    0.50163    0.00000    0.50163
  73.50000    0.53003    0.00000    0.53003
  74.00000    0.53073    0.00000    0.53073
  74.50000    0.55093    0.00000    0.55093
  75.00000    0.52244    0.00000    0.52244
  75.50000    0.50795    0.00000    0.50795
  76.00000    0.46537    0.00000    0.46537
  76.50000    0.47330    0.00000    0.47330
  77.00000    0.48485    0.00000    0.48485
  77.50000    0.54267    0.00000    0.54267
  78.00000    0.54053    0.00000    0.54053
  78.50000    0.50128    0.00000    0.50128
  79.00000    0.48431    0.00000    0.48431
  79.50000    0.48817    0.00000    0.48817
  80.00000    0.52500    0.00000    0.52500
  80.50000    0.52712    0.00000    0.52712
  81.00000    0.50655    0.00000    0.50655
  81.50000    0.45744    0.00000    0.45744
  82.00000    0.45614    0.00000    0.45614
  82.50000    0.50280    0.00000    0.50280
  83.00000    0.52331    0.00000    0.52331
  83.50000    0.51034    0.00000    0.51034
  84.00000    0.51777    0.00000    0.51777
  84.50000    0.55882    0.00000    0.55882
  85.00000    0.55863    0.00000    0.55863
  85.50000    0.51278    0.00000    0.51278
  86.00000    0.48181    0.00000    0.48181
  86.50000    0.50555    0.00000    0.50555
  87.00000    0.51396    0.00000    0.51396
  87.50000    0.53287    0.00000    0.53287
  88.00000    0.50618    0.00000    0.50618
  88.50000    0.52037    0.00000    0.52037
  89.00000    0.51488    0.00000    0.51488
  89.50000    0.54014    0.00000    0.54014
  90.00000    0.52701    0.00000    0.52701
  90.50000    0.52756    0.00000    0.52756
  91.00000    0.49616    0.00000    0.49616
  91.50000    0.47946    0.00000    0.47946
  92.00000    0.49705    0.00000    0.49705
  92.50000    0.50000    0.00000    0.50000
  93.00000    0.47496    0.00000    0.47496
  93.50000    0.46267    0.00000    0.46267
  94.00000    0.46602    0.00000    0.46602
  94.50000    0.48026    0.00000    0.48026
  95.00000    0.49265    0.00000    0.49265
  95.50000    0.54236    0.00000    0.54236
  96.00000    0.53519    0.00000    0.53519
  96.50000    0.55841    0.00000    0.55841
  97.00000    0.54457    0.00000    0.54457
  97.50000    0.54975    0.00000    0.54975
  98.00000    0.50201    0.00000    0.50201
  98.50000    0.49143    0.00000    0.49143
  99.00000    0.48571    0.00000    0.48571
  99.50000    0.53319    0.00000    0.53319
 100.00000    0.54165    0.00000    0.54165
 100.50000    0.53279    0.00000    0.53279
 101.00000    0.51392    0.00000    0.51392
 101.50000    0.50880    0.00000    0.50880
 102.00000    0.46799    0.00000    0.46799
 102.50000    0.43202    0.00000    0.43202
 103.00000    0.46615    0.00000    0.46615
 103.50000    0.48948    0.00000    0.48948
 104.00000    0.49752    0.00000    0.49752
 104.50000    0.49965    0.00000    0.49965
 105.00000    0.53683    0.00000    0.53683
 105.50000    0.52793    0.00000    0.52793
 106.00000    0.50048    0.00000    0.50048
 106.50000    0.50714    0.00000    0.50714
 107.00000    0.53270    0.00000    0.53270
 107.50000    0.54173    0.00000    0.54173
 108.00000    0.55370    0.00000    0.55370
 108.50000    0.55087    0.00000    0.55087
 109.00000    0.55135    0.00000    0.55135
 109.50000    0.53307    0.00000    0.53307
 110.00000    0.51712    0.00000    0.51712
 110.50000    0.48266    0.00000    0.48266
 111.00000    0.48333    0.00000    0.48333
 111.50000    0.51533    0.00000    0.51533
 112.00000    0.51995    0.00000    0.51995
 112.50000    0.52225    0.00000    0.52225
 113.00000    0.51964    0.00000    0.51964
 113.50000    0.49567    0.00000    0.49567
 114.00000    0.48756    0.00000    0.48756
 114.50000    0.48427    0.00000    0.48427
 115.00000    0.49294    0.00000    0.49294
 115.50000    0.50225    0.00000    0.50225
 116.00000    0.56353    0.00000    0.56353
 116.50000    0.57329    0.00000    0.57329
 117.00000    0.55703    0.00000    0.55703
 117.50000    0.51816    0.00000    0.51816
 118.00000    0.51734    0.00000    0.51734
 118.50000    0.52020    0.00000    0.52020
 119.00000    0.52674    0.00000    0.52674
 119.50000    0.54570    0.00000    0.54570
 120.00000    0.55156    0.00000    0.55156
 120.50000    0.49684    0.00000    0.49684
 121.00000    0.48519    0.00000    0.48519
 121.50000    0.50709    0.00000    0.50709
 122.00000    0.51565    0.00000    0.51565
 122.50000    0.48747    0.00000    0.48747
 123.00000    0.50674    0.00000    0.50674
 123.50000    0.48222    0.00000    0.48222
 124.00000    0.46808    0.00000    0.46808
 124.50000    0.48164    0.00000    0.48164
 125.00000    0.52338    0.00000    0.52338
 125.50000    0.51461    0.00000    0.51461
 126.00000    0.50398    0.00000    0.50398
 126.50000    0.47873    0.00000    0.47873
 127.00000    0.50726    0.00000    0.50726
 127.50000    0.51883    0.00000    0.51883
 128.00000    0.51808    0.00000    0.51808
 128.50000    0.47720    0.00000    0.47720
 129.00000    0.48167    0.00000    0.48167
 129.50000    0.50784    0.00000    0.50784
 130.00000    0.53332    0.00000    0.53332
 130.50000    0.49192    0.00000    0.49192
 131.00000    0.46797    0.00000    0.46797
 131.50000    0.48826    0.00000    0.48826
 132.00000    0.52108    0.00000    0.52108
 132.50000    0.50536    0.00000    0.50536
 133.00000    0.47787    0.00000    0.47787
 133.50000    0.47244    0.00000    0.47244
 134.00000    0.48457    0.00000    0.48457
 134.50000    0.51903    0.00000    0.51903
 135.00000    0.54058    0.00000    0.54058
 135.50000    0.55729    0.00000    0.55729
 136.00000    0.53769    0.00000    0.53769
 136.50000    0.51158    0.00000    0.51158
 137.00000    0.50870    0.00000    0.50870
 137.50000    0.53532    0.00000    0.53532
 138.00000    0.51693    0.00000    0.51693
 138.50000    0.48068    0.00000    0.48068
 139.00000    0.46755    0.00000    0.46755
 139.50000    0.49933    0.00000    0.49933
 140.00000    0.50195    0.00000    0.50195
 140.50000    0.51820    0.00000    0.51820
 141.00000    0.53989    0.00000    0.53989
 141.50000    0.49499    0.00000    0.49499
 142.00000    0.50520    0.00000    0.50520
 142.50000    0.54207    0.00000    0.54207
 143.00000    0.61408    0.00000    0.61408
 143.50000    0.56931    0.00000    0.56931
 144.00000    0.52517    0.00000    0.52517
 144.50000    0.49125    0.00000    0.49125
 145.00000    0.52620    0.00000    0.52620
 145.50000    0.54187    0.00000    0.54187
 146.00000    0.51516    0.00000    0.51516
 146.50000    0.48395    0.00000    0.48395
 147.00000    0.50458    0.00000    0.50458
 147.50000    0.51774    0.00000    0.51774
 148.00000    0.50130    0.00000    0.50130
 148.50000    0.47870    0.00000    0.47870
 149.00000    0.47485    0.00000    0.47485
 149.50000    0.47815    0.00000    0.47815
 150.00000    0.43381    0.00000    0.43381
