   0.00000    0.50231    0.00000    0.50231
   0.50000    0.51365    0.00000    0.51365
   1.00000    0.52880    0.00000    0.52880
   1.50000    0.52309    0.00000    0.52309
   2.00000    0.52655    0.00000    0.52655
   2.50000    0.50282    0.00000    0.50282
   3.00000    0.53506    0.00000    0.53506
   3.50000    0.56246    0.00000    0.56246
   4.00000    0.55766    0.00000    0.55766
   4.50000    0.52703    0.00000    0.52703
   5.00000    0.50969    0.00000    0.50969
   5.50000    0.52786    0.00000    0.52786
   6.00000    0.51379    0.00000    0.51379
   6.50000    0.54118    0.00000    0.54118
   7.00000    0.53778    0.00000    0.53778
   7.50000    0.51396    0.00000    0.51396
   8.00000    0.49050    0.00000    0.49050
   8.50000    0.52119    0.00000    0.52119
   9.00000    0.53964    0.00000    0.53964
   9.50000    0.53186    0.00000    0.53186
  10.00000    0.54414    0.00000    0.54414
  10.50000    0.57495    0.00000    0.57495
  11.00000    0.56790    0.00000    0.56790
  11.50000    0.54530    0.00000    0.54530
  12.00000    0.51592    0.00000    0.51592
  12.50000    0.52483    0.00000    0.52483
  13.00000    0.51590    0.00000    0.51590
  13.50000    0.52675    0.00000    0.52675
  14.00000    0.53514    0.00000    0.53514
  14.50000    0.54208    0.00000    0.54208
  15.00000    0.55100    0.00000    0.55100
  15.50000    0.59242    0.00000    0.59242
  16.00000    0.57992    0.00000    0.57992
  16.50000    0.54367    0.00000    0.54367
  17.00000    0.52393    0.00000    0.52393
  17.50000    0.53857    0.00000    0.53857
  18.00000    0.53638    0.00000    0.53638
  18.50000    0.55806    0.00000    0.55806
  19.00000    0.57732    0.00000    0.57732
  19.50000    0.56034    0.00000    0.56034
  20.00000    0.54595    0.00000    0.54595
  20.50000    0.53965    0.00000    0.53965
  21.00000    0.53742    0.00000    0.53742
  21.50000    0.52631    0.00000    0.52631
  22.00000    0.54136    0.00000    0.54136
  22.50000    0.53583    0.00000    0.53583
  23.00000    0.52450    0.00000    0.52450
  23.50000    0.54885    0.00000    0.54885
  24.00000    0.58051    0.00000    0.58051
  24.50000    0.56459    0.00000    0.56459
  25.00000    0.51232    0.00000    0.51232
  25.50000    0.52855    0.00000    0.52855
  26.00000    0.53909    0.00000    0.53909
  26.50000    0.53218    0.00000    0.53218
  27.00000    0.51319    0.00000    0.51319
  27.50000    0.51995    0.00000    0.51995
  28.00000    0.54081    0.00000    0.54081
  28.50000    0.53098    0.00000    0.53098
  29.00000    0.53977    0.00000    0.53977
  29.50000    0.53603    0.00000    0.53603
  30.00000    0.52429    0.00000    0.52429
  30.50000    0.51226    0.00000    0.51226
  31.00000    0.50284    0.00000    0.50284
  31.50000    0.52911    0.00000    0.52911
  32.00000    0.54085    0.00000    0.54085
  32.50000    0.54812    0.00000    0.54812
  33.00000    0.54964    0.00000    0.54964
  33.50000    0.55238    0.00000    0.55238
  34.00000    0.55823    0.00000    0.55823
  34.50000    0.56391    0.00000    0.56391
  35.00000    0.55249    0.00000    0.55249
  35.50000    0.51491    0.00000    0.51491
  36.00000    0.51545    0.00000    0.51545
  36.50000    0.54097    0.00000    0.54097
  37.00000    0.54117    0.00000    0.54117
  37.50000    0.53195    0.00000    0.53195
  38.00000    0.54321    0.00000    0.54321
  38.50000    0.57032    0.00000    0.57032
  39.00000    0.55622    0.00000    0.55622
  39.50000    0.51559    0.00000    0.51559
  40.00000    0.51881    0.00000    0.51881
  40.50000    0.58763    0.00000    0.58763
  41.00000    0.61398    0.00000    0.61398
  41.50000    0.56479    0.00000    0.56479
  42.00000    0.52239    0.00000    0.52239
  42.50000    0.49617    0.00000    0.49617
  43.00000    0.49426    0.00000    0.49426
  43.50000    0.49729    0.00000    0.49729
  44.00000    0.51518    0.00000    0.51518
  44.50000    0.53930    0.00000    0.53930
  45.00000    0.53443    0.00000    0.53443
  45.50000    0.52452    0.00000    0.52452
  46.00000    0.51344    0.00000    0.51344
  46.50000    0.51946    0.00000    0.51946
  47.00000    0.52326    0.00000    0.52326
  47.50000    0.56201    0.00000    0.56201
  48.00000    0.58648    0.00000    0.58648
  48.50000    0.55320    0.00000    0.55320
  49.00000    0.54994    0.00000    0.54994
  49.50000    0.55691    0.00000    0.55691
  50.00000    0.55107    0.00000    0.55107
  50.50000    0.52224    0.00000    0.52224
  51.00000    0.53817    0.00000    0.53817
  51.50000    0.55487    0.00000    0.55487
  52.00000    0.55034    0.00000    0.55034
  52.50000    0.55660    0.00000    0.55660
  53.00000    0.52377    0.00000    0.52377
  53.50000    0.48477    0.00000    0.48477
  54.00000    0.50413    0.00000    0.50413
  54.50000    0.56593    0.00000    0.56593
  55.00000    0.55486    0.00000    0.55486
  55.50000    0.55072    0.00000    0.55072
  56.00000    0.55297    0.00000    0.55297
  56.50000    0.53265    0.00000    0.53265
  57.00000    0.48896    0.00000    0.48896
  57.50000    0.53099    0.00000    0.53099
  58.00000    0.58262    0.00000    0.58262
  58.50000    0.56885    0.00000    0.56885
  59.00000    0.54015    0.00000    0.54015
  59.50000    0.52536    0.00000    0.52536
  60.00000    0.52342    0.00000    0.52342
  60.50000    0.51296    0.00000    0.51296
  61.00000    0.53344    0.00000    0.53344
  61.50000    0.54638    0.00000    0.54638
  62.00000    0.56357    0.00000    0.56357
  62.50000    0.53784    0.00000    0.53784
  63.00000    0.54996    0.00000    0.54996
  63.50000    0.59376    0.00000    0.59376
  64.00000    0.60438    0.00000    0.60438
  64.50000    0.55277    0.00000    0.55277
  65.00000    0.51495    0.00000    0.51495
  65.50000    0.58261    0.00000    0.58261
  66.00000    0.59757    0.00000    0.59757
  66.50000    0.56970    0.00000    0.56970
  67.00000    0.50611    0.00000    0.50611
  67.50000    0.54687    0.00000    0.54687
  68.00000    0.59522    0.00000    0.59522
  68.50000    0.57684    0.00000    0.57684
  69.00000    0.52340    0.00000    0.52340
  69.50000    0.49703    0.00000    0.49703
  70.00000    0.52225    0.00000    0.52225
  70.50000    0.53094    0.00000    0.53094
  71.00000    0.52880    0.00000    0.52880
  71.50000    0.51099    0.00000    0.51099
  72.00000    0.51013    0.00000    0.51013
  72.50000    0.52278    0.00000    0.52278
  73.00000    0.52750    0.00000    0.52750
  73.50000    0.54797    0.00000    0.54797
  74.00000    0.55935    0.00000    0.55935
  74.50000    0.59016    0.00000    0.59016
  75.00000    0.56316    0.00000    0.56316
  75.50000    0.54002    0.00000    0.54002
  76.00000    0.49181    0.00000    0.49181
  76.50000    0.49939    0.00000    0.49939
  77.00000    0.51032    0.00000    0.51032
  77.50000    0.56670    0.00000    0.56670
  78.00000    0.56429    0.00000    0.56429
  78.50000    0.52902    0.00000    0.52902
  79.00000    0.50783    0.00000    0.50783
  79.50000    0.50983    0.00000    0.50983
  80.00000    0.54117    0.00000    0.54117
  80.50000    0.55075    0.00000    0.55075
  81.00000    0.52983    0.00000    0.52983
  81.50000    0.49892    0.00000    0.49892
  82.00000    0.49838    0.00000    0.49838
  82.50000    0.53062    0.00000    0.53062
  83.00000    0.53167    0.00000    0.53167
  83.50000    0.52421    0.00000    0.52421
  84.00000    0.53354    0.00000    0.53354
  84.50000    0.59538    0.00000    0.59538
  85.00000    0.61390    0.00000    0.61390
  85.50000    0.56981    0.00000    0.56981
  86.00000    0.51818    0.00000    0.51818
  86.50000    0.54459    0.00000    0.54459
  87.00000    0.55775    0.00000    0.55775
  87.50000    0.57676    0.00000    0.57676
  88.00000    0.55384    0.00000    0.55384
  88.50000    0.56240    0.00000    0.56240
  89.00000    0.55498    0.00000    0.55498
  89.50000    0.56944    0.00000    0.56944
  90.00000    0.56503    0.00000    0.56503
  90.50000    0.55498    0.00000    0.55498
  91.00000    0.52349    0.00000    0.52349
  91.50000    0.50963    0.00000    0.50963
  92.00000    0.53411    0.00000    0.53411
  92.50000    0.52500    0.00000    0.52500
  93.00000    0.50275    0.00000    0.50275
  93.50000    0.49115    0.00000    0.49115
  94.00000    0.49260    0.00000    0.49260
  94.50000    0.49657    0.00000    0.49657
  95.00000    0.51741    0.00000    0.51741
  95.50000    0.57052    0.00000    0.57052
  96.00000    0.56012    0.00000    0.56012
  96.50000    0.58638    0.00000    0.58638
  97.00000    0.56602    0.00000    0.56602
  97.50000    0.58397    0.00000    0.58397
  98.00000    0.54906    0.00000    0.54906
  98.50000    0.55144    0.00000    0.55144
  99.00000    0.52318    0.00000    0.52318
  99.50000    0.55760    0.00000    0.55760
 100.00000    0.54855    0.00000    0.54855
 100.50000    0.55700    0.00000    0.55700
 101.00000    0.54701    0.00000    0.54701
 101.50000    0.55837    0.00000    0.55837
 102.00000    0.50658    0.00000    0.50658
 102.50000    0.48296    0.00000    0.48296
 103.00000    0.50692    0.00000    0.50692
 103.50000    0.52077    0.00000    0.52077
 104.00000    0.52385    0.00000    0.52385
 104.50000    0.54343    0.00000    0.54343
 105.00000    0.58493    0.00000    0.58493
 105.50000    0.55433    0.00000    0.55433
 106.00000    0.52189    0.00000    0.52189
 106.50000    0.53723    0.00000    0.53723
 107.00000    0.57586    0.00000    0.57586
 107.50000    0.58531    0.00000    0.58531
 108.00000    0.59756    0.00000    0.59756
 108.50000    0.57891    0.00000    0.57891
 109.00000    0.57269    0.00000    0.57269
 109.50000    0.56729    0.00000    0.56729
 110.00000    0.56014    0.00000    0.56014
 110.50000    0.51245    0.00000    0.51245
 111.00000    0.50638    0.00000    0.50638
 111.50000    0.53944    0.00000    0.53944
 112.00000    0.54312    0.00000    0.54312
 112.50000    0.53573    0.00000    0.53573
 113.00000    0.52821    0.00000    0.52821
 113.50000    0.51514    0.00000    0.51514
 114.00000    0.51765    0.00000    0.51765
 114.50000    0.51240    0.00000    0.51240
 115.00000    0.51132    0.00000    0.51132
 115.50000    0.52050    0.00000    0.52050
 116.00000    0.59216    0.00000    0.59216
 116.50000    0.60311    0.00000    0.60311
 117.00000    0.58062    0.00000    0.58062
 117.50000    0.55735    0.00000    0.55735
 118.00000    0.56236    0.00000    0.56236
 118.50000    0.54848    0.00000    0.54848
 119.00000    0.53078    0.00000    0.53078
 119.50000    0.54645    0.00000    0.54645
 120.00000    0.55185    0.00000    0.55185
 120.50000    0.49570    0.00000    0.49570
 121.00000    0.51511    0.00000    0.51511
 121.50000    0.55078    0.00000    0.55078
 122.00000    0.57256    0.00000    0.57256
 122.50000    0.53858    0.00000    0.53858
 123.00000    0.54633    0.00000    0.54633
 123.50000    0.50971    0.00000    0.50971
 124.00000    0.49872    0.00000    0.49872
 124.50000    0.51828    0.00000    0.51828
 125.00000    0.55750    0.00000    0.55750
 125.50000    0.55605    0.00000    0.55605
 126.00000    0.55244    0.00000    0.55244
 126.50000    0.52005    0.00000    0.52005
 127.00000    0.53835    0.00000    0.53835
 127.50000    0.54118    0.00000    0.54118
 128.00000    0.56129    0.00000    0.56129
 128.50000    0.53802    0.00000    0.53802
 129.00000    0.52831    0.00000    0.52831
 129.50000    0.54066    0.00000    0.54066
 130.00000    0.56405    0.00000    0.56405
 130.50000    0.53486    0.00000    0.53486
 131.00000    0.50677    0.00000    0.50677
 131.50000    0.53075    0.00000    0.53075
 132.00000    0.55453    0.00000    0.55453
 132.50000    0.53453    0.00000    0.53453
 133.00000    0.52303    0.00000    0.52303
 133.50000    0.52081    0.00000    0.52081
 134.00000    0.54070    0.00000    0.54070
 134.50000    0.55246    0.00000    0.55246
 135.00000    0.57689    0.00000    0.57689
 135.50000    0.58558    0.00000    0.58558
 136.00000    0.56409    0.00000    0.56409
 136.50000    0.52232    0.00000    0.52232
 137.00000    0.52994    0.00000    0.52994
 137.50000    0.57400    0.00000    0.57400
 138.00000    0.55769    0.00000    0.55769
 138.50000    0.51744    0.00000    0.51744
 139.00000    0.49799    0.00000    0.49799
 139.50000    0.52829    0.00000    0.52829
 140.00000    0.53961    0.00000    0.53961
 140.50000    0.54906    0.00000    0.54906
 141.00000    0.57072    0.00000    0.57072
 141.50000    0.54080    0.00000    0.54080
 142.00000    0.55947    0.00000    0.55947
 142.50000    0.57091    0.00000    0.57091
 143.00000    0.63262    0.00000    0.63262
 143.50000    0.60526    0.00000    0.60526
 144.00000    0.56530    0.00000    0.56530
 144.50000    0.53151    0.00000    0.53151
 145.00000    0.57109    0.00000    0.57109
 145.50000    0.57196    0.00000    0.57196
 146.00000    0.51866    0.00000    0.51866
 146.50000    0.48191    0.00000    0.48191
 147.00000    0.52824    0.00000    0.52824
 147.50000    0.55670    0.00000    0.55670
 148.00000    0.54545    0.00000    0.54545
 148.50000    0.50730    0.00000    0.50730
 149.00000    0.52045    0.00000    0.52045
 149.50000    0.54239    0.00000    0.54239
 150.00000    0.46015    0.00000    0.46015
