   0.00000    0.51476    0.00000    0.51476
   0.50000    0.58416    0.00000    0.58416
   1.00000    0.60808    0.00000    0.60808
   1.50000    0.61667    0.00000    0.61667
   2.00000    0.66235    0.00000    0.66235
   2.50000    0.63557    0.00000    0.63557
   3.00000    0.60881    0.00000    0.60881
   3.50000    0.57770    0.00000    0.57770
   4.00000    0.57588    0.00000    0.57588
   4.50000    0.57839    0.00000    0.57839
   5.00000    0.56338    0.00000    0.56338
   5.50000    0.57763    0.00000    0.57763
   6.00000    0.59879    0.00000    0.59879
   6.50000    0.65971    0.00000    0.65971
   7.00000    0.64445    0.00000    0.64445
   7.50000    0.58443    0.00000    0.58443
   8.00000    0.55664    0.00000    0.55664
   8.50000    0.57694    0.00000    0.57694
   9.00000    0.59174    0.00000    0.59174
   9.50000    0.57388    0.00000    0.57388
  10.00000    0.59684    0.00000    0.59684
  10.50000    0.61707    0.00000    0.61707
  11.00000    0.63216    0.00000    0.63216
  11.50000    0.62629    0.00000    0.62629
  12.00000    0.61498    0.00000    0.61498
  12.50000    0.60870    0.00000    0.60870
  13.00000    0.56172    0.00000    0.56172
  13.50000    0.56680    0.00000    0.56680
  14.00000    0.56960    0.00000    0.56960
  14.50000    0.58384    0.00000    0.58384
  15.00000    0.57540    0.00000    0.57540
  15.50000    0.63805    0.00000    0.63805
  16.00000    0.60957    0.00000    0.60957
  16.50000    0.58973    0.00000    0.58973
  17.00000    0.61384    0.00000    0.61384
  17.50000    0.60513    0.00000    0.60513
  18.00000    0.55526    0.00000    0.55526
  18.50000    0.55744    0.00000    0.55744
  19.00000    0.58258    0.00000    0.58258
  19.50000    0.57323    0.00000    0.57323
  20.00000    0.58290    0.00000    0.58290
  20.50000    0.59809    0.00000    0.59809
  21.00000    0.57818    0.00000    0.57818
  21.50000    0.58582    0.00000    0.58582
  22.00000    0.60946    0.00000    0.60946
  22.50000    0.59029    0.00000    0.59029
  23.00000    0.58596    0.00000    0.58596
  23.50000    0.62720    0.00000    0.62720
  24.00000    0.65604    0.00000    0.65604
  24.50000    0.61061    0.00000    0.61061
  25.00000    0.56346    0.00000    0.56346
  25.50000    0.58725    0.00000    0.58725
  26.00000    0.57446    0.00000    0.57446
  26.50000    0.54833    0.00000    0.54833
  27.00000    0.55037    0.00000    0.55037
  27.50000    0.59559    0.00000    0.59559
  28.00000    0.58992    0.00000    0.58992
  28.50000    0.55060    0.00000    0.55060
  29.00000    0.58488    0.00000    0.58488
  29.50000    0.62330    0.00000    0.62330
  30.00000    0.61270    0.00000    0.61270
  30.50000    0.58384    0.00000    0.58384
  31.00000    0.55627    0.00000    0.55627
  31.50000    0.55228    0.00000    0.55228
  32.00000    0.54976    0.00000    0.54976
  32.50000    0.56997    0.00000    0.56997
  33.00000    0.58087    0.00000    0.58087
  33.50000    0.58306    0.00000    0.58306
  34.00000    0.56464    0.00000    0.56464
  34.50000    0.57336    0.00000    0.57336
  35.00000    0.61469    0.00000    0.61469
  35.50000    0.61792    0.00000    0.61792
  36.00000    0.60920    0.00000    0.60920
  36.50000    0.60116    0.00000    0.60116
  37.00000    0.59608    0.00000    0.59608
  37.50000    0.58179    0.00000    0.58179
  38.00000    0.59340    0.00000    0.59340
  38.50000    0.63154    0.00000    0.63154
  39.00000    0.59998    0.00000    0.59998
  39.50000    0.57243    0.00000    0.57243
  40.00000    0.56669    0.00000    0.56669
  40.50000    0.63546    0.00000    0.63546
  41.00000    0.64304    0.00000    0.64304
  41.50000    0.61719    0.00000    0.61719
  42.00000    0.58212    0.00000    0.58212
  42.50000    0.53523    0.00000    0.53523
  43.00000    0.54014    0.00000    0.54014
  43.50000    0.56007    0.00000    0.56007
  44.00000    0.62403    0.00000    0.62403
  44.50000    0.66876    0.00000    0.66876
  45.00000    0.62821    0.00000    0.62821
  45.50000    0.56933    0.00000    0.56933
  46.00000    0.55631    0.00000    0.55631
  46.50000    0.59181    0.00000    0.59181
  47.00000    0.58685    0.00000    0.58685
  47.50000    0.59846    0.00000    0.59846
  48.00000    0.58753    0.00000    0.58753
  48.50000    0.56289    0.00000    0.56289
  49.00000    0.59915    0.00000    0.59915
  49.50000    0.63596    0.00000    0.63596
  50.00000    0.61434    0.00000    0.61434
  50.50000    0.56797    0.00000    0.56797
  51.00000    0.55641    0.00000    0.55641
  51.50000    0.57843    0.00000    0.57843
  52.00000    0.61554    0.00000    0.61554
  52.50000    0.64741    0.00000    0.64741
  53.00000    0.60521    0.00000    0.60521
  53.50000    0.56881    0.00000    0.56881
  54.00000    0.57484    0.00000    0.57484
  54.50000    0.62708    0.00000    0.62708
  55.00000    0.62928    0.00000    0.62928
  55.50000    0.62694    0.00000    0.62694
  56.00000    0.57765    0.00000    0.57765
  56.50000    0.55632    0.00000    0.55632
  57.00000    0.55344    0.00000    0.55344
  57.50000    0.60336    0.00000    0.60336
  58.00000    0.63981    0.00000    0.63981
  58.50000    0.64840    0.00000    0.64840
  59.00000    0.63068    0.00000    0.63068
  59.50000    0.58052    0.00000    0.58052
  60.00000    0.57632    0.00000    0.57632
  60.50000    0.62362    0.00000    0.62362
  61.00000    0.66837    0.00000    0.66837
  61.50000    0.64529    0.00000    0.64529
  62.00000    0.62624    0.00000    0.62624
  62.50000    0.57815    0.00000    0.57815
  63.00000    0.59583    0.00000    0.59583
  63.50000    0.64251    0.00000    0.64251
  64.00000    0.66933    0.00000    0.66933
  64.50000    0.60048    0.00000    0.60048
  65.00000    0.59974    0.00000    0.59974
  65.50000    0.66322    0.00000    0.66322
  66.00000    0.66082    0.00000    0.66082
  66.50000    0.62743    0.00000    0.62743
  67.00000    0.59731    0.00000    0.59731
  67.50000    0.63819    0.00000    0.63819
  68.00000    0.64228    0.00000    0.64228
  68.50000    0.63411    0.00000    0.63411
  69.00000    0.58049    0.00000    0.58049
  69.50000    0.52362    0.00000    0.52362
  70.00000    0.52373    0.00000    0.52373
  70.50000    0.53449    0.00000    0.53449
  71.00000    0.58127    0.00000    0.58127
  71.50000    0.55442    0.00000    0.55442
  72.00000    0.54960    0.00000    0.54960
  72.50000    0.55145    0.00000    0.55145
  73.00000    0.60299    0.00000    0.60299
  73.50000    0.63278    0.00000    0.63278
  74.00000    0.63430    0.00000    0.63430
  74.50000    0.64432    0.00000    0.64432
  75.00000    0.59761    0.00000    0.59761
  75.50000    0.57457    0.00000    0.57457
  76.00000    0.56456    0.00000    0.56456
  76.50000    0.60436    0.00000    0.60436
  77.00000    0.59895    0.00000    0.59895
  77.50000    0.60676    0.00000    0.60676
  78.00000    0.56441    0.00000    0.56441
  78.50000    0.54303    0.00000    0.54303
  79.00000    0.53964    0.00000    0.53964
  79.50000    0.56955    0.00000    0.56955
  80.00000    0.62017    0.00000    0.62017
  80.50000    0.62582    0.00000    0.62582
  81.00000    0.59262    0.00000    0.59262
  81.50000    0.54617    0.00000    0.54617
  82.00000    0.56981    0.00000    0.56981
  82.50000    0.60303    0.00000    0.60303
  83.00000    0.61820    0.00000    0.61820
  83.50000    0.58086    0.00000    0.58086
  84.00000    0.60373    0.00000    0.60373
  84.50000    0.65786    0.00000    0.65786
  85.00000    0.66565    0.00000    0.66565
  85.50000    0.60694    0.00000    0.60694
  86.00000    0.59005    0.00000    0.59005
  86.50000    0.60239    0.00000    0.60239
  87.00000    0.58325    0.00000    0.58325
  87.50000    0.57815    0.00000    0.57815
  88.00000    0.58225    0.00000    0.58225
  88.50000    0.58024    0.00000    0.58024
  89.00000    0.57709    0.00000    0.57709
  89.50000    0.60775    0.00000    0.60775
  90.00000    0.60964    0.00000    0.60964
  90.50000    0.58890    0.00000    0.58890
  91.00000    0.55881    0.00000    0.55881
  91.50000    0.56098    0.00000    0.56098
  92.00000    0.60585    0.00000    0.60585
  92.50000    0.63841    0.00000    0.63841
  93.00000    0.63030    0.00000    0.63030
  93.50000    0.57338    0.00000    0.57338
  94.00000    0.54946    0.00000    0.54946
  94.50000    0.53497    0.00000    0.53497
  95.00000    0.52035    0.00000    0.52035
  95.50000    0.58326    0.00000    0.58326
  96.00000    0.61195    0.00000    0.61195
  96.50000    0.65364    0.00000    0.65364
  97.00000    0.60591    0.00000    0.60591
  97.50000    0.59767    0.00000    0.59767
  98.00000    0.55392    0.00000    0.55392
  98.50000    0.55835    0.00000    0.55835
  99.00000    0.57737    0.00000    0.57737
  99.50000    0.61511    0.00000    0.61511
 100.00000    0.61215    0.00000    0.61215
 100.50000    0.58852    0.00000    0.58852
 101.00000    0.61259    0.00000    0.61259
 101.50000    0.61478    0.00000    0.61478
 102.00000    0.55800    0.00000    0.55800
 102.50000    0.51058    0.00000    0.51058
 103.00000    0.56992    0.00000    0.56992
 103.50000    0.59009    0.00000    0.59009
 104.00000    0.57530    0.00000    0.57530
 104.50000    0.56356    0.00000    0.56356
 105.00000    0.61769    0.00000    0.61769
 105.50000    0.61162    0.00000    0.61162
 106.00000    0.58431    0.00000    0.58431
 106.50000    0.55559    0.00000    0.55559
 107.00000    0.60783    0.00000    0.60783
 107.50000    0.62110    0.00000    0.62110
 108.00000    0.63150    0.00000    0.63150
 108.50000    0.61684    0.00000    0.61684
 109.00000    0.62982    0.00000    0.62982
 109.50000    0.62725    0.00000    0.62725
 110.00000    0.60162    0.00000    0.60162
 110.50000    0.59960    0.00000    0.59960
 111.00000    0.59433    0.00000    0.59433
 111.50000    0.60628    0.00000    0.60628
 112.00000    0.58253    0.00000    0.58253
 112.50000    0.59305    0.00000    0.59305
 113.00000    0.60418    0.00000    0.60418
 113.50000    0.58314    0.00000    0.58314
 114.00000    0.57664    0.00000    0.57664
 114.50000    0.57879    0.00000    0.57879
 115.00000    0.58530    0.00000    0.58530
 115.50000    0.59427    0.00000    0.59427
 116.00000    0.65040    0.00000    0.65040
 116.50000    0.68653    0.00000    0.68653
 117.00000    0.64251    0.00000    0.64251
 117.50000    0.59663    0.00000    0.59663
 118.00000    0.59551    0.00000    0.59551
 118.50000    0.62884    0.00000    0.62884
 119.00000    0.61588    0.00000    0.61588
 119.50000    0.62960    0.00000    0.62960
 120.00000    0.65419    0.00000    0.65419
 120.50000    0.60072    0.00000    0.60072
 121.00000    0.59780    0.00000    0.59780
 121.50000    0.60555    0.00000    0.60555
 122.00000    0.62666    0.00000    0.62666
 122.50000    0.57001    0.00000    0.57001
 123.00000    0.60325    0.00000    0.60325
 123.50000    0.56861    0.00000    0.56861
 124.00000    0.56256    0.00000    0.56256
 124.50000    0.55506    0.00000    0.55506
 125.00000    0.60753    0.00000    0.60753
 125.50000    0.62067    0.00000    0.62067
 126.00000    0.60876    0.00000    0.60876
 126.50000    0.58291    0.00000    0.58291
 127.00000    0.60331    0.00000    0.60331
 127.50000    0.61296    0.00000    0.61296
 128.00000    0.56774    0.00000    0.56774
 128.50000    0.52580    0.00000    0.52580
 129.00000    0.53644    0.00000    0.53644
 129.50000    0.60480    0.00000    0.60480
 130.00000    0.63170    0.00000    0.63170
 130.50000    0.61069    0.00000    0.61069
 131.00000    0.57458    0.00000    0.57458
 131.50000    0.59141    0.00000    0.59141
 132.00000    0.59924    0.00000    0.59924
 132.50000    0.58989    0.00000    0.58989
 133.00000    0.55704    0.00000    0.55704
 133.50000    0.58879    0.00000    0.58879
 134.00000    0.60830    0.00000    0.60830
 134.50000    0.60065    0.00000    0.60065
 135.00000    0.60117    0.00000    0.60117
 135.50000    0.64895    0.00000    0.64895
 136.00000    0.62360    0.00000    0.62360
 136.50000    0.56168    0.00000    0.56168
 137.00000    0.56745    0.00000    0.56745
 137.50000    0.61145    0.00000    0.61145
 138.00000    0.59528    0.00000    0.59528
 138.50000    0.56450    0.00000    0.56450
 139.00000    0.57376    0.00000    0.57376
 139.50000    0.60937    0.00000    0.60937
 140.00000    0.60342    0.00000    0.60342
 140.50000    0.58627    0.00000    0.58627
 141.00000    0.61336    0.00000    0.61336
 141.50000    0.57244    0.00000    0.57244
 142.00000    0.59528    0.00000    0.59528
 142.50000    0.61666    0.00000    0.61666
 143.00000    0.67709    0.00000    0.67709
 143.50000    0.66550    0.00000    0.66550
 144.00000    0.64137    0.00000    0.64137
 144.50000    0.55359    0.00000    0.55359
 145.00000    0.56796    0.00000    0.56796
 145.50000    0.60703    0.00000    0.60703
 146.00000    0.59278    0.00000    0.59278
 146.50000    0.55151    0.00000    0.55151
 147.00000    0.61331    0.00000    0.61331
 147.50000    0.64229    0.00000    0.64229
 148.00000    0.60419    0.00000    0.60419
 148.50000    0.57221    0.00000    0.57221
 149.00000    0.55682    0.00000    0.55682
 149.50000    0.56122    0.00000    0.56122
 150.00000    0.54935    0.00000    0.54935
