   0.00000    0.51842    0.00000    0.51842
   0.50000    0.59333    0.00000    0.59333
   1.00000    0.62053    0.00000    0.62053
   1.50000    0.62610    0.00000    0.62610
   2.00000    0.67160    0.00000    0.67160
   2.50000    0.64720    0.00000    0.64720
   3.00000    0.61437    0.00000    0.61437
   3.50000    0.57648    0.00000    0.57648
   4.00000    0.57546    0.00000    0.57546
   4.50000    0.58538    0.00000    0.58538
   5.00000    0.57104    0.00000    0.57104
   5.50000    0.59109    0.00000    0.59109
   6.00000    0.60376    0.00000    0.60376
   6.50000    0.66538    0.00000    0.66538
   7.00000    0.65628    0.00000    0.65628
   7.50000    0.61033    0.00000    0.61033
   8.00000    0.57165    0.00000    0.57165
   8.50000    0.58229    0.00000    0.58229
   9.00000    0.59781    0.00000    0.59781
   9.50000    0.58898    0.00000    0.58898
  10.00000    0.60372    0.00000    0.60372
  10.50000    0.61532    0.00000    0.61532
  11.00000    0.62970    0.00000    0.62970
  11.50000    0.63484    0.00000    0.63484
  12.00000    0.61669    0.00000    0.61669
  12.50000    0.60264    0.00000    0.60264
  13.00000    0.55237    0.00000    0.55237
  13.50000    0.56912    0.00000    0.56912
  14.00000    0.57635    0.00000    0.57635
  14.50000    0.58883    0.00000    0.58883
  15.00000    0.58166    0.00000    0.58166
  15.50000    0.64691    0.00000    0.64691
  16.00000    0.62782    0.00000    0.62782
  16.50000    0.59376    0.00000    0.59376
  17.00000    0.61010    0.00000    0.61010
  17.50000    0.60663    0.00000    0.60663
  18.00000    0.57528    0.00000    0.57528
  18.50000    0.57545    0.00000    0.57545
  19.00000    0.58954    0.00000    0.58954
  19.50000    0.58019    0.00000    0.58019
  20.00000    0.59433    0.00000    0.59433
  20.50000    0.61276    0.00000    0.61276
  21.00000    0.58407    0.00000    0.58407
  21.50000    0.59187    0.00000    0.59187
  22.00000    0.61622    0.00000    0.61622
  22.50000    0.59883    0.00000    0.59883
  23.00000    0.59506    0.00000    0.59506
  23.50000    0.63913    0.00000    0.63913
  24.00000    0.67146    0.00000    0.67146
  24.50000    0.62463    0.00000    0.62463
  25.00000    0.57383    0.00000    0.57383
  25.50000    0.58469    0.00000    0.58469
  26.00000    0.57256    0.00000    0.57256
  26.50000    0.56067    0.00000    0.56067
  27.00000    0.56741    0.00000    0.56741
  27.50000    0.61439    0.00000    0.61439
  28.00000    0.60078    0.00000    0.60078
  28.50000    0.56552    0.00000    0.56552
  29.00000    0.59602    0.00000    0.59602
  29.50000    0.63915    0.00000    0.63915
  30.00000    0.62630    0.00000    0.62630
  30.50000    0.60132    0.00000    0.60132
  31.00000    0.56973    0.00000    0.56973
  31.50000    0.56584    0.00000    0.56584
  32.00000    0.55687    0.00000    0.55687
  32.50000    0.58023    0.00000    0.58023
  33.00000    0.58177    0.00000    0.58177
  33.50000    0.58767    0.00000    0.58767
  34.00000    0.57079    0.00000    0.57079
  34.50000    0.59165    0.00000    0.59165
  35.00000    0.62574    0.00000    0.62574
  35.50000    0.62099    0.00000    0.62099
  36.00000    0.60889    0.00000    0.60889
  36.50000    0.60893    0.00000    0.60893
  37.00000    0.60439    0.00000    0.60439
  37.50000    0.59424    0.00000    0.59424
  38.00000    0.60938    0.00000    0.60938
  38.50000    0.65196    0.00000    0.65196
  39.00000    0.61524    0.00000    0.61524
  39.50000    0.58425    0.00000    0.58425
  40.00000    0.57273    0.00000    0.57273
  40.50000    0.64775    0.00000    0.64775
  41.00000    0.65379    0.00000    0.65379
  41.50000    0.62320    0.00000    0.62320
  42.00000    0.58694    0.00000    0.58694
  42.50000    0.54822    0.00000    0.54822
  43.00000    0.54985    0.00000    0.54985
  43.50000    0.57010    0.00000    0.57010
  44.00000    0.63120    0.00000    0.63120
  44.50000    0.67419    0.00000    0.67419
  45.00000    0.62981    0.00000    0.62981
  45.50000    0.57805    0.00000    0.57805
  46.00000    0.56078    0.00000    0.56078
  46.50000    0.59933    0.00000    0.59933
  47.00000    0.59730    0.00000    0.59730
  47.50000    0.61157    0.00000    0.61157
  48.00000    0.59937    0.00000    0.59937
  48.50000    0.57540    0.00000    0.57540
  49.00000    0.60275    0.00000    0.60275
  49.50000    0.64107    0.00000    0.64107
  50.00000    0.62347    0.00000    0.62347
  50.50000    0.58251    0.00000    0.58251
  51.00000    0.56829    0.00000    0.56829
  51.50000    0.59262    0.00000    0.59262
  52.00000    0.62801    0.00000    0.62801
  52.50000    0.65553    0.00000    0.65553
  53.00000    0.60429    0.00000    0.60429
  53.50000    0.56612    0.00000    0.56612
  54.00000    0.57898    0.00000    0.57898
  54.50000    0.64657    0.00000    0.64657
  55.00000    0.63707    0.00000    0.63707
  55.50000    0.63006    0.00000    0.63006
  56.00000    0.58049    0.00000    0.58049
  56.50000    0.57167    0.00000    0.57167
  57.00000    0.56162    0.00000    0.56162
  57.50000    0.61357    0.00000    0.61357
  58.00000    0.64964    0.00000    0.64964
  58.50000    0.65221    0.00000    0.65221
  59.00000    0.62437    0.00000    0.62437
  59.50000    0.58624    0.00000    0.58624
  60.00000    0.59082    0.00000    0.59082
  60.50000    0.62852    0.00000    0.62852
  61.00000    0.66023    0.00000    0.66023
  61.50000    0.63780    0.00000    0.63780
  62.00000    0.62091    0.00000    0.62091
  62.50000    0.57426    0.00000    0.57426
  63.00000    0.59346    0.00000    0.59346
  63.50000    0.64164    0.00000    0.64164
  64.00000    0.66611    0.00000    0.66611
  64.50000    0.59655    0.00000    0.59655
  65.00000    0.60325    0.00000    0.60325
  65.50000    0.68744    0.00000    0.68744
  66.00000    0.68330    0.00000    0.68330
  66.50000    0.64056    0.00000    0.64056
  67.00000    0.60553    0.00000    0.60553
  67.50000    0.65597    0.00000    0.65597
  68.00000    0.65496    0.00000    0.65496
  68.50000    0.64061    0.00000    0.64061
  69.00000    0.58536    0.00000    0.58536
  69.50000    0.53833    0.00000    0.53833
  70.00000    0.53825    0.00000    0.53825
  70.50000    0.55168    0.00000    0.55168
  71.00000    0.59353    0.00000    0.59353
  71.50000    0.56956    0.00000    0.56956
  72.00000    0.55942    0.00000    0.55942
  72.50000    0.56479    0.00000    0.56479
  73.00000    0.60896    0.00000    0.60896
  73.50000    0.63839    0.00000    0.63839
  74.00000    0.64237    0.00000    0.64237
  74.50000    0.65848    0.00000    0.65848
  75.00000    0.61408    0.00000    0.61408
  75.50000    0.58417    0.00000    0.58417
  76.00000    0.56635    0.00000    0.56635
  76.50000    0.60326    0.00000    0.60326
  77.00000    0.61247    0.00000    0.61247
  77.50000    0.61537    0.00000    0.61537
  78.00000    0.57156    0.00000    0.57156
  78.50000    0.54364    0.00000    0.54364
  79.00000    0.54585    0.00000    0.54585
  79.50000    0.57247    0.00000    0.57247
  80.00000    0.62353    0.00000    0.62353
  80.50000    0.63706    0.00000    0.63706
  81.00000    0.60417    0.00000    0.60417
  81.50000    0.56083    0.00000    0.56083
  82.00000    0.57869    0.00000    0.57869
  82.50000    0.60339    0.00000    0.60339
  83.00000    0.61939    0.00000    0.61939
  83.50000    0.59115    0.00000    0.59115
  84.00000    0.61211    0.00000    0.61211
  84.50000    0.66081    0.00000    0.66081
  85.00000    0.67130    0.00000    0.67130
  85.50000    0.61843    0.00000    0.61843
  86.00000    0.59738    0.00000    0.59738
  86.50000    0.61297    0.00000    0.61297
  87.00000    0.58315    0.00000    0.58315
  87.50000    0.57854    0.00000    0.57854
  88.00000    0.58744    0.00000    0.58744
  88.50000    0.59838    0.00000    0.59838
  89.00000    0.58999    0.00000    0.58999
  89.50000    0.62156    0.00000    0.62156
  90.00000    0.61241    0.00000    0.61241
  90.50000    0.58983    0.00000    0.58983
  91.00000    0.56334    0.00000    0.56334
  91.50000    0.57605    0.00000    0.57605
  92.00000    0.61288    0.00000    0.61288
  92.50000    0.64430    0.00000    0.64430
  93.00000    0.63587    0.00000    0.63587
  93.50000    0.58166    0.00000    0.58166
  94.00000    0.55286    0.00000    0.55286
  94.50000    0.55406    0.00000    0.55406
  95.00000    0.54455    0.00000    0.54455
  95.50000    0.60690    0.00000    0.60690
  96.00000    0.62767    0.00000    0.62767
  96.50000    0.66531    0.00000    0.66531
  97.00000    0.61341    0.00000    0.61341
  97.50000    0.60251    0.00000    0.60251
  98.00000    0.55950    0.00000    0.55950
  98.50000    0.55405    0.00000    0.55405
  99.00000    0.57076    0.00000    0.57076
  99.50000    0.61880    0.00000    0.61880
 100.00000    0.62522    0.00000    0.62522
 100.50000    0.60250    0.00000    0.60250
 101.00000    0.62299    0.00000    0.62299
 101.50000    0.61327    0.00000    0.61327
 102.00000    0.55524    0.00000    0.55524
 102.50000    0.51028    0.00000    0.51028
 103.00000    0.57988    0.00000    0.57988
 103.50000    0.59610    0.00000    0.59610
 104.00000    0.58897    0.00000    0.58897
 104.50000    0.57672    0.00000    0.57672
 105.00000    0.62992    0.00000    0.62992
 105.50000    0.61453    0.00000    0.61453
 106.00000    0.58121    0.00000    0.58121
 106.50000    0.55331    0.00000    0.55331
 107.00000    0.60827    0.00000    0.60827
 107.50000    0.62707    0.00000    0.62707
 108.00000    0.64342    0.00000    0.64342
 108.50000    0.63633    0.00000    0.63633
 109.00000    0.64323    0.00000    0.64323
 109.50000    0.63124    0.00000    0.63124
 110.00000    0.60080    0.00000    0.60080
 110.50000    0.59991    0.00000    0.59991
 111.00000    0.60128    0.00000    0.60128
 111.50000    0.61470    0.00000    0.61470
 112.00000    0.59602    0.00000    0.59602
 112.50000    0.60685    0.00000    0.60685
 113.00000    0.61451    0.00000    0.61451
 113.50000    0.58923    0.00000    0.58923
 114.00000    0.59141    0.00000    0.59141
 114.50000    0.59294    0.00000    0.59294
 115.00000    0.59106    0.00000    0.59106
 115.50000    0.59014    0.00000    0.59014
 116.00000    0.65108    0.00000    0.65108
 116.50000    0.68240    0.00000    0.68240
 117.00000    0.64787    0.00000    0.64787
 117.50000    0.60406    0.00000    0.60406
 118.00000    0.60708    0.00000    0.60708
 118.50000    0.63639    0.00000    0.63639
 119.00000    0.62883    0.00000    0.62883
 119.50000    0.63749    0.00000    0.63749
 120.00000    0.66671    0.00000    0.66671
 120.50000    0.61832    0.00000    0.61832
 121.00000    0.61348    0.00000    0.61348
 121.50000    0.60536    0.00000    0.60536
 122.00000    0.63628    0.00000    0.63628
 122.50000    0.58872    0.00000    0.58872
 123.00000    0.62309    0.00000    0.62309
 123.50000    0.58032    0.00000    0.58032
 124.00000    0.57278    0.00000    0.57278
 124.50000    0.55880    0.00000    0.55880
 125.00000    0.60908    0.00000    0.60908
 125.50000    0.62904    0.00000    0.62904
 126.00000    0.62887    0.00000    0.62887
 126.50000    0.60066    0.00000    0.60066
 127.00000    0.61707    0.00000    0.61707
 127.50000    0.62105    0.00000    0.62105
 128.00000    0.58686    0.00000    0.58686
 128.50000    0.54001    0.00000    0.54001
 129.00000    0.54346    0.00000    0.54346
 129.50000    0.59834    0.00000    0.59834
 130.00000    0.63596    0.00000    0.63596
 130.50000    0.62056    0.00000    0.62056
 131.00000    0.58259    0.00000    0.58259
 131.50000    0.59621    0.00000    0.59621
 132.00000    0.60766    0.00000    0.60766
 132.50000    0.60167    0.00000    0.60167
 133.00000    0.57780    0.00000    0.57780
 133.50000    0.61801    0.00000    0.61801
 134.00000    0.63138    0.00000    0.63138
 134.50000    0.61635    0.00000    0.61635
 135.00000    0.61108    0.00000    0.61108
 135.50000    0.65060    0.00000    0.65060
 136.00000    0.61529    0.00000    0.61529
 136.50000    0.56367    0.00000    0.56367
 137.00000    0.57534    0.00000    0.57534
 137.50000    0.62676    0.00000    0.62676
 138.00000    0.60478    0.00000    0.60478
 138.50000    0.57906    0.00000    0.57906
 139.00000    0.57804    0.00000    0.57804
 139.50000    0.61637    0.00000    0.61637
 140.00000    0.61339    0.00000    0.61339
 140.50000    0.60048    0.00000    0.60048
 141.00000    0.62153    0.00000    0.62153
 141.50000    0.58704    0.00000    0.58704
 142.00000    0.62068    0.00000    0.62068
 142.50000    0.63794    0.00000    0.63794
 143.00000    0.69112    0.00000    0.69112
 143.50000    0.67203    0.00000    0.67203
 144.00000    0.65292    0.00000    0.65292
 144.50000    0.57234    0.00000    0.57234
 145.00000    0.58717    0.00000    0.58717
 145.50000    0.62284    0.00000    0.62284
 146.00000    0.60651    0.00000    0.60651
 146.50000    0.56382    0.00000    0.56382
 147.00000    0.62508    0.00000    0.62508
 147.50000    0.65619    0.00000    0.65619
 148.00000    0.62228    0.00000    0.62228
 148.50000    0.57923    0.00000    0.57923
 149.00000    0.56719    0.00000    0.56719
 149.50000    0.57443    0.00000    0.57443
 150.00000    0.56333    0.00000    0.56333
