   0.00000    0.44137    0.00000    0.44137
   0.50000    0.50501    0.00000    0.50501
   1.00000    0.48546    0.00000    0.48546
   1.50000    0.48977    0.00000    0.48977
   2.00000    0.51629    0.00000    0.51629
   2.50000    0.51402    0.00000    0.51402
   3.00000    0.50584    0.00000    0.50584
   3.50000    0.53044    0.00000    0.53044
   4.00000    0.50794    0.00000    0.50794
   4.50000    0.51367    0.00000    0.51367
   5.00000    0.48294    0.00000    0.48294
   5.50000    0.49052    0.00000    0.49052
   6.00000    0.46657    0.00000    0.46657
   6.50000    0.51636    0.00000    0.51636
   7.00000    0.51861    0.00000    0.51861
   7.50000    0.50478    0.00000    0.50478
   8.00000    0.46681    0.00000    0.46681
   8.50000    0.48882    0.00000    0.48882
   9.00000    0.50268    0.00000    0.50268
   9.50000    0.51219    0.00000    0.51219
  10.00000    0.52772    0.00000    0.52772
  10.50000    0.53352    0.00000    0.53352
  11.00000    0.51101    0.00000    0.51101
  11.50000    0.48270    0.00000    0.48270
  12.00000    0.47535    0.00000    0.47535
  12.50000    0.49603    0.00000    0.49603
  13.00000    0.48372    0.00000    0.48372
  13.50000    0.47637    0.00000    0.47637
  14.00000    0.46014    0.00000    0.46014
  14.50000    0.48981    0.00000    0.48981
  15.00000    0.49840    0.00000    0.49840
  15.50000    0.51618    0.00000    0.51618
  16.00000    0.50266    0.00000    0.50266
  16.50000    0.49645    0.00000    0.49645
  17.00000    0.50098    0.00000    0.50098
  17.50000    0.50339    0.00000    0.50339
  18.00000    0.50705    0.00000    0.50705
  18.50000    0.52928    0.00000    0.52928
  19.00000    0.54568    0.00000    0.54568
  19.50000    0.51387    0.00000    0.51387
  20.00000    0.48388    0.00000    0.48388
  20.50000    0.48096    0.00000    0.48096
  21.00000    0.48903    0.00000    0.48903
  21.50000    0.48813    0.00000    0.48813
  22.00000    0.49723    0.00000    0.49723
  22.50000    0.50280    0.00000    0.50280
  23.00000    0.51364    0.00000    0.51364
  23.50000    0.52710    0.00000    0.52710
  24.00000    0.55165    0.00000    0.55165
  24.50000    0.54269    0.00000    0.54269
  25.00000    0.52551    0.00000    0.52551
  25.50000    0.50768    0.00000    0.50768
  26.00000    0.51045    0.00000    0.51045
  26.50000    0.50822    0.00000    0.50822
  27.00000    0.50728    0.00000    0.50728
  27.50000    0.48264    0.00000    0.48264
  28.00000    0.47503    0.00000    0.47503
  28.50000    0.47563    0.00000    0.47563
  29.00000    0.51875    0.00000    0.51875
  29.50000    0.53413    0.00000    0.53413
  30.00000    0.51909    0.00000    0.51909
  30.50000    0.49022    0.00000    0.49022
  31.00000    0.47530    0.00000    0.47530
  31.50000    0.48149    0.00000    0.48149
  32.00000    0.48955    0.00000    0.48955
  32.50000    0.51841    0.00000    0.51841
  33.00000    0.52875    0.00000    0.52875
  33.50000    0.52502    0.00000    0.52502
  34.00000    0.51782    0.00000    0.51782
  34.50000    0.50601    0.00000    0.50601
  35.00000    0.49512    0.00000    0.49512
  35.50000    0.49050    0.00000    0.49050
  36.00000    0.51708    0.00000    0.51708
  36.50000    0.51540    0.00000    0.51540
  37.00000    0.51223    0.00000    0.51223
  37.50000    0.50394    0.00000    0.50394
  38.00000    0.52867    0.00000    0.52867
  38.50000    0.54934    0.00000    0.54934
  39.00000    0.53612    0.00000    0.53612
  39.50000    0.48861    0.00000    0.48861
  40.00000    0.48801    0.00000    0.48801
  40.50000    0.53415    0.00000    0.53415
  41.00000    0.57993    0.00000    0.57993
  41.50000    0.56050    0.00000    0.56050
  42.00000    0.53884    0.00000    0.53884
  42.50000    0.50182    0.00000    0.50182
  43.00000    0.50576    0.00000    0.50576
  43.50000    0.48845    0.00000    0.48845
  44.00000    0.50902    0.00000    0.50902
  44.50000    0.52336    0.00000    0.52336
  45.00000    0.51143    0.00000    0.51143
  45.50000    0.48810    0.00000    0.48810
  46.00000    0.49994    0.00000    0.49994
  46.50000    0.50375    0.00000    0.50375
  47.00000    0.51789    0.00000    0.51789
  47.50000    0.53906    0.00000    0.53906
  48.00000    0.56261    0.00000    0.56261
  48.50000    0.51036    0.00000    0.51036
  49.00000    0.51472    0.00000    0.51472
  49.50000    0.51134    0.00000    0.51134
  50.00000    0.52085    0.00000    0.52085
  50.50000    0.51867    0.00000    0.51867
  51.00000    0.52537    0.00000    0.52537
  51.50000    0.51775    0.00000    0.51775
  52.00000    0.49985    0.00000    0.49985
  52.50000    0.52420    0.00000    0.52420
  53.00000    0.50235    0.00000    0.50235
  53.50000    0.47520    0.00000    0.47520
  54.00000    0.48025    0.00000    0.48025
  54.50000    0.50963    0.00000    0.50963
  55.00000    0.52022    0.00000    0.52022
  55.50000    0.52844    0.00000    0.52844
  56.00000    0.52608    0.00000    0.52608
  56.50000    0.49130    0.00000    0.49130
  57.00000    0.47000    0.00000    0.47000
  57.50000    0.51140    0.00000    0.51140
  58.00000    0.54779    0.00000    0.54779
  58.50000    0.53861    0.00000    0.53861
  59.00000    0.49027    0.00000    0.49027
  59.50000    0.48048    0.00000    0.48048
  60.00000    0.48854    0.00000    0.48854
  60.50000    0.47673    0.00000    0.47673
  61.00000    0.50772    0.00000    0.50772
  61.50000    0.52183    0.00000    0.52183
  62.00000    0.54998    0.00000    0.54998
  62.50000    0.48756    0.00000    0.48756
  63.00000    0.50693    0.00000    0.50693
  63.50000    0.52733    0.00000    0.52733
  64.00000    0.55725    0.00000    0.55725
  64.50000    0.51656    0.00000    0.51656
  65.00000    0.49058    0.00000    0.49058
  65.50000    0.52091    0.00000    0.52091
  66.00000    0.53297    0.00000    0.53297
  66.50000    0.51741    0.00000    0.51741
  67.00000    0.48577    0.00000    0.48577
  67.50000    0.52966    0.00000    0.52966
  68.00000    0.54145    0.00000    0.54145
  68.50000    0.51814    0.00000    0.51814
  69.00000    0.47535    0.00000    0.47535
  69.50000    0.48206    0.00000    0.48206
  70.00000    0.48627    0.00000    0.48627
  70.50000    0.50121    0.00000    0.50121
  71.00000    0.49839    0.00000    0.49839
  71.50000    0.48691    0.00000    0.48691
  72.00000    0.47849    0.00000    0.47849
  72.50000    0.49116    0.00000    0.49116
  73.00000    0.52122    0.00000    0.52122
  73.50000    0.53684    0.00000    0.53684
  74.00000    0.54641    0.00000    0.54641
  74.50000    0.56134    0.00000    0.56134
  75.00000    0.52537    0.00000    0.52537
  75.50000    0.48577    0.00000    0.48577
  76.00000    0.45774    0.00000    0.45774
  76.50000    0.48864    0.00000    0.48864
  77.00000    0.50273    0.00000    0.50273
  77.50000    0.53255    0.00000    0.53255
  78.00000    0.52646    0.00000    0.52646
  78.50000    0.48533    0.00000    0.48533
  79.00000    0.47682    0.00000    0.47682
  79.50000    0.45989    0.00000    0.45989
  80.00000    0.50510    0.00000    0.50510
  80.50000    0.52459    0.00000    0.52459
  81.00000    0.51623    0.00000    0.51623
  81.50000    0.47103    0.00000    0.47103
  82.00000    0.45850    0.00000    0.45850
  82.50000    0.49529    0.00000    0.49529
  83.00000    0.50844    0.00000    0.50844
  83.50000    0.50171    0.00000    0.50171
  84.00000    0.49285    0.00000    0.49285
  84.50000    0.52599    0.00000    0.52599
  85.00000    0.53520    0.00000    0.53520
  85.50000    0.49586    0.00000    0.49586
  86.00000    0.46925    0.00000    0.46925
  86.50000    0.47951    0.00000    0.47951
  87.00000    0.49601    0.00000    0.49601
  87.50000    0.51639    0.00000    0.51639
  88.00000    0.51736    0.00000    0.51736
  88.50000    0.52025    0.00000    0.52025
  89.00000    0.52298    0.00000    0.52298
  89.50000    0.53220    0.00000    0.53220
  90.00000    0.52953    0.00000    0.52953
  90.50000    0.52235    0.00000    0.52235
  91.00000    0.51365    0.00000    0.51365
  91.50000    0.50743    0.00000    0.50743
  92.00000    0.50953    0.00000    0.50953
  92.50000    0.48764    0.00000    0.48764
  93.00000    0.48895    0.00000    0.48895
  93.50000    0.47314    0.00000    0.47314
  94.00000    0.47298    0.00000    0.47298
  94.50000    0.45227    0.00000    0.45227
  95.00000    0.48660    0.00000    0.48660
  95.50000    0.52523    0.00000    0.52523
  96.00000    0.55191    0.00000    0.55191
  96.50000    0.53695    0.00000    0.53695
  97.00000    0.52027    0.00000    0.52027
  97.50000    0.51529    0.00000    0.51529
  98.00000    0.49872    0.00000    0.49872
  98.50000    0.50281    0.00000    0.50281
  99.00000    0.50118    0.00000    0.50118
  99.50000    0.51418    0.00000    0.51418
 100.00000    0.51041    0.00000    0.51041
 100.50000    0.52873    0.00000    0.52873
 101.00000    0.55061    0.00000    0.55061
 101.50000    0.52670    0.00000    0.52670
 102.00000    0.48175    0.00000    0.48175
 102.50000    0.43551    0.00000    0.43551
 103.00000    0.48206    0.00000    0.48206
 103.50000    0.47335    0.00000    0.47335
 104.00000    0.47649    0.00000    0.47649
 104.50000    0.47059    0.00000    0.47059
 105.00000    0.54015    0.00000    0.54015
 105.50000    0.54071    0.00000    0.54071
 106.00000    0.52246    0.00000    0.52246
 106.50000    0.50938    0.00000    0.50938
 107.00000    0.54542    0.00000    0.54542
 107.50000    0.54255    0.00000    0.54255
 108.00000    0.55477    0.00000    0.55477
 108.50000    0.53848    0.00000    0.53848
 109.00000    0.53287    0.00000    0.53287
 109.50000    0.50202    0.00000    0.50202
 110.00000    0.50897    0.00000    0.50897
 110.50000    0.48943    0.00000    0.48943
 111.00000    0.48247    0.00000    0.48247
 111.50000    0.49102    0.00000    0.49102
 112.00000    0.52450    0.00000    0.52450
 112.50000    0.53006    0.00000    0.53006
 113.00000    0.52554    0.00000    0.52554
 113.50000    0.49105    0.00000    0.49105
 114.00000    0.48231    0.00000    0.48231
 114.50000    0.46503    0.00000    0.46503
 115.00000    0.48242    0.00000    0.48242
 115.50000    0.49032    0.00000    0.49032
 116.00000    0.54723    0.00000    0.54723
 116.50000    0.53592    0.00000    0.53592
 117.00000    0.53188    0.00000    0.53188
 117.50000    0.50595    0.00000    0.50595
 118.00000    0.53854    0.00000    0.53854
 118.50000    0.52359    0.00000    0.52359
 119.00000    0.52708    0.00000    0.52708
 119.50000    0.52577    0.00000    0.52577
 120.00000    0.54511    0.00000    0.54511
 120.50000    0.50848    0.00000    0.50848
 121.00000    0.51475    0.00000    0.51475
 121.50000    0.50950    0.00000    0.50950
 122.00000    0.49671    0.00000    0.49671
 122.50000    0.47952    0.00000    0.47952
 123.00000    0.50252    0.00000    0.50252
 123.50000    0.48841    0.00000    0.48841
 124.00000    0.47045    0.00000    0.47045
 124.50000    0.46934    0.00000    0.46934
 125.00000    0.49668    0.00000    0.49668
 125.50000    0.52312    0.00000    0.52312
 126.00000    0.52708    0.00000    0.52708
 126.50000    0.48999    0.00000    0.48999
 127.00000    0.49863    0.00000    0.49863
 127.50000    0.50018    0.00000    0.50018
 128.00000    0.50349    0.00000    0.50349
 128.50000    0.48586    0.00000    0.48586
 129.00000    0.49777    0.00000    0.49777
 129.50000    0.50135    0.00000    0.50135
 130.00000    0.51287    0.00000    0.51287
 130.50000    0.47951    0.00000    0.47951
 131.00000    0.46669    0.00000    0.46669
 131.50000    0.47320    0.00000    0.47320
 132.00000    0.49877    0.00000    0.49877
 132.50000    0.50515    0.00000    0.50515
 133.00000    0.51319    0.00000    0.51319
 133.50000    0.51548    0.00000    0.51548
 134.00000    0.52525    0.00000    0.52525
 134.50000    0.51731    0.00000    0.51731
 135.00000    0.50209    0.00000    0.50209
 135.50000    0.52172    0.00000    0.52172
 136.00000    0.54406    0.00000    0.54406
 136.50000    0.53113    0.00000    0.53113
 137.00000    0.51511    0.00000    0.51511
 137.50000    0.52322    0.00000    0.52322
 138.00000    0.52128    0.00000    0.52128
 138.50000    0.48692    0.00000    0.48692
 139.00000    0.47871    0.00000    0.47871
 139.50000    0.49808    0.00000    0.49808
 140.00000    0.51680    0.00000    0.51680
 140.50000    0.50364    0.00000    0.50364
 141.00000    0.52063    0.00000    0.52063
 141.50000    0.48785    0.00000    0.48785
 142.00000    0.50344    0.00000    0.50344
 142.50000    0.52299    0.00000    0.52299
 143.00000    0.56698    0.00000    0.56698
 143.50000    0.56937    0.00000    0.56937
 144.00000    0.53497    0.00000    0.53497
 144.50000    0.49191    0.00000    0.49191
 145.00000    0.51032    0.00000    0.51032
 145.50000    0.55085    0.00000    0.55085
 146.00000    0.50872    0.00000    0.50872
 146.50000    0.46399    0.00000    0.46399
 147.00000    0.50323    0.00000    0.50323
 147.50000    0.51883    0.00000    0.51883
 148.00000    0.49381    0.00000    0.49381
 148.50000    0.47366    0.00000    0.47366
 149.00000    0.49072    0.00000    0.49072
 149.50000    0.49067    0.00000    0.49067
 150.00000    0.42709    0.00000    0.42709
