   0.00000    0.51695    0.00000    0.51695
   0.50000    0.54279    0.00000    0.54279
   1.00000    0.55530    0.00000    0.55530
   1.50000    0.54727    0.00000    0.54727
   2.00000    0.55262    0.00000    0.55262
   2.50000    0.53713    0.00000    0.53713
   3.00000    0.56287    0.00000    0.56287
   3.50000    0.58626    0.00000    0.58626
   4.00000    0.57467    0.00000    0.57467
   4.50000    0.54965    0.00000    0.54965
   5.00000    0.51280    0.00000    0.51280
   5.50000    0.52557    0.00000    0.52557
   6.00000    0.52026    0.00000    0.52026
   6.50000    0.56727    0.00000    0.56727
   7.00000    0.55394    0.00000    0.55394
   7.50000    0.52120    0.00000    0.52120
   8.00000    0.49203    0.00000    0.49203
   8.50000    0.52784    0.00000    0.52784
   9.00000    0.55674    0.00000    0.55674
   9.50000    0.56062    0.00000    0.56062
  10.00000    0.56107    0.00000    0.56107
  10.50000    0.56692    0.00000    0.56692
  11.00000    0.56140    0.00000    0.56140
  11.50000    0.55507    0.00000    0.55507
  12.00000    0.52928    0.00000    0.52928
  12.50000    0.53401    0.00000    0.53401
  13.00000    0.51544    0.00000    0.51544
  13.50000    0.52191    0.00000    0.52191
  14.00000    0.53432    0.00000    0.53432
  14.50000    0.55370    0.00000    0.55370
  15.00000    0.57864    0.00000    0.57864
  15.50000    0.61151    0.00000    0.61151
  16.00000    0.58368    0.00000    0.58368
  16.50000    0.53117    0.00000    0.53117
  17.00000    0.53027    0.00000    0.53027
  17.50000    0.54644    0.00000    0.54644
  18.00000    0.54678    0.00000    0.54678
  18.50000    0.56930    0.00000    0.56930
  19.00000    0.59652    0.00000    0.59652
  19.50000    0.57922    0.00000    0.57922
  20.00000    0.54394    0.00000    0.54394
  20.50000    0.52158    0.00000    0.52158
  21.00000    0.53318    0.00000    0.53318
  21.50000    0.54236    0.00000    0.54236
  22.00000    0.55968    0.00000    0.55968
  22.50000    0.53340    0.00000    0.53340
  23.00000    0.53301    0.00000    0.53301
  23.50000    0.55418    0.00000    0.55418
  24.00000    0.58350    0.00000    0.58350
  24.50000    0.54675    0.00000    0.54675
  25.00000    0.50102    0.00000    0.50102
  25.50000    0.51872    0.00000    0.51872
  26.00000    0.54557    0.00000    0.54557
  26.50000    0.53432    0.00000    0.53432
  27.00000    0.52798    0.00000    0.52798
  27.50000    0.53745    0.00000    0.53745
  28.00000    0.54395    0.00000    0.54395
  28.50000    0.50579    0.00000    0.50579
  29.00000    0.51551    0.00000    0.51551
  29.50000    0.52222    0.00000    0.52222
  30.00000    0.53639    0.00000    0.53639
  30.50000    0.52479    0.00000    0.52479
  31.00000    0.52993    0.00000    0.52993
  31.50000    0.54446    0.00000    0.54446
  32.00000    0.54782    0.00000    0.54782
  32.50000    0.54491    0.00000    0.54491
  33.00000    0.55407    0.00000    0.55407
  33.50000    0.56653    0.00000    0.56653
  34.00000    0.53962    0.00000    0.53962
  34.50000    0.55936    0.00000    0.55936
  35.00000    0.55666    0.00000    0.55666
  35.50000    0.54502    0.00000    0.54502
  36.00000    0.50657    0.00000    0.50657
  36.50000    0.53672    0.00000    0.53672
  37.00000    0.53224    0.00000    0.53224
  37.50000    0.54663    0.00000    0.54663
  38.00000    0.54319    0.00000    0.54319
  38.50000    0.58056    0.00000    0.58056
  39.00000    0.56298    0.00000    0.56298
  39.50000    0.53353    0.00000    0.53353
  40.00000    0.55081    0.00000    0.55081
  40.50000    0.62905    0.00000    0.62905
  41.00000    0.65787    0.00000    0.65787
  41.50000    0.59817    0.00000    0.59817
  42.00000    0.54236    0.00000    0.54236
  42.50000    0.49121    0.00000    0.49121
  43.00000    0.49874    0.00000    0.49874
  43.50000    0.50728    0.00000    0.50728
  44.00000    0.51955    0.00000    0.51955
  44.50000    0.52612    0.00000    0.52612
  45.00000    0.51023    0.00000    0.51023
  45.50000    0.50818    0.00000    0.50818
  46.00000    0.52127    0.00000    0.52127
  46.50000    0.53777    0.00000    0.53777
  47.00000    0.54228    0.00000    0.54228
  47.50000    0.58710    0.00000    0.58710
  48.00000    0.62168    0.00000    0.62168
  48.50000    0.56751    0.00000    0.56751
  49.00000    0.56050    0.00000    0.56050
  49.50000    0.57091    0.00000    0.57091
  50.00000    0.56086    0.00000    0.56086
  50.50000    0.52767    0.00000    0.52767
  51.00000    0.55702    0.00000    0.55702
  51.50000    0.58267    0.00000    0.58267
  52.00000    0.57860    0.00000    0.57860
  52.50000    0.57399    0.00000    0.57399
  53.00000    0.54083    0.00000    0.54083
  53.50000    0.49478    0.00000    0.49478
  54.00000    0.50111    0.00000    0.50111
  54.50000    0.54793    0.00000    0.54793
  55.00000    0.54324    0.00000    0.54324
  55.50000    0.56327    0.00000    0.56327
  56.00000    0.56834    0.00000    0.56834
  56.50000    0.54388    0.00000    0.54388
  57.00000    0.50005    0.00000    0.50005
  57.50000    0.53521    0.00000    0.53521
  58.00000    0.58901    0.00000    0.58901
  58.50000    0.58225    0.00000    0.58225
  59.00000    0.56286    0.00000    0.56286
  59.50000    0.53639    0.00000    0.53639
  60.00000    0.52715    0.00000    0.52715
  60.50000    0.51709    0.00000    0.51709
  61.00000    0.55916    0.00000    0.55916
  61.50000    0.57725    0.00000    0.57725
  62.00000    0.58122    0.00000    0.58122
  62.50000    0.53820    0.00000    0.53820
  63.00000    0.58463    0.00000    0.58463
  63.50000    0.64220    0.00000    0.64220
  64.00000    0.62709    0.00000    0.62709
  64.50000    0.54652    0.00000    0.54652
  65.00000    0.53530    0.00000    0.53530
  65.50000    0.60950    0.00000    0.60950
  66.00000    0.60747    0.00000    0.60747
  66.50000    0.58280    0.00000    0.58280
  67.00000    0.55257    0.00000    0.55257
  67.50000    0.58103    0.00000    0.58103
  68.00000    0.59921    0.00000    0.59921
  68.50000    0.58123    0.00000    0.58123
  69.00000    0.53092    0.00000    0.53092
  69.50000    0.48285    0.00000    0.48285
  70.00000    0.51235    0.00000    0.51235
  70.50000    0.54293    0.00000    0.54293
  71.00000    0.56370    0.00000    0.56370
  71.50000    0.54549    0.00000    0.54549
  72.00000    0.52951    0.00000    0.52951
  72.50000    0.53579    0.00000    0.53579
  73.00000    0.54787    0.00000    0.54787
  73.50000    0.57976    0.00000    0.57976
  74.00000    0.58267    0.00000    0.58267
  74.50000    0.59878    0.00000    0.59878
  75.00000    0.56168    0.00000    0.56168
  75.50000    0.54539    0.00000    0.54539
  76.00000    0.49680    0.00000    0.49680
  76.50000    0.49796    0.00000    0.49796
  77.00000    0.50699    0.00000    0.50699
  77.50000    0.57327    0.00000    0.57327
  78.00000    0.56544    0.00000    0.56544
  78.50000    0.53120    0.00000    0.53120
  79.00000    0.51360    0.00000    0.51360
  79.50000    0.51514    0.00000    0.51514
  80.00000    0.53407    0.00000    0.53407
  80.50000    0.52585    0.00000    0.52585
  81.00000    0.52060    0.00000    0.52060
  81.50000    0.50172    0.00000    0.50172
  82.00000    0.51281    0.00000    0.51281
  82.50000    0.53677    0.00000    0.53677
  83.00000    0.53394    0.00000    0.53394
  83.50000    0.52474    0.00000    0.52474
  84.00000    0.53900    0.00000    0.53900
  84.50000    0.59373    0.00000    0.59373
  85.00000    0.59479    0.00000    0.59479
  85.50000    0.56165    0.00000    0.56165
  86.00000    0.52547    0.00000    0.52547
  86.50000    0.56323    0.00000    0.56323
  87.00000    0.57929    0.00000    0.57929
  87.50000    0.59415    0.00000    0.59415
  88.00000    0.56091    0.00000    0.56091
  88.50000    0.57857    0.00000    0.57857
  89.00000    0.58699    0.00000    0.58699
  89.50000    0.59014    0.00000    0.59014
  90.00000    0.57197    0.00000    0.57197
  90.50000    0.57104    0.00000    0.57104
  91.00000    0.54803    0.00000    0.54803
  91.50000    0.51107    0.00000    0.51107
  92.00000    0.51961    0.00000    0.51961
  92.50000    0.52582    0.00000    0.52582
  93.00000    0.51516    0.00000    0.51516
  93.50000    0.50184    0.00000    0.50184
  94.00000    0.49400    0.00000    0.49400
  94.50000    0.50956    0.00000    0.50956
  95.00000    0.52777    0.00000    0.52777
  95.50000    0.57489    0.00000    0.57489
  96.00000    0.56292    0.00000    0.56292
  96.50000    0.58321    0.00000    0.58321
  97.00000    0.57512    0.00000    0.57512
  97.50000    0.60130    0.00000    0.60130
  98.00000    0.57579    0.00000    0.57579
  98.50000    0.54455    0.00000    0.54455
  99.00000    0.51749    0.00000    0.51749
  99.50000    0.56356    0.00000    0.56356
 100.00000    0.57364    0.00000    0.57364
 100.50000    0.57101    0.00000    0.57101
 101.00000    0.55449    0.00000    0.55449
 101.50000    0.57824    0.00000    0.57824
 102.00000    0.51993    0.00000    0.51993
 102.50000    0.48984    0.00000    0.48984
 103.00000    0.48842    0.00000    0.48842
 103.50000    0.51390    0.00000    0.51390
 104.00000    0.52551    0.00000    0.52551
 104.50000    0.56218    0.00000    0.56218
 105.00000    0.59881    0.00000    0.59881
 105.50000    0.56977    0.00000    0.56977
 106.00000    0.53396    0.00000    0.53396
 106.50000    0.54379    0.00000    0.54379
 107.00000    0.56686    0.00000    0.56686
 107.50000    0.57600    0.00000    0.57600
 108.00000    0.59397    0.00000    0.59397
 108.50000    0.58445    0.00000    0.58445
 109.00000    0.57356    0.00000    0.57356
 109.50000    0.57969    0.00000    0.57969
 110.00000    0.58035    0.00000    0.58035
 110.50000    0.54898    0.00000    0.54898
 111.00000    0.53310    0.00000    0.53310
 111.50000    0.55223    0.00000    0.55223
 112.00000    0.53810    0.00000    0.53810
 112.50000    0.53393    0.00000    0.53393
 113.00000    0.53290    0.00000    0.53290
 113.50000    0.52319    0.00000    0.52319
 114.00000    0.52974    0.00000    0.52974
 114.50000    0.51804    0.00000    0.51804
 115.00000    0.51248    0.00000    0.51248
 115.50000    0.53202    0.00000    0.53202
 116.00000    0.61819    0.00000    0.61819
 116.50000    0.63780    0.00000    0.63780
 117.00000    0.60717    0.00000    0.60717
 117.50000    0.56678    0.00000    0.56678
 118.00000    0.55271    0.00000    0.55271
 118.50000    0.55033    0.00000    0.55033
 119.00000    0.54510    0.00000    0.54510
 119.50000    0.56308    0.00000    0.56308
 120.00000    0.56007    0.00000    0.56007
 120.50000    0.50237    0.00000    0.50237
 121.00000    0.50439    0.00000    0.50439
 121.50000    0.53226    0.00000    0.53226
 122.00000    0.55250    0.00000    0.55250
 122.50000    0.53025    0.00000    0.53025
 123.00000    0.54432    0.00000    0.54432
 123.50000    0.51484    0.00000    0.51484
 124.00000    0.49420    0.00000    0.49420
 124.50000    0.51712    0.00000    0.51712
 125.00000    0.56210    0.00000    0.56210
 125.50000    0.57855    0.00000    0.57855
 126.00000    0.56737    0.00000    0.56737
 126.50000    0.52801    0.00000    0.52801
 127.00000    0.54069    0.00000    0.54069
 127.50000    0.56421    0.00000    0.56421
 128.00000    0.56289    0.00000    0.56289
 128.50000    0.52330    0.00000    0.52330
 129.00000    0.52171    0.00000    0.52171
 129.50000    0.55010    0.00000    0.55010
 130.00000    0.55881    0.00000    0.55881
 130.50000    0.52830    0.00000    0.52830
 131.00000    0.51747    0.00000    0.51747
 131.50000    0.53860    0.00000    0.53860
 132.00000    0.54864    0.00000    0.54864
 132.50000    0.54049    0.00000    0.54049
 133.00000    0.53459    0.00000    0.53459
 133.50000    0.52049    0.00000    0.52049
 134.00000    0.52192    0.00000    0.52192
 134.50000    0.54531    0.00000    0.54531
 135.00000    0.58163    0.00000    0.58163
 135.50000    0.59163    0.00000    0.59163
 136.00000    0.58277    0.00000    0.58277
 136.50000    0.54469    0.00000    0.54469
 137.00000    0.53455    0.00000    0.53455
 137.50000    0.55720    0.00000    0.55720
 138.00000    0.55374    0.00000    0.55374
 138.50000    0.52681    0.00000    0.52681
 139.00000    0.51348    0.00000    0.51348
 139.50000    0.53871    0.00000    0.53871
 140.00000    0.55149    0.00000    0.55149
 140.50000    0.55565    0.00000    0.55565
 141.00000    0.57400    0.00000    0.57400
 141.50000    0.53249    0.00000    0.53249
 142.00000    0.54522    0.00000    0.54522
 142.50000    0.57171    0.00000    0.57171
 143.00000    0.64505    0.00000    0.64505
 143.50000    0.61791    0.00000    0.61791
 144.00000    0.56840    0.00000    0.56840
 144.50000    0.53723    0.00000    0.53723
 145.00000    0.56826    0.00000    0.56826
 145.50000    0.57994    0.00000    0.57994
 146.00000    0.54731    0.00000    0.54731
 146.50000    0.51755    0.00000    0.51755
 147.00000    0.53916    0.00000    0.53916
 147.50000    0.54430    0.00000    0.54430
 148.00000    0.53540    0.00000    0.53540
 148.50000    0.50477    0.00000    0.50477
 149.00000    0.50736    0.00000    0.50736
 149.50000    0.51284    0.00000    0.51284
 150.00000    0.48062    0.00000    0.48062
