   0.00000    0.46638    0.00000    0.46638
   0.50000    0.51045    0.00000    0.51045
   1.00000    0.51180    0.00000    0.51180
   1.50000    0.50384    0.00000    0.50384
   2.00000    0.51394    0.00000    0.51394
   2.50000    0.50156    0.00000    0.50156
   3.00000    0.51246    0.00000    0.51246
   3.50000    0.54295    0.00000    0.54295
   4.00000    0.53644    0.00000    0.53644
   4.50000    0.52474    0.00000    0.52474
   5.00000    0.49182    0.00000    0.49182
   5.50000    0.49848    0.00000    0.49848
   6.00000    0.49207    0.00000    0.49207
   6.50000    0.55121    0.00000    0.55121
   7.00000    0.55102    0.00000    0.55102
   7.50000    0.51608    0.00000    0.51608
   8.00000    0.45882    0.00000    0.45882
   8.50000    0.50224    0.00000    0.50224
   9.00000    0.53115    0.00000    0.53115
   9.50000    0.55111    0.00000    0.55111
  10.00000    0.53836    0.00000    0.53836
  10.50000    0.55272    0.00000    0.55272
  11.00000    0.52675    0.00000    0.52675
  11.50000    0.52407    0.00000    0.52407
  12.00000    0.50682    0.00000    0.50682
  12.50000    0.52647    0.00000    0.52647
  13.00000    0.49826    0.00000    0.49826
  13.50000    0.50394    0.00000    0.50394
  14.00000    0.49635    0.00000    0.49635
  14.50000    0.52155    0.00000    0.52155
  15.00000    0.53083    0.00000    0.53083
  15.50000    0.55623    0.00000    0.55623
  16.00000    0.53960    0.00000    0.53960
  16.50000    0.51713    0.00000    0.51713
  17.00000    0.51658    0.00000    0.51658
  17.50000    0.53498    0.00000    0.53498
  18.00000    0.53191    0.00000    0.53191
  18.50000    0.54201    0.00000    0.54201
  19.00000    0.56173    0.00000    0.56173
  19.50000    0.55005    0.00000    0.55005
  20.00000    0.52332    0.00000    0.52332
  20.50000    0.49748    0.00000    0.49748
  21.00000    0.50377    0.00000    0.50377
  21.50000    0.52186    0.00000    0.52186
  22.00000    0.54608    0.00000    0.54608
  22.50000    0.54206    0.00000    0.54206
  23.00000    0.54079    0.00000    0.54079
  23.50000    0.55264    0.00000    0.55264
  24.00000    0.57671    0.00000    0.57671
  24.50000    0.55832    0.00000    0.55832
  25.00000    0.53169    0.00000    0.53169
  25.50000    0.51570    0.00000    0.51570
  26.00000    0.53203    0.00000    0.53203
  26.50000    0.53134    0.00000    0.53134
  27.00000    0.54713    0.00000    0.54713
  27.50000    0.51949    0.00000    0.51949
  28.00000    0.51098    0.00000    0.51098
  28.50000    0.49143    0.00000    0.49143
  29.00000    0.54336    0.00000    0.54336
  29.50000    0.54759    0.00000    0.54759
  30.00000    0.54211    0.00000    0.54211
  30.50000    0.50323    0.00000    0.50323
  31.00000    0.49108    0.00000    0.49108
  31.50000    0.50014    0.00000    0.50014
  32.00000    0.52242    0.00000    0.52242
  32.50000    0.54421    0.00000    0.54421
  33.00000    0.55170    0.00000    0.55170
  33.50000    0.53972    0.00000    0.53972
  34.00000    0.53193    0.00000    0.53193
  34.50000    0.52680    0.00000    0.52680
  35.00000    0.51535    0.00000    0.51535
  35.50000    0.50905    0.00000    0.50905
  36.00000    0.53195    0.00000    0.53195
  36.50000    0.55016    0.00000    0.55016
  37.00000    0.53734    0.00000    0.53734
  37.50000    0.53645    0.00000    0.53645
  38.00000    0.54689    0.00000    0.54689
  38.50000    0.56645    0.00000    0.56645
  39.00000    0.55583    0.00000    0.55583
  39.50000    0.50392    0.00000    0.50392
  40.00000    0.49986    0.00000    0.49986
  40.50000    0.53727    0.00000    0.53727
  41.00000    0.58533    0.00000    0.58533
  41.50000    0.55415    0.00000    0.55415
  42.00000    0.54105    0.00000    0.54105
  42.50000    0.51096    0.00000    0.51096
  43.00000    0.52929    0.00000    0.52929
  43.50000    0.52338    0.00000    0.52338
  44.00000    0.53863    0.00000    0.53863
  44.50000    0.54981    0.00000    0.54981
  45.00000    0.53527    0.00000    0.53527
  45.50000    0.50784    0.00000    0.50784
  46.00000    0.50495    0.00000    0.50495
  46.50000    0.51074    0.00000    0.51074
  47.00000    0.52364    0.00000    0.52364
  47.50000    0.55220    0.00000    0.55220
  48.00000    0.58475    0.00000    0.58475
  48.50000    0.52767    0.00000    0.52767
  49.00000    0.51416    0.00000    0.51416
  49.50000    0.52438    0.00000    0.52438
  50.00000    0.55091    0.00000    0.55091
  50.50000    0.54144    0.00000    0.54144
  51.00000    0.54707    0.00000    0.54707
  51.50000    0.56706    0.00000    0.56706
  52.00000    0.55948    0.00000    0.55948
  52.50000    0.56073    0.00000    0.56073
  53.00000    0.52496    0.00000    0.52496
  53.50000    0.48964    0.00000    0.48964
  54.00000    0.49492    0.00000    0.49492
  54.50000    0.52774    0.00000    0.52774
  55.00000    0.55191    0.00000    0.55191
  55.50000    0.55706    0.00000    0.55706
  56.00000    0.54928    0.00000    0.54928
  56.50000    0.50820    0.00000    0.50820
  57.00000    0.49627    0.00000    0.49627
  57.50000    0.53139    0.00000    0.53139
  58.00000    0.57111    0.00000    0.57111
  58.50000    0.56547    0.00000    0.56547
  59.00000    0.52617    0.00000    0.52617
  59.50000    0.49454    0.00000    0.49454
  60.00000    0.48417    0.00000    0.48417
  60.50000    0.48259    0.00000    0.48259
  61.00000    0.54221    0.00000    0.54221
  61.50000    0.56519    0.00000    0.56519
  62.00000    0.58128    0.00000    0.58128
  62.50000    0.52437    0.00000    0.52437
  63.00000    0.54719    0.00000    0.54719
  63.50000    0.57409    0.00000    0.57409
  64.00000    0.59540    0.00000    0.59540
  64.50000    0.54781    0.00000    0.54781
  65.00000    0.51068    0.00000    0.51068
  65.50000    0.55707    0.00000    0.55707
  66.00000    0.57434    0.00000    0.57434
  66.50000    0.55791    0.00000    0.55791
  67.00000    0.51227    0.00000    0.51227
  67.50000    0.55414    0.00000    0.55414
  68.00000    0.57524    0.00000    0.57524
  68.50000    0.54081    0.00000    0.54081
  69.00000    0.47976    0.00000    0.47976
  69.50000    0.47486    0.00000    0.47486
  70.00000    0.51330    0.00000    0.51330
  70.50000    0.52577    0.00000    0.52577
  71.00000    0.52439    0.00000    0.52439
  71.50000    0.49458    0.00000    0.49458
  72.00000    0.48757    0.00000    0.48757
  72.50000    0.50013    0.00000    0.50013
  73.00000    0.53709    0.00000    0.53709
  73.50000    0.55061    0.00000    0.55061
  74.00000    0.55534    0.00000    0.55534
  74.50000    0.57716    0.00000    0.57716
  75.00000    0.54308    0.00000    0.54308
  75.50000    0.51984    0.00000    0.51984
  76.00000    0.48746    0.00000    0.48746
  76.50000    0.51128    0.00000    0.51128
  77.00000    0.50616    0.00000    0.50616
  77.50000    0.54203    0.00000    0.54203
  78.00000    0.54448    0.00000    0.54448
  78.50000    0.51489    0.00000    0.51489
  79.00000    0.49374    0.00000    0.49374
  79.50000    0.47966    0.00000    0.47966
  80.00000    0.53348    0.00000    0.53348
  80.50000    0.55257    0.00000    0.55257
  81.00000    0.54131    0.00000    0.54131
  81.50000    0.49322    0.00000    0.49322
  82.00000    0.48346    0.00000    0.48346
  82.50000    0.51520    0.00000    0.51520
  83.00000    0.53630    0.00000    0.53630
  83.50000    0.52418    0.00000    0.52418
  84.00000    0.52035    0.00000    0.52035
  84.50000    0.54748    0.00000    0.54748
  85.00000    0.56161    0.00000    0.56161
  85.50000    0.52174    0.00000    0.52174
  86.00000    0.48102    0.00000    0.48102
  86.50000    0.49287    0.00000    0.49287
  87.00000    0.52209    0.00000    0.52209
  87.50000    0.55066    0.00000    0.55066
  88.00000    0.53880    0.00000    0.53880
  88.50000    0.54825    0.00000    0.54825
  89.00000    0.55841    0.00000    0.55841
  89.50000    0.54368    0.00000    0.54368
  90.00000    0.51983    0.00000    0.51983
  90.50000    0.51387    0.00000    0.51387
  91.00000    0.52271    0.00000    0.52271
  91.50000    0.51786    0.00000    0.51786
  92.00000    0.52507    0.00000    0.52507
  92.50000    0.50650    0.00000    0.50650
  93.00000    0.49455    0.00000    0.49455
  93.50000    0.47706    0.00000    0.47706
  94.00000    0.48703    0.00000    0.48703
  94.50000    0.47813    0.00000    0.47813
  95.00000    0.51301    0.00000    0.51301
  95.50000    0.55106    0.00000    0.55106
  96.00000    0.58675    0.00000    0.58675
  96.50000    0.58446    0.00000    0.58446
  97.00000    0.56538    0.00000    0.56538
  97.50000    0.55040    0.00000    0.55040
  98.00000    0.52643    0.00000    0.52643
  98.50000    0.51914    0.00000    0.51914
  99.00000    0.51149    0.00000    0.51149
  99.50000    0.52625    0.00000    0.52625
 100.00000    0.52377    0.00000    0.52377
 100.50000    0.53953    0.00000    0.53953
 101.00000    0.57020    0.00000    0.57020
 101.50000    0.55287    0.00000    0.55287
 102.00000    0.49666    0.00000    0.49666
 102.50000    0.43479    0.00000    0.43479
 103.00000    0.48320    0.00000    0.48320
 103.50000    0.50626    0.00000    0.50626
 104.00000    0.51658    0.00000    0.51658
 104.50000    0.49545    0.00000    0.49545
 105.00000    0.55125    0.00000    0.55125
 105.50000    0.55309    0.00000    0.55309
 106.00000    0.53632    0.00000    0.53632
 106.50000    0.51861    0.00000    0.51861
 107.00000    0.54654    0.00000    0.54654
 107.50000    0.55230    0.00000    0.55230
 108.00000    0.57311    0.00000    0.57311
 108.50000    0.55474    0.00000    0.55474
 109.00000    0.54630    0.00000    0.54630
 109.50000    0.52471    0.00000    0.52471
 110.00000    0.54096    0.00000    0.54096
 110.50000    0.52392    0.00000    0.52392
 111.00000    0.53152    0.00000    0.53152
 111.50000    0.54082    0.00000    0.54082
 112.00000    0.55141    0.00000    0.55141
 112.50000    0.55358    0.00000    0.55358
 113.00000    0.55716    0.00000    0.55716
 113.50000    0.52966    0.00000    0.52966
 114.00000    0.50739    0.00000    0.50739
 114.50000    0.49933    0.00000    0.49933
 115.00000    0.50794    0.00000    0.50794
 115.50000    0.51297    0.00000    0.51297
 116.00000    0.56875    0.00000    0.56875
 116.50000    0.57319    0.00000    0.57319
 117.00000    0.56544    0.00000    0.56544
 117.50000    0.53756    0.00000    0.53756
 118.00000    0.54795    0.00000    0.54795
 118.50000    0.53128    0.00000    0.53128
 119.00000    0.55491    0.00000    0.55491
 119.50000    0.56155    0.00000    0.56155
 120.00000    0.56458    0.00000    0.56458
 120.50000    0.52226    0.00000    0.52226
 121.00000    0.53678    0.00000    0.53678
 121.50000    0.52067    0.00000    0.52067
 122.00000    0.51521    0.00000    0.51521
 122.50000    0.51516    0.00000    0.51516
 123.00000    0.54534    0.00000    0.54534
 123.50000    0.51376    0.00000    0.51376
 124.00000    0.48667    0.00000    0.48667
 124.50000    0.49259    0.00000    0.49259
 125.00000    0.51927    0.00000    0.51927
 125.50000    0.53544    0.00000    0.53544
 126.00000    0.53111    0.00000    0.53111
 126.50000    0.49999    0.00000    0.49999
 127.00000    0.52301    0.00000    0.52301
 127.50000    0.53392    0.00000    0.53392
 128.00000    0.53925    0.00000    0.53925
 128.50000    0.51760    0.00000    0.51760
 129.00000    0.52269    0.00000    0.52269
 129.50000    0.51811    0.00000    0.51811
 130.00000    0.51379    0.00000    0.51379
 130.50000    0.50072    0.00000    0.50072
 131.00000    0.50750    0.00000    0.50750
 131.50000    0.51921    0.00000    0.51921
 132.00000    0.52375    0.00000    0.52375
 132.50000    0.52427    0.00000    0.52427
 133.00000    0.52650    0.00000    0.52650
 133.50000    0.52107    0.00000    0.52107
 134.00000    0.52474    0.00000    0.52474
 134.50000    0.52680    0.00000    0.52680
 135.00000    0.52269    0.00000    0.52269
 135.50000    0.54683    0.00000    0.54683
 136.00000    0.56623    0.00000    0.56623
 136.50000    0.55650    0.00000    0.55650
 137.00000    0.56629    0.00000    0.56629
 137.50000    0.56409    0.00000    0.56409
 138.00000    0.54516    0.00000    0.54516
 138.50000    0.50995    0.00000    0.50995
 139.00000    0.51917    0.00000    0.51917
 139.50000    0.52362    0.00000    0.52362
 140.00000    0.52864    0.00000    0.52864
 140.50000    0.53518    0.00000    0.53518
 141.00000    0.55915    0.00000    0.55915
 141.50000    0.51455    0.00000    0.51455
 142.00000    0.51366    0.00000    0.51366
 142.50000    0.52343    0.00000    0.52343
 143.00000    0.58183    0.00000    0.58183
 143.50000    0.58908    0.00000    0.58908
 144.00000    0.55904    0.00000    0.55904
 144.50000    0.51660    0.00000    0.51660
 145.00000    0.53923    0.00000    0.53923
 145.50000    0.56959    0.00000    0.56959
 146.00000    0.52063    0.00000    0.52063
 146.50000    0.49322    0.00000    0.49322
 147.00000    0.52719    0.00000    0.52719
 147.50000    0.54257    0.00000    0.54257
 148.00000    0.52613    0.00000    0.52613
 148.50000    0.51156    0.00000    0.51156
 149.00000    0.51936    0.00000    0.51936
 149.50000    0.51643    0.00000    0.51643
 150.00000    0.45478    0.00000    0.45478
