   0.00000    0.44535    0.00000    0.44535
   0.50000    0.49961    0.00000    0.49961
   1.00000    0.48732    0.00000    0.48732
   1.50000    0.49763    0.00000    0.49763
   2.00000    0.52285    0.00000    0.52285
   2.50000    0.52022    0.00000    0.52022
   3.00000    0.51577    0.00000    0.51577
   3.50000    0.53781    0.00000    0.53781
   4.00000    0.50778    0.00000    0.50778
   4.50000    0.50721    0.00000    0.50721
   5.00000    0.48024    0.00000    0.48024
   5.50000    0.49365    0.00000    0.49365
   6.00000    0.47596    0.00000    0.47596
   6.50000    0.52690    0.00000    0.52690
   7.00000    0.52768    0.00000    0.52768
   7.50000    0.50454    0.00000    0.50454
   8.00000    0.47232    0.00000    0.47232
   8.50000    0.48469    0.00000    0.48469
   9.00000    0.50401    0.00000    0.50401
   9.50000    0.50885    0.00000    0.50885
  10.00000    0.51872    0.00000    0.51872
  10.50000    0.52013    0.00000    0.52013
  11.00000    0.51521    0.00000    0.51521
  11.50000    0.49782    0.00000    0.49782
  12.00000    0.48207    0.00000    0.48207
  12.50000    0.49691    0.00000    0.49691
  13.00000    0.48741    0.00000    0.48741
  13.50000    0.48179    0.00000    0.48179
  14.00000    0.46319    0.00000    0.46319
  14.50000    0.48999    0.00000    0.48999
  15.00000    0.49508    0.00000    0.49508
  15.50000    0.51584    0.00000    0.51584
  16.00000    0.50569    0.00000    0.50569
  16.50000    0.49869    0.00000    0.49869
  17.00000    0.50455    0.00000    0.50455
  17.50000    0.50237    0.00000    0.50237
  18.00000    0.50801    0.00000    0.50801
  18.50000    0.52485    0.00000    0.52485
  19.00000    0.54621    0.00000    0.54621
  19.50000    0.52051    0.00000    0.52051
  20.00000    0.50117    0.00000    0.50117
  20.50000    0.49375    0.00000    0.49375
  21.00000    0.49256    0.00000    0.49256
  21.50000    0.48679    0.00000    0.48679
  22.00000    0.49857    0.00000    0.49857
  22.50000    0.50311    0.00000    0.50311
  23.00000    0.51948    0.00000    0.51948
  23.50000    0.53241    0.00000    0.53241
  24.00000    0.55898    0.00000    0.55898
  24.50000    0.53770    0.00000    0.53770
  25.00000    0.51784    0.00000    0.51784
  25.50000    0.49341    0.00000    0.49341
  26.00000    0.49690    0.00000    0.49690
  26.50000    0.50516    0.00000    0.50516
  27.00000    0.51819    0.00000    0.51819
  27.50000    0.49871    0.00000    0.49871
  28.00000    0.48841    0.00000    0.48841
  28.50000    0.49024    0.00000    0.49024
  29.00000    0.52044    0.00000    0.52044
  29.50000    0.53469    0.00000    0.53469
  30.00000    0.53125    0.00000    0.53125
  30.50000    0.50826    0.00000    0.50826
  31.00000    0.48232    0.00000    0.48232
  31.50000    0.48349    0.00000    0.48349
  32.00000    0.48706    0.00000    0.48706
  32.50000    0.51910    0.00000    0.51910
  33.00000    0.52747    0.00000    0.52747
  33.50000    0.52417    0.00000    0.52417
  34.00000    0.51563    0.00000    0.51563
  34.50000    0.51624    0.00000    0.51624
  35.00000    0.50690    0.00000    0.50690
  35.50000    0.49609    0.00000    0.49609
  36.00000    0.51717    0.00000    0.51717
  36.50000    0.51244    0.00000    0.51244
  37.00000    0.51141    0.00000    0.51141
  37.50000    0.50412    0.00000    0.50412
  38.00000    0.52182    0.00000    0.52182
  38.50000    0.53764    0.00000    0.53764
  39.00000    0.53889    0.00000    0.53889
  39.50000    0.49092    0.00000    0.49092
  40.00000    0.48272    0.00000    0.48272
  40.50000    0.52124    0.00000    0.52124
  41.00000    0.58055    0.00000    0.58055
  41.50000    0.55879    0.00000    0.55879
  42.00000    0.53566    0.00000    0.53566
  42.50000    0.48967    0.00000    0.48967
  43.00000    0.49655    0.00000    0.49655
  43.50000    0.48336    0.00000    0.48336
  44.00000    0.50540    0.00000    0.50540
  44.50000    0.51866    0.00000    0.51866
  45.00000    0.51069    0.00000    0.51069
  45.50000    0.50150    0.00000    0.50150
  46.00000    0.49852    0.00000    0.49852
  46.50000    0.49465    0.00000    0.49465
  47.00000    0.50681    0.00000    0.50681
  47.50000    0.53903    0.00000    0.53903
  48.00000    0.56058    0.00000    0.56058
  48.50000    0.51095    0.00000    0.51095
  49.00000    0.51146    0.00000    0.51146
  49.50000    0.51137    0.00000    0.51137
  50.00000    0.52233    0.00000    0.52233
  50.50000    0.52604    0.00000    0.52604
  51.00000    0.52979    0.00000    0.52979
  51.50000    0.52424    0.00000    0.52424
  52.00000    0.49849    0.00000    0.49849
  52.50000    0.52513    0.00000    0.52513
  53.00000    0.50035    0.00000    0.50035
  53.50000    0.47623    0.00000    0.47623
  54.00000    0.48122    0.00000    0.48122
  54.50000    0.51439    0.00000    0.51439
  55.00000    0.52459    0.00000    0.52459
  55.50000    0.54076    0.00000    0.54076
  56.00000    0.53558    0.00000    0.53558
  56.50000    0.50165    0.00000    0.50165
  57.00000    0.47789    0.00000    0.47789
  57.50000    0.52516    0.00000    0.52516
  58.00000    0.55486    0.00000    0.55486
  58.50000    0.54544    0.00000    0.54544
  59.00000    0.49540    0.00000    0.49540
  59.50000    0.48384    0.00000    0.48384
  60.00000    0.48629    0.00000    0.48629
  60.50000    0.48608    0.00000    0.48608
  61.00000    0.52132    0.00000    0.52132
  61.50000    0.53043    0.00000    0.53043
  62.00000    0.54866    0.00000    0.54866
  62.50000    0.49309    0.00000    0.49309
  63.00000    0.51145    0.00000    0.51145
  63.50000    0.53453    0.00000    0.53453
  64.00000    0.55871    0.00000    0.55871
  64.50000    0.51941    0.00000    0.51941
  65.00000    0.48730    0.00000    0.48730
  65.50000    0.51744    0.00000    0.51744
  66.00000    0.52733    0.00000    0.52733
  66.50000    0.52143    0.00000    0.52143
  67.00000    0.48730    0.00000    0.48730
  67.50000    0.52063    0.00000    0.52063
  68.00000    0.53567    0.00000    0.53567
  68.50000    0.51606    0.00000    0.51606
  69.00000    0.47605    0.00000    0.47605
  69.50000    0.47369    0.00000    0.47369
  70.00000    0.48658    0.00000    0.48658
  70.50000    0.50662    0.00000    0.50662
  71.00000    0.50351    0.00000    0.50351
  71.50000    0.48816    0.00000    0.48816
  72.00000    0.49163    0.00000    0.49163
  72.50000    0.50726    0.00000    0.50726
  73.00000    0.52482    0.00000    0.52482
  73.50000    0.53045    0.00000    0.53045
  74.00000    0.54862    0.00000    0.54862
  74.50000    0.55988    0.00000    0.55988
  75.00000    0.52905    0.00000    0.52905
  75.50000    0.49416    0.00000    0.49416
  76.00000    0.47143    0.00000    0.47143
  76.50000    0.50134    0.00000    0.50134
  77.00000    0.50796    0.00000    0.50796
  77.50000    0.53035    0.00000    0.53035
  78.00000    0.52707    0.00000    0.52707
  78.50000    0.50133    0.00000    0.50133
  79.00000    0.48145    0.00000    0.48145
  79.50000    0.46025    0.00000    0.46025
  80.00000    0.50272    0.00000    0.50272
  80.50000    0.52685    0.00000    0.52685
  81.00000    0.50977    0.00000    0.50977
  81.50000    0.47158    0.00000    0.47158
  82.00000    0.46443    0.00000    0.46443
  82.50000    0.50125    0.00000    0.50125
  83.00000    0.50807    0.00000    0.50807
  83.50000    0.49805    0.00000    0.49805
  84.00000    0.48941    0.00000    0.48941
  84.50000    0.52740    0.00000    0.52740
  85.00000    0.54634    0.00000    0.54634
  85.50000    0.51363    0.00000    0.51363
  86.00000    0.47655    0.00000    0.47655
  86.50000    0.47938    0.00000    0.47938
  87.00000    0.49350    0.00000    0.49350
  87.50000    0.51303    0.00000    0.51303
  88.00000    0.51566    0.00000    0.51566
  88.50000    0.51884    0.00000    0.51884
  89.00000    0.52725    0.00000    0.52725
  89.50000    0.53053    0.00000    0.53053
  90.00000    0.52872    0.00000    0.52872
  90.50000    0.51518    0.00000    0.51518
  91.00000    0.50822    0.00000    0.50822
  91.50000    0.50959    0.00000    0.50959
  92.00000    0.51171    0.00000    0.51171
  92.50000    0.48228    0.00000    0.48228
  93.00000    0.48916    0.00000    0.48916
  93.50000    0.48488    0.00000    0.48488
  94.00000    0.48487    0.00000    0.48487
  94.50000    0.45263    0.00000    0.45263
  95.00000    0.48618    0.00000    0.48618
  95.50000    0.52543    0.00000    0.52543
  96.00000    0.56182    0.00000    0.56182
  96.50000    0.54538    0.00000    0.54538
  97.00000    0.52601    0.00000    0.52601
  97.50000    0.51711    0.00000    0.51711
  98.00000    0.51210    0.00000    0.51210
  98.50000    0.50676    0.00000    0.50676
  99.00000    0.49703    0.00000    0.49703
  99.50000    0.50755    0.00000    0.50755
 100.00000    0.50890    0.00000    0.50890
 100.50000    0.52999    0.00000    0.52999
 101.00000    0.54919    0.00000    0.54919
 101.50000    0.52698    0.00000    0.52698
 102.00000    0.47873    0.00000    0.47873
 102.50000    0.43693    0.00000    0.43693
 103.00000    0.48410    0.00000    0.48410
 103.50000    0.48343    0.00000    0.48343
 104.00000    0.48058    0.00000    0.48058
 104.50000    0.46816    0.00000    0.46816
 105.00000    0.53722    0.00000    0.53722
 105.50000    0.54026    0.00000    0.54026
 106.00000    0.51757    0.00000    0.51757
 106.50000    0.50235    0.00000    0.50235
 107.00000    0.54804    0.00000    0.54804
 107.50000    0.54416    0.00000    0.54416
 108.00000    0.55489    0.00000    0.55489
 108.50000    0.53717    0.00000    0.53717
 109.00000    0.53965    0.00000    0.53965
 109.50000    0.51496    0.00000    0.51496
 110.00000    0.52061    0.00000    0.52061
 110.50000    0.49854    0.00000    0.49854
 111.00000    0.49262    0.00000    0.49262
 111.50000    0.50269    0.00000    0.50269
 112.00000    0.52633    0.00000    0.52633
 112.50000    0.52842    0.00000    0.52842
 113.00000    0.52914    0.00000    0.52914
 113.50000    0.49917    0.00000    0.49917
 114.00000    0.47876    0.00000    0.47876
 114.50000    0.45954    0.00000    0.45954
 115.00000    0.47521    0.00000    0.47521
 115.50000    0.49287    0.00000    0.49287
 116.00000    0.55350    0.00000    0.55350
 116.50000    0.53824    0.00000    0.53824
 117.00000    0.51621    0.00000    0.51621
 117.50000    0.48981    0.00000    0.48981
 118.00000    0.53337    0.00000    0.53337
 118.50000    0.52682    0.00000    0.52682
 119.00000    0.53204    0.00000    0.53204
 119.50000    0.53408    0.00000    0.53408
 120.00000    0.55012    0.00000    0.55012
 120.50000    0.51112    0.00000    0.51112
 121.00000    0.51219    0.00000    0.51219
 121.50000    0.50858    0.00000    0.50858
 122.00000    0.49695    0.00000    0.49695
 122.50000    0.48022    0.00000    0.48022
 123.00000    0.50384    0.00000    0.50384
 123.50000    0.49863    0.00000    0.49863
 124.00000    0.48001    0.00000    0.48001
 124.50000    0.47012    0.00000    0.47012
 125.00000    0.49480    0.00000    0.49480
 125.50000    0.52389    0.00000    0.52389
 126.00000    0.52433    0.00000    0.52433
 126.50000    0.49515    0.00000    0.49515
 127.00000    0.50518    0.00000    0.50518
 127.50000    0.50745    0.00000    0.50745
 128.00000    0.49962    0.00000    0.49962
 128.50000    0.48570    0.00000    0.48570
 129.00000    0.49406    0.00000    0.49406
 129.50000    0.49959    0.00000    0.49959
 130.00000    0.50439    0.00000    0.50439
 130.50000    0.47398    0.00000    0.47398
 131.00000    0.47131    0.00000    0.47131
 131.50000    0.47887    0.00000    0.47887
 132.00000    0.50208    0.00000    0.50208
 132.50000    0.50180    0.00000    0.50180
 133.00000    0.50738    0.00000    0.50738
 133.50000    0.50838    0.00000    0.50838
 134.00000    0.52714    0.00000    0.52714
 134.50000    0.52198    0.00000    0.52198
 135.00000    0.51089    0.00000    0.51089
 135.50000    0.52049    0.00000    0.52049
 136.00000    0.53889    0.00000    0.53889
 136.50000    0.52791    0.00000    0.52791
 137.00000    0.52263    0.00000    0.52263
 137.50000    0.52552    0.00000    0.52552
 138.00000    0.51912    0.00000    0.51912
 138.50000    0.48582    0.00000    0.48582
 139.00000    0.48023    0.00000    0.48023
 139.50000    0.51145    0.00000    0.51145
 140.00000    0.53425    0.00000    0.53425
 140.50000    0.50935    0.00000    0.50935
 141.00000    0.52056    0.00000    0.52056
 141.50000    0.49718    0.00000    0.49718
 142.00000    0.50983    0.00000    0.50983
 142.50000    0.51333    0.00000    0.51333
 143.00000    0.56114    0.00000    0.56114
 143.50000    0.57777    0.00000    0.57777
 144.00000    0.54280    0.00000    0.54280
 144.50000    0.49414    0.00000    0.49414
 145.00000    0.50866    0.00000    0.50866
 145.50000    0.55040    0.00000    0.55040
 146.00000    0.50699    0.00000    0.50699
 146.50000    0.46861    0.00000    0.46861
 147.00000    0.50537    0.00000    0.50537
 147.50000    0.52731    0.00000    0.52731
 148.00000    0.49995    0.00000    0.49995
 148.50000    0.47888    0.00000    0.47888
 149.00000    0.49470    0.00000    0.49470
 149.50000    0.50872    0.00000    0.50872
 150.00000    0.44969    0.00000    0.44969
