   0.00000    0.44974    0.00000    0.44974
   0.50000    0.51076    0.00000    0.51076
   1.00000    0.49254    0.00000    0.49254
   1.50000    0.49096    0.00000    0.49096
   2.00000    0.51433    0.00000    0.51433
   2.50000    0.52422    0.00000    0.52422
   3.00000    0.53193    0.00000    0.53193
   3.50000    0.54926    0.00000    0.54926
   4.00000    0.51055    0.00000    0.51055
   4.50000    0.50397    0.00000    0.50397
   5.00000    0.48926    0.00000    0.48926
   5.50000    0.50511    0.00000    0.50511
   6.00000    0.48757    0.00000    0.48757
   6.50000    0.53195    0.00000    0.53195
   7.00000    0.53916    0.00000    0.53916
   7.50000    0.52374    0.00000    0.52374
   8.00000    0.48295    0.00000    0.48295
   8.50000    0.49356    0.00000    0.49356
   9.00000    0.51068    0.00000    0.51068
   9.50000    0.52916    0.00000    0.52916
  10.00000    0.54255    0.00000    0.54255
  10.50000    0.54882    0.00000    0.54882
  11.00000    0.53069    0.00000    0.53069
  11.50000    0.50836    0.00000    0.50836
  12.00000    0.49636    0.00000    0.49636
  12.50000    0.51221    0.00000    0.51221
  13.00000    0.49351    0.00000    0.49351
  13.50000    0.48799    0.00000    0.48799
  14.00000    0.47313    0.00000    0.47313
  14.50000    0.50316    0.00000    0.50316
  15.00000    0.51046    0.00000    0.51046
  15.50000    0.52761    0.00000    0.52761
  16.00000    0.52245    0.00000    0.52245
  16.50000    0.52471    0.00000    0.52471
  17.00000    0.53825    0.00000    0.53825
  17.50000    0.52526    0.00000    0.52526
  18.00000    0.51672    0.00000    0.51672
  18.50000    0.52840    0.00000    0.52840
  19.00000    0.56493    0.00000    0.56493
  19.50000    0.55105    0.00000    0.55105
  20.00000    0.51569    0.00000    0.51569
  20.50000    0.49207    0.00000    0.49207
  21.00000    0.48354    0.00000    0.48354
  21.50000    0.50260    0.00000    0.50260
  22.00000    0.51901    0.00000    0.51901
  22.50000    0.52267    0.00000    0.52267
  23.00000    0.52143    0.00000    0.52143
  23.50000    0.55022    0.00000    0.55022
  24.00000    0.57633    0.00000    0.57633
  24.50000    0.55364    0.00000    0.55364
  25.00000    0.52596    0.00000    0.52596
  25.50000    0.49995    0.00000    0.49995
  26.00000    0.49038    0.00000    0.49038
  26.50000    0.49767    0.00000    0.49767
  27.00000    0.52433    0.00000    0.52433
  27.50000    0.51515    0.00000    0.51515
  28.00000    0.50477    0.00000    0.50477
  28.50000    0.50244    0.00000    0.50244
  29.00000    0.53832    0.00000    0.53832
  29.50000    0.54934    0.00000    0.54934
  30.00000    0.54333    0.00000    0.54333
  30.50000    0.52419    0.00000    0.52419
  31.00000    0.50028    0.00000    0.50028
  31.50000    0.50138    0.00000    0.50138
  32.00000    0.50307    0.00000    0.50307
  32.50000    0.54928    0.00000    0.54928
  33.00000    0.56089    0.00000    0.56089
  33.50000    0.55366    0.00000    0.55366
  34.00000    0.53138    0.00000    0.53138
  34.50000    0.52670    0.00000    0.52670
  35.00000    0.51802    0.00000    0.51802
  35.50000    0.49369    0.00000    0.49369
  36.00000    0.51744    0.00000    0.51744
  36.50000    0.52040    0.00000    0.52040
  37.00000    0.52342    0.00000    0.52342
  37.50000    0.51174    0.00000    0.51174
  38.00000    0.53534    0.00000    0.53534
  38.50000    0.54868    0.00000    0.54868
  39.00000    0.53505    0.00000    0.53505
  39.50000    0.49244    0.00000    0.49244
  40.00000    0.49887    0.00000    0.49887
  40.50000    0.54389    0.00000    0.54389
  41.00000    0.58443    0.00000    0.58443
  41.50000    0.55344    0.00000    0.55344
  42.00000    0.53123    0.00000    0.53123
  42.50000    0.49352    0.00000    0.49352
  43.00000    0.51380    0.00000    0.51380
  43.50000    0.50456    0.00000    0.50456
  44.00000    0.50911    0.00000    0.50911
  44.50000    0.51147    0.00000    0.51147
  45.00000    0.51928    0.00000    0.51928
  45.50000    0.52647    0.00000    0.52647
  46.00000    0.52238    0.00000    0.52238
  46.50000    0.52475    0.00000    0.52475
  47.00000    0.52757    0.00000    0.52757
  47.50000    0.55905    0.00000    0.55905
  48.00000    0.57343    0.00000    0.57343
  48.50000    0.53190    0.00000    0.53190
  49.00000    0.52180    0.00000    0.52180
  49.50000    0.52981    0.00000    0.52981
  50.00000    0.53913    0.00000    0.53913
  50.50000    0.53532    0.00000    0.53532
  51.00000    0.53746    0.00000    0.53746
  51.50000    0.54150    0.00000    0.54150
  52.00000    0.52369    0.00000    0.52369
  52.50000    0.53878    0.00000    0.53878
  53.00000    0.51072    0.00000    0.51072
  53.50000    0.47700    0.00000    0.47700
  54.00000    0.49178    0.00000    0.49178
  54.50000    0.52321    0.00000    0.52321
  55.00000    0.52881    0.00000    0.52881
  55.50000    0.54026    0.00000    0.54026
  56.00000    0.54810    0.00000    0.54810
  56.50000    0.51590    0.00000    0.51590
  57.00000    0.49067    0.00000    0.49067
  57.50000    0.53392    0.00000    0.53392
  58.00000    0.56661    0.00000    0.56661
  58.50000    0.55779    0.00000    0.55779
  59.00000    0.51276    0.00000    0.51276
  59.50000    0.49234    0.00000    0.49234
  60.00000    0.49635    0.00000    0.49635
  60.50000    0.49264    0.00000    0.49264
  61.00000    0.53328    0.00000    0.53328
  61.50000    0.54370    0.00000    0.54370
  62.00000    0.57040    0.00000    0.57040
  62.50000    0.50753    0.00000    0.50753
  63.00000    0.52559    0.00000    0.52559
  63.50000    0.55712    0.00000    0.55712
  64.00000    0.58741    0.00000    0.58741
  64.50000    0.52934    0.00000    0.52934
  65.00000    0.49450    0.00000    0.49450
  65.50000    0.52536    0.00000    0.52536
  66.00000    0.53844    0.00000    0.53844
  66.50000    0.52387    0.00000    0.52387
  67.00000    0.50403    0.00000    0.50403
  67.50000    0.53878    0.00000    0.53878
  68.00000    0.55194    0.00000    0.55194
  68.50000    0.52870    0.00000    0.52870
  69.00000    0.47835    0.00000    0.47835
  69.50000    0.47753    0.00000    0.47753
  70.00000    0.49583    0.00000    0.49583
  70.50000    0.52833    0.00000    0.52833
  71.00000    0.51187    0.00000    0.51187
  71.50000    0.49386    0.00000    0.49386
  72.00000    0.48514    0.00000    0.48514
  72.50000    0.50061    0.00000    0.50061
  73.00000    0.51827    0.00000    0.51827
  73.50000    0.53868    0.00000    0.53868
  74.00000    0.56040    0.00000    0.56040
  74.50000    0.57633    0.00000    0.57633
  75.00000    0.53886    0.00000    0.53886
  75.50000    0.50643    0.00000    0.50643
  76.00000    0.48395    0.00000    0.48395
  76.50000    0.51413    0.00000    0.51413
  77.00000    0.51370    0.00000    0.51370
  77.50000    0.54768    0.00000    0.54768
  78.00000    0.54300    0.00000    0.54300
  78.50000    0.50791    0.00000    0.50791
  79.00000    0.47425    0.00000    0.47425
  79.50000    0.45839    0.00000    0.45839
  80.00000    0.50800    0.00000    0.50800
  80.50000    0.53350    0.00000    0.53350
  81.00000    0.52216    0.00000    0.52216
  81.50000    0.47923    0.00000    0.47923
  82.00000    0.47076    0.00000    0.47076
  82.50000    0.49756    0.00000    0.49756
  83.00000    0.51039    0.00000    0.51039
  83.50000    0.51217    0.00000    0.51217
  84.00000    0.50549    0.00000    0.50549
  84.50000    0.53741    0.00000    0.53741
  85.00000    0.54642    0.00000    0.54642
  85.50000    0.51962    0.00000    0.51962
  86.00000    0.49210    0.00000    0.49210
  86.50000    0.50099    0.00000    0.50099
  87.00000    0.50294    0.00000    0.50294
  87.50000    0.52583    0.00000    0.52583
  88.00000    0.53974    0.00000    0.53974
  88.50000    0.54242    0.00000    0.54242
  89.00000    0.53055    0.00000    0.53055
  89.50000    0.52978    0.00000    0.52978
  90.00000    0.53005    0.00000    0.53005
  90.50000    0.52115    0.00000    0.52115
  91.00000    0.51594    0.00000    0.51594
  91.50000    0.52218    0.00000    0.52218
  92.00000    0.52914    0.00000    0.52914
  92.50000    0.49361    0.00000    0.49361
  93.00000    0.48742    0.00000    0.48742
  93.50000    0.48310    0.00000    0.48310
  94.00000    0.49117    0.00000    0.49117
  94.50000    0.47205    0.00000    0.47205
  95.00000    0.50563    0.00000    0.50563
  95.50000    0.53977    0.00000    0.53977
  96.00000    0.57205    0.00000    0.57205
  96.50000    0.56083    0.00000    0.56083
  97.00000    0.54403    0.00000    0.54403
  97.50000    0.52412    0.00000    0.52412
  98.00000    0.53043    0.00000    0.53043
  98.50000    0.52200    0.00000    0.52200
  99.00000    0.51869    0.00000    0.51869
  99.50000    0.52144    0.00000    0.52144
 100.00000    0.53023    0.00000    0.53023
 100.50000    0.53772    0.00000    0.53772
 101.00000    0.55116    0.00000    0.55116
 101.50000    0.52874    0.00000    0.52874
 102.00000    0.47828    0.00000    0.47828
 102.50000    0.43521    0.00000    0.43521
 103.00000    0.48017    0.00000    0.48017
 103.50000    0.48387    0.00000    0.48387
 104.00000    0.49105    0.00000    0.49105
 104.50000    0.49570    0.00000    0.49570
 105.00000    0.55966    0.00000    0.55966
 105.50000    0.55169    0.00000    0.55169
 106.00000    0.53071    0.00000    0.53071
 106.50000    0.51743    0.00000    0.51743
 107.00000    0.54372    0.00000    0.54372
 107.50000    0.54804    0.00000    0.54804
 108.00000    0.56801    0.00000    0.56801
 108.50000    0.55896    0.00000    0.55896
 109.00000    0.54347    0.00000    0.54347
 109.50000    0.51935    0.00000    0.51935
 110.00000    0.52428    0.00000    0.52428
 110.50000    0.51383    0.00000    0.51383
 111.00000    0.51808    0.00000    0.51808
 111.50000    0.53095    0.00000    0.53095
 112.00000    0.54975    0.00000    0.54975
 112.50000    0.54332    0.00000    0.54332
 113.00000    0.54645    0.00000    0.54645
 113.50000    0.50887    0.00000    0.50887
 114.00000    0.48345    0.00000    0.48345
 114.50000    0.45880    0.00000    0.45880
 115.00000    0.49068    0.00000    0.49068
 115.50000    0.51655    0.00000    0.51655
 116.00000    0.57445    0.00000    0.57445
 116.50000    0.54778    0.00000    0.54778
 117.00000    0.52589    0.00000    0.52589
 117.50000    0.50247    0.00000    0.50247
 118.00000    0.54437    0.00000    0.54437
 118.50000    0.53869    0.00000    0.53869
 119.00000    0.54904    0.00000    0.54904
 119.50000    0.55278    0.00000    0.55278
 120.00000    0.55982    0.00000    0.55982
 120.50000    0.50987    0.00000    0.50987
 121.00000    0.51228    0.00000    0.51228
 121.50000    0.50977    0.00000    0.50977
 122.00000    0.51453    0.00000    0.51453
 122.50000    0.51365    0.00000    0.51365
 123.00000    0.53351    0.00000    0.53351
 123.50000    0.49992    0.00000    0.49992
 124.00000    0.48984    0.00000    0.48984
 124.50000    0.48956    0.00000    0.48956
 125.00000    0.51534    0.00000    0.51534
 125.50000    0.53086    0.00000    0.53086
 126.00000    0.54754    0.00000    0.54754
 126.50000    0.51051    0.00000    0.51051
 127.00000    0.52708    0.00000    0.52708
 127.50000    0.52570    0.00000    0.52570
 128.00000    0.52104    0.00000    0.52104
 128.50000    0.48539    0.00000    0.48539
 129.00000    0.48775    0.00000    0.48775
 129.50000    0.49211    0.00000    0.49211
 130.00000    0.49731    0.00000    0.49731
 130.50000    0.47788    0.00000    0.47788
 131.00000    0.48110    0.00000    0.48110
 131.50000    0.49147    0.00000    0.49147
 132.00000    0.50848    0.00000    0.50848
 132.50000    0.50404    0.00000    0.50404
 133.00000    0.51338    0.00000    0.51338
 133.50000    0.52288    0.00000    0.52288
 134.00000    0.54576    0.00000    0.54576
 134.50000    0.52908    0.00000    0.52908
 135.00000    0.51216    0.00000    0.51216
 135.50000    0.52479    0.00000    0.52479
 136.00000    0.54474    0.00000    0.54474
 136.50000    0.53591    0.00000    0.53591
 137.00000    0.54737    0.00000    0.54737
 137.50000    0.55751    0.00000    0.55751
 138.00000    0.54668    0.00000    0.54668
 138.50000    0.49443    0.00000    0.49443
 139.00000    0.48904    0.00000    0.48904
 139.50000    0.52833    0.00000    0.52833
 140.00000    0.56178    0.00000    0.56178
 140.50000    0.54802    0.00000    0.54802
 141.00000    0.55976    0.00000    0.55976
 141.50000    0.53524    0.00000    0.53524
 142.00000    0.52406    0.00000    0.52406
 142.50000    0.53123    0.00000    0.53123
 143.00000    0.57968    0.00000    0.57968
 143.50000    0.59710    0.00000    0.59710
 144.00000    0.55126    0.00000    0.55126
 144.50000    0.50629    0.00000    0.50629
 145.00000    0.51700    0.00000    0.51700
 145.50000    0.56501    0.00000    0.56501
 146.00000    0.51872    0.00000    0.51872
 146.50000    0.47519    0.00000    0.47519
 147.00000    0.50701    0.00000    0.50701
 147.50000    0.54263    0.00000    0.54263
 148.00000    0.50923    0.00000    0.50923
 148.50000    0.49210    0.00000    0.49210
 149.00000    0.50411    0.00000    0.50411
 149.50000    0.52009    0.00000    0.52009
 150.00000    0.47649    0.00000    0.47649
