   0.00000    0.49037    0.00000    0.49037
   0.50000    0.55663    0.00000    0.55663
   1.00000    0.54840    0.00000    0.54840
   1.50000    0.52109    0.00000    0.52109
   2.00000    0.53467    0.00000    0.53467
   2.50000    0.54269    0.00000    0.54269
   3.00000    0.56126    0.00000    0.56126
   3.50000    0.57980    0.00000    0.57980
   4.00000    0.57278    0.00000    0.57278
   4.50000    0.55070    0.00000    0.55070
   5.00000    0.55054    0.00000    0.55054
   5.50000    0.57745    0.00000    0.57745
   6.00000    0.56619    0.00000    0.56619
   6.50000    0.57624    0.00000    0.57624
   7.00000    0.57277    0.00000    0.57277
   7.50000    0.54733    0.00000    0.54733
   8.00000    0.52259    0.00000    0.52259
   8.50000    0.53776    0.00000    0.53776
   9.00000    0.56388    0.00000    0.56388
   9.50000    0.55422    0.00000    0.55422
  10.00000    0.55778    0.00000    0.55778
  10.50000    0.59868    0.00000    0.59868
  11.00000    0.59996    0.00000    0.59996
  11.50000    0.56880    0.00000    0.56880
  12.00000    0.55398    0.00000    0.55398
  12.50000    0.57709    0.00000    0.57709
  13.00000    0.55684    0.00000    0.55684
  13.50000    0.56375    0.00000    0.56375
  14.00000    0.54995    0.00000    0.54995
  14.50000    0.57562    0.00000    0.57562
  15.00000    0.58958    0.00000    0.58958
  15.50000    0.62226    0.00000    0.62226
  16.00000    0.58816    0.00000    0.58816
  16.50000    0.59327    0.00000    0.59327
  17.00000    0.58984    0.00000    0.58984
  17.50000    0.56477    0.00000    0.56477
  18.00000    0.55472    0.00000    0.55472
  18.50000    0.61975    0.00000    0.61975
  19.00000    0.63312    0.00000    0.63312
  19.50000    0.59519    0.00000    0.59519
  20.00000    0.58047    0.00000    0.58047
  20.50000    0.57599    0.00000    0.57599
  21.00000    0.53205    0.00000    0.53205
  21.50000    0.53655    0.00000    0.53655
  22.00000    0.58188    0.00000    0.58188
  22.50000    0.59236    0.00000    0.59236
  23.00000    0.58466    0.00000    0.58466
  23.50000    0.60542    0.00000    0.60542
  24.00000    0.62199    0.00000    0.62199
  24.50000    0.60904    0.00000    0.60904
  25.00000    0.56362    0.00000    0.56362
  25.50000    0.53851    0.00000    0.53851
  26.00000    0.55514    0.00000    0.55514
  26.50000    0.59106    0.00000    0.59106
  27.00000    0.59043    0.00000    0.59043
  27.50000    0.56618    0.00000    0.56618
  28.00000    0.56387    0.00000    0.56387
  28.50000    0.56523    0.00000    0.56523
  29.00000    0.56747    0.00000    0.56747
  29.50000    0.59884    0.00000    0.59884
  30.00000    0.60192    0.00000    0.60192
  30.50000    0.58877    0.00000    0.58877
  31.00000    0.54660    0.00000    0.54660
  31.50000    0.57141    0.00000    0.57141
  32.00000    0.57617    0.00000    0.57617
  32.50000    0.59274    0.00000    0.59274
  33.00000    0.57608    0.00000    0.57608
  33.50000    0.55229    0.00000    0.55229
  34.00000    0.53203    0.00000    0.53203
  34.50000    0.57232    0.00000    0.57232
  35.00000    0.57840    0.00000    0.57840
  35.50000    0.57365    0.00000    0.57365
  36.00000    0.57613    0.00000    0.57613
  36.50000    0.58080    0.00000    0.58080
  37.00000    0.54716    0.00000    0.54716
  37.50000    0.53452    0.00000    0.53452
  38.00000    0.56699    0.00000    0.56699
  38.50000    0.60665    0.00000    0.60665
  39.00000    0.59836    0.00000    0.59836
  39.50000    0.54465    0.00000    0.54465
  40.00000    0.56300    0.00000    0.56300
  40.50000    0.64075    0.00000    0.64075
  41.00000    0.67882    0.00000    0.67882
  41.50000    0.61659    0.00000    0.61659
  42.00000    0.58454    0.00000    0.58454
  42.50000    0.55540    0.00000    0.55540
  43.00000    0.57371    0.00000    0.57371
  43.50000    0.56294    0.00000    0.56294
  44.00000    0.55653    0.00000    0.55653
  44.50000    0.56084    0.00000    0.56084
  45.00000    0.56858    0.00000    0.56858
  45.50000    0.59409    0.00000    0.59409
  46.00000    0.59568    0.00000    0.59568
  46.50000    0.57858    0.00000    0.57858
  47.00000    0.57049    0.00000    0.57049
  47.50000    0.59832    0.00000    0.59832
  48.00000    0.65272    0.00000    0.65272
  48.50000    0.59359    0.00000    0.59359
  49.00000    0.55919    0.00000    0.55919
  49.50000    0.57109    0.00000    0.57109
  50.00000    0.61222    0.00000    0.61222
  50.50000    0.60868    0.00000    0.60868
  51.00000    0.59037    0.00000    0.59037
  51.50000    0.59259    0.00000    0.59259
  52.00000    0.58328    0.00000    0.58328
  52.50000    0.61518    0.00000    0.61518
  53.00000    0.59722    0.00000    0.59722
  53.50000    0.55934    0.00000    0.55934
  54.00000    0.56710    0.00000    0.56710
  54.50000    0.59403    0.00000    0.59403
  55.00000    0.61064    0.00000    0.61064
  55.50000    0.63505    0.00000    0.63505
  56.00000    0.63189    0.00000    0.63189
  56.50000    0.56899    0.00000    0.56899
  57.00000    0.50985    0.00000    0.50985
  57.50000    0.54729    0.00000    0.54729
  58.00000    0.59431    0.00000    0.59431
  58.50000    0.62460    0.00000    0.62460
  59.00000    0.59052    0.00000    0.59052
  59.50000    0.54733    0.00000    0.54733
  60.00000    0.53071    0.00000    0.53071
  60.50000    0.54688    0.00000    0.54688
  61.00000    0.58966    0.00000    0.58966
  61.50000    0.60142    0.00000    0.60142
  62.00000    0.61638    0.00000    0.61638
  62.50000    0.56356    0.00000    0.56356
  63.00000    0.57624    0.00000    0.57624
  63.50000    0.62999    0.00000    0.62999
  64.00000    0.64754    0.00000    0.64754
  64.50000    0.58553    0.00000    0.58553
  65.00000    0.53025    0.00000    0.53025
  65.50000    0.56563    0.00000    0.56563
  66.00000    0.57513    0.00000    0.57513
  66.50000    0.58581    0.00000    0.58581
  67.00000    0.57618    0.00000    0.57618
  67.50000    0.60409    0.00000    0.60409
  68.00000    0.60856    0.00000    0.60856
  68.50000    0.59380    0.00000    0.59380
  69.00000    0.55616    0.00000    0.55616
  69.50000    0.55206    0.00000    0.55206
  70.00000    0.57719    0.00000    0.57719
  70.50000    0.62345    0.00000    0.62345
  71.00000    0.58774    0.00000    0.58774
  71.50000    0.54977    0.00000    0.54977
  72.00000    0.55235    0.00000    0.55235
  72.50000    0.58516    0.00000    0.58516
  73.00000    0.59424    0.00000    0.59424
  73.50000    0.60900    0.00000    0.60900
  74.00000    0.64416    0.00000    0.64416
  74.50000    0.66573    0.00000    0.66573
  75.00000    0.61941    0.00000    0.61941
  75.50000    0.57509    0.00000    0.57509
  76.00000    0.52267    0.00000    0.52267
  76.50000    0.55733    0.00000    0.55733
  77.00000    0.57579    0.00000    0.57579
  77.50000    0.62333    0.00000    0.62333
  78.00000    0.58586    0.00000    0.58586
  78.50000    0.54876    0.00000    0.54876
  79.00000    0.53697    0.00000    0.53697
  79.50000    0.52851    0.00000    0.52851
  80.00000    0.54973    0.00000    0.54973
  80.50000    0.57714    0.00000    0.57714
  81.00000    0.56820    0.00000    0.56820
  81.50000    0.52305    0.00000    0.52305
  82.00000    0.50023    0.00000    0.50023
  82.50000    0.55331    0.00000    0.55331
  83.00000    0.57613    0.00000    0.57613
  83.50000    0.58262    0.00000    0.58262
  84.00000    0.56296    0.00000    0.56296
  84.50000    0.59239    0.00000    0.59239
  85.00000    0.60781    0.00000    0.60781
  85.50000    0.59054    0.00000    0.59054
  86.00000    0.57338    0.00000    0.57338
  86.50000    0.57581    0.00000    0.57581
  87.00000    0.59332    0.00000    0.59332
  87.50000    0.58848    0.00000    0.58848
  88.00000    0.59637    0.00000    0.59637
  88.50000    0.58014    0.00000    0.58014
  89.00000    0.60834    0.00000    0.60834
  89.50000    0.59701    0.00000    0.59701
  90.00000    0.59495    0.00000    0.59495
  90.50000    0.55437    0.00000    0.55437
  91.00000    0.55554    0.00000    0.55554
  91.50000    0.57426    0.00000    0.57426
  92.00000    0.59662    0.00000    0.59662
  92.50000    0.57328    0.00000    0.57328
  93.00000    0.55529    0.00000    0.55529
  93.50000    0.54352    0.00000    0.54352
  94.00000    0.55441    0.00000    0.55441
  94.50000    0.54222    0.00000    0.54222
  95.00000    0.56682    0.00000    0.56682
  95.50000    0.60210    0.00000    0.60210
  96.00000    0.61830    0.00000    0.61830
  96.50000    0.60053    0.00000    0.60053
  97.00000    0.57370    0.00000    0.57370
  97.50000    0.58102    0.00000    0.58102
  98.00000    0.60285    0.00000    0.60285
  98.50000    0.61494    0.00000    0.61494
  99.00000    0.59349    0.00000    0.59349
  99.50000    0.58953    0.00000    0.58953
 100.00000    0.61393    0.00000    0.61393
 100.50000    0.61322    0.00000    0.61322
 101.00000    0.59701    0.00000    0.59701
 101.50000    0.55649    0.00000    0.55649
 102.00000    0.53144    0.00000    0.53144
 102.50000    0.52156    0.00000    0.52156
 103.00000    0.53067    0.00000    0.53067
 103.50000    0.52635    0.00000    0.52635
 104.00000    0.54643    0.00000    0.54643
 104.50000    0.57736    0.00000    0.57736
 105.00000    0.60993    0.00000    0.60993
 105.50000    0.59949    0.00000    0.59949
 106.00000    0.59843    0.00000    0.59843
 106.50000    0.59889    0.00000    0.59889
 107.00000    0.60072    0.00000    0.60072
 107.50000    0.57868    0.00000    0.57868
 108.00000    0.58590    0.00000    0.58590
 108.50000    0.60894    0.00000    0.60894
 109.00000    0.61264    0.00000    0.61264
 109.50000    0.60529    0.00000    0.60529
 110.00000    0.61375    0.00000    0.61375
 110.50000    0.61521    0.00000    0.61521
 111.00000    0.59924    0.00000    0.59924
 111.50000    0.59063    0.00000    0.59063
 112.00000    0.57988    0.00000    0.57988
 112.50000    0.58055    0.00000    0.58055
 113.00000    0.59480    0.00000    0.59480
 113.50000    0.58841    0.00000    0.58841
 114.00000    0.56298    0.00000    0.56298
 114.50000    0.52967    0.00000    0.52967
 115.00000    0.54248    0.00000    0.54248
 115.50000    0.56913    0.00000    0.56913
 116.00000    0.64500    0.00000    0.64500
 116.50000    0.63454    0.00000    0.63454
 117.00000    0.59392    0.00000    0.59392
 117.50000    0.58811    0.00000    0.58811
 118.00000    0.60864    0.00000    0.60864
 118.50000    0.61961    0.00000    0.61961
 119.00000    0.59598    0.00000    0.59598
 119.50000    0.61088    0.00000    0.61088
 120.00000    0.61284    0.00000    0.61284
 120.50000    0.58817    0.00000    0.58817
 121.00000    0.59176    0.00000    0.59176
 121.50000    0.57425    0.00000    0.57425
 122.00000    0.59527    0.00000    0.59527
 122.50000    0.60502    0.00000    0.60502
 123.00000    0.62898    0.00000    0.62898
 123.50000    0.57188    0.00000    0.57188
 124.00000    0.56103    0.00000    0.56103
 124.50000    0.57065    0.00000    0.57065
 125.00000    0.57675    0.00000    0.57675
 125.50000    0.58135    0.00000    0.58135
 126.00000    0.59136    0.00000    0.59136
 126.50000    0.58390    0.00000    0.58390
 127.00000    0.60194    0.00000    0.60194
 127.50000    0.61504    0.00000    0.61504
 128.00000    0.58361    0.00000    0.58361
 128.50000    0.54886    0.00000    0.54886
 129.00000    0.53481    0.00000    0.53481
 129.50000    0.54925    0.00000    0.54925
 130.00000    0.55874    0.00000    0.55874
 130.50000    0.55041    0.00000    0.55041
 131.00000    0.55681    0.00000    0.55681
 131.50000    0.57069    0.00000    0.57069
 132.00000    0.57862    0.00000    0.57862
 132.50000    0.57726    0.00000    0.57726
 133.00000    0.57359    0.00000    0.57359
 133.50000    0.57436    0.00000    0.57436
 134.00000    0.59715    0.00000    0.59715
 134.50000    0.56798    0.00000    0.56798
 135.00000    0.52715    0.00000    0.52715
 135.50000    0.55560    0.00000    0.55560
 136.00000    0.61288    0.00000    0.61288
 136.50000    0.61383    0.00000    0.61383
 137.00000    0.59840    0.00000    0.59840
 137.50000    0.60276    0.00000    0.60276
 138.00000    0.59164    0.00000    0.59164
 138.50000    0.57532    0.00000    0.57532
 139.00000    0.57136    0.00000    0.57136
 139.50000    0.59454    0.00000    0.59454
 140.00000    0.62337    0.00000    0.62337
 140.50000    0.59032    0.00000    0.59032
 141.00000    0.60568    0.00000    0.60568
 141.50000    0.59388    0.00000    0.59388
 142.00000    0.61461    0.00000    0.61461
 142.50000    0.58376    0.00000    0.58376
 143.00000    0.61573    0.00000    0.61573
 143.50000    0.62529    0.00000    0.62529
 144.00000    0.60462    0.00000    0.60462
 144.50000    0.54362    0.00000    0.54362
 145.00000    0.55691    0.00000    0.55691
 145.50000    0.58224    0.00000    0.58224
 146.00000    0.56101    0.00000    0.56101
 146.50000    0.52929    0.00000    0.52929
 147.00000    0.60013    0.00000    0.60013
 147.50000    0.61134    0.00000    0.61134
 148.00000    0.58688    0.00000    0.58688
 148.50000    0.56969    0.00000    0.56969
 149.00000    0.57955    0.00000    0.57955
 149.50000    0.55962    0.00000    0.55962
 150.00000    0.57381    0.00000    0.57381
