   0.00000    0.54433    0.00000    0.54433
   0.50000    0.55621    0.00000    0.55621
   1.00000    0.57339    0.00000    0.57339
   1.50000    0.58160    0.00000    0.58160
   2.00000    0.59925    0.00000    0.59925
   2.50000    0.56397    0.00000    0.56397
   3.00000    0.56916    0.00000    0.56916
   3.50000    0.59040    0.00000    0.59040
   4.00000    0.59099    0.00000    0.59099
   4.50000    0.57363    0.00000    0.57363
   5.00000    0.54253    0.00000    0.54253
   5.50000    0.54865    0.00000    0.54865
   6.00000    0.55763    0.00000    0.55763
   6.50000    0.60343    0.00000    0.60343
   7.00000    0.59030    0.00000    0.59030
   7.50000    0.53665    0.00000    0.53665
   8.00000    0.51595    0.00000    0.51595
   8.50000    0.54001    0.00000    0.54001
   9.00000    0.55346    0.00000    0.55346
   9.50000    0.53853    0.00000    0.53853
  10.00000    0.55048    0.00000    0.55048
  10.50000    0.58345    0.00000    0.58345
  11.00000    0.60345    0.00000    0.60345
  11.50000    0.59884    0.00000    0.59884
  12.00000    0.54819    0.00000    0.54819
  12.50000    0.55345    0.00000    0.55345
  13.00000    0.53429    0.00000    0.53429
  13.50000    0.54368    0.00000    0.54368
  14.00000    0.53658    0.00000    0.53658
  14.50000    0.56532    0.00000    0.56532
  15.00000    0.57631    0.00000    0.57631
  15.50000    0.62982    0.00000    0.62982
  16.00000    0.58926    0.00000    0.58926
  16.50000    0.56809    0.00000    0.56809
  17.00000    0.56522    0.00000    0.56522
  17.50000    0.57985    0.00000    0.57985
  18.00000    0.53185    0.00000    0.53185
  18.50000    0.55777    0.00000    0.55777
  19.00000    0.58083    0.00000    0.58083
  19.50000    0.57421    0.00000    0.57421
  20.00000    0.56952    0.00000    0.56952
  20.50000    0.58045    0.00000    0.58045
  21.00000    0.57777    0.00000    0.57777
  21.50000    0.56033    0.00000    0.56033
  22.00000    0.58723    0.00000    0.58723
  22.50000    0.56488    0.00000    0.56488
  23.00000    0.57812    0.00000    0.57812
  23.50000    0.60356    0.00000    0.60356
  24.00000    0.64216    0.00000    0.64216
  24.50000    0.60373    0.00000    0.60373
  25.00000    0.55227    0.00000    0.55227
  25.50000    0.55987    0.00000    0.55987
  26.00000    0.53051    0.00000    0.53051
  26.50000    0.51263    0.00000    0.51263
  27.00000    0.51859    0.00000    0.51859
  27.50000    0.56901    0.00000    0.56901
  28.00000    0.57190    0.00000    0.57190
  28.50000    0.54621    0.00000    0.54621
  29.00000    0.56957    0.00000    0.56957
  29.50000    0.56927    0.00000    0.56927
  30.00000    0.57589    0.00000    0.57589
  30.50000    0.57902    0.00000    0.57902
  31.00000    0.56684    0.00000    0.56684
  31.50000    0.55578    0.00000    0.55578
  32.00000    0.55284    0.00000    0.55284
  32.50000    0.55361    0.00000    0.55361
  33.00000    0.54663    0.00000    0.54663
  33.50000    0.58149    0.00000    0.58149
  34.00000    0.57719    0.00000    0.57719
  34.50000    0.58052    0.00000    0.58052
  35.00000    0.58138    0.00000    0.58138
  35.50000    0.57864    0.00000    0.57864
  36.00000    0.55769    0.00000    0.55769
  36.50000    0.55391    0.00000    0.55391
  37.00000    0.55445    0.00000    0.55445
  37.50000    0.55361    0.00000    0.55361
  38.00000    0.58152    0.00000    0.58152
  38.50000    0.61902    0.00000    0.61902
  39.00000    0.58901    0.00000    0.58901
  39.50000    0.55264    0.00000    0.55264
  40.00000    0.55898    0.00000    0.55898
  40.50000    0.63626    0.00000    0.63626
  41.00000    0.63759    0.00000    0.63759
  41.50000    0.59596    0.00000    0.59596
  42.00000    0.55539    0.00000    0.55539
  42.50000    0.51457    0.00000    0.51457
  43.00000    0.50543    0.00000    0.50543
  43.50000    0.52018    0.00000    0.52018
  44.00000    0.57514    0.00000    0.57514
  44.50000    0.58976    0.00000    0.58976
  45.00000    0.55636    0.00000    0.55636
  45.50000    0.51092    0.00000    0.51092
  46.00000    0.52978    0.00000    0.52978
  46.50000    0.55105    0.00000    0.55105
  47.00000    0.56696    0.00000    0.56696
  47.50000    0.58775    0.00000    0.58775
  48.00000    0.61839    0.00000    0.61839
  48.50000    0.59112    0.00000    0.59112
  49.00000    0.58709    0.00000    0.58709
  49.50000    0.59650    0.00000    0.59650
  50.00000    0.57054    0.00000    0.57054
  50.50000    0.55642    0.00000    0.55642
  51.00000    0.54510    0.00000    0.54510
  51.50000    0.56123    0.00000    0.56123
  52.00000    0.56402    0.00000    0.56402
  52.50000    0.60803    0.00000    0.60803
  53.00000    0.57544    0.00000    0.57544
  53.50000    0.53927    0.00000    0.53927
  54.00000    0.53976    0.00000    0.53976
  54.50000    0.60104    0.00000    0.60104
  55.00000    0.59843    0.00000    0.59843
  55.50000    0.58135    0.00000    0.58135
  56.00000    0.56033    0.00000    0.56033
  56.50000    0.55594    0.00000    0.55594
  57.00000    0.53318    0.00000    0.53318
  57.50000    0.56418    0.00000    0.56418
  58.00000    0.59877    0.00000    0.59877
  58.50000    0.61077    0.00000    0.61077
  59.00000    0.59249    0.00000    0.59249
  59.50000    0.56571    0.00000    0.56571
  60.00000    0.53442    0.00000    0.53442
  60.50000    0.55461    0.00000    0.55461
  61.00000    0.60555    0.00000    0.60555
  61.50000    0.61930    0.00000    0.61930
  62.00000    0.60431    0.00000    0.60431
  62.50000    0.54660    0.00000    0.54660
  63.00000    0.56003    0.00000    0.56003
  63.50000    0.61250    0.00000    0.61250
  64.00000    0.63907    0.00000    0.63907
  64.50000    0.55823    0.00000    0.55823
  65.00000    0.54367    0.00000    0.54367
  65.50000    0.61334    0.00000    0.61334
  66.00000    0.63222    0.00000    0.63222
  66.50000    0.60709    0.00000    0.60709
  67.00000    0.56356    0.00000    0.56356
  67.50000    0.59975    0.00000    0.59975
  68.00000    0.62000    0.00000    0.62000
  68.50000    0.62884    0.00000    0.62884
  69.00000    0.56720    0.00000    0.56720
  69.50000    0.52401    0.00000    0.52401
  70.00000    0.53990    0.00000    0.53990
  70.50000    0.55287    0.00000    0.55287
  71.00000    0.55417    0.00000    0.55417
  71.50000    0.52019    0.00000    0.52019
  72.00000    0.52891    0.00000    0.52891
  72.50000    0.54136    0.00000    0.54136
  73.00000    0.57006    0.00000    0.57006
  73.50000    0.59232    0.00000    0.59232
  74.00000    0.59912    0.00000    0.59912
  74.50000    0.63668    0.00000    0.63668
  75.00000    0.59355    0.00000    0.59355
  75.50000    0.55812    0.00000    0.55812
  76.00000    0.51429    0.00000    0.51429
  76.50000    0.55082    0.00000    0.55082
  77.00000    0.55234    0.00000    0.55234
  77.50000    0.59212    0.00000    0.59212
  78.00000    0.58227    0.00000    0.58227
  78.50000    0.55984    0.00000    0.55984
  79.00000    0.53307    0.00000    0.53307
  79.50000    0.53947    0.00000    0.53947
  80.00000    0.57658    0.00000    0.57658
  80.50000    0.58080    0.00000    0.58080
  81.00000    0.55090    0.00000    0.55090
  81.50000    0.52700    0.00000    0.52700
  82.00000    0.55307    0.00000    0.55307
  82.50000    0.56941    0.00000    0.56941
  83.00000    0.58726    0.00000    0.58726
  83.50000    0.57591    0.00000    0.57591
  84.00000    0.60187    0.00000    0.60187
  84.50000    0.61902    0.00000    0.61902
  85.00000    0.62728    0.00000    0.62728
  85.50000    0.58019    0.00000    0.58019
  86.00000    0.56753    0.00000    0.56753
  86.50000    0.57205    0.00000    0.57205
  87.00000    0.56291    0.00000    0.56291
  87.50000    0.58117    0.00000    0.58117
  88.00000    0.58010    0.00000    0.58010
  88.50000    0.58683    0.00000    0.58683
  89.00000    0.58446    0.00000    0.58446
  89.50000    0.60610    0.00000    0.60610
  90.00000    0.59517    0.00000    0.59517
  90.50000    0.57634    0.00000    0.57634
  91.00000    0.53473    0.00000    0.53473
  91.50000    0.52561    0.00000    0.52561
  92.00000    0.56654    0.00000    0.56654
  92.50000    0.59096    0.00000    0.59096
  93.00000    0.58530    0.00000    0.58530
  93.50000    0.57061    0.00000    0.57061
  94.00000    0.55656    0.00000    0.55656
  94.50000    0.53221    0.00000    0.53221
  95.00000    0.52233    0.00000    0.52233
  95.50000    0.58066    0.00000    0.58066
  96.00000    0.57267    0.00000    0.57267
  96.50000    0.59686    0.00000    0.59686
  97.00000    0.57783    0.00000    0.57783
  97.50000    0.60152    0.00000    0.60152
  98.00000    0.56166    0.00000    0.56166
  98.50000    0.55882    0.00000    0.55882
  99.00000    0.56745    0.00000    0.56745
  99.50000    0.60262    0.00000    0.60262
 100.00000    0.56776    0.00000    0.56776
 100.50000    0.54615    0.00000    0.54615
 101.00000    0.57611    0.00000    0.57611
 101.50000    0.60683    0.00000    0.60683
 102.00000    0.55861    0.00000    0.55861
 102.50000    0.52091    0.00000    0.52091
 103.00000    0.54764    0.00000    0.54764
 103.50000    0.53628    0.00000    0.53628
 104.00000    0.52915    0.00000    0.52915
 104.50000    0.54561    0.00000    0.54561
 105.00000    0.60026    0.00000    0.60026
 105.50000    0.57342    0.00000    0.57342
 106.00000    0.53996    0.00000    0.53996
 106.50000    0.54416    0.00000    0.54416
 107.00000    0.58852    0.00000    0.58852
 107.50000    0.59236    0.00000    0.59236
 108.00000    0.60423    0.00000    0.60423
 108.50000    0.61880    0.00000    0.61880
 109.00000    0.62286    0.00000    0.62286
 109.50000    0.61169    0.00000    0.61169
 110.00000    0.58213    0.00000    0.58213
 110.50000    0.57189    0.00000    0.57189
 111.00000    0.55894    0.00000    0.55894
 111.50000    0.56667    0.00000    0.56667
 112.00000    0.55898    0.00000    0.55898
 112.50000    0.56641    0.00000    0.56641
 113.00000    0.56917    0.00000    0.56917
 113.50000    0.52977    0.00000    0.52977
 114.00000    0.53148    0.00000    0.53148
 114.50000    0.54469    0.00000    0.54469
 115.00000    0.56509    0.00000    0.56509
 115.50000    0.55930    0.00000    0.55930
 116.00000    0.61444    0.00000    0.61444
 116.50000    0.64583    0.00000    0.64583
 117.00000    0.61119    0.00000    0.61119
 117.50000    0.55500    0.00000    0.55500
 118.00000    0.56089    0.00000    0.56089
 118.50000    0.59000    0.00000    0.59000
 119.00000    0.57660    0.00000    0.57660
 119.50000    0.58502    0.00000    0.58502
 120.00000    0.61673    0.00000    0.61673
 120.50000    0.56791    0.00000    0.56791
 121.00000    0.57669    0.00000    0.57669
 121.50000    0.57620    0.00000    0.57620
 122.00000    0.60006    0.00000    0.60006
 122.50000    0.55046    0.00000    0.55046
 123.00000    0.59082    0.00000    0.59082
 123.50000    0.53208    0.00000    0.53208
 124.00000    0.50620    0.00000    0.50620
 124.50000    0.51871    0.00000    0.51871
 125.00000    0.58994    0.00000    0.58994
 125.50000    0.60024    0.00000    0.60024
 126.00000    0.58125    0.00000    0.58125
 126.50000    0.53881    0.00000    0.53881
 127.00000    0.56187    0.00000    0.56187
 127.50000    0.58543    0.00000    0.58543
 128.00000    0.57946    0.00000    0.57946
 128.50000    0.52758    0.00000    0.52758
 129.00000    0.52576    0.00000    0.52576
 129.50000    0.56107    0.00000    0.56107
 130.00000    0.59982    0.00000    0.59982
 130.50000    0.56542    0.00000    0.56542
 131.00000    0.52924    0.00000    0.52924
 131.50000    0.54581    0.00000    0.54581
 132.00000    0.59689    0.00000    0.59689
 132.50000    0.59244    0.00000    0.59244
 133.00000    0.55602    0.00000    0.55602
 133.50000    0.55486    0.00000    0.55486
 134.00000    0.56885    0.00000    0.56885
 134.50000    0.56990    0.00000    0.56990
 135.00000    0.57624    0.00000    0.57624
 135.50000    0.60596    0.00000    0.60596
 136.00000    0.57828    0.00000    0.57828
 136.50000    0.52780    0.00000    0.52780
 137.00000    0.54144    0.00000    0.54144
 137.50000    0.58980    0.00000    0.58980
 138.00000    0.57551    0.00000    0.57551
 138.50000    0.53735    0.00000    0.53735
 139.00000    0.52763    0.00000    0.52763
 139.50000    0.56731    0.00000    0.56731
 140.00000    0.56713    0.00000    0.56713
 140.50000    0.57898    0.00000    0.57898
 141.00000    0.59562    0.00000    0.59562
 141.50000    0.57215    0.00000    0.57215
 142.00000    0.58920    0.00000    0.58920
 142.50000    0.61425    0.00000    0.61425
 143.00000    0.66009    0.00000    0.66009
 143.50000    0.64275    0.00000    0.64275
 144.00000    0.61446    0.00000    0.61446
 144.50000    0.55061    0.00000    0.55061
 145.00000    0.56939    0.00000    0.56939
 145.50000    0.61147    0.00000    0.61147
 146.00000    0.59211    0.00000    0.59211
 146.50000    0.54551    0.00000    0.54551
 147.00000    0.56373    0.00000    0.56373
 147.50000    0.57956    0.00000    0.57956
 148.00000    0.56178    0.00000    0.56178
 148.50000    0.53936    0.00000    0.53936
 149.00000    0.53542    0.00000    0.53542
 149.50000    0.54446    0.00000    0.54446
 150.00000    0.50587    0.00000    0.50587
