   0.00000    0.49523    0.00000    0.49523
   0.50000    0.51865    0.00000    0.51865
   1.00000    0.52520    0.00000    0.52520
   1.50000    0.52415    0.00000    0.52415
   2.00000    0.53189    0.00000    0.53189
   2.50000    0.51656    0.00000    0.51656
   3.00000    0.52736    0.00000    0.52736
   3.50000    0.56129    0.00000    0.56129
   4.00000    0.55725    0.00000    0.55725
   4.50000    0.54599    0.00000    0.54599
   5.00000    0.50378    0.00000    0.50378
   5.50000    0.50134    0.00000    0.50134
   6.00000    0.49823    0.00000    0.49823
   6.50000    0.56487    0.00000    0.56487
   7.00000    0.56727    0.00000    0.56727
   7.50000    0.52882    0.00000    0.52882
   8.00000    0.47731    0.00000    0.47731
   8.50000    0.51506    0.00000    0.51506
   9.00000    0.54683    0.00000    0.54683
   9.50000    0.56865    0.00000    0.56865
  10.00000    0.56040    0.00000    0.56040
  10.50000    0.57745    0.00000    0.57745
  11.00000    0.55063    0.00000    0.55063
  11.50000    0.55181    0.00000    0.55181
  12.00000    0.52485    0.00000    0.52485
  12.50000    0.54994    0.00000    0.54994
  13.00000    0.51219    0.00000    0.51219
  13.50000    0.51852    0.00000    0.51852
  14.00000    0.50811    0.00000    0.50811
  14.50000    0.53676    0.00000    0.53676
  15.00000    0.55002    0.00000    0.55002
  15.50000    0.58090    0.00000    0.58090
  16.00000    0.56586    0.00000    0.56586
  16.50000    0.54208    0.00000    0.54208
  17.00000    0.54481    0.00000    0.54481
  17.50000    0.56566    0.00000    0.56566
  18.00000    0.55190    0.00000    0.55190
  18.50000    0.56142    0.00000    0.56142
  19.00000    0.58928    0.00000    0.58928
  19.50000    0.58961    0.00000    0.58961
  20.00000    0.56162    0.00000    0.56162
  20.50000    0.52656    0.00000    0.52656
  21.00000    0.52286    0.00000    0.52286
  21.50000    0.53188    0.00000    0.53188
  22.00000    0.56070    0.00000    0.56070
  22.50000    0.55391    0.00000    0.55391
  23.00000    0.55700    0.00000    0.55700
  23.50000    0.56880    0.00000    0.56880
  24.00000    0.59927    0.00000    0.59927
  24.50000    0.57384    0.00000    0.57384
  25.00000    0.54117    0.00000    0.54117
  25.50000    0.53001    0.00000    0.53001
  26.00000    0.54900    0.00000    0.54900
  26.50000    0.54374    0.00000    0.54374
  27.00000    0.55880    0.00000    0.55880
  27.50000    0.53069    0.00000    0.53069
  28.00000    0.52098    0.00000    0.52098
  28.50000    0.50555    0.00000    0.50555
  29.00000    0.56900    0.00000    0.56900
  29.50000    0.57418    0.00000    0.57418
  30.00000    0.57079    0.00000    0.57079
  30.50000    0.53760    0.00000    0.53760
  31.00000    0.51893    0.00000    0.51893
  31.50000    0.51885    0.00000    0.51885
  32.00000    0.53945    0.00000    0.53945
  32.50000    0.56513    0.00000    0.56513
  33.00000    0.56901    0.00000    0.56901
  33.50000    0.54473    0.00000    0.54473
  34.00000    0.52665    0.00000    0.52665
  34.50000    0.54165    0.00000    0.54165
  35.00000    0.54939    0.00000    0.54939
  35.50000    0.54043    0.00000    0.54043
  36.00000    0.54271    0.00000    0.54271
  36.50000    0.56421    0.00000    0.56421
  37.00000    0.56223    0.00000    0.56223
  37.50000    0.56482    0.00000    0.56482
  38.00000    0.57504    0.00000    0.57504
  38.50000    0.58607    0.00000    0.58607
  39.00000    0.57566    0.00000    0.57566
  39.50000    0.52313    0.00000    0.52313
  40.00000    0.52240    0.00000    0.52240
  40.50000    0.55681    0.00000    0.55681
  41.00000    0.60332    0.00000    0.60332
  41.50000    0.57714    0.00000    0.57714
  42.00000    0.55846    0.00000    0.55846
  42.50000    0.53148    0.00000    0.53148
  43.00000    0.54568    0.00000    0.54568
  43.50000    0.54032    0.00000    0.54032
  44.00000    0.55233    0.00000    0.55233
  44.50000    0.56508    0.00000    0.56508
  45.00000    0.55104    0.00000    0.55104
  45.50000    0.52110    0.00000    0.52110
  46.00000    0.52575    0.00000    0.52575
  46.50000    0.53424    0.00000    0.53424
  47.00000    0.54823    0.00000    0.54823
  47.50000    0.56853    0.00000    0.56853
  48.00000    0.59792    0.00000    0.59792
  48.50000    0.54271    0.00000    0.54271
  49.00000    0.53591    0.00000    0.53591
  49.50000    0.54242    0.00000    0.54242
  50.00000    0.56788    0.00000    0.56788
  50.50000    0.55523    0.00000    0.55523
  51.00000    0.56485    0.00000    0.56485
  51.50000    0.57692    0.00000    0.57692
  52.00000    0.58009    0.00000    0.58009
  52.50000    0.58892    0.00000    0.58892
  53.00000    0.55002    0.00000    0.55002
  53.50000    0.50310    0.00000    0.50310
  54.00000    0.51041    0.00000    0.51041
  54.50000    0.54817    0.00000    0.54817
  55.00000    0.56560    0.00000    0.56560
  55.50000    0.58118    0.00000    0.58118
  56.00000    0.57677    0.00000    0.57677
  56.50000    0.52647    0.00000    0.52647
  57.00000    0.49775    0.00000    0.49775
  57.50000    0.54615    0.00000    0.54615
  58.00000    0.59842    0.00000    0.59842
  58.50000    0.59924    0.00000    0.59924
  59.00000    0.56173    0.00000    0.56173
  59.50000    0.53419    0.00000    0.53419
  60.00000    0.50956    0.00000    0.50956
  60.50000    0.49835    0.00000    0.49835
  61.00000    0.55735    0.00000    0.55735
  61.50000    0.58020    0.00000    0.58020
  62.00000    0.59666    0.00000    0.59666
  62.50000    0.54475    0.00000    0.54475
  63.00000    0.57295    0.00000    0.57295
  63.50000    0.59817    0.00000    0.59817
  64.00000    0.61235    0.00000    0.61235
  64.50000    0.55792    0.00000    0.55792
  65.00000    0.52685    0.00000    0.52685
  65.50000    0.57448    0.00000    0.57448
  66.00000    0.59698    0.00000    0.59698
  66.50000    0.58681    0.00000    0.58681
  67.00000    0.54335    0.00000    0.54335
  67.50000    0.57425    0.00000    0.57425
  68.00000    0.59940    0.00000    0.59940
  68.50000    0.56220    0.00000    0.56220
  69.00000    0.49701    0.00000    0.49701
  69.50000    0.48938    0.00000    0.48938
  70.00000    0.53345    0.00000    0.53345
  70.50000    0.53803    0.00000    0.53803
  71.00000    0.54152    0.00000    0.54152
  71.50000    0.50906    0.00000    0.50906
  72.00000    0.50506    0.00000    0.50506
  72.50000    0.51020    0.00000    0.51020
  73.00000    0.53988    0.00000    0.53988
  73.50000    0.55723    0.00000    0.55723
  74.00000    0.57419    0.00000    0.57419
  74.50000    0.60454    0.00000    0.60454
  75.00000    0.55675    0.00000    0.55675
  75.50000    0.53681    0.00000    0.53681
  76.00000    0.49850    0.00000    0.49850
  76.50000    0.52984    0.00000    0.52984
  77.00000    0.52045    0.00000    0.52045
  77.50000    0.56854    0.00000    0.56854
  78.00000    0.55387    0.00000    0.55387
  78.50000    0.53229    0.00000    0.53229
  79.00000    0.51247    0.00000    0.51247
  79.50000    0.50679    0.00000    0.50679
  80.00000    0.54315    0.00000    0.54315
  80.50000    0.56294    0.00000    0.56294
  81.00000    0.55784    0.00000    0.55784
  81.50000    0.51972    0.00000    0.51972
  82.00000    0.50424    0.00000    0.50424
  82.50000    0.53449    0.00000    0.53449
  83.00000    0.55736    0.00000    0.55736
  83.50000    0.54422    0.00000    0.54422
  84.00000    0.53977    0.00000    0.53977
  84.50000    0.56848    0.00000    0.56848
  85.00000    0.58039    0.00000    0.58039
  85.50000    0.53899    0.00000    0.53899
  86.00000    0.50791    0.00000    0.50791
  86.50000    0.51662    0.00000    0.51662
  87.00000    0.54103    0.00000    0.54103
  87.50000    0.56878    0.00000    0.56878
  88.00000    0.56041    0.00000    0.56041
  88.50000    0.56875    0.00000    0.56875
  89.00000    0.58553    0.00000    0.58553
  89.50000    0.56813    0.00000    0.56813
  90.00000    0.54316    0.00000    0.54316
  90.50000    0.53488    0.00000    0.53488
  91.00000    0.54529    0.00000    0.54529
  91.50000    0.53670    0.00000    0.53670
  92.00000    0.54803    0.00000    0.54803
  92.50000    0.52710    0.00000    0.52710
  93.00000    0.50822    0.00000    0.50822
  93.50000    0.48748    0.00000    0.48748
  94.00000    0.49668    0.00000    0.49668
  94.50000    0.49237    0.00000    0.49237
  95.00000    0.52967    0.00000    0.52967
  95.50000    0.57982    0.00000    0.57982
  96.00000    0.61480    0.00000    0.61480
  96.50000    0.59886    0.00000    0.59886
  97.00000    0.57090    0.00000    0.57090
  97.50000    0.56456    0.00000    0.56456
  98.00000    0.55225    0.00000    0.55225
  98.50000    0.54245    0.00000    0.54245
  99.00000    0.53068    0.00000    0.53068
  99.50000    0.55178    0.00000    0.55178
 100.00000    0.54908    0.00000    0.54908
 100.50000    0.55732    0.00000    0.55732
 101.00000    0.58083    0.00000    0.58083
 101.50000    0.56656    0.00000    0.56656
 102.00000    0.52046    0.00000    0.52046
 102.50000    0.46329    0.00000    0.46329
 103.00000    0.51094    0.00000    0.51094
 103.50000    0.52398    0.00000    0.52398
 104.00000    0.53839    0.00000    0.53839
 104.50000    0.51974    0.00000    0.51974
 105.00000    0.56811    0.00000    0.56811
 105.50000    0.56716    0.00000    0.56716
 106.00000    0.54899    0.00000    0.54899
 106.50000    0.53372    0.00000    0.53372
 107.00000    0.56188    0.00000    0.56188
 107.50000    0.57435    0.00000    0.57435
 108.00000    0.59998    0.00000    0.59998
 108.50000    0.58780    0.00000    0.58780
 109.00000    0.57570    0.00000    0.57570
 109.50000    0.54973    0.00000    0.54973
 110.00000    0.56083    0.00000    0.56083
 110.50000    0.54577    0.00000    0.54577
 111.00000    0.55184    0.00000    0.55184
 111.50000    0.56819    0.00000    0.56819
 112.00000    0.57390    0.00000    0.57390
 112.50000    0.57076    0.00000    0.57076
 113.00000    0.57089    0.00000    0.57089
 113.50000    0.54206    0.00000    0.54206
 114.00000    0.52166    0.00000    0.52166
 114.50000    0.51641    0.00000    0.51641
 115.00000    0.52850    0.00000    0.52850
 115.50000    0.53652    0.00000    0.53652
 116.00000    0.59295    0.00000    0.59295
 116.50000    0.59716    0.00000    0.59716
 117.00000    0.58813    0.00000    0.58813
 117.50000    0.55689    0.00000    0.55689
 118.00000    0.55607    0.00000    0.55607
 118.50000    0.54369    0.00000    0.54369
 119.00000    0.57536    0.00000    0.57536
 119.50000    0.57862    0.00000    0.57862
 120.00000    0.57993    0.00000    0.57993
 120.50000    0.53669    0.00000    0.53669
 121.00000    0.55109    0.00000    0.55109
 121.50000    0.53778    0.00000    0.53778
 122.00000    0.54078    0.00000    0.54078
 122.50000    0.53576    0.00000    0.53576
 123.00000    0.56423    0.00000    0.56423
 123.50000    0.53212    0.00000    0.53212
 124.00000    0.50164    0.00000    0.50164
 124.50000    0.50150    0.00000    0.50150
 125.00000    0.53301    0.00000    0.53301
 125.50000    0.54964    0.00000    0.54964
 126.00000    0.54742    0.00000    0.54742
 126.50000    0.51814    0.00000    0.51814
 127.00000    0.53424    0.00000    0.53424
 127.50000    0.53996    0.00000    0.53996
 128.00000    0.54856    0.00000    0.54856
 128.50000    0.53402    0.00000    0.53402
 129.00000    0.54412    0.00000    0.54412
 129.50000    0.54116    0.00000    0.54116
 130.00000    0.53544    0.00000    0.53544
 130.50000    0.50500    0.00000    0.50500
 131.00000    0.51427    0.00000    0.51427
 131.50000    0.53894    0.00000    0.53894
 132.00000    0.55289    0.00000    0.55289
 132.50000    0.55122    0.00000    0.55122
 133.00000    0.54473    0.00000    0.54473
 133.50000    0.53486    0.00000    0.53486
 134.00000    0.52846    0.00000    0.52846
 134.50000    0.53721    0.00000    0.53721
 135.00000    0.54187    0.00000    0.54187
 135.50000    0.57665    0.00000    0.57665
 136.00000    0.58544    0.00000    0.58544
 136.50000    0.56629    0.00000    0.56629
 137.00000    0.57666    0.00000    0.57666
 137.50000    0.58443    0.00000    0.58443
 138.00000    0.56199    0.00000    0.56199
 138.50000    0.52566    0.00000    0.52566
 139.00000    0.53456    0.00000    0.53456
 139.50000    0.54280    0.00000    0.54280
 140.00000    0.54183    0.00000    0.54183
 140.50000    0.55188    0.00000    0.55188
 141.00000    0.57681    0.00000    0.57681
 141.50000    0.53071    0.00000    0.53071
 142.00000    0.53324    0.00000    0.53324
 142.50000    0.54651    0.00000    0.54651
 143.00000    0.60590    0.00000    0.60590
 143.50000    0.61055    0.00000    0.61055
 144.00000    0.58390    0.00000    0.58390
 144.50000    0.53702    0.00000    0.53702
 145.00000    0.55516    0.00000    0.55516
 145.50000    0.59211    0.00000    0.59211
 146.00000    0.54517    0.00000    0.54517
 146.50000    0.51844    0.00000    0.51844
 147.00000    0.53868    0.00000    0.53868
 147.50000    0.55241    0.00000    0.55241
 148.00000    0.53608    0.00000    0.53608
 148.50000    0.53743    0.00000    0.53743
 149.00000    0.54015    0.00000    0.54015
 149.50000    0.52736    0.00000    0.52736
 150.00000    0.45282    0.00000    0.45282
