   0.00000    0.45416    0.00000    0.45416
   0.50000    0.46687    0.00000    0.46687
   1.00000    0.48601    0.00000    0.48601
   1.50000    0.49237    0.00000    0.49237
   2.00000    0.49447    0.00000    0.49447
   2.50000    0.48425    0.00000    0.48425
   3.00000    0.50841    0.00000    0.50841
   3.50000    0.52067    0.00000    0.52067
   4.00000    0.50362    0.00000    0.50362
   4.50000    0.50147    0.00000    0.50147
   5.00000    0.47697    0.00000    0.47697
   5.50000    0.46645    0.00000    0.46645
   6.00000    0.45793    0.00000    0.45793
   6.50000    0.51087    0.00000    0.51087
   7.00000    0.51486    0.00000    0.51486
   7.50000    0.50051    0.00000    0.50051
   8.00000    0.46975    0.00000    0.46975
   8.50000    0.48985    0.00000    0.48985
   9.00000    0.50289    0.00000    0.50289
   9.50000    0.51507    0.00000    0.51507
  10.00000    0.53639    0.00000    0.53639
  10.50000    0.54514    0.00000    0.54514
  11.00000    0.52748    0.00000    0.52748
  11.50000    0.50399    0.00000    0.50399
  12.00000    0.47994    0.00000    0.47994
  12.50000    0.48574    0.00000    0.48574
  13.00000    0.47317    0.00000    0.47317
  13.50000    0.47926    0.00000    0.47926
  14.00000    0.47216    0.00000    0.47216
  14.50000    0.49346    0.00000    0.49346
  15.00000    0.50626    0.00000    0.50626
  15.50000    0.53094    0.00000    0.53094
  16.00000    0.50820    0.00000    0.50820
  16.50000    0.48964    0.00000    0.48964
  17.00000    0.49220    0.00000    0.49220
  17.50000    0.51045    0.00000    0.51045
  18.00000    0.50582    0.00000    0.50582
  18.50000    0.52725    0.00000    0.52725
  19.00000    0.55054    0.00000    0.55054
  19.50000    0.51567    0.00000    0.51567
  20.00000    0.48018    0.00000    0.48018
  20.50000    0.47989    0.00000    0.47989
  21.00000    0.49414    0.00000    0.49414
  21.50000    0.48896    0.00000    0.48896
  22.00000    0.50081    0.00000    0.50081
  22.50000    0.50299    0.00000    0.50299
  23.00000    0.50223    0.00000    0.50223
  23.50000    0.52029    0.00000    0.52029
  24.00000    0.54148    0.00000    0.54148
  24.50000    0.52738    0.00000    0.52738
  25.00000    0.49658    0.00000    0.49658
  25.50000    0.49579    0.00000    0.49579
  26.00000    0.47898    0.00000    0.47898
  26.50000    0.47372    0.00000    0.47372
  27.00000    0.47389    0.00000    0.47389
  27.50000    0.47915    0.00000    0.47915
  28.00000    0.47815    0.00000    0.47815
  28.50000    0.48119    0.00000    0.48119
  29.00000    0.50488    0.00000    0.50488
  29.50000    0.50981    0.00000    0.50981
  30.00000    0.49491    0.00000    0.49491
  30.50000    0.48584    0.00000    0.48584
  31.00000    0.46589    0.00000    0.46589
  31.50000    0.48955    0.00000    0.48955
  32.00000    0.50341    0.00000    0.50341
  32.50000    0.51612    0.00000    0.51612
  33.00000    0.51544    0.00000    0.51544
  33.50000    0.51746    0.00000    0.51746
  34.00000    0.52135    0.00000    0.52135
  34.50000    0.51538    0.00000    0.51538
  35.00000    0.51514    0.00000    0.51514
  35.50000    0.48920    0.00000    0.48920
  36.00000    0.48546    0.00000    0.48546
  36.50000    0.49980    0.00000    0.49980
  37.00000    0.52345    0.00000    0.52345
  37.50000    0.52386    0.00000    0.52386
  38.00000    0.52797    0.00000    0.52797
  38.50000    0.53392    0.00000    0.53392
  39.00000    0.51200    0.00000    0.51200
  39.50000    0.47258    0.00000    0.47258
  40.00000    0.48601    0.00000    0.48601
  40.50000    0.53832    0.00000    0.53832
  41.00000    0.54860    0.00000    0.54860
  41.50000    0.50734    0.00000    0.50734
  42.00000    0.48320    0.00000    0.48320
  42.50000    0.45421    0.00000    0.45421
  43.00000    0.46732    0.00000    0.46732
  43.50000    0.46856    0.00000    0.46856
  44.00000    0.49998    0.00000    0.49998
  44.50000    0.51070    0.00000    0.51070
  45.00000    0.49869    0.00000    0.49869
  45.50000    0.48255    0.00000    0.48255
  46.00000    0.48762    0.00000    0.48762
  46.50000    0.48972    0.00000    0.48972
  47.00000    0.48714    0.00000    0.48714
  47.50000    0.50845    0.00000    0.50845
  48.00000    0.53579    0.00000    0.53579
  48.50000    0.50041    0.00000    0.50041
  49.00000    0.50815    0.00000    0.50815
  49.50000    0.50304    0.00000    0.50304
  50.00000    0.51418    0.00000    0.51418
  50.50000    0.48983    0.00000    0.48983
  51.00000    0.50619    0.00000    0.50619
  51.50000    0.52231    0.00000    0.52231
  52.00000    0.51656    0.00000    0.51656
  52.50000    0.52769    0.00000    0.52769
  53.00000    0.50678    0.00000    0.50678
  53.50000    0.47997    0.00000    0.47997
  54.00000    0.47283    0.00000    0.47283
  54.50000    0.51141    0.00000    0.51141
  55.00000    0.51270    0.00000    0.51270
  55.50000    0.52287    0.00000    0.52287
  56.00000    0.52936    0.00000    0.52936
  56.50000    0.49972    0.00000    0.49972
  57.00000    0.46329    0.00000    0.46329
  57.50000    0.49663    0.00000    0.49663
  58.00000    0.54182    0.00000    0.54182
  58.50000    0.53282    0.00000    0.53282
  59.00000    0.51122    0.00000    0.51122
  59.50000    0.49613    0.00000    0.49613
  60.00000    0.47942    0.00000    0.47942
  60.50000    0.47796    0.00000    0.47796
  61.00000    0.51455    0.00000    0.51455
  61.50000    0.52003    0.00000    0.52003
  62.00000    0.51526    0.00000    0.51526
  62.50000    0.48181    0.00000    0.48181
  63.00000    0.51230    0.00000    0.51230
  63.50000    0.55134    0.00000    0.55134
  64.00000    0.56844    0.00000    0.56844
  64.50000    0.50695    0.00000    0.50695
  65.00000    0.48685    0.00000    0.48685
  65.50000    0.53286    0.00000    0.53286
  66.00000    0.55004    0.00000    0.55004
  66.50000    0.52078    0.00000    0.52078
  67.00000    0.48740    0.00000    0.48740
  67.50000    0.52758    0.00000    0.52758
  68.00000    0.57162    0.00000    0.57162
  68.50000    0.54343    0.00000    0.54343
  69.00000    0.47874    0.00000    0.47874
  69.50000    0.45761    0.00000    0.45761
  70.00000    0.48724    0.00000    0.48724
  70.50000    0.48626    0.00000    0.48626
  71.00000    0.47637    0.00000    0.47637
  71.50000    0.45794    0.00000    0.45794
  72.00000    0.45893    0.00000    0.45893
  72.50000    0.46475    0.00000    0.46475
  73.00000    0.49066    0.00000    0.49066
  73.50000    0.50960    0.00000    0.50960
  74.00000    0.51966    0.00000    0.51966
  74.50000    0.53664    0.00000    0.53664
  75.00000    0.51734    0.00000    0.51734
  75.50000    0.50049    0.00000    0.50049
  76.00000    0.47066    0.00000    0.47066
  76.50000    0.48147    0.00000    0.48147
  77.00000    0.49498    0.00000    0.49498
  77.50000    0.54937    0.00000    0.54937
  78.00000    0.53985    0.00000    0.53985
  78.50000    0.49088    0.00000    0.49088
  79.00000    0.46706    0.00000    0.46706
  79.50000    0.47226    0.00000    0.47226
  80.00000    0.50649    0.00000    0.50649
  80.50000    0.51961    0.00000    0.51961
  81.00000    0.49691    0.00000    0.49691
  81.50000    0.45418    0.00000    0.45418
  82.00000    0.45056    0.00000    0.45056
  82.50000    0.49660    0.00000    0.49660
  83.00000    0.51075    0.00000    0.51075
  83.50000    0.50158    0.00000    0.50158
  84.00000    0.50312    0.00000    0.50312
  84.50000    0.54058    0.00000    0.54058
  85.00000    0.54658    0.00000    0.54658
  85.50000    0.51441    0.00000    0.51441
  86.00000    0.49166    0.00000    0.49166
  86.50000    0.50153    0.00000    0.50153
  87.00000    0.50630    0.00000    0.50630
  87.50000    0.52336    0.00000    0.52336
  88.00000    0.51641    0.00000    0.51641
  88.50000    0.51137    0.00000    0.51137
  89.00000    0.51841    0.00000    0.51841
  89.50000    0.54559    0.00000    0.54559
  90.00000    0.53389    0.00000    0.53389
  90.50000    0.51331    0.00000    0.51331
  91.00000    0.49624    0.00000    0.49624
  91.50000    0.49351    0.00000    0.49351
  92.00000    0.50225    0.00000    0.50225
  92.50000    0.48250    0.00000    0.48250
  93.00000    0.45922    0.00000    0.45922
  93.50000    0.45658    0.00000    0.45658
  94.00000    0.47049    0.00000    0.47049
  94.50000    0.46926    0.00000    0.46926
  95.00000    0.47830    0.00000    0.47830
  95.50000    0.52152    0.00000    0.52152
  96.00000    0.52714    0.00000    0.52714
  96.50000    0.54652    0.00000    0.54652
  97.00000    0.53687    0.00000    0.53687
  97.50000    0.53944    0.00000    0.53944
  98.00000    0.49523    0.00000    0.49523
  98.50000    0.49180    0.00000    0.49180
  99.00000    0.49266    0.00000    0.49266
  99.50000    0.53126    0.00000    0.53126
 100.00000    0.53710    0.00000    0.53710
 100.50000    0.52727    0.00000    0.52727
 101.00000    0.51490    0.00000    0.51490
 101.50000    0.49154    0.00000    0.49154
 102.00000    0.46388    0.00000    0.46388
 102.50000    0.43619    0.00000    0.43619
 103.00000    0.47834    0.00000    0.47834
 103.50000    0.48076    0.00000    0.48076
 104.00000    0.48475    0.00000    0.48475
 104.50000    0.48632    0.00000    0.48632
 105.00000    0.52417    0.00000    0.52417
 105.50000    0.50917    0.00000    0.50917
 106.00000    0.48923    0.00000    0.48923
 106.50000    0.50297    0.00000    0.50297
 107.00000    0.54244    0.00000    0.54244
 107.50000    0.55028    0.00000    0.55028
 108.00000    0.55886    0.00000    0.55886
 108.50000    0.54125    0.00000    0.54125
 109.00000    0.54408    0.00000    0.54408
 109.50000    0.53224    0.00000    0.53224
 110.00000    0.52514    0.00000    0.52514
 110.50000    0.48704    0.00000    0.48704
 111.00000    0.49118    0.00000    0.49118
 111.50000    0.51754    0.00000    0.51754
 112.00000    0.52349    0.00000    0.52349
 112.50000    0.51507    0.00000    0.51507
 113.00000    0.51268    0.00000    0.51268
 113.50000    0.48409    0.00000    0.48409
 114.00000    0.48103    0.00000    0.48103
 114.50000    0.47827    0.00000    0.47827
 115.00000    0.49810    0.00000    0.49810
 115.50000    0.50241    0.00000    0.50241
 116.00000    0.54483    0.00000    0.54483
 116.50000    0.53913    0.00000    0.53913
 117.00000    0.53293    0.00000    0.53293
 117.50000    0.51410    0.00000    0.51410
 118.00000    0.50855    0.00000    0.50855
 118.50000    0.49811    0.00000    0.49811
 119.00000    0.50684    0.00000    0.50684
 119.50000    0.53176    0.00000    0.53176
 120.00000    0.53990    0.00000    0.53990
 120.50000    0.49044    0.00000    0.49044
 121.00000    0.48712    0.00000    0.48712
 121.50000    0.49859    0.00000    0.49859
 122.00000    0.50653    0.00000    0.50653
 122.50000    0.48688    0.00000    0.48688
 123.00000    0.50252    0.00000    0.50252
 123.50000    0.47340    0.00000    0.47340
 124.00000    0.46058    0.00000    0.46058
 124.50000    0.47534    0.00000    0.47534
 125.00000    0.51164    0.00000    0.51164
 125.50000    0.50606    0.00000    0.50606
 126.00000    0.51095    0.00000    0.51095
 126.50000    0.48638    0.00000    0.48638
 127.00000    0.50524    0.00000    0.50524
 127.50000    0.49786    0.00000    0.49786
 128.00000    0.50707    0.00000    0.50707
 128.50000    0.48163    0.00000    0.48163
 129.00000    0.48044    0.00000    0.48044
 129.50000    0.49469    0.00000    0.49469
 130.00000    0.51823    0.00000    0.51823
 130.50000    0.48315    0.00000    0.48315
 131.00000    0.44881    0.00000    0.44881
 131.50000    0.46580    0.00000    0.46580
 132.00000    0.50036    0.00000    0.50036
 132.50000    0.49365    0.00000    0.49365
 133.00000    0.47094    0.00000    0.47094
 133.50000    0.47919    0.00000    0.47919
 134.00000    0.49513    0.00000    0.49513
 134.50000    0.51996    0.00000    0.51996
 135.00000    0.53071    0.00000    0.53071
 135.50000    0.54678    0.00000    0.54678
 136.00000    0.52025    0.00000    0.52025
 136.50000    0.49042    0.00000    0.49042
 137.00000    0.50645    0.00000    0.50645
 137.50000    0.54154    0.00000    0.54154
 138.00000    0.51788    0.00000    0.51788
 138.50000    0.47397    0.00000    0.47397
 139.00000    0.45912    0.00000    0.45912
 139.50000    0.49078    0.00000    0.49078
 140.00000    0.50173    0.00000    0.50173
 140.50000    0.50807    0.00000    0.50807
 141.00000    0.51794    0.00000    0.51794
 141.50000    0.48199    0.00000    0.48199
 142.00000    0.49984    0.00000    0.49984
 142.50000    0.52497    0.00000    0.52497
 143.00000    0.59125    0.00000    0.59125
 143.50000    0.56777    0.00000    0.56777
 144.00000    0.52594    0.00000    0.52594
 144.50000    0.47641    0.00000    0.47641
 145.00000    0.51642    0.00000    0.51642
 145.50000    0.53653    0.00000    0.53653
 146.00000    0.50148    0.00000    0.50148
 146.50000    0.46468    0.00000    0.46468
 147.00000    0.49781    0.00000    0.49781
 147.50000    0.51784    0.00000    0.51784
 148.00000    0.49659    0.00000    0.49659
 148.50000    0.47845    0.00000    0.47845
 149.00000    0.47902    0.00000    0.47902
 149.50000    0.48380    0.00000    0.48380
 150.00000    0.40671    0.00000    0.40671
