   0.00000    0.53190    0.00000    0.53190
   0.50000    0.57621    0.00000    0.57621
   1.00000    0.58471    0.00000    0.58471
   1.50000    0.57580    0.00000    0.57580
   2.00000    0.57784    0.00000    0.57784
   2.50000    0.57480    0.00000    0.57480
   3.00000    0.59689    0.00000    0.59689
   3.50000    0.61223    0.00000    0.61223
   4.00000    0.58473    0.00000    0.58473
   4.50000    0.56174    0.00000    0.56174
   5.00000    0.54373    0.00000    0.54373
   5.50000    0.56798    0.00000    0.56798
   6.00000    0.56562    0.00000    0.56562
   6.50000    0.60650    0.00000    0.60650
   7.00000    0.58861    0.00000    0.58861
   7.50000    0.56196    0.00000    0.56196
   8.00000    0.54267    0.00000    0.54267
   8.50000    0.57219    0.00000    0.57219
   9.00000    0.58198    0.00000    0.58198
   9.50000    0.58562    0.00000    0.58562
  10.00000    0.58996    0.00000    0.58996
  10.50000    0.61472    0.00000    0.61472
  11.00000    0.61917    0.00000    0.61917
  11.50000    0.62049    0.00000    0.62049
  12.00000    0.57875    0.00000    0.57875
  12.50000    0.59173    0.00000    0.59173
  13.00000    0.57138    0.00000    0.57138
  13.50000    0.58097    0.00000    0.58097
  14.00000    0.56081    0.00000    0.56081
  14.50000    0.56233    0.00000    0.56233
  15.00000    0.57043    0.00000    0.57043
  15.50000    0.63533    0.00000    0.63533
  16.00000    0.61332    0.00000    0.61332
  16.50000    0.57095    0.00000    0.57095
  17.00000    0.56157    0.00000    0.56157
  17.50000    0.59995    0.00000    0.59995
  18.00000    0.59417    0.00000    0.59417
  18.50000    0.61149    0.00000    0.61149
  19.00000    0.62256    0.00000    0.62256
  19.50000    0.60102    0.00000    0.60102
  20.00000    0.57802    0.00000    0.57802
  20.50000    0.56930    0.00000    0.56930
  21.00000    0.57227    0.00000    0.57227
  21.50000    0.57431    0.00000    0.57431
  22.00000    0.59605    0.00000    0.59605
  22.50000    0.57317    0.00000    0.57317
  23.00000    0.57273    0.00000    0.57273
  23.50000    0.60877    0.00000    0.60877
  24.00000    0.63527    0.00000    0.63527
  24.50000    0.59675    0.00000    0.59675
  25.00000    0.55551    0.00000    0.55551
  25.50000    0.57243    0.00000    0.57243
  26.00000    0.59508    0.00000    0.59508
  26.50000    0.57623    0.00000    0.57623
  27.00000    0.57488    0.00000    0.57488
  27.50000    0.58055    0.00000    0.58055
  28.00000    0.60241    0.00000    0.60241
  28.50000    0.56628    0.00000    0.56628
  29.00000    0.58119    0.00000    0.58119
  29.50000    0.58189    0.00000    0.58189
  30.00000    0.58101    0.00000    0.58101
  30.50000    0.57344    0.00000    0.57344
  31.00000    0.55711    0.00000    0.55711
  31.50000    0.56099    0.00000    0.56099
  32.00000    0.57521    0.00000    0.57521
  32.50000    0.59856    0.00000    0.59856
  33.00000    0.58302    0.00000    0.58302
  33.50000    0.57270    0.00000    0.57270
  34.00000    0.58937    0.00000    0.58937
  34.50000    0.63195    0.00000    0.63195
  35.00000    0.60659    0.00000    0.60659
  35.50000    0.56984    0.00000    0.56984
  36.00000    0.55581    0.00000    0.55581
  36.50000    0.59086    0.00000    0.59086
  37.00000    0.57122    0.00000    0.57122
  37.50000    0.58187    0.00000    0.58187
  38.00000    0.61612    0.00000    0.61612
  38.50000    0.66869    0.00000    0.66869
  39.00000    0.63933    0.00000    0.63933
  39.50000    0.57428    0.00000    0.57428
  40.00000    0.59219    0.00000    0.59219
  40.50000    0.65812    0.00000    0.65812
  41.00000    0.68355    0.00000    0.68355
  41.50000    0.62103    0.00000    0.62103
  42.00000    0.58361    0.00000    0.58361
  42.50000    0.53432    0.00000    0.53432
  43.00000    0.53499    0.00000    0.53499
  43.50000    0.54881    0.00000    0.54881
  44.00000    0.56813    0.00000    0.56813
  44.50000    0.58087    0.00000    0.58087
  45.00000    0.56259    0.00000    0.56259
  45.50000    0.54732    0.00000    0.54732
  46.00000    0.55163    0.00000    0.55163
  46.50000    0.56189    0.00000    0.56189
  47.00000    0.57553    0.00000    0.57553
  47.50000    0.60192    0.00000    0.60192
  48.00000    0.64630    0.00000    0.64630
  48.50000    0.59969    0.00000    0.59969
  49.00000    0.60521    0.00000    0.60521
  49.50000    0.61669    0.00000    0.61669
  50.00000    0.61158    0.00000    0.61158
  50.50000    0.57366    0.00000    0.57366
  51.00000    0.59571    0.00000    0.59571
  51.50000    0.61754    0.00000    0.61754
  52.00000    0.61112    0.00000    0.61112
  52.50000    0.61978    0.00000    0.61978
  53.00000    0.59910    0.00000    0.59910
  53.50000    0.54483    0.00000    0.54483
  54.00000    0.55880    0.00000    0.55880
  54.50000    0.60781    0.00000    0.60781
  55.00000    0.59257    0.00000    0.59257
  55.50000    0.60276    0.00000    0.60276
  56.00000    0.61603    0.00000    0.61603
  56.50000    0.57852    0.00000    0.57852
  57.00000    0.51516    0.00000    0.51516
  57.50000    0.55007    0.00000    0.55007
  58.00000    0.62491    0.00000    0.62491
  58.50000    0.62459    0.00000    0.62459
  59.00000    0.59862    0.00000    0.59862
  59.50000    0.55968    0.00000    0.55968
  60.00000    0.55203    0.00000    0.55203
  60.50000    0.55996    0.00000    0.55996
  61.00000    0.61142    0.00000    0.61142
  61.50000    0.63435    0.00000    0.63435
  62.00000    0.63319    0.00000    0.63319
  62.50000    0.59085    0.00000    0.59085
  63.00000    0.62572    0.00000    0.62572
  63.50000    0.67521    0.00000    0.67521
  64.00000    0.67273    0.00000    0.67273
  64.50000    0.58688    0.00000    0.58688
  65.00000    0.56306    0.00000    0.56306
  65.50000    0.64131    0.00000    0.64131
  66.00000    0.65285    0.00000    0.65285
  66.50000    0.61072    0.00000    0.61072
  67.00000    0.56082    0.00000    0.56082
  67.50000    0.59448    0.00000    0.59448
  68.00000    0.64488    0.00000    0.64488
  68.50000    0.62762    0.00000    0.62762
  69.00000    0.56818    0.00000    0.56818
  69.50000    0.51961    0.00000    0.51961
  70.00000    0.56718    0.00000    0.56718
  70.50000    0.58508    0.00000    0.58508
  71.00000    0.57563    0.00000    0.57563
  71.50000    0.55740    0.00000    0.55740
  72.00000    0.55355    0.00000    0.55355
  72.50000    0.57031    0.00000    0.57031
  73.00000    0.58504    0.00000    0.58504
  73.50000    0.62063    0.00000    0.62063
  74.00000    0.61993    0.00000    0.61993
  74.50000    0.64811    0.00000    0.64811
  75.00000    0.62769    0.00000    0.62769
  75.50000    0.59937    0.00000    0.59937
  76.00000    0.53794    0.00000    0.53794
  76.50000    0.54465    0.00000    0.54465
  77.00000    0.55498    0.00000    0.55498
  77.50000    0.61085    0.00000    0.61085
  78.00000    0.59860    0.00000    0.59860
  78.50000    0.56514    0.00000    0.56514
  79.00000    0.54343    0.00000    0.54343
  79.50000    0.55922    0.00000    0.55922
  80.00000    0.59229    0.00000    0.59229
  80.50000    0.59605    0.00000    0.59605
  81.00000    0.57490    0.00000    0.57490
  81.50000    0.54859    0.00000    0.54859
  82.00000    0.54694    0.00000    0.54694
  82.50000    0.57765    0.00000    0.57765
  83.00000    0.57580    0.00000    0.57580
  83.50000    0.57167    0.00000    0.57167
  84.00000    0.59166    0.00000    0.59166
  84.50000    0.64529    0.00000    0.64529
  85.00000    0.63954    0.00000    0.63954
  85.50000    0.60755    0.00000    0.60755
  86.00000    0.58609    0.00000    0.58609
  86.50000    0.61534    0.00000    0.61534
  87.00000    0.61465    0.00000    0.61465
  87.50000    0.63006    0.00000    0.63006
  88.00000    0.60980    0.00000    0.60980
  88.50000    0.61910    0.00000    0.61910
  89.00000    0.63352    0.00000    0.63352
  89.50000    0.64136    0.00000    0.64136
  90.00000    0.63129    0.00000    0.63129
  90.50000    0.62133    0.00000    0.62133
  91.00000    0.59628    0.00000    0.59628
  91.50000    0.55320    0.00000    0.55320
  92.00000    0.55899    0.00000    0.55899
  92.50000    0.55700    0.00000    0.55700
  93.00000    0.54686    0.00000    0.54686
  93.50000    0.54101    0.00000    0.54101
  94.00000    0.53821    0.00000    0.53821
  94.50000    0.54844    0.00000    0.54844
  95.00000    0.56648    0.00000    0.56648
  95.50000    0.61535    0.00000    0.61535
  96.00000    0.60107    0.00000    0.60107
  96.50000    0.62581    0.00000    0.62581
  97.00000    0.60710    0.00000    0.60710
  97.50000    0.62309    0.00000    0.62309
  98.00000    0.59935    0.00000    0.59935
  98.50000    0.58871    0.00000    0.58871
  99.00000    0.57609    0.00000    0.57609
  99.50000    0.61175    0.00000    0.61175
 100.00000    0.60245    0.00000    0.60245
 100.50000    0.58203    0.00000    0.58203
 101.00000    0.58424    0.00000    0.58424
 101.50000    0.60810    0.00000    0.60810
 102.00000    0.56700    0.00000    0.56700
 102.50000    0.53243    0.00000    0.53243
 103.00000    0.53905    0.00000    0.53905
 103.50000    0.55883    0.00000    0.55883
 104.00000    0.57542    0.00000    0.57542
 104.50000    0.60779    0.00000    0.60779
 105.00000    0.63680    0.00000    0.63680
 105.50000    0.59724    0.00000    0.59724
 106.00000    0.55146    0.00000    0.55146
 106.50000    0.57960    0.00000    0.57960
 107.00000    0.63319    0.00000    0.63319
 107.50000    0.63882    0.00000    0.63882
 108.00000    0.62906    0.00000    0.62906
 108.50000    0.61738    0.00000    0.61738
 109.00000    0.61727    0.00000    0.61727
 109.50000    0.62756    0.00000    0.62756
 110.00000    0.63738    0.00000    0.63738
 110.50000    0.61637    0.00000    0.61637
 111.00000    0.59794    0.00000    0.59794
 111.50000    0.61292    0.00000    0.61292
 112.00000    0.60530    0.00000    0.60530
 112.50000    0.59510    0.00000    0.59510
 113.00000    0.57005    0.00000    0.57005
 113.50000    0.55309    0.00000    0.55309
 114.00000    0.56603    0.00000    0.56603
 114.50000    0.57116    0.00000    0.57116
 115.00000    0.56828    0.00000    0.56828
 115.50000    0.57520    0.00000    0.57520
 116.00000    0.63778    0.00000    0.63778
 116.50000    0.64056    0.00000    0.64056
 117.00000    0.61477    0.00000    0.61477
 117.50000    0.59954    0.00000    0.59954
 118.00000    0.58965    0.00000    0.58965
 118.50000    0.58051    0.00000    0.58051
 119.00000    0.56942    0.00000    0.56942
 119.50000    0.60198    0.00000    0.60198
 120.00000    0.60421    0.00000    0.60421
 120.50000    0.55932    0.00000    0.55932
 121.00000    0.57007    0.00000    0.57007
 121.50000    0.57846    0.00000    0.57846
 122.00000    0.58846    0.00000    0.58846
 122.50000    0.56887    0.00000    0.56887
 123.00000    0.57907    0.00000    0.57907
 123.50000    0.53506    0.00000    0.53506
 124.00000    0.51148    0.00000    0.51148
 124.50000    0.54345    0.00000    0.54345
 125.00000    0.59505    0.00000    0.59505
 125.50000    0.61854    0.00000    0.61854
 126.00000    0.61100    0.00000    0.61100
 126.50000    0.57037    0.00000    0.57037
 127.00000    0.59178    0.00000    0.59178
 127.50000    0.59370    0.00000    0.59370
 128.00000    0.59751    0.00000    0.59751
 128.50000    0.57339    0.00000    0.57339
 129.00000    0.57434    0.00000    0.57434
 129.50000    0.58749    0.00000    0.58749
 130.00000    0.59040    0.00000    0.59040
 130.50000    0.57407    0.00000    0.57407
 131.00000    0.54974    0.00000    0.54974
 131.50000    0.57491    0.00000    0.57491
 132.00000    0.57869    0.00000    0.57869
 132.50000    0.58275    0.00000    0.58275
 133.00000    0.57302    0.00000    0.57302
 133.50000    0.57091    0.00000    0.57091
 134.00000    0.55597    0.00000    0.55597
 134.50000    0.57523    0.00000    0.57523
 135.00000    0.60572    0.00000    0.60572
 135.50000    0.62345    0.00000    0.62345
 136.00000    0.60005    0.00000    0.60005
 136.50000    0.56284    0.00000    0.56284
 137.00000    0.57357    0.00000    0.57357
 137.50000    0.59978    0.00000    0.59978
 138.00000    0.59323    0.00000    0.59323
 138.50000    0.57344    0.00000    0.57344
 139.00000    0.57309    0.00000    0.57309
 139.50000    0.58452    0.00000    0.58452
 140.00000    0.59153    0.00000    0.59153
 140.50000    0.60155    0.00000    0.60155
 141.00000    0.62907    0.00000    0.62907
 141.50000    0.58065    0.00000    0.58065
 142.00000    0.60557    0.00000    0.60557
 142.50000    0.62722    0.00000    0.62722
 143.00000    0.69277    0.00000    0.69277
 143.50000    0.65491    0.00000    0.65491
 144.00000    0.61305    0.00000    0.61305
 144.50000    0.57729    0.00000    0.57729
 145.00000    0.61072    0.00000    0.61072
 145.50000    0.60441    0.00000    0.60441
 146.00000    0.57058    0.00000    0.57058
 146.50000    0.54661    0.00000    0.54661
 147.00000    0.58966    0.00000    0.58966
 147.50000    0.57814    0.00000    0.57814
 148.00000    0.56604    0.00000    0.56604
 148.50000    0.54625    0.00000    0.54625
 149.00000    0.57772    0.00000    0.57772
 149.50000    0.58346    0.00000    0.58346
 150.00000    0.49924    0.00000    0.49924
