   0.00000    0.47524    0.00000    0.47524
   0.50000    0.48777    0.00000    0.48777
   1.00000    0.50275    0.00000    0.50275
   1.50000    0.50345    0.00000    0.50345
   2.00000    0.49996    0.00000    0.49996
   2.50000    0.49515    0.00000    0.49515
   3.00000    0.52738    0.00000    0.52738
   3.50000    0.54905    0.00000    0.54905
   4.00000    0.52088    0.00000    0.52088
   4.50000    0.51165    0.00000    0.51165
   5.00000    0.48744    0.00000    0.48744
   5.50000    0.49962    0.00000    0.49962
   6.00000    0.49130    0.00000    0.49130
   6.50000    0.54026    0.00000    0.54026
   7.00000    0.53339    0.00000    0.53339
   7.50000    0.51289    0.00000    0.51289
   8.00000    0.47858    0.00000    0.47858
   8.50000    0.49807    0.00000    0.49807
   9.00000    0.51603    0.00000    0.51603
   9.50000    0.52759    0.00000    0.52759
  10.00000    0.54696    0.00000    0.54696
  10.50000    0.55898    0.00000    0.55898
  11.00000    0.54237    0.00000    0.54237
  11.50000    0.51627    0.00000    0.51627
  12.00000    0.49694    0.00000    0.49694
  12.50000    0.50794    0.00000    0.50794
  13.00000    0.49379    0.00000    0.49379
  13.50000    0.48956    0.00000    0.48956
  14.00000    0.49217    0.00000    0.49217
  14.50000    0.51812    0.00000    0.51812
  15.00000    0.53465    0.00000    0.53465
  15.50000    0.56443    0.00000    0.56443
  16.00000    0.53286    0.00000    0.53286
  16.50000    0.50404    0.00000    0.50404
  17.00000    0.50659    0.00000    0.50659
  17.50000    0.53981    0.00000    0.53981
  18.00000    0.53553    0.00000    0.53553
  18.50000    0.55138    0.00000    0.55138
  19.00000    0.56507    0.00000    0.56507
  19.50000    0.53282    0.00000    0.53282
  20.00000    0.49923    0.00000    0.49923
  20.50000    0.49958    0.00000    0.49958
  21.00000    0.50546    0.00000    0.50546
  21.50000    0.49920    0.00000    0.49920
  22.00000    0.50433    0.00000    0.50433
  22.50000    0.50047    0.00000    0.50047
  23.00000    0.50014    0.00000    0.50014
  23.50000    0.53769    0.00000    0.53769
  24.00000    0.56597    0.00000    0.56597
  24.50000    0.53809    0.00000    0.53809
  25.00000    0.49593    0.00000    0.49593
  25.50000    0.51409    0.00000    0.51409
  26.00000    0.50885    0.00000    0.50885
  26.50000    0.49144    0.00000    0.49144
  27.00000    0.48641    0.00000    0.48641
  27.50000    0.50255    0.00000    0.50255
  28.00000    0.50616    0.00000    0.50616
  28.50000    0.49436    0.00000    0.49436
  29.00000    0.51257    0.00000    0.51257
  29.50000    0.52271    0.00000    0.52271
  30.00000    0.52099    0.00000    0.52099
  30.50000    0.51784    0.00000    0.51784
  31.00000    0.49724    0.00000    0.49724
  31.50000    0.51719    0.00000    0.51719
  32.00000    0.51911    0.00000    0.51911
  32.50000    0.52279    0.00000    0.52279
  33.00000    0.52401    0.00000    0.52401
  33.50000    0.53874    0.00000    0.53874
  34.00000    0.55050    0.00000    0.55050
  34.50000    0.53935    0.00000    0.53935
  35.00000    0.53607    0.00000    0.53607
  35.50000    0.50656    0.00000    0.50656
  36.00000    0.49906    0.00000    0.49906
  36.50000    0.50704    0.00000    0.50704
  37.00000    0.52316    0.00000    0.52316
  37.50000    0.52967    0.00000    0.52967
  38.00000    0.53845    0.00000    0.53845
  38.50000    0.56336    0.00000    0.56336
  39.00000    0.53646    0.00000    0.53646
  39.50000    0.48768    0.00000    0.48768
  40.00000    0.49411    0.00000    0.49411
  40.50000    0.56328    0.00000    0.56328
  41.00000    0.57945    0.00000    0.57945
  41.50000    0.53050    0.00000    0.53050
  42.00000    0.49975    0.00000    0.49975
  42.50000    0.47240    0.00000    0.47240
  43.00000    0.47835    0.00000    0.47835
  43.50000    0.47052    0.00000    0.47052
  44.00000    0.50291    0.00000    0.50291
  44.50000    0.52233    0.00000    0.52233
  45.00000    0.51007    0.00000    0.51007
  45.50000    0.49474    0.00000    0.49474
  46.00000    0.49519    0.00000    0.49519
  46.50000    0.50847    0.00000    0.50847
  47.00000    0.49586    0.00000    0.49586
  47.50000    0.51731    0.00000    0.51731
  48.00000    0.54468    0.00000    0.54468
  48.50000    0.52996    0.00000    0.52996
  49.00000    0.53810    0.00000    0.53810
  49.50000    0.52771    0.00000    0.52771
  50.00000    0.52923    0.00000    0.52923
  50.50000    0.50123    0.00000    0.50123
  51.00000    0.52185    0.00000    0.52185
  51.50000    0.54166    0.00000    0.54166
  52.00000    0.53780    0.00000    0.53780
  52.50000    0.54932    0.00000    0.54932
  53.00000    0.51719    0.00000    0.51719
  53.50000    0.48861    0.00000    0.48861
  54.00000    0.48475    0.00000    0.48475
  54.50000    0.53508    0.00000    0.53508
  55.00000    0.52544    0.00000    0.52544
  55.50000    0.53828    0.00000    0.53828
  56.00000    0.54486    0.00000    0.54486
  56.50000    0.52242    0.00000    0.52242
  57.00000    0.48098    0.00000    0.48098
  57.50000    0.51924    0.00000    0.51924
  58.00000    0.56157    0.00000    0.56157
  58.50000    0.54934    0.00000    0.54934
  59.00000    0.53233    0.00000    0.53233
  59.50000    0.52605    0.00000    0.52605
  60.00000    0.50947    0.00000    0.50947
  60.50000    0.49970    0.00000    0.49970
  61.00000    0.53025    0.00000    0.53025
  61.50000    0.53730    0.00000    0.53730
  62.00000    0.53458    0.00000    0.53458
  62.50000    0.49649    0.00000    0.49649
  63.00000    0.52416    0.00000    0.52416
  63.50000    0.56913    0.00000    0.56913
  64.00000    0.58376    0.00000    0.58376
  64.50000    0.52096    0.00000    0.52096
  65.00000    0.49620    0.00000    0.49620
  65.50000    0.55508    0.00000    0.55508
  66.00000    0.57097    0.00000    0.57097
  66.50000    0.54834    0.00000    0.54834
  67.00000    0.50934    0.00000    0.50934
  67.50000    0.55539    0.00000    0.55539
  68.00000    0.59103    0.00000    0.59103
  68.50000    0.56242    0.00000    0.56242
  69.00000    0.49478    0.00000    0.49478
  69.50000    0.47665    0.00000    0.47665
  70.00000    0.50521    0.00000    0.50521
  70.50000    0.50975    0.00000    0.50975
  71.00000    0.49782    0.00000    0.49782
  71.50000    0.48326    0.00000    0.48326
  72.00000    0.47751    0.00000    0.47751
  72.50000    0.48082    0.00000    0.48082
  73.00000    0.49624    0.00000    0.49624
  73.50000    0.52631    0.00000    0.52631
  74.00000    0.53821    0.00000    0.53821
  74.50000    0.56265    0.00000    0.56265
  75.00000    0.53295    0.00000    0.53295
  75.50000    0.51617    0.00000    0.51617
  76.00000    0.47954    0.00000    0.47954
  76.50000    0.49499    0.00000    0.49499
  77.00000    0.50863    0.00000    0.50863
  77.50000    0.56002    0.00000    0.56002
  78.00000    0.55056    0.00000    0.55056
  78.50000    0.50303    0.00000    0.50303
  79.00000    0.49259    0.00000    0.49259
  79.50000    0.49321    0.00000    0.49321
  80.00000    0.53401    0.00000    0.53401
  80.50000    0.53694    0.00000    0.53694
  81.00000    0.52395    0.00000    0.52395
  81.50000    0.47432    0.00000    0.47432
  82.00000    0.47862    0.00000    0.47862
  82.50000    0.51510    0.00000    0.51510
  83.00000    0.52698    0.00000    0.52698
  83.50000    0.49808    0.00000    0.49808
  84.00000    0.50382    0.00000    0.50382
  84.50000    0.55424    0.00000    0.55424
  85.00000    0.57090    0.00000    0.57090
  85.50000    0.53370    0.00000    0.53370
  86.00000    0.51321    0.00000    0.51321
  86.50000    0.53912    0.00000    0.53912
  87.00000    0.53670    0.00000    0.53670
  87.50000    0.55161    0.00000    0.55161
  88.00000    0.53588    0.00000    0.53588
  88.50000    0.53664    0.00000    0.53664
  89.00000    0.53389    0.00000    0.53389
  89.50000    0.57106    0.00000    0.57106
  90.00000    0.56101    0.00000    0.56101
  90.50000    0.54083    0.00000    0.54083
  91.00000    0.50723    0.00000    0.50723
  91.50000    0.49531    0.00000    0.49531
  92.00000    0.50739    0.00000    0.50739
  92.50000    0.49913    0.00000    0.49913
  93.00000    0.47373    0.00000    0.47373
  93.50000    0.46802    0.00000    0.46802
  94.00000    0.47082    0.00000    0.47082
  94.50000    0.48165    0.00000    0.48165
  95.00000    0.49907    0.00000    0.49907
  95.50000    0.55621    0.00000    0.55621
  96.00000    0.54881    0.00000    0.54881
  96.50000    0.57021    0.00000    0.57021
  97.00000    0.54996    0.00000    0.54996
  97.50000    0.55949    0.00000    0.55949
  98.00000    0.52318    0.00000    0.52318
  98.50000    0.52304    0.00000    0.52304
  99.00000    0.51176    0.00000    0.51176
  99.50000    0.54221    0.00000    0.54221
 100.00000    0.54865    0.00000    0.54865
 100.50000    0.54355    0.00000    0.54355
 101.00000    0.53073    0.00000    0.53073
 101.50000    0.51345    0.00000    0.51345
 102.00000    0.48457    0.00000    0.48457
 102.50000    0.46758    0.00000    0.46758
 103.00000    0.50451    0.00000    0.50451
 103.50000    0.50655    0.00000    0.50655
 104.00000    0.49853    0.00000    0.49853
 104.50000    0.50794    0.00000    0.50794
 105.00000    0.54897    0.00000    0.54897
 105.50000    0.53613    0.00000    0.53613
 106.00000    0.51154    0.00000    0.51154
 106.50000    0.52413    0.00000    0.52413
 107.00000    0.56148    0.00000    0.56148
 107.50000    0.56851    0.00000    0.56851
 108.00000    0.57660    0.00000    0.57660
 108.50000    0.55166    0.00000    0.55166
 109.00000    0.54922    0.00000    0.54922
 109.50000    0.54321    0.00000    0.54321
 110.00000    0.53831    0.00000    0.53831
 110.50000    0.49545    0.00000    0.49545
 111.00000    0.49261    0.00000    0.49261
 111.50000    0.53006    0.00000    0.53006
 112.00000    0.54356    0.00000    0.54356
 112.50000    0.53343    0.00000    0.53343
 113.00000    0.52731    0.00000    0.52731
 113.50000    0.49159    0.00000    0.49159
 114.00000    0.48899    0.00000    0.48899
 114.50000    0.48002    0.00000    0.48002
 115.00000    0.50234    0.00000    0.50234
 115.50000    0.51434    0.00000    0.51434
 116.00000    0.56761    0.00000    0.56761
 116.50000    0.56410    0.00000    0.56410
 117.00000    0.55234    0.00000    0.55234
 117.50000    0.53234    0.00000    0.53234
 118.00000    0.52570    0.00000    0.52570
 118.50000    0.51753    0.00000    0.51753
 119.00000    0.52376    0.00000    0.52376
 119.50000    0.54748    0.00000    0.54748
 120.00000    0.55005    0.00000    0.55005
 120.50000    0.48783    0.00000    0.48783
 121.00000    0.49274    0.00000    0.49274
 121.50000    0.51614    0.00000    0.51614
 122.00000    0.53395    0.00000    0.53395
 122.50000    0.50077    0.00000    0.50077
 123.00000    0.52002    0.00000    0.52002
 123.50000    0.48499    0.00000    0.48499
 124.00000    0.48261    0.00000    0.48261
 124.50000    0.50259    0.00000    0.50259
 125.00000    0.54105    0.00000    0.54105
 125.50000    0.52655    0.00000    0.52655
 126.00000    0.51832    0.00000    0.51832
 126.50000    0.49063    0.00000    0.49063
 127.00000    0.51718    0.00000    0.51718
 127.50000    0.52688    0.00000    0.52688
 128.00000    0.53028    0.00000    0.53028
 128.50000    0.48978    0.00000    0.48978
 129.00000    0.48546    0.00000    0.48546
 129.50000    0.51413    0.00000    0.51413
 130.00000    0.54710    0.00000    0.54710
 130.50000    0.51565    0.00000    0.51565
 131.00000    0.47459    0.00000    0.47459
 131.50000    0.48321    0.00000    0.48321
 132.00000    0.51838    0.00000    0.51838
 132.50000    0.51906    0.00000    0.51906
 133.00000    0.49419    0.00000    0.49419
 133.50000    0.49275    0.00000    0.49275
 134.00000    0.50504    0.00000    0.50504
 134.50000    0.52777    0.00000    0.52777
 135.00000    0.54589    0.00000    0.54589
 135.50000    0.57097    0.00000    0.57097
 136.00000    0.54701    0.00000    0.54701
 136.50000    0.50227    0.00000    0.50227
 137.00000    0.51033    0.00000    0.51033
 137.50000    0.56071    0.00000    0.56071
 138.00000    0.54768    0.00000    0.54768
 138.50000    0.49402    0.00000    0.49402
 139.00000    0.46707    0.00000    0.46707
 139.50000    0.50683    0.00000    0.50683
 140.00000    0.52463    0.00000    0.52463
 140.50000    0.54039    0.00000    0.54039
 141.00000    0.55154    0.00000    0.55154
 141.50000    0.51305    0.00000    0.51305
 142.00000    0.52587    0.00000    0.52587
 142.50000    0.55334    0.00000    0.55334
 143.00000    0.61956    0.00000    0.61956
 143.50000    0.59376    0.00000    0.59376
 144.00000    0.55109    0.00000    0.55109
 144.50000    0.49360    0.00000    0.49360
 145.00000    0.52595    0.00000    0.52595
 145.50000    0.55100    0.00000    0.55100
 146.00000    0.53149    0.00000    0.53149
 146.50000    0.48825    0.00000    0.48825
 147.00000    0.51355    0.00000    0.51355
 147.50000    0.53386    0.00000    0.53386
 148.00000    0.51779    0.00000    0.51779
 148.50000    0.49808    0.00000    0.49808
 149.00000    0.50467    0.00000    0.50467
 149.50000    0.51436    0.00000    0.51436
 150.00000    0.42507    0.00000    0.42507
