   0.00000    0.53105    0.00000    0.53105
   0.50000    0.55913    0.00000    0.55913
   1.00000    0.56733    0.00000    0.56733
   1.50000    0.56323    0.00000    0.56323
   2.00000    0.56767    0.00000    0.56767
   2.50000    0.55078    0.00000    0.55078
   3.00000    0.57322    0.00000    0.57322
   3.50000    0.61188    0.00000    0.61188
   4.00000    0.59953    0.00000    0.59953
   4.50000    0.57981    0.00000    0.57981
   5.00000    0.55356    0.00000    0.55356
   5.50000    0.58659    0.00000    0.58659
   6.00000    0.57133    0.00000    0.57133
   6.50000    0.60483    0.00000    0.60483
   7.00000    0.59045    0.00000    0.59045
   7.50000    0.56224    0.00000    0.56224
   8.00000    0.52975    0.00000    0.52975
   8.50000    0.55122    0.00000    0.55122
   9.00000    0.56756    0.00000    0.56756
   9.50000    0.55635    0.00000    0.55635
  10.00000    0.56739    0.00000    0.56739
  10.50000    0.59974    0.00000    0.59974
  11.00000    0.61534    0.00000    0.61534
  11.50000    0.60128    0.00000    0.60128
  12.00000    0.56857    0.00000    0.56857
  12.50000    0.55949    0.00000    0.55949
  13.00000    0.54327    0.00000    0.54327
  13.50000    0.56240    0.00000    0.56240
  14.00000    0.57389    0.00000    0.57389
  14.50000    0.58815    0.00000    0.58815
  15.00000    0.60157    0.00000    0.60157
  15.50000    0.65611    0.00000    0.65611
  16.00000    0.62453    0.00000    0.62453
  16.50000    0.57739    0.00000    0.57739
  17.00000    0.55190    0.00000    0.55190
  17.50000    0.57221    0.00000    0.57221
  18.00000    0.58105    0.00000    0.58105
  18.50000    0.61623    0.00000    0.61623
  19.00000    0.61877    0.00000    0.61877
  19.50000    0.60247    0.00000    0.60247
  20.00000    0.58654    0.00000    0.58654
  20.50000    0.58627    0.00000    0.58627
  21.00000    0.57652    0.00000    0.57652
  21.50000    0.58170    0.00000    0.58170
  22.00000    0.58979    0.00000    0.58979
  22.50000    0.56474    0.00000    0.56474
  23.00000    0.53874    0.00000    0.53874
  23.50000    0.57498    0.00000    0.57498
  24.00000    0.63539    0.00000    0.63539
  24.50000    0.61037    0.00000    0.61037
  25.00000    0.53260    0.00000    0.53260
  25.50000    0.53772    0.00000    0.53772
  26.00000    0.56928    0.00000    0.56928
  26.50000    0.57347    0.00000    0.57347
  27.00000    0.55816    0.00000    0.55816
  27.50000    0.57162    0.00000    0.57162
  28.00000    0.56763    0.00000    0.56763
  28.50000    0.54957    0.00000    0.54957
  29.00000    0.57208    0.00000    0.57208
  29.50000    0.59250    0.00000    0.59250
  30.00000    0.56621    0.00000    0.56621
  30.50000    0.55554    0.00000    0.55554
  31.00000    0.54557    0.00000    0.54557
  31.50000    0.57334    0.00000    0.57334
  32.00000    0.56146    0.00000    0.56146
  32.50000    0.58022    0.00000    0.58022
  33.00000    0.58707    0.00000    0.58707
  33.50000    0.59877    0.00000    0.59877
  34.00000    0.60062    0.00000    0.60062
  34.50000    0.61873    0.00000    0.61873
  35.00000    0.61089    0.00000    0.61089
  35.50000    0.56678    0.00000    0.56678
  36.00000    0.55694    0.00000    0.55694
  36.50000    0.56931    0.00000    0.56931
  37.00000    0.55240    0.00000    0.55240
  37.50000    0.56174    0.00000    0.56174
  38.00000    0.57336    0.00000    0.57336
  38.50000    0.61741    0.00000    0.61741
  39.00000    0.59269    0.00000    0.59269
  39.50000    0.55452    0.00000    0.55452
  40.00000    0.54749    0.00000    0.54749
  40.50000    0.63976    0.00000    0.63976
  41.00000    0.67354    0.00000    0.67354
  41.50000    0.60496    0.00000    0.60496
  42.00000    0.56322    0.00000    0.56322
  42.50000    0.53893    0.00000    0.53893
  43.00000    0.53714    0.00000    0.53714
  43.50000    0.52838    0.00000    0.52838
  44.00000    0.55599    0.00000    0.55599
  44.50000    0.57373    0.00000    0.57373
  45.00000    0.54469    0.00000    0.54469
  45.50000    0.54832    0.00000    0.54832
  46.00000    0.54914    0.00000    0.54914
  46.50000    0.57528    0.00000    0.57528
  47.00000    0.56335    0.00000    0.56335
  47.50000    0.59884    0.00000    0.59884
  48.00000    0.62436    0.00000    0.62436
  48.50000    0.59562    0.00000    0.59562
  49.00000    0.58718    0.00000    0.58718
  49.50000    0.58424    0.00000    0.58424
  50.00000    0.58986    0.00000    0.58986
  50.50000    0.57030    0.00000    0.57030
  51.00000    0.59107    0.00000    0.59107
  51.50000    0.60747    0.00000    0.60747
  52.00000    0.59542    0.00000    0.59542
  52.50000    0.59846    0.00000    0.59846
  53.00000    0.55920    0.00000    0.55920
  53.50000    0.52540    0.00000    0.52540
  54.00000    0.54607    0.00000    0.54607
  54.50000    0.60070    0.00000    0.60070
  55.00000    0.57857    0.00000    0.57857
  55.50000    0.58804    0.00000    0.58804
  56.00000    0.59118    0.00000    0.59118
  56.50000    0.56007    0.00000    0.56007
  57.00000    0.50140    0.00000    0.50140
  57.50000    0.56409    0.00000    0.56409
  58.00000    0.62933    0.00000    0.62933
  58.50000    0.61977    0.00000    0.61977
  59.00000    0.58233    0.00000    0.58233
  59.50000    0.55657    0.00000    0.55657
  60.00000    0.56050    0.00000    0.56050
  60.50000    0.56286    0.00000    0.56286
  61.00000    0.59024    0.00000    0.59024
  61.50000    0.58580    0.00000    0.58580
  62.00000    0.58841    0.00000    0.58841
  62.50000    0.55591    0.00000    0.55591
  63.00000    0.58651    0.00000    0.58651
  63.50000    0.62651    0.00000    0.62651
  64.00000    0.62634    0.00000    0.62634
  64.50000    0.57248    0.00000    0.57248
  65.00000    0.56849    0.00000    0.56849
  65.50000    0.65007    0.00000    0.65007
  66.00000    0.63837    0.00000    0.63837
  66.50000    0.60391    0.00000    0.60391
  67.00000    0.56312    0.00000    0.56312
  67.50000    0.61859    0.00000    0.61859
  68.00000    0.63739    0.00000    0.63739
  68.50000    0.61212    0.00000    0.61212
  69.00000    0.55113    0.00000    0.55113
  69.50000    0.52248    0.00000    0.52248
  70.00000    0.55595    0.00000    0.55595
  70.50000    0.58343    0.00000    0.58343
  71.00000    0.58435    0.00000    0.58435
  71.50000    0.56686    0.00000    0.56686
  72.00000    0.55778    0.00000    0.55778
  72.50000    0.55519    0.00000    0.55519
  73.00000    0.55548    0.00000    0.55548
  73.50000    0.58538    0.00000    0.58538
  74.00000    0.61242    0.00000    0.61242
  74.50000    0.63239    0.00000    0.63239
  75.00000    0.58622    0.00000    0.58622
  75.50000    0.55619    0.00000    0.55619
  76.00000    0.52850    0.00000    0.52850
  76.50000    0.55331    0.00000    0.55331
  77.00000    0.57440    0.00000    0.57440
  77.50000    0.61120    0.00000    0.61120
  78.00000    0.59494    0.00000    0.59494
  78.50000    0.55496    0.00000    0.55496
  79.00000    0.54646    0.00000    0.54646
  79.50000    0.54006    0.00000    0.54006
  80.00000    0.57138    0.00000    0.57138
  80.50000    0.58440    0.00000    0.58440
  81.00000    0.57529    0.00000    0.57529
  81.50000    0.53674    0.00000    0.53674
  82.00000    0.53234    0.00000    0.53234
  82.50000    0.55698    0.00000    0.55698
  83.00000    0.56198    0.00000    0.56198
  83.50000    0.54874    0.00000    0.54874
  84.00000    0.56028    0.00000    0.56028
  84.50000    0.63744    0.00000    0.63744
  85.00000    0.66158    0.00000    0.66158
  85.50000    0.61757    0.00000    0.61757
  86.00000    0.56857    0.00000    0.56857
  86.50000    0.59650    0.00000    0.59650
  87.00000    0.59674    0.00000    0.59674
  87.50000    0.61010    0.00000    0.61010
  88.00000    0.60909    0.00000    0.60909
  88.50000    0.61265    0.00000    0.61265
  89.00000    0.60495    0.00000    0.60495
  89.50000    0.61700    0.00000    0.61700
  90.00000    0.61462    0.00000    0.61462
  90.50000    0.60099    0.00000    0.60099
  91.00000    0.57229    0.00000    0.57229
  91.50000    0.55126    0.00000    0.55126
  92.00000    0.56164    0.00000    0.56164
  92.50000    0.56294    0.00000    0.56294
  93.00000    0.55667    0.00000    0.55667
  93.50000    0.55209    0.00000    0.55209
  94.00000    0.53194    0.00000    0.53194
  94.50000    0.53636    0.00000    0.53636
  95.00000    0.55914    0.00000    0.55914
  95.50000    0.61641    0.00000    0.61641
  96.00000    0.59456    0.00000    0.59456
  96.50000    0.61855    0.00000    0.61855
  97.00000    0.59991    0.00000    0.59991
  97.50000    0.62400    0.00000    0.62400
  98.00000    0.60087    0.00000    0.60087
  98.50000    0.59464    0.00000    0.59464
  99.00000    0.55689    0.00000    0.55689
  99.50000    0.58832    0.00000    0.58832
 100.00000    0.58809    0.00000    0.58809
 100.50000    0.61136    0.00000    0.61136
 101.00000    0.59924    0.00000    0.59924
 101.50000    0.59675    0.00000    0.59675
 102.00000    0.52912    0.00000    0.52912
 102.50000    0.52136    0.00000    0.52136
 103.00000    0.55225    0.00000    0.55225
 103.50000    0.55883    0.00000    0.55883
 104.00000    0.55715    0.00000    0.55715
 104.50000    0.57021    0.00000    0.57021
 105.00000    0.62062    0.00000    0.62062
 105.50000    0.59936    0.00000    0.59936
 106.00000    0.57394    0.00000    0.57394
 106.50000    0.57750    0.00000    0.57750
 107.00000    0.60382    0.00000    0.60382
 107.50000    0.61275    0.00000    0.61275
 108.00000    0.62655    0.00000    0.62655
 108.50000    0.61435    0.00000    0.61435
 109.00000    0.61368    0.00000    0.61368
 109.50000    0.61832    0.00000    0.61832
 110.00000    0.60453    0.00000    0.60453
 110.50000    0.56592    0.00000    0.56592
 111.00000    0.55078    0.00000    0.55078
 111.50000    0.58638    0.00000    0.58638
 112.00000    0.58072    0.00000    0.58072
 112.50000    0.58611    0.00000    0.58611
 113.00000    0.57929    0.00000    0.57929
 113.50000    0.56281    0.00000    0.56281
 114.00000    0.56049    0.00000    0.56049
 114.50000    0.53768    0.00000    0.53768
 115.00000    0.54290    0.00000    0.54290
 115.50000    0.56551    0.00000    0.56551
 116.00000    0.64851    0.00000    0.64851
 116.50000    0.65723    0.00000    0.65723
 117.00000    0.61470    0.00000    0.61470
 117.50000    0.58985    0.00000    0.58985
 118.00000    0.59282    0.00000    0.59282
 118.50000    0.59767    0.00000    0.59767
 119.00000    0.57614    0.00000    0.57614
 119.50000    0.58427    0.00000    0.58427
 120.00000    0.58457    0.00000    0.58457
 120.50000    0.52846    0.00000    0.52846
 121.00000    0.55712    0.00000    0.55712
 121.50000    0.58315    0.00000    0.58315
 122.00000    0.61244    0.00000    0.61244
 122.50000    0.58196    0.00000    0.58196
 123.00000    0.59214    0.00000    0.59214
 123.50000    0.56592    0.00000    0.56592
 124.00000    0.56015    0.00000    0.56015
 124.50000    0.57320    0.00000    0.57320
 125.00000    0.59869    0.00000    0.59869
 125.50000    0.61758    0.00000    0.61758
 126.00000    0.60675    0.00000    0.60675
 126.50000    0.56247    0.00000    0.56247
 127.00000    0.58723    0.00000    0.58723
 127.50000    0.60584    0.00000    0.60584
 128.00000    0.60373    0.00000    0.60373
 128.50000    0.55406    0.00000    0.55406
 129.00000    0.54820    0.00000    0.54820
 129.50000    0.57496    0.00000    0.57496
 130.00000    0.60301    0.00000    0.60301
 130.50000    0.57952    0.00000    0.57952
 131.00000    0.54315    0.00000    0.54315
 131.50000    0.55684    0.00000    0.55684
 132.00000    0.57009    0.00000    0.57009
 132.50000    0.56866    0.00000    0.56866
 133.00000    0.56567    0.00000    0.56567
 133.50000    0.57681    0.00000    0.57681
 134.00000    0.59593    0.00000    0.59593
 134.50000    0.59895    0.00000    0.59895
 135.00000    0.62048    0.00000    0.62048
 135.50000    0.62465    0.00000    0.62465
 136.00000    0.60357    0.00000    0.60357
 136.50000    0.55322    0.00000    0.55322
 137.00000    0.56436    0.00000    0.56436
 137.50000    0.62411    0.00000    0.62411
 138.00000    0.61011    0.00000    0.61011
 138.50000    0.55546    0.00000    0.55546
 139.00000    0.51677    0.00000    0.51677
 139.50000    0.56521    0.00000    0.56521
 140.00000    0.59899    0.00000    0.59899
 140.50000    0.61387    0.00000    0.61387
 141.00000    0.62050    0.00000    0.62050
 141.50000    0.58310    0.00000    0.58310
 142.00000    0.60385    0.00000    0.60385
 142.50000    0.60635    0.00000    0.60635
 143.00000    0.65886    0.00000    0.65886
 143.50000    0.63545    0.00000    0.63545
 144.00000    0.61038    0.00000    0.61038
 144.50000    0.56289    0.00000    0.56289
 145.00000    0.60284    0.00000    0.60284
 145.50000    0.61791    0.00000    0.61791
 146.00000    0.59285    0.00000    0.59285
 146.50000    0.54178    0.00000    0.54178
 147.00000    0.58306    0.00000    0.58306
 147.50000    0.59588    0.00000    0.59588
 148.00000    0.57497    0.00000    0.57497
 148.50000    0.53259    0.00000    0.53259
 149.00000    0.55885    0.00000    0.55885
 149.50000    0.59110    0.00000    0.59110
 150.00000    0.52210    0.00000    0.52210
