   0.00000    0.52530    0.00000    0.52530
   0.50000    0.54051    0.00000    0.54051
   1.00000    0.55706    0.00000    0.55706
   1.50000    0.55130    0.00000    0.55130
   2.00000    0.55402    0.00000    0.55402
   2.50000    0.53485    0.00000    0.53485
   3.00000    0.56492    0.00000    0.56492
   3.50000    0.58465    0.00000    0.58465
   4.00000    0.57336    0.00000    0.57336
   4.50000    0.55589    0.00000    0.55589
   5.00000    0.54032    0.00000    0.54032
   5.50000    0.56271    0.00000    0.56271
   6.00000    0.55311    0.00000    0.55311
   6.50000    0.58874    0.00000    0.58874
   7.00000    0.59044    0.00000    0.59044
   7.50000    0.57434    0.00000    0.57434
   8.00000    0.54021    0.00000    0.54021
   8.50000    0.54965    0.00000    0.54965
   9.00000    0.56429    0.00000    0.56429
   9.50000    0.55890    0.00000    0.55890
  10.00000    0.58354    0.00000    0.58354
  10.50000    0.59892    0.00000    0.59892
  11.00000    0.61074    0.00000    0.61074
  11.50000    0.57940    0.00000    0.57940
  12.00000    0.55653    0.00000    0.55653
  12.50000    0.55069    0.00000    0.55069
  13.00000    0.54168    0.00000    0.54168
  13.50000    0.53789    0.00000    0.53789
  14.00000    0.55192    0.00000    0.55192
  14.50000    0.56934    0.00000    0.56934
  15.00000    0.57587    0.00000    0.57587
  15.50000    0.61398    0.00000    0.61398
  16.00000    0.59106    0.00000    0.59106
  16.50000    0.54293    0.00000    0.54293
  17.00000    0.52490    0.00000    0.52490
  17.50000    0.56372    0.00000    0.56372
  18.00000    0.57821    0.00000    0.57821
  18.50000    0.60279    0.00000    0.60279
  19.00000    0.61795    0.00000    0.61795
  19.50000    0.59934    0.00000    0.59934
  20.00000    0.57045    0.00000    0.57045
  20.50000    0.55693    0.00000    0.55693
  21.00000    0.56174    0.00000    0.56174
  21.50000    0.55524    0.00000    0.55524
  22.00000    0.55635    0.00000    0.55635
  22.50000    0.54564    0.00000    0.54564
  23.00000    0.54438    0.00000    0.54438
  23.50000    0.58013    0.00000    0.58013
  24.00000    0.61203    0.00000    0.61203
  24.50000    0.59917    0.00000    0.59917
  25.00000    0.54908    0.00000    0.54908
  25.50000    0.56287    0.00000    0.56287
  26.00000    0.57215    0.00000    0.57215
  26.50000    0.56719    0.00000    0.56719
  27.00000    0.56286    0.00000    0.56286
  27.50000    0.55484    0.00000    0.55484
  28.00000    0.55157    0.00000    0.55157
  28.50000    0.54187    0.00000    0.54187
  29.00000    0.56899    0.00000    0.56899
  29.50000    0.56884    0.00000    0.56884
  30.00000    0.54540    0.00000    0.54540
  30.50000    0.55124    0.00000    0.55124
  31.00000    0.53489    0.00000    0.53489
  31.50000    0.55984    0.00000    0.55984
  32.00000    0.56133    0.00000    0.56133
  32.50000    0.57704    0.00000    0.57704
  33.00000    0.58032    0.00000    0.58032
  33.50000    0.58734    0.00000    0.58734
  34.00000    0.59969    0.00000    0.59969
  34.50000    0.59656    0.00000    0.59656
  35.00000    0.58766    0.00000    0.58766
  35.50000    0.55611    0.00000    0.55611
  36.00000    0.56840    0.00000    0.56840
  36.50000    0.58744    0.00000    0.58744
  37.00000    0.57532    0.00000    0.57532
  37.50000    0.56099    0.00000    0.56099
  38.00000    0.56890    0.00000    0.56890
  38.50000    0.60203    0.00000    0.60203
  39.00000    0.59183    0.00000    0.59183
  39.50000    0.55979    0.00000    0.55979
  40.00000    0.55673    0.00000    0.55673
  40.50000    0.61165    0.00000    0.61165
  41.00000    0.62020    0.00000    0.62020
  41.50000    0.57965    0.00000    0.57965
  42.00000    0.55157    0.00000    0.55157
  42.50000    0.53485    0.00000    0.53485
  43.00000    0.53834    0.00000    0.53834
  43.50000    0.54362    0.00000    0.54362
  44.00000    0.56957    0.00000    0.56957
  44.50000    0.58153    0.00000    0.58153
  45.00000    0.56444    0.00000    0.56444
  45.50000    0.54089    0.00000    0.54089
  46.00000    0.54120    0.00000    0.54120
  46.50000    0.54405    0.00000    0.54405
  47.00000    0.55761    0.00000    0.55761
  47.50000    0.58832    0.00000    0.58832
  48.00000    0.62087    0.00000    0.62087
  48.50000    0.58552    0.00000    0.58552
  49.00000    0.59607    0.00000    0.59607
  49.50000    0.58486    0.00000    0.58486
  50.00000    0.58442    0.00000    0.58442
  50.50000    0.55105    0.00000    0.55105
  51.00000    0.56807    0.00000    0.56807
  51.50000    0.57998    0.00000    0.57998
  52.00000    0.57641    0.00000    0.57641
  52.50000    0.58156    0.00000    0.58156
  53.00000    0.55859    0.00000    0.55859
  53.50000    0.53710    0.00000    0.53710
  54.00000    0.56474    0.00000    0.56474
  54.50000    0.60829    0.00000    0.60829
  55.00000    0.59483    0.00000    0.59483
  55.50000    0.59642    0.00000    0.59642
  56.00000    0.62019    0.00000    0.62019
  56.50000    0.57975    0.00000    0.57975
  57.00000    0.53041    0.00000    0.53041
  57.50000    0.56611    0.00000    0.56611
  58.00000    0.62909    0.00000    0.62909
  58.50000    0.60290    0.00000    0.60290
  59.00000    0.56232    0.00000    0.56232
  59.50000    0.54165    0.00000    0.54165
  60.00000    0.55421    0.00000    0.55421
  60.50000    0.56434    0.00000    0.56434
  61.00000    0.58577    0.00000    0.58577
  61.50000    0.57617    0.00000    0.57617
  62.00000    0.57417    0.00000    0.57417
  62.50000    0.54790    0.00000    0.54790
  63.00000    0.57787    0.00000    0.57787
  63.50000    0.62978    0.00000    0.62978
  64.00000    0.65662    0.00000    0.65662
  64.50000    0.60515    0.00000    0.60515
  65.00000    0.56473    0.00000    0.56473
  65.50000    0.62066    0.00000    0.62066
  66.00000    0.62660    0.00000    0.62660
  66.50000    0.59215    0.00000    0.59215
  67.00000    0.54634    0.00000    0.54634
  67.50000    0.60104    0.00000    0.60104
  68.00000    0.63871    0.00000    0.63871
  68.50000    0.60931    0.00000    0.60931
  69.00000    0.56375    0.00000    0.56375
  69.50000    0.53913    0.00000    0.53913
  70.00000    0.54055    0.00000    0.54055
  70.50000    0.53118    0.00000    0.53118
  71.00000    0.53564    0.00000    0.53564
  71.50000    0.53404    0.00000    0.53404
  72.00000    0.53747    0.00000    0.53747
  72.50000    0.55117    0.00000    0.55117
  73.00000    0.56790    0.00000    0.56790
  73.50000    0.59117    0.00000    0.59117
  74.00000    0.59531    0.00000    0.59531
  74.50000    0.61101    0.00000    0.61101
  75.00000    0.57782    0.00000    0.57782
  75.50000    0.56445    0.00000    0.56445
  76.00000    0.53132    0.00000    0.53132
  76.50000    0.54627    0.00000    0.54627
  77.00000    0.55908    0.00000    0.55908
  77.50000    0.60429    0.00000    0.60429
  78.00000    0.59095    0.00000    0.59095
  78.50000    0.54945    0.00000    0.54945
  79.00000    0.53983    0.00000    0.53983
  79.50000    0.53556    0.00000    0.53556
  80.00000    0.57081    0.00000    0.57081
  80.50000    0.59744    0.00000    0.59744
  81.00000    0.57137    0.00000    0.57137
  81.50000    0.51829    0.00000    0.51829
  82.00000    0.49928    0.00000    0.49928
  82.50000    0.55090    0.00000    0.55090
  83.00000    0.57073    0.00000    0.57073
  83.50000    0.56649    0.00000    0.56649
  84.00000    0.56558    0.00000    0.56558
  84.50000    0.62350    0.00000    0.62350
  85.00000    0.64977    0.00000    0.64977
  85.50000    0.59833    0.00000    0.59833
  86.00000    0.54783    0.00000    0.54783
  86.50000    0.57531    0.00000    0.57531
  87.00000    0.58404    0.00000    0.58404
  87.50000    0.59639    0.00000    0.59639
  88.00000    0.57035    0.00000    0.57035
  88.50000    0.58107    0.00000    0.58107
  89.00000    0.58977    0.00000    0.58977
  89.50000    0.61581    0.00000    0.61581
  90.00000    0.60460    0.00000    0.60460
  90.50000    0.59218    0.00000    0.59218
  91.00000    0.56407    0.00000    0.56407
  91.50000    0.54986    0.00000    0.54986
  92.00000    0.56124    0.00000    0.56124
  92.50000    0.55664    0.00000    0.55664
  93.00000    0.54526    0.00000    0.54526
  93.50000    0.53715    0.00000    0.53715
  94.00000    0.52047    0.00000    0.52047
  94.50000    0.51221    0.00000    0.51221
  95.00000    0.54420    0.00000    0.54420
  95.50000    0.60484    0.00000    0.60484
  96.00000    0.60212    0.00000    0.60212
  96.50000    0.62906    0.00000    0.62906
  97.00000    0.61421    0.00000    0.61421
  97.50000    0.61535    0.00000    0.61535
  98.00000    0.56782    0.00000    0.56782
  98.50000    0.57418    0.00000    0.57418
  99.00000    0.56602    0.00000    0.56602
  99.50000    0.59039    0.00000    0.59039
 100.00000    0.56748    0.00000    0.56748
 100.50000    0.57590    0.00000    0.57590
 101.00000    0.58511    0.00000    0.58511
 101.50000    0.57827    0.00000    0.57827
 102.00000    0.52462    0.00000    0.52462
 102.50000    0.51126    0.00000    0.51126
 103.00000    0.55128    0.00000    0.55128
 103.50000    0.56102    0.00000    0.56102
 104.00000    0.55325    0.00000    0.55325
 104.50000    0.55561    0.00000    0.55561
 105.00000    0.59620    0.00000    0.59620
 105.50000    0.58749    0.00000    0.58749
 106.00000    0.57541    0.00000    0.57541
 106.50000    0.58361    0.00000    0.58361
 107.00000    0.62051    0.00000    0.62051
 107.50000    0.61048    0.00000    0.61048
 108.00000    0.61991    0.00000    0.61991
 108.50000    0.60876    0.00000    0.60876
 109.00000    0.61634    0.00000    0.61634
 109.50000    0.60972    0.00000    0.60972
 110.00000    0.60745    0.00000    0.60745
 110.50000    0.55500    0.00000    0.55500
 111.00000    0.54091    0.00000    0.54091
 111.50000    0.56948    0.00000    0.56948
 112.00000    0.58359    0.00000    0.58359
 112.50000    0.57619    0.00000    0.57619
 113.00000    0.57082    0.00000    0.57082
 113.50000    0.53376    0.00000    0.53376
 114.00000    0.53793    0.00000    0.53793
 114.50000    0.52473    0.00000    0.52473
 115.00000    0.54550    0.00000    0.54550
 115.50000    0.55231    0.00000    0.55231
 116.00000    0.63356    0.00000    0.63356
 116.50000    0.62473    0.00000    0.62473
 117.00000    0.59900    0.00000    0.59900
 117.50000    0.58314    0.00000    0.58314
 118.00000    0.59156    0.00000    0.59156
 118.50000    0.58496    0.00000    0.58496
 119.00000    0.57011    0.00000    0.57011
 119.50000    0.59263    0.00000    0.59263
 120.00000    0.59572    0.00000    0.59572
 120.50000    0.53879    0.00000    0.53879
 121.00000    0.55443    0.00000    0.55443
 121.50000    0.56925    0.00000    0.56925
 122.00000    0.57983    0.00000    0.57983
 122.50000    0.55190    0.00000    0.55190
 123.00000    0.58830    0.00000    0.58830
 123.50000    0.55792    0.00000    0.55792
 124.00000    0.54101    0.00000    0.54101
 124.50000    0.54835    0.00000    0.54835
 125.00000    0.58212    0.00000    0.58212
 125.50000    0.57756    0.00000    0.57756
 126.00000    0.56879    0.00000    0.56879
 126.50000    0.55421    0.00000    0.55421
 127.00000    0.58600    0.00000    0.58600
 127.50000    0.58715    0.00000    0.58715
 128.00000    0.57639    0.00000    0.57639
 128.50000    0.53958    0.00000    0.53958
 129.00000    0.54301    0.00000    0.54301
 129.50000    0.56768    0.00000    0.56768
 130.00000    0.59447    0.00000    0.59447
 130.50000    0.56302    0.00000    0.56302
 131.00000    0.53167    0.00000    0.53167
 131.50000    0.55377    0.00000    0.55377
 132.00000    0.57470    0.00000    0.57470
 132.50000    0.56343    0.00000    0.56343
 133.00000    0.54354    0.00000    0.54354
 133.50000    0.54771    0.00000    0.54771
 134.00000    0.56875    0.00000    0.56875
 134.50000    0.58635    0.00000    0.58635
 135.00000    0.60280    0.00000    0.60280
 135.50000    0.61569    0.00000    0.61569
 136.00000    0.60686    0.00000    0.60686
 136.50000    0.56938    0.00000    0.56938
 137.00000    0.56270    0.00000    0.56270
 137.50000    0.59623    0.00000    0.59623
 138.00000    0.59138    0.00000    0.59138
 138.50000    0.57412    0.00000    0.57412
 139.00000    0.54081    0.00000    0.54081
 139.50000    0.55446    0.00000    0.55446
 140.00000    0.55849    0.00000    0.55849
 140.50000    0.59861    0.00000    0.59861
 141.00000    0.60523    0.00000    0.60523
 141.50000    0.57011    0.00000    0.57011
 142.00000    0.58210    0.00000    0.58210
 142.50000    0.61238    0.00000    0.61238
 143.00000    0.67306    0.00000    0.67306
 143.50000    0.64741    0.00000    0.64741
 144.00000    0.61760    0.00000    0.61760
 144.50000    0.57034    0.00000    0.57034
 145.00000    0.59611    0.00000    0.59611
 145.50000    0.60740    0.00000    0.60740
 146.00000    0.57802    0.00000    0.57802
 146.50000    0.52467    0.00000    0.52467
 147.00000    0.54603    0.00000    0.54603
 147.50000    0.58316    0.00000    0.58316
 148.00000    0.57376    0.00000    0.57376
 148.50000    0.54461    0.00000    0.54461
 149.00000    0.54946    0.00000    0.54946
 149.50000    0.57037    0.00000    0.57037
 150.00000    0.49512    0.00000    0.49512
