   0.00000    1.69060
   0.50000    2.37579
   1.00000    3.31753
   1.50000    3.33290
   2.00000    3.34778
   2.50000    3.36114
   3.00000    3.37400
   3.50000    3.38544
   4.00000    3.39640
   4.50000    3.40613
   5.00000    3.41539
   5.50000    3.42350
   6.00000    3.43121
   6.50000    3.43802
   7.00000    3.44441
   7.50000    3.44995
   8.00000    3.45515
   8.50000    3.45969
   9.00000    3.46392
   9.50000    3.46760
  10.00000    3.47105
  10.50000    3.47413
  11.00000    3.47698
  11.50000    3.47951
  12.00000    3.48190
  12.50000    3.48412
  13.00000    3.48627
  13.50000    3.48834
  14.00000    3.49043
  14.50000    3.49255
  15.00000    3.49478
  15.50000    3.49715
  16.00000    3.49968
  16.50000    3.50241
  17.00000    3.50542
  17.50000    3.50875
  18.00000    3.51246
  18.50000    3.51654
  19.00000    3.52110
  19.50000    3.52609
  20.00000    3.53170
  20.50000    3.53785
  21.00000    3.54469
  21.50000    3.55210
  22.00000    3.56031
  22.50000    3.56914
  23.00000    3.57896
  23.50000    3.58949
  24.00000    3.60112
  24.50000    3.61347
  25.00000    3.62703
  25.50000    3.64135
  26.00000    3.65707
  26.50000    3.67360
  27.00000    3.69164
  27.50000    3.71049
  28.00000    3.73105
  28.50000    3.75248
  29.00000    3.77562
  29.50000    3.79956
  30.00000    4.40697
  30.50000    4.40391
  31.00000    4.40086
  31.50000    4.39780
  32.00000    4.39474
  32.50000    4.39169
  33.00000    4.38863
  33.50000    4.38557
  34.00000    4.38252
  34.50000    4.37972
  35.00000    4.37694
  35.50000    4.37416
  36.00000    4.37138
  36.50000    4.36860
  37.00000    4.36582
  37.50000    4.36303
  38.00000    4.36025
  38.50000    4.35754
  39.00000    4.35504
  39.50000    4.35255
  40.00000    4.35005
  40.50000    4.34755
  41.00000    4.34506
  41.50000    4.34256
  42.00000    4.34007
  42.50000    4.33757
  43.00000    4.33521
  43.50000    4.33299
  44.00000    4.33077
  44.50000    4.32855
  45.00000    4.32633
  45.50000    4.32411
  46.00000    4.32189
  46.50000    4.31967
  47.00000    4.31745
  47.50000    4.31542
  48.00000    4.31345
  48.50000    4.31148
  49.00000    4.30951
  49.50000    4.30754
  50.00000    4.30557
  50.50000    4.30360
  51.00000    4.30163
  51.50000    4.29967
  52.00000    4.29797
  52.50000    4.29628
  53.00000    4.29459
  53.50000    4.29289
  54.00000    4.29120
  54.50000    4.28950
  55.00000    4.28781
  55.50000    4.28612
  56.00000    4.28449
  56.50000    4.28302
  57.00000    4.28156
  57.50000    4.28009
  58.00000    4.27863
  58.50000    4.27716
  59.00000    4.27569
  59.50000    4.27423
  60.00000    4.27276
  60.50000    4.27144
  61.00000    4.27022
  61.50000    4.26901
  62.00000    4.26780
  62.50000    4.26658
  63.00000    4.26537
  63.50000    4.26416
  64.00000    4.26294
  64.50000    4.26173
  65.00000    4.26069
  65.50000    4.25970
  66.00000    4.25870
  66.50000    4.25770
  67.00000    4.25671
  67.50000    4.25571
  68.00000    4.25472
  68.50000    4.25372
  69.00000    4.25274
  69.50000    4.25198
  70.00000    4.25121
  70.50000    4.25044
  71.00000    4.24967
  71.50000    4.24891
  72.00000    4.24814
  72.50000    4.24737
  73.00000    4.24661
  73.50000    4.24591
  74.00000    4.24535
  74.50000    4.24479
  75.00000    4.24423
  75.50000    4.24367
  76.00000    4.24311
  76.50000    4.24254
  77.00000    4.24198
  77.50000    4.24142
  78.00000    4.24098
  78.50000    4.24061
  79.00000    4.24025
  79.50000    4.23988
  80.00000    4.23951
  80.50000    4.23915
  81.00000    4.23878
  81.50000    4.23841
  82.00000    4.23805
  82.50000    4.23785
  83.00000    4.23768
  83.50000    4.23751
  84.00000    4.23734
  84.50000    4.23716
  85.00000    4.23699
  85.50000    4.23682
  86.00000    4.23665
  86.50000    4.23650
  87.00000    4.23651
  87.50000    4.23652
  88.00000    4.23654
  88.50000    4.23655
  89.00000    4.23656
  89.50000    4.23657
  90.00000    4.23658
  90.50000    4.23659
  91.00000    4.23667
  91.50000    4.23686
  92.00000    4.23704
  92.50000    4.23722
  93.00000    4.23741
  93.50000    4.23759
  94.00000    4.23777
  94.50000    4.23795
  95.00000    4.23814
  95.50000    4.23843
  96.00000    4.23877
  96.50000    4.23911
  97.00000    4.23946
  97.50000    4.23980
  98.00000    4.24014
  98.50000    4.24049
  99.00000    4.24083
  99.50000    4.24117
 100.00000    4.24165
 100.50000    4.24215
 101.00000    4.24264
 101.50000    4.24313
 102.00000    4.24362
 102.50000    4.24412
 103.00000    4.24461
 103.50000    4.24510
 104.00000    4.24562
 104.50000    4.24626
 105.00000    4.24690
 105.50000    4.24754
 106.00000    4.24818
 106.50000    4.24883
 107.00000    4.24947
 107.50000    4.25011
 108.00000    4.25075
 108.50000    4.25145
 109.00000    4.25223
 109.50000    4.25301
 110.00000    4.25379
 110.50000    4.25457
 111.00000    4.25534
 111.50000    4.25612
 112.00000    4.25690
 112.50000    4.25768
 113.00000    4.25854
 113.50000    4.25943
 114.00000    4.26032
 114.50000    4.26122
 115.00000    4.26211
 115.50000    4.26300
 116.00000    4.26390
 116.50000    4.26479
 117.00000    4.26568
 117.50000    4.26670
 118.00000    4.26772
 118.50000    4.26874
 119.00000    4.26975
 119.50000    4.27077
 120.00000    4.27179
 120.50000    4.27281
 121.00000    4.27383
 121.50000    4.27487
 122.00000    4.27598
 122.50000    4.27709
 123.00000    4.27820
 123.50000    4.27931
 124.00000    4.28042
 124.50000    4.28153
 125.00000    4.28265
 125.50000    4.28376
 126.00000    4.28492
 126.50000    4.28615
 127.00000    4.28737
 127.50000    4.28860
 128.00000    4.28982
 128.50000    4.29105
 129.00000    4.29227
 129.50000    4.29350
 130.00000    4.29472
 130.50000    4.29600
 131.00000    4.29729
 131.50000    4.29859
 132.00000    4.29988
 132.50000    4.30118
 133.00000    4.30247
 133.50000    4.30376
 134.00000    4.30506
 134.50000    4.30635
 135.00000    4.30774
 135.50000    4.30912
 136.00000    4.31051
 136.50000    4.31189
 137.00000    4.31328
 137.50000    4.31466
 138.00000    4.31605
 138.50000    4.31743
 139.00000    4.31884
 139.50000    4.32028
 140.00000    4.32172
 140.50000    4.32316
 141.00000    4.32460
 141.50000    4.32605
 142.00000    4.32749
 142.50000    4.32893
 143.00000    4.33037
 143.50000    4.33185
 144.00000    4.33335
 144.50000    4.33485
 145.00000    4.33635
 145.50000    4.33785
 146.00000    4.33935
 146.50000    4.34085
 147.00000    4.34235
 147.50000    4.34385
 148.00000    4.34538
 148.50000    4.34693
 149.00000    4.34847
 149.50000    4.35002
 150.00000    4.35156
