   0.00000    1.78400
   0.50000    2.41014
   1.00000    3.20540
   1.50000    3.22604
   2.00000    3.24667
   2.50000    3.26574
   3.00000    3.28461
   3.50000    3.30326
   4.00000    3.32039
   4.50000    3.33751
   5.00000    3.35405
   5.50000    3.36955
   6.00000    3.38505
   6.50000    3.39964
   7.00000    3.41361
   7.50000    3.42759
   8.00000    3.44042
   8.50000    3.45302
   9.00000    3.46553
   9.50000    3.47689
  10.00000    3.48826
  10.50000    3.49926
  11.00000    3.50943
  11.50000    3.51961
  12.00000    3.52925
  12.50000    3.53844
  13.00000    3.54764
  13.50000    3.55615
  14.00000    3.56448
  14.50000    3.57279
  15.00000    3.58032
  15.50000    3.58785
  16.00000    3.59522
  16.50000    3.60213
  17.00000    3.60905
  17.50000    3.61569
  18.00000    3.62206
  18.50000    3.62844
  19.00000    3.63454
  19.50000    3.64055
  20.00000    3.64656
  20.50000    3.65229
  21.00000    3.65801
  21.50000    3.66371
  22.00000    3.66932
  22.50000    3.67493
  23.00000    3.68053
  23.50000    3.68610
  24.00000    3.69168
  24.50000    3.69733
  25.00000    3.70301
  25.50000    3.70870
  26.00000    3.71462
  26.50000    3.72056
  27.00000    3.72655
  27.50000    3.73285
  28.00000    3.73915
  28.50000    3.74564
  29.00000    3.75241
  29.50000    3.75918
  30.00000    3.76633
  30.50000    3.77368
  31.00000    3.78103
  31.50000    3.78905
  32.00000    3.79716
  32.50000    3.80537
  33.00000    3.81435
  33.50000    3.82333
  34.00000    3.83265
  34.50000    3.84257
  35.00000    3.85249
  35.50000    3.86310
  36.00000    3.87418
  36.50000    3.88525
  37.00000    3.89733
  37.50000    3.90960
  38.00000    3.92197
  38.50000    3.93563
  39.00000    3.94928
  39.50000    3.96335
  40.00000    3.97838
  40.50000    3.99340
  41.00000    4.15061
  41.50000    4.15883
  42.00000    4.16706
  42.50000    4.17529
  43.00000    4.18351
  43.50000    4.19174
  44.00000    4.19997
  44.50000    4.20820
  45.00000    4.21584
  45.50000    4.22252
  46.00000    4.22921
  46.50000    4.23589
  47.00000    4.24258
  47.50000    4.24926
  48.00000    4.25595
  48.50000    4.26263
  49.00000    4.26901
  49.50000    4.27426
  50.00000    4.27952
  50.50000    4.28477
  51.00000    4.29002
  51.50000    4.29527
  52.00000    4.30053
  52.50000    4.30578
  53.00000    4.31097
  53.50000    4.31494
  54.00000    4.31891
  54.50000    4.32287
  55.00000    4.32684
  55.50000    4.33081
  56.00000    4.33477
  56.50000    4.33874
  57.00000    4.34271
  57.50000    4.34570
  58.00000    4.34855
  58.50000    4.35140
  59.00000    4.35426
  59.50000    4.35711
  60.00000    4.35996
  60.50000    4.36281
  61.00000    4.36567
  61.50000    4.36784
  62.00000    4.36974
  62.50000    4.37164
  63.00000    4.37354
  63.50000    4.37543
  64.00000    4.37733
  64.50000    4.37923
  65.00000    4.38113
  65.50000    4.38260
  66.00000    4.38370
  66.50000    4.38480
  67.00000    4.38590
  67.50000    4.38700
  68.00000    4.38810
  68.50000    4.38921
  69.00000    4.39031
  69.50000    4.39118
  70.00000    4.39167
  70.50000    4.39216
  71.00000    4.39265
  71.50000    4.39314
  72.00000    4.39363
  72.50000    4.39412
  73.00000    4.39461
  73.50000    4.39501
  74.00000    4.39503
  74.50000    4.39505
  75.00000    4.39508
  75.50000    4.39510
  76.00000    4.39513
  76.50000    4.39515
  77.00000    4.39518
  77.50000    4.39519
  78.00000    4.39491
  78.50000    4.39463
  79.00000    4.39434
  79.50000    4.39406
  80.00000    4.39378
  80.50000    4.39350
  81.00000    4.39322
  81.50000    4.39294
  82.00000    4.39254
  82.50000    4.39212
  83.00000    4.39171
  83.50000    4.39129
  84.00000    4.39087
  84.50000    4.39046
  85.00000    4.39004
  85.50000    4.38962
  86.00000    4.38923
  86.50000    4.38883
  87.00000    4.38844
  87.50000    4.38805
  88.00000    4.38766
  88.50000    4.38727
  89.00000    4.38687
  89.50000    4.38648
  90.00000    4.38620
  90.50000    4.38600
  91.00000    4.38580
  91.50000    4.38561
  92.00000    4.38541
  92.50000    4.38522
  93.00000    4.38502
  93.50000    4.38482
  94.00000    4.38474
  94.50000    4.38487
  95.00000    4.38499
  95.50000    4.38511
  96.00000    4.38523
  96.50000    4.38536
  97.00000    4.38548
  97.50000    4.38560
  98.00000    4.38579
  98.50000    4.38623
  99.00000    4.38667
  99.50000    4.38711
 100.00000    4.38755
 100.50000    4.38799
 101.00000    4.38843
 101.50000    4.38887
 102.00000    4.38932
 102.50000    4.39006
 103.00000    4.39079
 103.50000    4.39153
 104.00000    4.39226
 104.50000    4.39299
 105.00000    4.39373
 105.50000    4.39446
 106.00000    4.39520
 106.50000    4.39615
 107.00000    4.39715
 107.50000    4.39814
 108.00000    4.39913
 108.50000    4.40012
 109.00000    4.40111
 109.50000    4.40210
 110.00000    4.40310
 110.50000    4.40425
 111.00000    4.40547
 111.50000    4.40670
 112.00000    4.40792
 112.50000    4.40915
 113.00000    4.41037
 113.50000    4.41160
 114.00000    4.41282
 114.50000    4.41415
 115.00000    4.41557
 115.50000    4.41699
 116.00000    4.41841
 116.50000    4.41983
 117.00000    4.42125
 117.50000    4.42267
 118.00000    4.42409
 118.50000    4.42557
 119.00000    4.42714
 119.50000    4.42872
 120.00000    4.43030
 120.50000    4.43188
 121.00000    4.43346
 121.50000    4.43504
 122.00000    4.43662
 122.50000    4.43823
 123.00000    4.43995
 123.50000    4.44168
 124.00000    4.44341
 124.50000    4.44513
 125.00000    4.44686
 125.50000    4.44859
 126.00000    4.45031
 126.50000    4.45204
 127.00000    4.45386
 127.50000    4.45569
 128.00000    4.45751
 128.50000    4.45934
 129.00000    4.46116
 129.50000    4.46299
 130.00000    4.46481
 130.50000    4.46663
 131.00000    4.46851
 131.50000    4.47040
 132.00000    4.47228
 132.50000    4.47417
 133.00000    4.47605
 133.50000    4.47794
 134.00000    4.47982
 134.50000    4.48171
 135.00000    4.48363
 135.50000    4.48556
 136.00000    4.48750
 136.50000    4.48943
 137.00000    4.49136
 137.50000    4.49330
 138.00000    4.49523
 138.50000    4.49717
 139.00000    4.49911
 139.50000    4.50105
 140.00000    4.50300
 140.50000    4.50495
 141.00000    4.50689
 141.50000    4.50884
 142.00000    4.51079
 142.50000    4.51273
 143.00000    4.51467
 143.50000    4.51659
 144.00000    4.51852
 144.50000    4.52044
 145.00000    4.52236
 145.50000    4.52428
 146.00000    4.52621
 146.50000    4.52813
 147.00000    4.53004
 147.50000    4.53191
 148.00000    4.53379
 148.50000    4.53566
 149.00000    4.53753
 149.50000    4.53941
 150.00000    4.54128
