   0.00000    2.04890
   0.50000    2.12628
   1.00000    2.20365
   1.50000    2.28103
   2.00000    2.35840
   2.50000    2.43578
   3.00000    2.51315
   3.50000    2.59053
   4.00000    2.66791
   4.50000    3.42472
   5.00000    3.43935
   5.50000    3.45381
   6.00000    3.46724
   6.50000    3.48067
   7.00000    3.49377
   7.50000    3.50607
   8.00000    3.51838
   8.50000    3.53021
   9.00000    3.54146
   9.50000    3.55271
  10.00000    3.56337
  10.50000    3.57364
  11.00000    3.58390
  11.50000    3.59353
  12.00000    3.60295
  12.50000    3.61237
  13.00000    3.62102
  13.50000    3.62960
  14.00000    3.63813
  14.50000    3.64604
  15.00000    3.65395
  15.50000    3.66173
  16.00000    3.66904
  16.50000    3.67635
  17.00000    3.68347
  17.50000    3.69025
  18.00000    3.69704
  18.50000    3.70360
  19.00000    3.70996
  19.50000    3.71632
  20.00000    3.72247
  20.50000    3.72851
  21.00000    3.73456
  21.50000    3.74037
  22.00000    3.74613
  22.50000    3.75190
  23.00000    3.75752
  23.50000    3.76315
  24.00000    3.76876
  24.50000    3.77432
  25.00000    3.77987
  25.50000    3.78543
  26.00000    3.79098
  26.50000    3.79654
  27.00000    3.80216
  27.50000    3.80785
  28.00000    3.81355
  28.50000    3.81937
  29.00000    3.82528
  29.50000    3.83118
  30.00000    3.83731
  30.50000    3.84350
  31.00000    3.84968
  31.50000    3.85623
  32.00000    3.86280
  32.50000    3.86942
  33.00000    3.87645
  33.50000    3.88348
  34.00000    3.89065
  34.50000    3.89824
  35.00000    3.90583
  35.50000    3.91369
  36.00000    3.92196
  36.50000    3.93022
  37.00000    3.93889
  37.50000    3.94789
  38.00000    3.95689
  38.50000    3.96649
  39.00000    3.97633
  39.50000    3.98617
  40.00000    3.99681
  40.50000    4.00756
  41.00000    4.01834
  41.50000    4.03012
  42.00000    4.04190
  42.50000    4.05387
  43.00000    4.06677
  43.50000    4.07967
  44.00000    4.09293
  44.50000    4.10688
  45.00000    4.12084
  45.50000    4.37788
  46.00000    4.38339
  46.50000    4.38889
  47.00000    4.39440
  47.50000    4.39991
  48.00000    4.40541
  48.50000    4.41092
  49.00000    4.41643
  49.50000    4.42150
  50.00000    4.42621
  50.50000    4.43092
  51.00000    4.43564
  51.50000    4.44035
  52.00000    4.44506
  52.50000    4.44978
  53.00000    4.45449
  53.50000    4.45873
  54.00000    4.46267
  54.50000    4.46662
  55.00000    4.47056
  55.50000    4.47451
  56.00000    4.47845
  56.50000    4.48239
  57.00000    4.48634
  57.50000    4.48981
  58.00000    4.49306
  58.50000    4.49631
  59.00000    4.49956
  59.50000    4.50282
  60.00000    4.50607
  60.50000    4.50932
  61.00000    4.51257
  61.50000    4.51536
  62.00000    4.51799
  62.50000    4.52063
  63.00000    4.52326
  63.50000    4.52590
  64.00000    4.52853
  64.50000    4.53116
  65.00000    4.53380
  65.50000    4.53598
  66.00000    4.53806
  66.50000    4.54014
  67.00000    4.54222
  67.50000    4.54430
  68.00000    4.54638
  68.50000    4.54846
  69.00000    4.55054
  69.50000    4.55221
  70.00000    4.55382
  70.50000    4.55544
  71.00000    4.55705
  71.50000    4.55866
  72.00000    4.56027
  72.50000    4.56189
  73.00000    4.56350
  73.50000    4.56473
  74.00000    4.56594
  74.50000    4.56715
  75.00000    4.56836
  75.50000    4.56957
  76.00000    4.57078
  76.50000    4.57199
  77.00000    4.57320
  77.50000    4.57410
  78.00000    4.57499
  78.50000    4.57589
  79.00000    4.57678
  79.50000    4.57768
  80.00000    4.57857
  80.50000    4.57947
  81.00000    4.58034
  81.50000    4.58097
  82.00000    4.58160
  82.50000    4.58223
  83.00000    4.58286
  83.50000    4.58349
  84.00000    4.58412
  84.50000    4.58475
  85.00000    4.58536
  85.50000    4.58581
  86.00000    4.58627
  86.50000    4.58672
  87.00000    4.58717
  87.50000    4.58763
  88.00000    4.58808
  88.50000    4.58854
  89.00000    4.58897
  89.50000    4.58931
  90.00000    4.58965
  90.50000    4.58999
  91.00000    4.59033
  91.50000    4.59067
  92.00000    4.59101
  92.50000    4.59135
  93.00000    4.59169
  93.50000    4.59201
  94.00000    4.59234
  94.50000    4.59267
  95.00000    4.59300
  95.50000    4.59332
  96.00000    4.59365
  96.50000    4.59398
  97.00000    4.59431
  97.50000    4.59465
  98.00000    4.59499
  98.50000    4.59533
  99.00000    4.59567
  99.50000    4.59601
 100.00000    4.59635
 100.50000    4.59669
 101.00000    4.59705
 101.50000    4.59743
 102.00000    4.59780
 102.50000    4.59818
 103.00000    4.59856
 103.50000    4.59894
 104.00000    4.59932
 104.50000    4.59969
 105.00000    4.60008
 105.50000    4.60049
 106.00000    4.60089
 106.50000    4.60129
 107.00000    4.60170
 107.50000    4.60210
 108.00000    4.60250
 108.50000    4.60291
 109.00000    4.60332
 109.50000    4.60375
 110.00000    4.60418
 110.50000    4.60461
 111.00000    4.60504
 111.50000    4.60546
 112.00000    4.60589
 112.50000    4.60632
 113.00000    4.60676
 113.50000    4.60720
 114.00000    4.60764
 114.50000    4.60808
 115.00000    4.60852
 115.50000    4.60896
 116.00000    4.60940
 116.50000    4.60984
 117.00000    4.61029
 117.50000    4.61075
 118.00000    4.61120
 118.50000    4.61165
 119.00000    4.61211
 119.50000    4.61256
 120.00000    4.61302
 120.50000    4.61347
 121.00000    4.61391
 121.50000    4.61436
 122.00000    4.61480
 122.50000    4.61524
 123.00000    4.61568
 123.50000    4.61612
 124.00000    4.61656
 124.50000    4.61700
 125.00000    4.61744
 125.50000    4.61788
 126.00000    4.61832
 126.50000    4.61877
 127.00000    4.61921
 127.50000    4.61965
 128.00000    4.62009
 128.50000    4.62053
 129.00000    4.62096
 129.50000    4.62139
 130.00000    4.62182
 130.50000    4.62225
 131.00000    4.62267
 131.50000    4.62310
 132.00000    4.62353
 132.50000    4.62396
 133.00000    4.62438
 133.50000    4.62479
 134.00000    4.62521
 134.50000    4.62562
 135.00000    4.62604
 135.50000    4.62646
 136.00000    4.62687
 136.50000    4.62729
 137.00000    4.62767
 137.50000    4.62804
 138.00000    4.62842
 138.50000    4.62880
 139.00000    4.62918
 139.50000    4.62956
 140.00000    4.62993
 140.50000    4.63031
 141.00000    4.63066
 141.50000    4.63102
 142.00000    4.63137
 142.50000    4.63172
 143.00000    4.63208
 143.50000    4.63243
 144.00000    4.63278
 144.50000    4.63313
 145.00000    4.63343
 145.50000    4.63373
 146.00000    4.63404
 146.50000    4.63434
 147.00000    4.63464
 147.50000    4.63494
 148.00000    4.63525
 148.50000    4.63554
 149.00000    4.63581
 149.50000    4.63607
 150.00000    4.63634
