   0.00000    2.03640
   0.50000    2.14078
   1.00000    2.24515
   1.50000    2.34953
   2.00000    2.45391
   2.50000    2.55828
   3.00000    2.66266
   3.50000    3.49981
   4.00000    3.50910
   4.50000    3.51840
   5.00000    3.52739
   5.50000    3.53584
   6.00000    3.54430
   6.50000    3.55240
   7.00000    3.56001
   7.50000    3.56762
   8.00000    3.57491
   8.50000    3.58180
   9.00000    3.58870
   9.50000    3.59528
  10.00000    3.60154
  10.50000    3.60779
  11.00000    3.61376
  11.50000    3.61947
  12.00000    3.62519
  12.50000    3.63065
  13.00000    3.63592
  13.50000    3.64120
  14.00000    3.64626
  14.50000    3.65120
  15.00000    3.65613
  15.50000    3.66091
  16.00000    3.66561
  16.50000    3.67031
  17.00000    3.67489
  17.50000    3.67942
  18.00000    3.68395
  18.50000    3.68846
  19.00000    3.69296
  19.50000    3.69745
  20.00000    3.70195
  20.50000    3.70645
  21.00000    3.71094
  21.50000    3.71555
  22.00000    3.72019
  22.50000    3.72482
  23.00000    3.72966
  23.50000    3.73453
  24.00000    3.73939
  24.50000    3.74454
  25.00000    3.74972
  25.50000    3.75489
  26.00000    3.76048
  26.50000    3.76610
  27.00000    3.77171
  27.50000    3.77780
  28.00000    3.78388
  28.50000    3.79000
  29.00000    3.79672
  29.50000    3.80345
  30.00000    3.81024
  30.50000    3.81764
  31.00000    3.82505
  31.50000    3.83256
  32.00000    3.84077
  32.50000    3.84899
  33.00000    3.85736
  33.50000    3.86645
  34.00000    3.87555
  34.50000    3.88486
  35.00000    3.89497
  35.50000    3.90508
  36.00000    3.91546
  36.50000    3.92661
  37.00000    3.93777
  37.50000    3.94928
  38.00000    3.96162
  38.50000    3.97396
  39.00000    3.98674
  39.50000    4.00037
  40.00000    4.01400
  40.50000    4.02814
  41.00000    4.04312
  41.50000    4.05810
  42.00000    4.07369
  42.50000    4.09013
  43.00000    4.10656
  43.50000    4.12372
  44.00000    4.14171
  44.50000    4.15969
  45.00000    4.17846
  45.50000    4.19797
  46.00000    4.21748
  46.50000    4.48229
  47.00000    4.48751
  47.50000    4.49274
  48.00000    4.49796
  48.50000    4.50319
  49.00000    4.50841
  49.50000    4.51363
  50.00000    4.51886
  50.50000    4.52350
  51.00000    4.52785
  51.50000    4.53220
  52.00000    4.53655
  52.50000    4.54090
  53.00000    4.54525
  53.50000    4.54960
  54.00000    4.55395
  54.50000    4.55764
  55.00000    4.56116
  55.50000    4.56467
  56.00000    4.56818
  56.50000    4.57169
  57.00000    4.57521
  57.50000    4.57872
  58.00000    4.58223
  58.50000    4.58508
  59.00000    4.58786
  59.50000    4.59064
  60.00000    4.59342
  60.50000    4.59619
  61.00000    4.59897
  61.50000    4.60175
  62.00000    4.60452
  62.50000    4.60662
  63.00000    4.60873
  63.50000    4.61083
  64.00000    4.61294
  64.50000    4.61504
  65.00000    4.61715
  65.50000    4.61925
  66.00000    4.62129
  66.50000    4.62282
  67.00000    4.62436
  67.50000    4.62589
  68.00000    4.62743
  68.50000    4.62896
  69.00000    4.63049
  69.50000    4.63203
  70.00000    4.63345
  70.50000    4.63450
  71.00000    4.63555
  71.50000    4.63661
  72.00000    4.63766
  72.50000    4.63871
  73.00000    4.63976
  73.50000    4.64082
  74.00000    4.64173
  74.50000    4.64237
  75.00000    4.64302
  75.50000    4.64367
  76.00000    4.64431
  76.50000    4.64496
  77.00000    4.64561
  77.50000    4.64625
  78.00000    4.64676
  78.50000    4.64710
  79.00000    4.64744
  79.50000    4.64779
  80.00000    4.64813
  80.50000    4.64847
  81.00000    4.64881
  81.50000    4.64916
  82.00000    4.64937
  82.50000    4.64948
  83.00000    4.64959
  83.50000    4.64971
  84.00000    4.64982
  84.50000    4.64994
  85.00000    4.65005
  85.50000    4.65016
  86.00000    4.65019
  86.50000    4.65018
  87.00000    4.65017
  87.50000    4.65015
  88.00000    4.65014
  88.50000    4.65013
  89.00000    4.65012
  89.50000    4.65010
  90.00000    4.65004
  90.50000    4.64996
  91.00000    4.64989
  91.50000    4.64981
  92.00000    4.64973
  92.50000    4.64966
  93.00000    4.64958
  93.50000    4.64951
  94.00000    4.64948
  94.50000    4.64945
  95.00000    4.64943
  95.50000    4.64940
  96.00000    4.64938
  96.50000    4.64935
  97.00000    4.64932
  97.50000    4.64930
  98.00000    4.64937
  98.50000    4.64943
  99.00000    4.64949
  99.50000    4.64956
 100.00000    4.64962
 100.50000    4.64968
 101.00000    4.64975
 101.50000    4.64983
 102.00000    4.65000
 102.50000    4.65018
 103.00000    4.65036
 103.50000    4.65054
 104.00000    4.65071
 104.50000    4.65089
 105.00000    4.65107
 105.50000    4.65127
 106.00000    4.65154
 106.50000    4.65180
 107.00000    4.65207
 107.50000    4.65234
 108.00000    4.65260
 108.50000    4.65287
 109.00000    4.65313
 109.50000    4.65343
 110.00000    4.65377
 110.50000    4.65411
 111.00000    4.65446
 111.50000    4.65480
 112.00000    4.65514
 112.50000    4.65548
 113.00000    4.65583
 113.50000    4.65619
 114.00000    4.65657
 114.50000    4.65695
 115.00000    4.65733
 115.50000    4.65771
 116.00000    4.65809
 116.50000    4.65847
 117.00000    4.65885
 117.50000    4.65925
 118.00000    4.65965
 118.50000    4.66006
 119.00000    4.66046
 119.50000    4.66087
 120.00000    4.66127
 120.50000    4.66168
 121.00000    4.66209
 121.50000    4.66250
 122.00000    4.66292
 122.50000    4.66334
 123.00000    4.66376
 123.50000    4.66418
 124.00000    4.66459
 124.50000    4.66501
 125.00000    4.66543
 125.50000    4.66585
 126.00000    4.66627
 126.50000    4.66669
 127.00000    4.66710
 127.50000    4.66752
 128.00000    4.66794
 128.50000    4.66836
 129.00000    4.66878
 129.50000    4.66917
 130.00000    4.66957
 130.50000    4.66996
 131.00000    4.67035
 131.50000    4.67075
 132.00000    4.67114
 132.50000    4.67153
 133.00000    4.67192
 133.50000    4.67225
 134.00000    4.67258
 134.50000    4.67291
 135.00000    4.67324
 135.50000    4.67357
 136.00000    4.67390
 136.50000    4.67423
 137.00000    4.67455
 137.50000    4.67483
 138.00000    4.67511
 138.50000    4.67539
 139.00000    4.67567
 139.50000    4.67594
 140.00000    4.67622
 140.50000    4.67650
 141.00000    4.67676
 141.50000    4.67695
 142.00000    4.67714
 142.50000    4.67733
 143.00000    4.67752
 143.50000    4.67771
 144.00000    4.67790
 144.50000    4.67809
 145.00000    4.67824
 145.50000    4.67832
 146.00000    4.67841
 146.50000    4.67850
 147.00000    4.67859
 147.50000    4.67868
 148.00000    4.67877
 148.50000    4.67886
 149.00000    4.67889
 149.50000    4.67886
 150.00000    4.67884
