   0.00000    1.13990
   0.50000    1.57532
   1.00000    2.01075
   1.50000    3.27001
   2.00000    3.28918
   2.50000    3.30836
   3.00000    3.32587
   3.50000    3.34309
   4.00000    3.35953
   4.50000    3.37479
   5.00000    3.39004
   5.50000    3.40361
   6.00000    3.41707
   6.50000    3.42973
   7.00000    3.44156
   7.50000    3.45333
   8.00000    3.46365
   8.50000    3.47397
   9.00000    3.48349
   9.50000    3.49247
  10.00000    3.50127
  10.50000    3.50902
  11.00000    3.51678
  11.50000    3.52385
  12.00000    3.53063
  12.50000    3.53718
  13.00000    3.54301
  13.50000    3.54884
  14.00000    3.55407
  14.50000    3.55913
  15.00000    3.56401
  15.50000    3.56854
  16.00000    3.57307
  16.50000    3.57716
  17.00000    3.58120
  17.50000    3.58513
  18.00000    3.58893
  18.50000    3.59272
  19.00000    3.59636
  19.50000    3.59999
  20.00000    3.60364
  20.50000    3.60731
  21.00000    3.61099
  21.50000    3.61478
  22.00000    3.61858
  22.50000    3.62258
  23.00000    3.62670
  23.50000    3.63090
  24.00000    3.63546
  24.50000    3.64003
  25.00000    3.64507
  25.50000    3.65030
  26.00000    3.65573
  26.50000    3.66172
  27.00000    3.66772
  27.50000    3.67442
  28.00000    3.68127
  28.50000    3.68855
  29.00000    3.69654
  29.50000    3.70454
  30.00000    3.71362
  30.50000    3.72280
  31.00000    3.73261
  31.50000    3.74313
  32.00000    3.75368
  32.50000    3.76575
  33.00000    3.77783
  33.50000    3.79085
  34.00000    3.80459
  34.50000    3.81855
  35.00000    3.83413
  35.50000    3.84971
  36.00000    3.86651
  36.50000    3.88393
  37.00000    4.32654
  37.50000    4.32290
  38.00000    4.31927
  38.50000    4.31563
  39.00000    4.31200
  39.50000    4.30837
  40.00000    4.30473
  40.50000    4.30110
  41.00000    4.29746
  41.50000    4.29451
  42.00000    4.29167
  42.50000    4.28884
  43.00000    4.28600
  43.50000    4.28317
  44.00000    4.28034
  44.50000    4.27750
  45.00000    4.27467
  45.50000    4.27220
  46.00000    4.27012
  46.50000    4.26804
  47.00000    4.26596
  47.50000    4.26388
  48.00000    4.26180
  48.50000    4.25972
  49.00000    4.25764
  49.50000    4.25564
  50.00000    4.25424
  50.50000    4.25284
  51.00000    4.25144
  51.50000    4.25004
  52.00000    4.24864
  52.50000    4.24724
  53.00000    4.24585
  53.50000    4.24445
  54.00000    4.24350
  54.50000    4.24270
  55.00000    4.24190
  55.50000    4.24109
  56.00000    4.24029
  56.50000    4.23949
  57.00000    4.23869
  57.50000    4.23789
  58.00000    4.23729
  58.50000    4.23702
  59.00000    4.23674
  59.50000    4.23647
  60.00000    4.23619
  60.50000    4.23592
  61.00000    4.23564
  61.50000    4.23537
  62.00000    4.23510
  62.50000    4.23526
  63.00000    4.23541
  63.50000    4.23557
  64.00000    4.23573
  64.50000    4.23588
  65.00000    4.23604
  65.50000    4.23619
  66.00000    4.23635
  66.50000    4.23675
  67.00000    4.23727
  67.50000    4.23780
  68.00000    4.23832
  68.50000    4.23885
  69.00000    4.23938
  69.50000    4.23990
  70.00000    4.24043
  70.50000    4.24103
  71.00000    4.24182
  71.50000    4.24261
  72.00000    4.24340
  72.50000    4.24419
  73.00000    4.24498
  73.50000    4.24577
  74.00000    4.24656
  74.50000    4.24735
  75.00000    4.24832
  75.50000    4.24932
  76.00000    4.25031
  76.50000    4.25130
  77.00000    4.25229
  77.50000    4.25328
  78.00000    4.25428
  78.50000    4.25527
  79.00000    4.25633
  79.50000    4.25744
  80.00000    4.25855
  80.50000    4.25966
  81.00000    4.26078
  81.50000    4.26189
  82.00000    4.26300
  82.50000    4.26411
  83.00000    4.26523
  83.50000    4.26639
  84.00000    4.26755
  84.50000    4.26871
  85.00000    4.26987
  85.50000    4.27103
  86.00000    4.27219
  86.50000    4.27335
  87.00000    4.27451
  87.50000    4.27563
  88.00000    4.27674
  88.50000    4.27785
  89.00000    4.27897
  89.50000    4.28008
  90.00000    4.28119
  90.50000    4.28230
  91.00000    4.28341
  91.50000    4.28447
  92.00000    4.28546
  92.50000    4.28645
  93.00000    4.28745
  93.50000    4.28844
  94.00000    4.28943
  94.50000    4.29042
  95.00000    4.29142
  95.50000    4.29240
  96.00000    4.29331
  96.50000    4.29422
  97.00000    4.29512
  97.50000    4.29603
  98.00000    4.29694
  98.50000    4.29785
  99.00000    4.29876
  99.50000    4.29967
 100.00000    4.30050
 100.50000    4.30130
 101.00000    4.30210
 101.50000    4.30290
 102.00000    4.30370
 102.50000    4.30450
 103.00000    4.30530
 103.50000    4.30610
 104.00000    4.30687
 104.50000    4.30759
 105.00000    4.30831
 105.50000    4.30902
 106.00000    4.30974
 106.50000    4.31046
 107.00000    4.31118
 107.50000    4.31189
 108.00000    4.31261
 108.50000    4.31327
 109.00000    4.31393
 109.50000    4.31458
 110.00000    4.31524
 110.50000    4.31590
 111.00000    4.31656
 111.50000    4.31721
 112.00000    4.31787
 112.50000    4.31850
 113.00000    4.31911
 113.50000    4.31972
 114.00000    4.32033
 114.50000    4.32094
 115.00000    4.32155
 115.50000    4.32216
 116.00000    4.32276
 116.50000    4.32336
 117.00000    4.32394
 117.50000    4.32451
 118.00000    4.32509
 118.50000    4.32566
 119.00000    4.32623
 119.50000    4.32681
 120.00000    4.32738
 120.50000    4.32796
 121.00000    4.32850
 121.50000    4.32903
 122.00000    4.32957
 122.50000    4.33011
 123.00000    4.33065
 123.50000    4.33119
 124.00000    4.33172
 124.50000    4.33226
 125.00000    4.33280
 125.50000    4.33334
 126.00000    4.33388
 126.50000    4.33441
 127.00000    4.33495
 127.50000    4.33549
 128.00000    4.33603
 128.50000    4.33657
 129.00000    4.33711
 129.50000    4.33766
 130.00000    4.33821
 130.50000    4.33876
 131.00000    4.33931
 131.50000    4.33986
 132.00000    4.34041
 132.50000    4.34096
 133.00000    4.34151
 133.50000    4.34207
 134.00000    4.34263
 134.50000    4.34319
 135.00000    4.34375
 135.50000    4.34431
 136.00000    4.34488
 136.50000    4.34544
 137.00000    4.34600
 137.50000    4.34658
 138.00000    4.34718
 138.50000    4.34777
 139.00000    4.34837
 139.50000    4.34897
 140.00000    4.34957
 140.50000    4.35016
 141.00000    4.35076
 141.50000    4.35136
 142.00000    4.35200
 142.50000    4.35263
 143.00000    4.35326
 143.50000    4.35390
 144.00000    4.35453
 144.50000    4.35517
 145.00000    4.35580
 145.50000    4.35643
 146.00000    4.35712
 146.50000    4.35782
 147.00000    4.35853
 147.50000    4.35924
 148.00000    4.35994
 148.50000    4.36065
 149.00000    4.36135
 149.50000    4.36206
 150.00000    4.36279
