   0.00000    0.72620
   0.50000    1.44820
   1.00000    3.01111
   1.50000    3.05269
   2.00000    3.09152
   2.50000    3.12911
   3.00000    3.16462
   3.50000    3.19809
   4.00000    3.23043
   4.50000    3.26036
   5.00000    3.28900
   5.50000    3.31649
   6.00000    3.34183
   6.50000    3.36627
   7.00000    3.38925
   7.50000    3.41080
   8.00000    3.43158
   8.50000    3.45081
   9.00000    3.46918
   9.50000    3.48684
  10.00000    3.50314
  10.50000    3.51892
  11.00000    3.53388
  11.50000    3.54810
  12.00000    3.56191
  12.50000    3.57494
  13.00000    3.58758
  13.50000    3.59991
  14.00000    3.61171
  14.50000    3.62337
  15.00000    3.63483
  15.50000    3.64619
  16.00000    3.65751
  16.50000    3.66878
  17.00000    3.68020
  17.50000    3.69172
  18.00000    3.70361
  18.50000    3.71572
  19.00000    3.72818
  19.50000    3.74123
  20.00000    3.75460
  20.50000    3.76869
  21.00000    3.78344
  21.50000    3.79866
  22.00000    3.81511
  22.50000    3.83215
  23.00000    3.85006
  23.50000    3.86922
  24.00000    4.22721
  24.50000    4.23324
  25.00000    4.23928
  25.50000    4.24531
  26.00000    4.25135
  26.50000    4.25738
  27.00000    4.26342
  27.50000    4.26945
  28.00000    4.27548
  28.50000    4.28129
  29.00000    4.28599
  29.50000    4.29068
  30.00000    4.29538
  30.50000    4.30007
  31.00000    4.30477
  31.50000    4.30946
  32.00000    4.31416
  32.50000    4.31885
  33.00000    4.32337
  33.50000    4.32679
  34.00000    4.33022
  34.50000    4.33364
  35.00000    4.33706
  35.50000    4.34048
  36.00000    4.34390
  36.50000    4.34732
  37.00000    4.35075
  37.50000    4.35404
  38.00000    4.35631
  38.50000    4.35858
  39.00000    4.36085
  39.50000    4.36312
  40.00000    4.36539
  40.50000    4.36766
  41.00000    4.36993
  41.50000    4.37220
  42.00000    4.37439
  42.50000    4.37564
  43.00000    4.37688
  43.50000    4.37812
  44.00000    4.37936
  44.50000    4.38060
  45.00000    4.38184
  45.50000    4.38308
  46.00000    4.38432
  46.50000    4.38552
  47.00000    4.38587
  47.50000    4.38622
  48.00000    4.38658
  48.50000    4.38693
  49.00000    4.38729
  49.50000    4.38764
  50.00000    4.38800
  50.50000    4.38835
  51.00000    4.38869
  51.50000    4.38826
  52.00000    4.38783
  52.50000    4.38740
  53.00000    4.38697
  53.50000    4.38653
  54.00000    4.38610
  54.50000    4.38567
  55.00000    4.38524
  55.50000    4.38481
  56.00000    4.38373
  56.50000    4.38265
  57.00000    4.38156
  57.50000    4.38048
  58.00000    4.37939
  58.50000    4.37831
  59.00000    4.37722
  59.50000    4.37614
  60.00000    4.37505
  60.50000    4.37348
  61.00000    4.37188
  61.50000    4.37029
  62.00000    4.36870
  62.50000    4.36710
  63.00000    4.36551
  63.50000    4.36391
  64.00000    4.36232
  64.50000    4.36072
  65.00000    4.35875
  65.50000    4.35675
  66.00000    4.35474
  66.50000    4.35274
  67.00000    4.35073
  67.50000    4.34873
  68.00000    4.34672
  68.50000    4.34472
  69.00000    4.34272
  69.50000    4.34047
  70.00000    4.33818
  70.50000    4.33590
  71.00000    4.33362
  71.50000    4.33134
  72.00000    4.32906
  72.50000    4.32678
  73.00000    4.32450
  73.50000    4.32222
  74.00000    4.31981
  74.50000    4.31739
  75.00000    4.31496
  75.50000    4.31254
  76.00000    4.31011
  76.50000    4.30769
  77.00000    4.30526
  77.50000    4.30284
  78.00000    4.30041
  78.50000    4.29796
  79.00000    4.29550
  79.50000    4.29304
  80.00000    4.29058
  80.50000    4.28813
  81.00000    4.28567
  81.50000    4.28321
  82.00000    4.28075
  82.50000    4.27829
  83.00000    4.27590
  83.50000    4.27354
  84.00000    4.27117
  84.50000    4.26880
  85.00000    4.26643
  85.50000    4.26406
  86.00000    4.26169
  86.50000    4.25932
  87.00000    4.25695
  87.50000    4.25467
  88.00000    4.25242
  88.50000    4.25018
  89.00000    4.24793
  89.50000    4.24568
  90.00000    4.24343
  90.50000    4.24118
  91.00000    4.23894
  91.50000    4.23669
  92.00000    4.23455
  92.50000    4.23244
  93.00000    4.23034
  93.50000    4.22824
  94.00000    4.22613
  94.50000    4.22403
  95.00000    4.22192
  95.50000    4.21982
  96.00000    4.21772
  96.50000    4.21574
  97.00000    4.21381
  97.50000    4.21188
  98.00000    4.20996
  98.50000    4.20803
  99.00000    4.20610
  99.50000    4.20418
 100.00000    4.20225
 100.50000    4.20032
 101.00000    4.19854
 101.50000    4.19682
 102.00000    4.19511
 102.50000    4.19339
 103.00000    4.19167
 103.50000    4.18996
 104.00000    4.18824
 104.50000    4.18652
 105.00000    4.18481
 105.50000    4.18323
 106.00000    4.18172
 106.50000    4.18021
 107.00000    4.17871
 107.50000    4.17720
 108.00000    4.17570
 108.50000    4.17419
 109.00000    4.17268
 109.50000    4.17118
 110.00000    4.16984
 110.50000    4.16860
 111.00000    4.16736
 111.50000    4.16612
 112.00000    4.16488
 112.50000    4.16364
 113.00000    4.16240
 113.50000    4.16116
 114.00000    4.15992
 114.50000    4.15883
 115.00000    4.15786
 115.50000    4.15688
 116.00000    4.15591
 116.50000    4.15493
 117.00000    4.15396
 117.50000    4.15298
 118.00000    4.15201
 118.50000    4.15103
 119.00000    4.15023
 119.50000    4.14955
 120.00000    4.14888
 120.50000    4.14820
 121.00000    4.14752
 121.50000    4.14685
 122.00000    4.14617
 122.50000    4.14550
 123.00000    4.14482
 123.50000    4.14432
 124.00000    4.14398
 124.50000    4.14363
 125.00000    4.14329
 125.50000    4.14295
 126.00000    4.14260
 126.50000    4.14226
 127.00000    4.14192
 127.50000    4.14157
 128.00000    4.14141
 128.50000    4.14142
 129.00000    4.14143
 129.50000    4.14144
 130.00000    4.14145
 130.50000    4.14146
 131.00000    4.14147
 131.50000    4.14148
 132.00000    4.14149
 132.50000    4.14167
 133.00000    4.14205
 133.50000    4.14243
 134.00000    4.14280
 134.50000    4.14318
 135.00000    4.14356
 135.50000    4.14393
 136.00000    4.14431
 136.50000    4.14469
 137.00000    4.14524
 137.50000    4.14602
 138.00000    4.14681
 138.50000    4.14760
 139.00000    4.14838
 139.50000    4.14917
 140.00000    4.14996
 140.50000    4.15074
 141.00000    4.15153
 141.50000    4.15249
 142.00000    4.15371
 142.50000    4.15492
 143.00000    4.15614
 143.50000    4.15736
 144.00000    4.15858
 144.50000    4.15979
 145.00000    4.16101
 145.50000    4.16223
 146.00000    4.16361
 146.50000    4.16527
 147.00000    4.16693
 147.50000    4.16859
 148.00000    4.17026
 148.50000    4.17192
 149.00000    4.17358
 149.50000    4.17524
 150.00000    4.17690
