   0.00000    1.19850
   0.50000    3.33602
   1.00000    3.35565
   1.50000    3.37435
   2.00000    3.39260
   2.50000    3.40980
   3.00000    3.42660
   3.50000    3.44237
   4.00000    3.45784
   4.50000    3.47228
   5.00000    3.48652
   5.50000    3.49971
   6.00000    3.51276
   6.50000    3.52485
   7.00000    3.53688
   7.50000    3.54793
   8.00000    3.55894
   8.50000    3.56912
   9.00000    3.57922
   9.50000    3.58862
  10.00000    3.59792
  10.50000    3.60666
  11.00000    3.61527
  11.50000    3.62339
  12.00000    3.63139
  12.50000    3.63904
  13.00000    3.64655
  13.50000    3.65375
  14.00000    3.66083
  14.50000    3.66771
  15.00000    3.67451
  15.50000    3.68119
  16.00000    3.68782
  16.50000    3.69440
  17.00000    3.70093
  17.50000    3.70740
  18.00000    3.71393
  18.50000    3.72051
  19.00000    3.72719
  19.50000    3.73392
  20.00000    3.74079
  20.50000    3.74773
  21.00000    3.75493
  21.50000    3.76223
  22.00000    3.76986
  22.50000    3.77756
  23.00000    3.78575
  23.50000    3.79403
  24.00000    3.80281
  24.50000    3.81165
  25.00000    3.82118
  25.50000    3.83075
  26.00000    3.84108
  26.50000    3.85147
  27.00000    3.86272
  27.50000    3.87408
  28.00000    3.88621
  28.50000    4.29961
  29.00000    4.30646
  29.50000    4.31331
  30.00000    4.32016
  30.50000    4.32702
  31.00000    4.33387
  31.50000    4.34072
  32.00000    4.34758
  32.50000    4.35443
  33.00000    4.36045
  33.50000    4.36510
  34.00000    4.36975
  34.50000    4.37439
  35.00000    4.37904
  35.50000    4.38369
  36.00000    4.38834
  36.50000    4.39299
  37.00000    4.39764
  37.50000    4.40111
  38.00000    4.40372
  38.50000    4.40634
  39.00000    4.40895
  39.50000    4.41156
  40.00000    4.41418
  40.50000    4.41679
  41.00000    4.41941
  41.50000    4.42202
  42.00000    4.42325
  42.50000    4.42410
  43.00000    4.42494
  43.50000    4.42578
  44.00000    4.42662
  44.50000    4.42746
  45.00000    4.42830
  45.50000    4.42914
  46.00000    4.42998
  46.50000    4.42932
  47.00000    4.42863
  47.50000    4.42794
  48.00000    4.42724
  48.50000    4.42655
  49.00000    4.42586
  49.50000    4.42516
  50.00000    4.42447
  50.50000    4.42355
  51.00000    4.42158
  51.50000    4.41962
  52.00000    4.41765
  52.50000    4.41568
  53.00000    4.41372
  53.50000    4.41175
  54.00000    4.40979
  54.50000    4.40782
  55.00000    4.40546
  55.50000    4.40248
  56.00000    4.39949
  56.50000    4.39650
  57.00000    4.39351
  57.50000    4.39052
  58.00000    4.38753
  58.50000    4.38454
  59.00000    4.38155
  59.50000    4.37810
  60.00000    4.37432
  60.50000    4.37053
  61.00000    4.36675
  61.50000    4.36297
  62.00000    4.35918
  62.50000    4.35540
  63.00000    4.35161
  63.50000    4.34783
  64.00000    4.34364
  64.50000    4.33933
  65.00000    4.33502
  65.50000    4.33071
  66.00000    4.32641
  66.50000    4.32210
  67.00000    4.31779
  67.50000    4.31349
  68.00000    4.30918
  68.50000    4.30460
  69.00000    4.30002
  69.50000    4.29544
  70.00000    4.29086
  70.50000    4.28628
  71.00000    4.28171
  71.50000    4.27713
  72.00000    4.27255
  72.50000    4.26796
  73.00000    4.26335
  73.50000    4.25873
  74.00000    4.25412
  74.50000    4.24950
  75.00000    4.24489
  75.50000    4.24028
  76.00000    4.23566
  76.50000    4.23105
  77.00000    4.22652
  77.50000    4.22212
  78.00000    4.21772
  78.50000    4.21332
  79.00000    4.20892
  79.50000    4.20453
  80.00000    4.20013
  80.50000    4.19573
  81.00000    4.19133
  81.50000    4.18721
  82.00000    4.18327
  82.50000    4.17934
  83.00000    4.17541
  83.50000    4.17148
  84.00000    4.16755
  84.50000    4.16361
  85.00000    4.15968
  85.50000    4.15575
  86.00000    4.15235
  86.50000    4.14910
  87.00000    4.14585
  87.50000    4.14260
  88.00000    4.13935
  88.50000    4.13610
  89.00000    4.13285
  89.50000    4.12960
  90.00000    4.12635
  90.50000    4.12377
  91.00000    4.12120
  91.50000    4.11863
  92.00000    4.11607
  92.50000    4.11350
  93.00000    4.11093
  93.50000    4.10836
  94.00000    4.10579
  94.50000    4.10335
  95.00000    4.10144
  95.50000    4.09953
  96.00000    4.09762
  96.50000    4.09571
  97.00000    4.09380
  97.50000    4.09189
  98.00000    4.08998
  98.50000    4.08807
  99.00000    4.08640
  99.50000    4.08510
 100.00000    4.08381
 100.50000    4.08251
 101.00000    4.08122
 101.50000    4.07992
 102.00000    4.07863
 102.50000    4.07733
 103.00000    4.07604
 103.50000    4.07509
 104.00000    4.07440
 104.50000    4.07371
 105.00000    4.07301
 105.50000    4.07232
 106.00000    4.07163
 106.50000    4.07093
 107.00000    4.07024
 107.50000    4.06955
 108.00000    4.06929
 108.50000    4.06916
 109.00000    4.06902
 109.50000    4.06888
 110.00000    4.06875
 110.50000    4.06861
 111.00000    4.06847
 111.50000    4.06834
 112.00000    4.06820
 112.50000    4.06858
 113.00000    4.06897
 113.50000    4.06935
 114.00000    4.06974
 114.50000    4.07013
 115.00000    4.07051
 115.50000    4.07090
 116.00000    4.07129
 116.50000    4.07177
 117.00000    4.07267
 117.50000    4.07356
 118.00000    4.07446
 118.50000    4.07536
 119.00000    4.07626
 119.50000    4.07716
 120.00000    4.07805
 120.50000    4.07895
 121.00000    4.08002
 121.50000    4.08138
 122.00000    4.08273
 122.50000    4.08408
 123.00000    4.08544
 123.50000    4.08679
 124.00000    4.08814
 124.50000    4.08949
 125.00000    4.09085
 125.50000    4.09245
 126.00000    4.09424
 126.50000    4.09602
 127.00000    4.09780
 127.50000    4.09959
 128.00000    4.10137
 128.50000    4.10316
 129.00000    4.10494
 129.50000    4.10673
 130.00000    4.10882
 130.50000    4.11101
 131.00000    4.11319
 131.50000    4.11537
 132.00000    4.11755
 132.50000    4.11973
 133.00000    4.12191
 133.50000    4.12410
 134.00000    4.12628
 134.50000    4.12883
 135.00000    4.13139
 135.50000    4.13395
 136.00000    4.13650
 136.50000    4.13906
 137.00000    4.14162
 137.50000    4.14418
 138.00000    4.14673
 138.50000    4.14936
 139.00000    4.15225
 139.50000    4.15515
 140.00000    4.15805
 140.50000    4.16095
 141.00000    4.16384
 141.50000    4.16674
 142.00000    4.16964
 142.50000    4.17254
 143.00000    4.17556
 143.50000    4.17876
 144.00000    4.18197
 144.50000    4.18517
 145.00000    4.18837
 145.50000    4.19158
 146.00000    4.19478
 146.50000    4.19799
 147.00000    4.20119
 147.50000    4.20456
 148.00000    4.20804
 148.50000    4.21152
 149.00000    4.21499
 149.50000    4.21847
 150.00000    4.22195
