   0.00000    1.49130
   0.50000    2.15927
   1.00000    3.26587
   1.50000    3.28374
   2.00000    3.30162
   2.50000    3.31830
   3.00000    3.33459
   3.50000    3.35081
   4.00000    3.36556
   4.50000    3.38030
   5.00000    3.39457
   5.50000    3.40787
   6.00000    3.42118
   6.50000    3.43367
   7.00000    3.44565
   7.50000    3.45763
   8.00000    3.46847
   8.50000    3.47920
   9.00000    3.48972
   9.50000    3.49934
  10.00000    3.50896
  10.50000    3.51810
  11.00000    3.52673
  11.50000    3.53535
  12.00000    3.54327
  12.50000    3.55097
  13.00000    3.55864
  13.50000    3.56561
  14.00000    3.57257
  14.50000    3.57930
  15.00000    3.58557
  15.50000    3.59184
  16.00000    3.59776
  16.50000    3.60347
  17.00000    3.60918
  17.50000    3.61449
  18.00000    3.61976
  18.50000    3.62497
  19.00000    3.62991
  19.50000    3.63485
  20.00000    3.63966
  20.50000    3.64434
  21.00000    3.64902
  21.50000    3.65365
  22.00000    3.65825
  22.50000    3.66286
  23.00000    3.66743
  23.50000    3.67200
  24.00000    3.67661
  24.50000    3.68129
  25.00000    3.68597
  25.50000    3.69079
  26.00000    3.69569
  26.50000    3.70059
  27.00000    3.70583
  27.50000    3.71110
  28.00000    3.71645
  28.50000    3.72213
  29.00000    3.72781
  29.50000    3.73375
  30.00000    3.73998
  30.50000    3.74621
  31.00000    3.75296
  31.50000    3.75985
  32.00000    3.76679
  32.50000    3.77446
  33.00000    3.78212
  33.50000    3.79010
  34.00000    3.79865
  34.50000    3.80720
  35.00000    3.81638
  35.50000    3.82593
  36.00000    3.83547
  36.50000    3.84604
  37.00000    3.85669
  37.50000    3.86760
  38.00000    3.87947
  38.50000    3.89134
  39.00000    3.90383
  39.50000    3.91695
  40.00000    3.93007
  40.50000    4.11797
  41.00000    4.12570
  41.50000    4.13343
  42.00000    4.14116
  42.50000    4.14889
  43.00000    4.15663
  43.50000    4.16436
  44.00000    4.17209
  44.50000    4.17902
  45.00000    4.18539
  45.50000    4.19176
  46.00000    4.19812
  46.50000    4.20449
  47.00000    4.21085
  47.50000    4.21722
  48.00000    4.22359
  48.50000    4.22945
  49.00000    4.23451
  49.50000    4.23957
  50.00000    4.24463
  50.50000    4.24969
  51.00000    4.25476
  51.50000    4.25982
  52.00000    4.26488
  52.50000    4.26972
  53.00000    4.27360
  53.50000    4.27748
  54.00000    4.28135
  54.50000    4.28523
  55.00000    4.28911
  55.50000    4.29299
  56.00000    4.29687
  56.50000    4.30075
  57.00000    4.30361
  57.50000    4.30647
  58.00000    4.30932
  58.50000    4.31218
  59.00000    4.31503
  59.50000    4.31788
  60.00000    4.32074
  60.50000    4.32359
  61.00000    4.32573
  61.50000    4.32769
  62.00000    4.32964
  62.50000    4.33159
  63.00000    4.33354
  63.50000    4.33549
  64.00000    4.33744
  64.50000    4.33939
  65.00000    4.34089
  65.50000    4.34206
  66.00000    4.34323
  66.50000    4.34440
  67.00000    4.34557
  67.50000    4.34674
  68.00000    4.34791
  68.50000    4.34908
  69.00000    4.35000
  69.50000    4.35053
  70.00000    4.35105
  70.50000    4.35158
  71.00000    4.35210
  71.50000    4.35263
  72.00000    4.35315
  72.50000    4.35367
  73.00000    4.35410
  73.50000    4.35411
  74.00000    4.35413
  74.50000    4.35414
  75.00000    4.35415
  75.50000    4.35416
  76.00000    4.35418
  76.50000    4.35419
  77.00000    4.35420
  77.50000    4.35385
  78.00000    4.35350
  78.50000    4.35314
  79.00000    4.35279
  79.50000    4.35244
  80.00000    4.35208
  80.50000    4.35173
  81.00000    4.35137
  81.50000    4.35082
  82.00000    4.35021
  82.50000    4.34960
  83.00000    4.34899
  83.50000    4.34838
  84.00000    4.34777
  84.50000    4.34716
  85.00000    4.34655
  85.50000    4.34587
  86.00000    4.34514
  86.50000    4.34441
  87.00000    4.34367
  87.50000    4.34294
  88.00000    4.34221
  88.50000    4.34148
  89.00000    4.34075
  89.50000    4.34002
  90.00000    4.33932
  90.50000    4.33861
  91.00000    4.33790
  91.50000    4.33720
  92.00000    4.33649
  92.50000    4.33578
  93.00000    4.33507
  93.50000    4.33439
  94.00000    4.33380
  94.50000    4.33322
  95.00000    4.33263
  95.50000    4.33205
  96.00000    4.33146
  96.50000    4.33088
  97.00000    4.33029
  97.50000    4.32971
  98.00000    4.32927
  98.50000    4.32883
  99.00000    4.32839
  99.50000    4.32795
 100.00000    4.32751
 100.50000    4.32707
 101.00000    4.32663
 101.50000    4.32619
 102.00000    4.32588
 102.50000    4.32560
 103.00000    4.32532
 103.50000    4.32504
 104.00000    4.32476
 104.50000    4.32448
 105.00000    4.32420
 105.50000    4.32392
 106.00000    4.32371
 106.50000    4.32357
 107.00000    4.32342
 107.50000    4.32327
 108.00000    4.32313
 108.50000    4.32298
 109.00000    4.32284
 109.50000    4.32269
 110.00000    4.32260
 110.50000    4.32262
 111.00000    4.32263
 111.50000    4.32264
 112.00000    4.32265
 112.50000    4.32267
 113.00000    4.32268
 113.50000    4.32269
 114.00000    4.32273
 114.50000    4.32287
 115.00000    4.32302
 115.50000    4.32317
 116.00000    4.32331
 116.50000    4.32346
 117.00000    4.32361
 117.50000    4.32375
 118.00000    4.32390
 118.50000    4.32419
 119.00000    4.32448
 119.50000    4.32478
 120.00000    4.32507
 120.50000    4.32536
 121.00000    4.32565
 121.50000    4.32595
 122.00000    4.32624
 122.50000    4.32666
 123.00000    4.32711
 123.50000    4.32756
 124.00000    4.32801
 124.50000    4.32846
 125.00000    4.32891
 125.50000    4.32936
 126.00000    4.32982
 126.50000    4.33035
 127.00000    4.33093
 127.50000    4.33152
 128.00000    4.33210
 128.50000    4.33269
 129.00000    4.33327
 129.50000    4.33386
 130.00000    4.33445
 130.50000    4.33509
 131.00000    4.33582
 131.50000    4.33655
 132.00000    4.33728
 132.50000    4.33802
 133.00000    4.33875
 133.50000    4.33948
 134.00000    4.34021
 134.50000    4.34097
 135.00000    4.34185
 135.50000    4.34273
 136.00000    4.34360
 136.50000    4.34448
 137.00000    4.34536
 137.50000    4.34624
 138.00000    4.34712
 138.50000    4.34799
 139.00000    4.34902
 139.50000    4.35004
 140.00000    4.35107
 140.50000    4.35209
 141.00000    4.35312
 141.50000    4.35414
 142.00000    4.35516
 142.50000    4.35619
 143.00000    4.35732
 143.50000    4.35848
 144.00000    4.35964
 144.50000    4.36080
 145.00000    4.36196
 145.50000    4.36311
 146.00000    4.36427
 146.50000    4.36543
 147.00000    4.36668
 147.50000    4.36800
 148.00000    4.36932
 148.50000    4.37064
 149.00000    4.37195
 149.50000    4.37327
 150.00000    4.37459
