   0.00000    1.40150
   0.50000    3.17002
   1.00000    3.20127
   1.50000    3.23048
   2.00000    3.25844
   2.50000    3.28373
   3.00000    3.30835
   3.50000    3.32997
   4.00000    3.35111
   4.50000    3.36991
   5.00000    3.38788
   5.50000    3.40410
   6.00000    3.41915
   6.50000    3.43302
   7.00000    3.44548
   7.50000    3.45727
   8.00000    3.46756
   8.50000    3.47754
   9.00000    3.48593
   9.50000    3.49405
  10.00000    3.50112
  10.50000    3.50777
  11.00000    3.51375
  11.50000    3.51924
  12.00000    3.52434
  12.50000    3.52903
  13.00000    3.53358
  13.50000    3.53778
  14.00000    3.54194
  14.50000    3.54600
  15.00000    3.55008
  15.50000    3.55425
  16.00000    3.55858
  16.50000    3.56313
  17.00000    3.56809
  17.50000    3.57329
  18.00000    3.57915
  18.50000    3.58518
  19.00000    3.59232
  19.50000    3.59969
  20.00000    3.60818
  20.50000    3.61720
  21.00000    3.62734
  21.50000    3.63837
  22.00000    3.65032
  22.50000    3.66370
  23.00000    3.67779
  23.50000    3.69382
  24.00000    3.71026
  24.50000    3.72923
  25.00000    3.74875
  25.50000    3.77058
  26.00000    3.79347
  26.50000    3.81820
  27.00000    4.47953
  27.50000    4.47484
  28.00000    4.47015
  28.50000    4.46546
  29.00000    4.46076
  29.50000    4.45607
  30.00000    4.45138
  30.50000    4.44668
  31.00000    4.44199
  31.50000    4.43768
  32.00000    4.43358
  32.50000    4.42947
  33.00000    4.42536
  33.50000    4.42125
  34.00000    4.41715
  34.50000    4.41304
  35.00000    4.40893
  35.50000    4.40482
  36.00000    4.40116
  36.50000    4.39763
  37.00000    4.39409
  37.50000    4.39056
  38.00000    4.38703
  38.50000    4.38349
  39.00000    4.37996
  39.50000    4.37642
  40.00000    4.37289
  40.50000    4.36983
  41.00000    4.36682
  41.50000    4.36382
  42.00000    4.36081
  42.50000    4.35781
  43.00000    4.35480
  43.50000    4.35180
  44.00000    4.34879
  44.50000    4.34579
  45.00000    4.34328
  45.50000    4.34077
  46.00000    4.33826
  46.50000    4.33575
  47.00000    4.33324
  47.50000    4.33073
  48.00000    4.32822
  48.50000    4.32571
  49.00000    4.32326
  49.50000    4.32121
  50.00000    4.31916
  50.50000    4.31711
  51.00000    4.31507
  51.50000    4.31302
  52.00000    4.31097
  52.50000    4.30892
  53.00000    4.30687
  53.50000    4.30492
  54.00000    4.30328
  54.50000    4.30163
  55.00000    4.29999
  55.50000    4.29835
  56.00000    4.29670
  56.50000    4.29506
  57.00000    4.29342
  57.50000    4.29177
  58.00000    4.29026
  58.50000    4.28900
  59.00000    4.28774
  59.50000    4.28648
  60.00000    4.28522
  60.50000    4.28396
  61.00000    4.28270
  61.50000    4.28144
  62.00000    4.28018
  62.50000    4.27908
  63.00000    4.27817
  63.50000    4.27726
  64.00000    4.27635
  64.50000    4.27543
  65.00000    4.27452
  65.50000    4.27361
  66.00000    4.27270
  66.50000    4.27179
  67.00000    4.27104
  67.50000    4.27041
  68.00000    4.26978
  68.50000    4.26915
  69.00000    4.26852
  69.50000    4.26789
  70.00000    4.26726
  70.50000    4.26663
  71.00000    4.26600
  71.50000    4.26555
  72.00000    4.26519
  72.50000    4.26483
  73.00000    4.26447
  73.50000    4.26411
  74.00000    4.26375
  74.50000    4.26339
  75.00000    4.26303
  75.50000    4.26267
  76.00000    4.26249
  76.50000    4.26236
  77.00000    4.26222
  77.50000    4.26209
  78.00000    4.26195
  78.50000    4.26182
  79.00000    4.26168
  79.50000    4.26155
  80.00000    4.26141
  80.50000    4.26144
  81.00000    4.26149
  81.50000    4.26153
  82.00000    4.26158
  82.50000    4.26162
  83.00000    4.26167
  83.50000    4.26171
  84.00000    4.26176
  84.50000    4.26181
  85.00000    4.26199
  85.50000    4.26217
  86.00000    4.26235
  86.50000    4.26253
  87.00000    4.26271
  87.50000    4.26289
  88.00000    4.26307
  88.50000    4.26325
  89.00000    4.26345
  89.50000    4.26377
  90.00000    4.26410
  90.50000    4.26443
  91.00000    4.26475
  91.50000    4.26508
  92.00000    4.26541
  92.50000    4.26573
  93.00000    4.26606
  93.50000    4.26642
  94.00000    4.26687
  94.50000    4.26732
  95.00000    4.26777
  95.50000    4.26822
  96.00000    4.26867
  96.50000    4.26912
  97.00000    4.26957
  97.50000    4.27002
  98.00000    4.27051
  98.50000    4.27109
  99.00000    4.27166
  99.50000    4.27224
 100.00000    4.27281
 100.50000    4.27338
 101.00000    4.27396
 101.50000    4.27453
 102.00000    4.27511
 102.50000    4.27573
 103.00000    4.27640
 103.50000    4.27708
 104.00000    4.27776
 104.50000    4.27843
 105.00000    4.27911
 105.50000    4.27978
 106.00000    4.28046
 106.50000    4.28113
 107.00000    4.28187
 107.50000    4.28264
 108.00000    4.28342
 108.50000    4.28420
 109.00000    4.28497
 109.50000    4.28575
 110.00000    4.28653
 110.50000    4.28730
 111.00000    4.28808
 111.50000    4.28892
 112.00000    4.28979
 112.50000    4.29065
 113.00000    4.29152
 113.50000    4.29239
 114.00000    4.29325
 114.50000    4.29412
 115.00000    4.29499
 115.50000    4.29585
 116.00000    4.29679
 116.50000    4.29775
 117.00000    4.29871
 117.50000    4.29966
 118.00000    4.30062
 118.50000    4.30158
 119.00000    4.30253
 119.50000    4.30349
 120.00000    4.30445
 120.50000    4.30547
 121.00000    4.30649
 121.50000    4.30752
 122.00000    4.30854
 122.50000    4.30957
 123.00000    4.31059
 123.50000    4.31161
 124.00000    4.31264
 124.50000    4.31367
 125.00000    4.31476
 125.50000    4.31585
 126.00000    4.31694
 126.50000    4.31803
 127.00000    4.31912
 127.50000    4.32022
 128.00000    4.32131
 128.50000    4.32240
 129.00000    4.32350
 129.50000    4.32466
 130.00000    4.32582
 130.50000    4.32698
 131.00000    4.32814
 131.50000    4.32930
 132.00000    4.33046
 132.50000    4.33162
 133.00000    4.33277
 133.50000    4.33395
 134.00000    4.33515
 134.50000    4.33636
 135.00000    4.33756
 135.50000    4.33876
 136.00000    4.33997
 136.50000    4.34117
 137.00000    4.34238
 137.50000    4.34358
 138.00000    4.34480
 138.50000    4.34604
 139.00000    4.34727
 139.50000    4.34851
 140.00000    4.34975
 140.50000    4.35099
 141.00000    4.35223
 141.50000    4.35346
 142.00000    4.35470
 142.50000    4.35596
 143.00000    4.35724
 143.50000    4.35853
 144.00000    4.35981
 144.50000    4.36109
 145.00000    4.36238
 145.50000    4.36366
 146.00000    4.36494
 146.50000    4.36623
 147.00000    4.36752
 147.50000    4.36883
 148.00000    4.37013
 148.50000    4.37144
 149.00000    4.37274
 149.50000    4.37405
 150.00000    4.37535
