   0.00000    1.09650
   0.50000    1.49262
   1.00000    2.87570
   1.50000    2.92596
   2.00000    2.97622
   2.50000    3.02648
   3.00000    3.07535
   3.50000    3.11779
   4.00000    3.16023
   4.50000    3.20268
   5.00000    3.24512
   5.50000    3.28179
   6.00000    3.31817
   6.50000    3.35456
   7.00000    3.39094
   7.50000    3.42429
   8.00000    3.45651
   8.50000    3.48873
   9.00000    3.52095
   9.50000    3.55200
  10.00000    3.58193
  10.50000    3.61185
  11.00000    3.64177
  11.50000    3.67156
  12.00000    3.70104
  12.50000    3.73051
  13.00000    3.75998
  13.50000    3.78953
  14.00000    3.82045
  14.50000    3.85137
  15.00000    3.88228
  15.50000    3.91320
  16.00000    3.94687
  16.50000    3.98110
  17.00000    4.01533
  17.50000    4.04956
  18.00000    4.14605
  18.50000    4.28278
  19.00000    4.41951
  19.50000    4.55624
  20.00000    4.24682
  20.50000    4.29307
  21.00000    4.33932
  21.50000    4.38558
  22.00000    4.43183
  22.50000    4.47808
  23.00000    4.52434
  23.50000    4.57059
  24.00000    4.61684
  24.50000    4.65660
  25.00000    4.65729
  25.50000    4.65798
  26.00000    4.65868
  26.50000    4.65937
  27.00000    4.66006
  27.50000    4.66075
  28.00000    4.66145
  28.50000    4.66214
  29.00000    4.66283
  29.50000    4.66270
  30.00000    4.66247
  30.50000    4.66224
  31.00000    4.66201
  31.50000    4.66179
  32.00000    4.66156
  32.50000    4.66133
  33.00000    4.66110
  33.50000    4.66088
  34.00000    4.66010
  34.50000    4.65904
  35.00000    4.65798
  35.50000    4.65692
  36.00000    4.65586
  36.50000    4.65480
  37.00000    4.65374
  37.50000    4.65267
  38.00000    4.65161
  38.50000    4.65024
  39.00000    4.64845
  39.50000    4.64665
  40.00000    4.64485
  40.50000    4.64306
  41.00000    4.64126
  41.50000    4.63947
  42.00000    4.63767
  42.50000    4.63587
  43.00000    4.63396
  43.50000    4.63153
  44.00000    4.62909
  44.50000    4.62666
  45.00000    4.62422
  45.50000    4.62179
  46.00000    4.61935
  46.50000    4.61692
  47.00000    4.61448
  47.50000    4.61205
  48.00000    4.60911
  48.50000    4.60615
  49.00000    4.60318
  49.50000    4.60022
  50.00000    4.59725
  50.50000    4.59429
  51.00000    4.59132
  51.50000    4.58836
  52.00000    4.58539
  52.50000    4.58211
  53.00000    4.57869
  53.50000    4.57527
  54.00000    4.57185
  54.50000    4.56843
  55.00000    4.56501
  55.50000    4.56159
  56.00000    4.55817
  56.50000    4.55475
  57.00000    4.55117
  57.50000    4.54741
  58.00000    4.54364
  58.50000    4.53987
  59.00000    4.53611
  59.50000    4.53234
  60.00000    4.52858
  60.50000    4.52481
  61.00000    4.52105
  61.50000    4.51722
  62.00000    4.51321
  62.50000    4.50919
  63.00000    4.50518
  63.50000    4.50117
  64.00000    4.49715
  64.50000    4.49314
  65.00000    4.48912
  65.50000    4.48511
  66.00000    4.48109
  66.50000    4.47693
  67.00000    4.47276
  67.50000    4.46859
  68.00000    4.46443
  68.50000    4.46026
  69.00000    4.45610
  69.50000    4.45193
  70.00000    4.44776
  70.50000    4.44360
  71.00000    4.43940
  71.50000    4.43519
  72.00000    4.43098
  72.50000    4.42677
  73.00000    4.42256
  73.50000    4.41835
  74.00000    4.41414
  74.50000    4.40993
  75.00000    4.40572
  75.50000    4.40153
  76.00000    4.39735
  76.50000    4.39317
  77.00000    4.38899
  77.50000    4.38482
  78.00000    4.38064
  78.50000    4.37646
  79.00000    4.37229
  79.50000    4.36811
  80.00000    4.36396
  80.50000    4.35992
  81.00000    4.35587
  81.50000    4.35182
  82.00000    4.34778
  82.50000    4.34373
  83.00000    4.33968
  83.50000    4.33563
  84.00000    4.33159
  84.50000    4.32754
  85.00000    4.32367
  85.50000    4.31979
  86.00000    4.31592
  86.50000    4.31204
  87.00000    4.30817
  87.50000    4.30430
  88.00000    4.30042
  88.50000    4.29655
  89.00000    4.29267
  89.50000    4.28895
  90.00000    4.28527
  90.50000    4.28159
  91.00000    4.27791
  91.50000    4.27423
  92.00000    4.27055
  92.50000    4.26687
  93.00000    4.26319
  93.50000    4.25951
  94.00000    4.25594
  94.50000    4.25247
  95.00000    4.24900
  95.50000    4.24552
  96.00000    4.24205
  96.50000    4.23858
  97.00000    4.23510
  97.50000    4.23163
  98.00000    4.22815
  98.50000    4.22476
  99.00000    4.22154
  99.50000    4.21833
 100.00000    4.21512
 100.50000    4.21190
 101.00000    4.20869
 101.50000    4.20547
 102.00000    4.20226
 102.50000    4.19905
 103.00000    4.19585
 103.50000    4.19289
 104.00000    4.18994
 104.50000    4.18698
 105.00000    4.18403
 105.50000    4.18107
 106.00000    4.17812
 106.50000    4.17516
 107.00000    4.17221
 107.50000    4.16926
 108.00000    4.16655
 108.50000    4.16390
 109.00000    4.16124
 109.50000    4.15859
 110.00000    4.15594
 110.50000    4.15329
 111.00000    4.15064
 111.50000    4.14799
 112.00000    4.14533
 112.50000    4.14287
 113.00000    4.14054
 113.50000    4.13822
 114.00000    4.13589
 114.50000    4.13356
 115.00000    4.13123
 115.50000    4.12891
 116.00000    4.12658
 116.50000    4.12425
 117.00000    4.12204
 117.50000    4.12006
 118.00000    4.11808
 118.50000    4.11610
 119.00000    4.11412
 119.50000    4.11214
 120.00000    4.11016
 120.50000    4.10818
 121.00000    4.10620
 121.50000    4.10426
 122.00000    4.10265
 122.50000    4.10105
 123.00000    4.09945
 123.50000    4.09785
 124.00000    4.09625
 124.50000    4.09465
 125.00000    4.09304
 125.50000    4.09144
 126.00000    4.08984
 126.50000    4.08857
 127.00000    4.08736
 127.50000    4.08615
 128.00000    4.08493
 128.50000    4.08372
 129.00000    4.08251
 129.50000    4.08130
 130.00000    4.08008
 130.50000    4.07887
 131.00000    4.07792
 131.50000    4.07715
 132.00000    4.07637
 132.50000    4.07559
 133.00000    4.07481
 133.50000    4.07403
 134.00000    4.07325
 134.50000    4.07247
 135.00000    4.07169
 135.50000    4.07108
 136.00000    4.07076
 136.50000    4.07043
 137.00000    4.07011
 137.50000    4.06978
 138.00000    4.06946
 138.50000    4.06913
 139.00000    4.06881
 139.50000    4.06848
 140.00000    4.06822
 140.50000    4.06837
 141.00000    4.06852
 141.50000    4.06867
 142.00000    4.06883
 142.50000    4.06898
 143.00000    4.06913
 143.50000    4.06928
 144.00000    4.06943
 144.50000    4.06958
 145.00000    4.07019
 145.50000    4.07085
 146.00000    4.07151
 146.50000    4.07217
 147.00000    4.07283
 147.50000    4.07349
 148.00000    4.07415
 148.50000    4.07481
 149.00000    4.07547
 149.50000    4.07646
 150.00000    4.07764
