   0.00000    1.78550
   0.50000    2.02206
   1.00000    2.25862
   1.50000    2.49518
   2.00000    2.73174
   2.50000    3.46358
   3.00000    3.47625
   3.50000    3.48892
   4.00000    3.50062
   4.50000    3.51181
   5.00000    3.52299
   5.50000    3.53284
   6.00000    3.54262
   6.50000    3.55207
   7.00000    3.56055
   7.50000    3.56903
   8.00000    3.57686
   8.50000    3.58416
   9.00000    3.59145
   9.50000    3.59790
  10.00000    3.60419
  10.50000    3.61036
  11.00000    3.61580
  11.50000    3.62125
  12.00000    3.62634
  12.50000    3.63101
  13.00000    3.63568
  13.50000    3.63992
  14.00000    3.64403
  14.50000    3.64811
  15.00000    3.65171
  15.50000    3.65530
  16.00000    3.65879
  16.50000    3.66209
  17.00000    3.66538
  17.50000    3.66856
  18.00000    3.67167
  18.50000    3.67478
  19.00000    3.67782
  19.50000    3.68086
  20.00000    3.68393
  20.50000    3.68708
  21.00000    3.69022
  21.50000    3.69350
  22.00000    3.69687
  22.50000    3.70024
  23.00000    3.70390
  23.50000    3.70761
  24.00000    3.71140
  24.50000    3.71562
  25.00000    3.71984
  25.50000    3.72438
  26.00000    3.72927
  26.50000    3.73416
  27.00000    3.73959
  27.50000    3.74518
  28.00000    3.75084
  28.50000    3.75740
  29.00000    3.76395
  29.50000    3.77089
  30.00000    3.77849
  30.50000    3.78608
  31.00000    3.79447
  31.50000    3.80325
  32.00000    3.81203
  32.50000    3.82210
  33.00000    3.83221
  33.50000    3.84272
  34.00000    3.85428
  34.50000    3.86583
  35.00000    3.87832
  35.50000    3.89151
  36.00000    3.90470
  36.50000    3.91937
  37.00000    3.93427
  37.50000    3.94948
  38.00000    3.96627
  38.50000    3.98305
  39.00000    4.00078
  39.50000    4.01956
  40.00000    4.03834
  40.50000    4.05870
  41.00000    4.07952
  41.50000    4.51265
  42.00000    4.51733
  42.50000    4.52202
  43.00000    4.52671
  43.50000    4.53139
  44.00000    4.53608
  44.50000    4.54076
  45.00000    4.54545
  45.50000    4.55014
  46.00000    4.55424
  46.50000    4.55831
  47.00000    4.56239
  47.50000    4.56646
  48.00000    4.57053
  48.50000    4.57460
  49.00000    4.57867
  49.50000    4.58274
  50.00000    4.58630
  50.50000    4.58975
  51.00000    4.59319
  51.50000    4.59663
  52.00000    4.60008
  52.50000    4.60352
  53.00000    4.60697
  53.50000    4.61041
  54.00000    4.61347
  54.50000    4.61635
  55.00000    4.61922
  55.50000    4.62210
  56.00000    4.62498
  56.50000    4.62786
  57.00000    4.63074
  57.50000    4.63362
  58.00000    4.63621
  58.50000    4.63857
  59.00000    4.64093
  59.50000    4.64329
  60.00000    4.64565
  60.50000    4.64802
  61.00000    4.65038
  61.50000    4.65274
  62.00000    4.65490
  62.50000    4.65678
  63.00000    4.65866
  63.50000    4.66054
  64.00000    4.66242
  64.50000    4.66431
  65.00000    4.66619
  65.50000    4.66807
  66.00000    4.66982
  66.50000    4.67126
  67.00000    4.67270
  67.50000    4.67414
  68.00000    4.67558
  68.50000    4.67702
  69.00000    4.67846
  69.50000    4.67990
  70.00000    4.68127
  70.50000    4.68233
  71.00000    4.68339
  71.50000    4.68445
  72.00000    4.68550
  72.50000    4.68656
  73.00000    4.68762
  73.50000    4.68868
  74.00000    4.68972
  74.50000    4.69042
  75.00000    4.69113
  75.50000    4.69183
  76.00000    4.69253
  76.50000    4.69323
  77.00000    4.69393
  77.50000    4.69463
  78.00000    4.69533
  78.50000    4.69577
  79.00000    4.69617
  79.50000    4.69658
  80.00000    4.69698
  80.50000    4.69739
  81.00000    4.69780
  81.50000    4.69820
  82.00000    4.69861
  82.50000    4.69882
  83.00000    4.69898
  83.50000    4.69914
  84.00000    4.69930
  84.50000    4.69946
  85.00000    4.69962
  85.50000    4.69978
  86.00000    4.69994
  86.50000    4.69996
  87.00000    4.69990
  87.50000    4.69984
  88.00000    4.69978
  88.50000    4.69971
  89.00000    4.69965
  89.50000    4.69959
  90.00000    4.69953
  90.50000    4.69939
  91.00000    4.69917
  91.50000    4.69894
  92.00000    4.69872
  92.50000    4.69850
  93.00000    4.69828
  93.50000    4.69806
  94.00000    4.69784
  94.50000    4.69757
  95.00000    4.69722
  95.50000    4.69688
  96.00000    4.69654
  96.50000    4.69619
  97.00000    4.69585
  97.50000    4.69550
  98.00000    4.69516
  98.50000    4.69479
  99.00000    4.69433
  99.50000    4.69387
 100.00000    4.69342
 100.50000    4.69296
 101.00000    4.69251
 101.50000    4.69205
 102.00000    4.69160
 102.50000    4.69113
 103.00000    4.69058
 103.50000    4.69003
 104.00000    4.68947
 104.50000    4.68892
 105.00000    4.68836
 105.50000    4.68781
 106.00000    4.68726
 106.50000    4.68670
 107.00000    4.68605
 107.50000    4.68540
 108.00000    4.68475
 108.50000    4.68410
 109.00000    4.68345
 109.50000    4.68279
 110.00000    4.68214
 110.50000    4.68149
 111.00000    4.68079
 111.50000    4.68007
 112.00000    4.67936
 112.50000    4.67864
 113.00000    4.67793
 113.50000    4.67722
 114.00000    4.67650
 114.50000    4.67579
 115.00000    4.67502
 115.50000    4.67424
 116.00000    4.67345
 116.50000    4.67266
 117.00000    4.67187
 117.50000    4.67109
 118.00000    4.67030
 118.50000    4.66951
 119.00000    4.66870
 119.50000    4.66786
 120.00000    4.66702
 120.50000    4.66619
 121.00000    4.66535
 121.50000    4.66451
 122.00000    4.66368
 122.50000    4.66284
 123.00000    4.66199
 123.50000    4.66111
 124.00000    4.66024
 124.50000    4.65937
 125.00000    4.65849
 125.50000    4.65762
 126.00000    4.65675
 126.50000    4.65587
 127.00000    4.65498
 127.50000    4.65406
 128.00000    4.65314
 128.50000    4.65222
 129.00000    4.65129
 129.50000    4.65037
 130.00000    4.64945
 130.50000    4.64853
 131.00000    4.64760
 131.50000    4.64667
 132.00000    4.64573
 132.50000    4.64480
 133.00000    4.64386
 133.50000    4.64293
 134.00000    4.64199
 134.50000    4.64106
 135.00000    4.64012
 135.50000    4.63919
 136.00000    4.63825
 136.50000    4.63732
 137.00000    4.63638
 137.50000    4.63545
 138.00000    4.63451
 138.50000    4.63358
 139.00000    4.63264
 139.50000    4.63170
 140.00000    4.63075
 140.50000    4.62980
 141.00000    4.62886
 141.50000    4.62791
 142.00000    4.62696
 142.50000    4.62602
 143.00000    4.62507
 143.50000    4.62413
 144.00000    4.62320
 144.50000    4.62226
 145.00000    4.62133
 145.50000    4.62039
 146.00000    4.61946
 146.50000    4.61852
 147.00000    4.61759
 147.50000    4.61667
 148.00000    4.61576
 148.50000    4.61485
 149.00000    4.61394
 149.50000    4.61303
 150.00000    4.61212
