   0.00000    1.80800
   0.50000    2.02110
   1.00000    2.23419
   1.50000    2.44729
   2.00000    2.66038
   2.50000    3.44839
   3.00000    3.46249
   3.50000    3.47659
   4.00000    3.49018
   4.50000    3.50268
   5.00000    3.51517
   5.50000    3.52685
   6.00000    3.53775
   6.50000    3.54865
   7.00000    3.55854
   7.50000    3.56801
   8.00000    3.57749
   8.50000    3.58581
   9.00000    3.59400
   9.50000    3.60210
  10.00000    3.60915
  10.50000    3.61620
  11.00000    3.62297
  11.50000    3.62902
  12.00000    3.63508
  12.50000    3.64073
  13.00000    3.64593
  13.50000    3.65113
  14.00000    3.65586
  14.50000    3.66034
  15.00000    3.66483
  15.50000    3.66886
  16.00000    3.67282
  16.50000    3.67675
  17.00000    3.68031
  17.50000    3.68387
  18.00000    3.68737
  18.50000    3.69064
  19.00000    3.69392
  19.50000    3.69715
  20.00000    3.70032
  20.50000    3.70349
  21.00000    3.70666
  21.50000    3.70982
  22.00000    3.71299
  22.50000    3.71634
  23.00000    3.71972
  23.50000    3.72310
  24.00000    3.72677
  24.50000    3.73044
  25.00000    3.73420
  25.50000    3.73837
  26.00000    3.74253
  26.50000    3.74693
  27.00000    3.75170
  27.50000    3.75647
  28.00000    3.76169
  28.50000    3.76725
  29.00000    3.77280
  29.50000    3.77901
  30.00000    3.78542
  30.50000    3.79183
  31.00000    3.79930
  31.50000    3.80681
  32.00000    3.81450
  32.50000    3.82319
  33.00000    3.83188
  33.50000    3.84101
  34.00000    3.85102
  34.50000    3.86103
  35.00000    3.87185
  35.50000    3.88338
  36.00000    3.89492
  36.50000    3.90764
  37.00000    3.92082
  37.50000    3.93399
  38.00000    3.94877
  38.50000    3.96369
  39.00000    3.97882
  39.50000    3.99569
  40.00000    4.01257
  40.50000    4.03007
  41.00000    4.04901
  41.50000    4.06795
  42.00000    4.08792
  42.50000    4.10897
  43.00000    4.13001
  43.50000    4.50919
  44.00000    4.51417
  44.50000    4.51914
  45.00000    4.52411
  45.50000    4.52909
  46.00000    4.53406
  46.50000    4.53903
  47.00000    4.54401
  47.50000    4.54861
  48.00000    4.55301
  48.50000    4.55742
  49.00000    4.56182
  49.50000    4.56622
  50.00000    4.57062
  50.50000    4.57502
  51.00000    4.57942
  51.50000    4.58347
  52.00000    4.58727
  52.50000    4.59108
  53.00000    4.59488
  53.50000    4.59869
  54.00000    4.60249
  54.50000    4.60629
  55.00000    4.61010
  55.50000    4.61360
  56.00000    4.61686
  56.50000    4.62012
  57.00000    4.62337
  57.50000    4.62663
  58.00000    4.62989
  58.50000    4.63315
  59.00000    4.63640
  59.50000    4.63939
  60.00000    4.64213
  60.50000    4.64486
  61.00000    4.64760
  61.50000    4.65034
  62.00000    4.65307
  62.50000    4.65581
  63.00000    4.65854
  63.50000    4.66105
  64.00000    4.66330
  64.50000    4.66555
  65.00000    4.66780
  65.50000    4.67005
  66.00000    4.67230
  66.50000    4.67455
  67.00000    4.67680
  67.50000    4.67886
  68.00000    4.68065
  68.50000    4.68244
  69.00000    4.68423
  69.50000    4.68602
  70.00000    4.68781
  70.50000    4.68960
  71.00000    4.69139
  71.50000    4.69302
  72.00000    4.69441
  72.50000    4.69579
  73.00000    4.69717
  73.50000    4.69855
  74.00000    4.69993
  74.50000    4.70131
  75.00000    4.70269
  75.50000    4.70394
  76.00000    4.70493
  76.50000    4.70592
  77.00000    4.70692
  77.50000    4.70791
  78.00000    4.70891
  78.50000    4.70990
  79.00000    4.71090
  79.50000    4.71179
  80.00000    4.71244
  80.50000    4.71308
  81.00000    4.71373
  81.50000    4.71438
  82.00000    4.71502
  82.50000    4.71567
  83.00000    4.71632
  83.50000    4.71688
  84.00000    4.71720
  84.50000    4.71753
  85.00000    4.71785
  85.50000    4.71817
  86.00000    4.71850
  86.50000    4.71882
  87.00000    4.71914
  87.50000    4.71941
  88.00000    4.71946
  88.50000    4.71951
  89.00000    4.71956
  89.50000    4.71961
  90.00000    4.71966
  90.50000    4.71971
  91.00000    4.71976
  91.50000    4.71977
  92.00000    4.71955
  92.50000    4.71934
  93.00000    4.71913
  93.50000    4.71892
  94.00000    4.71871
  94.50000    4.71850
  95.00000    4.71829
  95.50000    4.71805
  96.00000    4.71763
  96.50000    4.71720
  97.00000    4.71678
  97.50000    4.71636
  98.00000    4.71594
  98.50000    4.71551
  99.00000    4.71509
  99.50000    4.71465
 100.00000    4.71403
 100.50000    4.71341
 101.00000    4.71279
 101.50000    4.71216
 102.00000    4.71154
 102.50000    4.71092
 103.00000    4.71030
 103.50000    4.70967
 104.00000    4.70888
 104.50000    4.70808
 105.00000    4.70728
 105.50000    4.70649
 106.00000    4.70569
 106.50000    4.70490
 107.00000    4.70410
 107.50000    4.70331
 108.00000    4.70237
 108.50000    4.70144
 109.00000    4.70051
 109.50000    4.69958
 110.00000    4.69864
 110.50000    4.69771
 111.00000    4.69678
 111.50000    4.69585
 112.00000    4.69478
 112.50000    4.69372
 113.00000    4.69265
 113.50000    4.69158
 114.00000    4.69051
 114.50000    4.68944
 115.00000    4.68837
 115.50000    4.68730
 116.00000    4.68614
 116.50000    4.68497
 117.00000    4.68380
 117.50000    4.68264
 118.00000    4.68147
 118.50000    4.68030
 119.00000    4.67913
 119.50000    4.67796
 120.00000    4.67672
 120.50000    4.67546
 121.00000    4.67421
 121.50000    4.67295
 122.00000    4.67169
 122.50000    4.67044
 123.00000    4.66918
 123.50000    4.66793
 124.00000    4.66662
 124.50000    4.66530
 125.00000    4.66398
 125.50000    4.66267
 126.00000    4.66135
 126.50000    4.66003
 127.00000    4.65871
 127.50000    4.65740
 128.00000    4.65606
 128.50000    4.65471
 129.00000    4.65337
 129.50000    4.65203
 130.00000    4.65069
 130.50000    4.64934
 131.00000    4.64800
 131.50000    4.64666
 132.00000    4.64530
 132.50000    4.64393
 133.00000    4.64256
 133.50000    4.64119
 134.00000    4.63983
 134.50000    4.63846
 135.00000    4.63709
 135.50000    4.63572
 136.00000    4.63436
 136.50000    4.63299
 137.00000    4.63162
 137.50000    4.63025
 138.00000    4.62888
 138.50000    4.62752
 139.00000    4.62615
 139.50000    4.62478
 140.00000    4.62344
 140.50000    4.62211
 141.00000    4.62078
 141.50000    4.61945
 142.00000    4.61812
 142.50000    4.61679
 143.00000    4.61546
 143.50000    4.61413
 144.00000    4.61283
 144.50000    4.61155
 145.00000    4.61027
 145.50000    4.60899
 146.00000    4.60770
 146.50000    4.60642
 147.00000    4.60514
 147.50000    4.60386
 148.00000    4.60262
 148.50000    4.60142
 149.00000    4.60021
 149.50000    4.59901
 150.00000    4.59780
