   0.00000    1.38220
   0.50000    3.27305
   1.00000    3.29083
   1.50000    3.30733
   2.00000    3.32315
   2.50000    3.33742
   3.00000    3.35134
   3.50000    3.36351
   4.00000    3.37543
   4.50000    3.38603
   5.00000    3.39620
   5.50000    3.40533
   6.00000    3.41387
   6.50000    3.42170
   7.00000    3.42886
   7.50000    3.43560
   8.00000    3.44154
   8.50000    3.44725
   9.00000    3.45219
   9.50000    3.45702
  10.00000    3.46126
  10.50000    3.46536
  11.00000    3.46906
  11.50000    3.47259
  12.00000    3.47591
  12.50000    3.47910
  13.00000    3.48220
  13.50000    3.48522
  14.00000    3.48821
  14.50000    3.49134
  15.00000    3.49451
  15.50000    3.49782
  16.00000    3.50124
  16.50000    3.50499
  17.00000    3.50895
  17.50000    3.51324
  18.00000    3.51790
  18.50000    3.52284
  19.00000    3.52840
  19.50000    3.53422
  20.00000    3.54093
  20.50000    3.54781
  21.00000    3.55581
  21.50000    3.56403
  22.00000    3.57327
  22.50000    3.58305
  23.00000    3.59381
  23.50000    3.60538
  24.00000    3.61772
  24.50000    3.63123
  25.00000    3.64531
  25.50000    3.66101
  26.00000    3.67705
  26.50000    3.69503
  27.00000    4.23909
  27.50000    4.24102
  28.00000    4.24294
  28.50000    4.24487
  29.00000    4.24680
  29.50000    4.24872
  30.00000    4.25065
  30.50000    4.25258
  31.00000    4.25450
  31.50000    4.25628
  32.00000    4.25765
  32.50000    4.25903
  33.00000    4.26040
  33.50000    4.26178
  34.00000    4.26315
  34.50000    4.26453
  35.00000    4.26590
  35.50000    4.26728
  36.00000    4.26845
  36.50000    4.26933
  37.00000    4.27021
  37.50000    4.27109
  38.00000    4.27197
  38.50000    4.27285
  39.00000    4.27372
  39.50000    4.27460
  40.00000    4.27548
  40.50000    4.27613
  41.00000    4.27657
  41.50000    4.27701
  42.00000    4.27745
  42.50000    4.27789
  43.00000    4.27833
  43.50000    4.27877
  44.00000    4.27921
  44.50000    4.27965
  45.00000    4.27986
  45.50000    4.27995
  46.00000    4.28004
  46.50000    4.28013
  47.00000    4.28022
  47.50000    4.28031
  48.00000    4.28040
  48.50000    4.28049
  49.00000    4.28058
  49.50000    4.28043
  50.00000    4.28022
  50.50000    4.28001
  51.00000    4.27979
  51.50000    4.27958
  52.00000    4.27936
  52.50000    4.27915
  53.00000    4.27894
  53.50000    4.27872
  54.00000    4.27831
  54.50000    4.27787
  55.00000    4.27743
  55.50000    4.27699
  56.00000    4.27655
  56.50000    4.27611
  57.00000    4.27567
  57.50000    4.27523
  58.00000    4.27479
  58.50000    4.27418
  59.00000    4.27357
  59.50000    4.27296
  60.00000    4.27235
  60.50000    4.27174
  61.00000    4.27114
  61.50000    4.27053
  62.00000    4.26992
  62.50000    4.26930
  63.00000    4.26860
  63.50000    4.26790
  64.00000    4.26720
  64.50000    4.26650
  65.00000    4.26581
  65.50000    4.26511
  66.00000    4.26441
  66.50000    4.26371
  67.00000    4.26300
  67.50000    4.26227
  68.00000    4.26154
  68.50000    4.26081
  69.00000    4.26007
  69.50000    4.25934
  70.00000    4.25861
  70.50000    4.25788
  71.00000    4.25714
  71.50000    4.25642
  72.00000    4.25573
  72.50000    4.25503
  73.00000    4.25433
  73.50000    4.25363
  74.00000    4.25293
  74.50000    4.25223
  75.00000    4.25153
  75.50000    4.25084
  76.00000    4.25019
  76.50000    4.24959
  77.00000    4.24900
  77.50000    4.24840
  78.00000    4.24780
  78.50000    4.24720
  79.00000    4.24661
  79.50000    4.24601
  80.00000    4.24541
  80.50000    4.24493
  81.00000    4.24452
  81.50000    4.24410
  82.00000    4.24368
  82.50000    4.24326
  83.00000    4.24285
  83.50000    4.24243
  84.00000    4.24201
  84.50000    4.24160
  85.00000    4.24134
  85.50000    4.24114
  86.00000    4.24094
  86.50000    4.24074
  87.00000    4.24053
  87.50000    4.24033
  88.00000    4.24013
  88.50000    4.23992
  89.00000    4.23972
  89.50000    4.23972
  90.00000    4.23974
  90.50000    4.23977
  91.00000    4.23979
  91.50000    4.23981
  92.00000    4.23983
  92.50000    4.23986
  93.00000    4.23988
  93.50000    4.23990
  94.00000    4.24014
  94.50000    4.24038
  95.00000    4.24061
  95.50000    4.24085
  96.00000    4.24109
  96.50000    4.24132
  97.00000    4.24156
  97.50000    4.24180
  98.00000    4.24206
  98.50000    4.24248
  99.00000    4.24289
  99.50000    4.24331
 100.00000    4.24373
 100.50000    4.24414
 101.00000    4.24456
 101.50000    4.24498
 102.00000    4.24539
 102.50000    4.24585
 103.00000    4.24644
 103.50000    4.24703
 104.00000    4.24761
 104.50000    4.24820
 105.00000    4.24878
 105.50000    4.24937
 106.00000    4.24996
 106.50000    4.25054
 107.00000    4.25119
 107.50000    4.25193
 108.00000    4.25268
 108.50000    4.25342
 109.00000    4.25416
 109.50000    4.25491
 110.00000    4.25565
 110.50000    4.25639
 111.00000    4.25714
 111.50000    4.25796
 112.00000    4.25885
 112.50000    4.25974
 113.00000    4.26063
 113.50000    4.26152
 114.00000    4.26241
 114.50000    4.26330
 115.00000    4.26419
 115.50000    4.26508
 116.00000    4.26604
 116.50000    4.26704
 117.00000    4.26805
 117.50000    4.26905
 118.00000    4.27005
 118.50000    4.27105
 119.00000    4.27206
 119.50000    4.27306
 120.00000    4.27406
 120.50000    4.27516
 121.00000    4.27629
 121.50000    4.27741
 122.00000    4.27854
 122.50000    4.27967
 123.00000    4.28079
 123.50000    4.28192
 124.00000    4.28304
 124.50000    4.28417
 125.00000    4.28537
 125.50000    4.28657
 126.00000    4.28778
 126.50000    4.28898
 127.00000    4.29019
 127.50000    4.29140
 128.00000    4.29260
 128.50000    4.29381
 129.00000    4.29501
 129.50000    4.29630
 130.00000    4.29758
 130.50000    4.29887
 131.00000    4.30015
 131.50000    4.30143
 132.00000    4.30272
 132.50000    4.30400
 133.00000    4.30529
 133.50000    4.30658
 134.00000    4.30792
 134.50000    4.30926
 135.00000    4.31060
 135.50000    4.31194
 136.00000    4.31328
 136.50000    4.31463
 137.00000    4.31597
 137.50000    4.31731
 138.00000    4.31866
 138.50000    4.32005
 139.00000    4.32143
 139.50000    4.32282
 140.00000    4.32420
 140.50000    4.32559
 141.00000    4.32697
 141.50000    4.32836
 142.00000    4.32975
 142.50000    4.33115
 143.00000    4.33256
 143.50000    4.33398
 144.00000    4.33540
 144.50000    4.33682
 145.00000    4.33824
 145.50000    4.33966
 146.00000    4.34108
 146.50000    4.34250
 147.00000    4.34392
 147.50000    4.34534
 148.00000    4.34676
 148.50000    4.34818
 149.00000    4.34960
 149.50000    4.35102
 150.00000    4.35244
