   0.00000    1.41360
   0.50000    2.04783
   1.00000    3.02528
   1.50000    3.06448
   2.00000    3.10012
   2.50000    3.13439
   3.00000    3.16600
   3.50000    3.19544
   4.00000    3.22331
   4.50000    3.24839
   5.00000    3.27267
   5.50000    3.29389
   6.00000    3.31429
   6.50000    3.33268
   7.00000    3.34968
   7.50000    3.36546
   8.00000    3.37940
   8.50000    3.39278
   9.00000    3.40413
   9.50000    3.41505
  10.00000    3.42464
  10.50000    3.43349
  11.00000    3.44155
  11.50000    3.44867
  12.00000    3.45542
  12.50000    3.46130
  13.00000    3.46702
  13.50000    3.47218
  14.00000    3.47715
  14.50000    3.48186
  15.00000    3.48645
  15.50000    3.49099
  16.00000    3.49569
  16.50000    3.50047
  17.00000    3.50563
  17.50000    3.51104
  18.00000    3.51682
  18.50000    3.52322
  19.00000    3.52997
  19.50000    3.53780
  20.00000    3.54595
  20.50000    3.55543
  21.00000    3.56552
  21.50000    3.57681
  22.00000    3.58928
  22.50000    3.60262
  23.00000    3.61785
  23.50000    3.63365
  24.00000    3.65198
  24.50000    3.67112
  25.00000    3.69223
  25.50000    3.71499
  26.00000    3.73922
  26.50000    4.37336
  27.00000    4.37069
  27.50000    4.36802
  28.00000    4.36535
  28.50000    4.36268
  29.00000    4.36001
  29.50000    4.35734
  30.00000    4.35467
  30.50000    4.35200
  31.00000    4.34965
  31.50000    4.34735
  32.00000    4.34505
  32.50000    4.34275
  33.00000    4.34045
  33.50000    4.33815
  34.00000    4.33586
  34.50000    4.33356
  35.00000    4.33126
  35.50000    4.32927
  36.00000    4.32731
  36.50000    4.32535
  37.00000    4.32338
  37.50000    4.32142
  38.00000    4.31946
  38.50000    4.31750
  39.00000    4.31553
  39.50000    4.31358
  40.00000    4.31193
  40.50000    4.31028
  41.00000    4.30863
  41.50000    4.30698
  42.00000    4.30533
  42.50000    4.30368
  43.00000    4.30204
  43.50000    4.30039
  44.00000    4.29877
  44.50000    4.29742
  45.00000    4.29608
  45.50000    4.29473
  46.00000    4.29339
  46.50000    4.29204
  47.00000    4.29069
  47.50000    4.28935
  48.00000    4.28800
  48.50000    4.28670
  49.00000    4.28562
  49.50000    4.28453
  50.00000    4.28344
  50.50000    4.28235
  51.00000    4.28126
  51.50000    4.28018
  52.00000    4.27909
  52.50000    4.27800
  53.00000    4.27698
  53.50000    4.27614
  54.00000    4.27530
  54.50000    4.27446
  55.00000    4.27361
  55.50000    4.27277
  56.00000    4.27193
  56.50000    4.27109
  57.00000    4.27025
  57.50000    4.26948
  58.00000    4.26884
  58.50000    4.26820
  59.00000    4.26756
  59.50000    4.26692
  60.00000    4.26628
  60.50000    4.26564
  61.00000    4.26500
  61.50000    4.26436
  62.00000    4.26380
  62.50000    4.26334
  63.00000    4.26288
  63.50000    4.26242
  64.00000    4.26196
  64.50000    4.26150
  65.00000    4.26104
  65.50000    4.26058
  66.00000    4.26012
  66.50000    4.25974
  67.00000    4.25944
  67.50000    4.25914
  68.00000    4.25884
  68.50000    4.25853
  69.00000    4.25823
  69.50000    4.25793
  70.00000    4.25763
  70.50000    4.25732
  71.00000    4.25710
  71.50000    4.25693
  72.00000    4.25676
  72.50000    4.25660
  73.00000    4.25643
  73.50000    4.25626
  74.00000    4.25609
  74.50000    4.25592
  75.00000    4.25575
  75.50000    4.25565
  76.00000    4.25559
  76.50000    4.25552
  77.00000    4.25545
  77.50000    4.25539
  78.00000    4.25532
  78.50000    4.25525
  79.00000    4.25518
  79.50000    4.25512
  80.00000    4.25510
  80.50000    4.25510
  81.00000    4.25510
  81.50000    4.25510
  82.00000    4.25510
  82.50000    4.25510
  83.00000    4.25510
  83.50000    4.25510
  84.00000    4.25510
  84.50000    4.25514
  85.00000    4.25518
  85.50000    4.25523
  86.00000    4.25527
  86.50000    4.25532
  87.00000    4.25536
  87.50000    4.25541
  88.00000    4.25545
  88.50000    4.25550
  89.00000    4.25559
  89.50000    4.25569
  90.00000    4.25580
  90.50000    4.25590
  91.00000    4.25600
  91.50000    4.25610
  92.00000    4.25620
  92.50000    4.25630
  93.00000    4.25640
  93.50000    4.25656
  94.00000    4.25672
  94.50000    4.25687
  95.00000    4.25703
  95.50000    4.25719
  96.00000    4.25734
  96.50000    4.25750
  97.00000    4.25766
  97.50000    4.25782
  98.00000    4.25803
  98.50000    4.25825
  99.00000    4.25846
  99.50000    4.25867
 100.00000    4.25889
 100.50000    4.25910
 101.00000    4.25931
 101.50000    4.25952
 102.00000    4.25975
 102.50000    4.26003
 103.00000    4.26031
 103.50000    4.26059
 104.00000    4.26087
 104.50000    4.26115
 105.00000    4.26143
 105.50000    4.26171
 106.00000    4.26199
 106.50000    4.26229
 107.00000    4.26262
 107.50000    4.26296
 108.00000    4.26330
 108.50000    4.26363
 109.00000    4.26397
 109.50000    4.26431
 110.00000    4.26464
 110.50000    4.26498
 111.00000    4.26534
 111.50000    4.26576
 112.00000    4.26617
 112.50000    4.26659
 113.00000    4.26700
 113.50000    4.26742
 114.00000    4.26783
 114.50000    4.26825
 115.00000    4.26866
 115.50000    4.26910
 116.00000    4.26959
 116.50000    4.27007
 117.00000    4.27055
 117.50000    4.27103
 118.00000    4.27152
 118.50000    4.27200
 119.00000    4.27248
 119.50000    4.27296
 120.00000    4.27349
 120.50000    4.27406
 121.00000    4.27463
 121.50000    4.27521
 122.00000    4.27578
 122.50000    4.27635
 123.00000    4.27692
 123.50000    4.27749
 124.00000    4.27807
 124.50000    4.27868
 125.00000    4.27933
 125.50000    4.27998
 126.00000    4.28063
 126.50000    4.28129
 127.00000    4.28194
 127.50000    4.28259
 128.00000    4.28324
 128.50000    4.28389
 129.00000    4.28459
 129.50000    4.28532
 130.00000    4.28605
 130.50000    4.28678
 131.00000    4.28751
 131.50000    4.28824
 132.00000    4.28896
 132.50000    4.28969
 133.00000    4.29042
 133.50000    4.29123
 134.00000    4.29206
 134.50000    4.29289
 135.00000    4.29372
 135.50000    4.29455
 136.00000    4.29538
 136.50000    4.29621
 137.00000    4.29704
 137.50000    4.29787
 138.00000    4.29878
 138.50000    4.29971
 139.00000    4.30064
 139.50000    4.30157
 140.00000    4.30250
 140.50000    4.30343
 141.00000    4.30437
 141.50000    4.30530
 142.00000    4.30623
 142.50000    4.30724
 143.00000    4.30826
 143.50000    4.30928
 144.00000    4.31030
 144.50000    4.31132
 145.00000    4.31234
 145.50000    4.31336
 146.00000    4.31438
 146.50000    4.31540
 147.00000    4.31654
 147.50000    4.31767
 148.00000    4.31880
 148.50000    4.31994
 149.00000    4.32107
 149.50000    4.32220
 150.00000    4.32333
