   0.00000    1.56400
   0.50000    1.87791
   1.00000    2.19182
   1.50000    2.50573
   2.00000    3.32379
   2.50000    3.33972
   3.00000    3.35565
   3.50000    3.37158
   4.00000    3.38608
   4.50000    3.40057
   5.00000    3.41506
   5.50000    3.42834
   6.00000    3.44142
   6.50000    3.45450
   7.00000    3.46662
   7.50000    3.47839
   8.00000    3.49016
   8.50000    3.50123
   9.00000    3.51185
   9.50000    3.52247
  10.00000    3.53255
  10.50000    3.54205
  11.00000    3.55155
  11.50000    3.56073
  12.00000    3.56934
  12.50000    3.57794
  13.00000    3.58635
  13.50000    3.59409
  14.00000    3.60183
  14.50000    3.60949
  15.00000    3.61650
  15.50000    3.62350
  16.00000    3.63051
  16.50000    3.63692
  17.00000    3.64332
  17.50000    3.64971
  18.00000    3.65570
  18.50000    3.66162
  19.00000    3.66754
  19.50000    3.67320
  20.00000    3.67877
  20.50000    3.68433
  21.00000    3.68973
  21.50000    3.69500
  22.00000    3.70028
  22.50000    3.70551
  23.00000    3.71069
  23.50000    3.71588
  24.00000    3.72103
  24.50000    3.72615
  25.00000    3.73127
  25.50000    3.73641
  26.00000    3.74162
  26.50000    3.74683
  27.00000    3.75206
  27.50000    3.75747
  28.00000    3.76287
  28.50000    3.76828
  29.00000    3.77402
  29.50000    3.77978
  30.00000    3.78554
  30.50000    3.79164
  31.00000    3.79781
  31.50000    3.80398
  32.00000    3.81056
  32.50000    3.81731
  33.00000    3.82406
  33.50000    3.83120
  34.00000    3.83862
  34.50000    3.84604
  35.00000    3.85380
  35.50000    3.86199
  36.00000    3.87018
  36.50000    3.87867
  37.00000    3.88778
  37.50000    3.89690
  38.00000    3.90621
  38.50000    3.91632
  39.00000    3.92642
  39.50000    3.93661
  40.00000    3.94787
  40.50000    3.95913
  41.00000    3.97039
  41.50000    3.98282
  42.00000    3.99533
  42.50000    4.00783
  43.00000    4.02144
  43.50000    4.03529
  44.00000    4.04914
  44.50000    4.06403
  45.00000    4.07938
  45.50000    4.09473
  46.00000    4.11093
  46.50000    4.12779
  47.00000    4.14464
  47.50000    4.57453
  48.00000    4.57621
  48.50000    4.57788
  49.00000    4.57955
  49.50000    4.58122
  50.00000    4.58290
  50.50000    4.58457
  51.00000    4.58624
  51.50000    4.58763
  52.00000    4.58883
  52.50000    4.59003
  53.00000    4.59123
  53.50000    4.59243
  54.00000    4.59363
  54.50000    4.59483
  55.00000    4.59603
  55.50000    4.59690
  56.00000    4.59768
  56.50000    4.59846
  57.00000    4.59924
  57.50000    4.60002
  58.00000    4.60080
  58.50000    4.60158
  59.00000    4.60236
  59.50000    4.60279
  60.00000    4.60319
  60.50000    4.60360
  61.00000    4.60401
  61.50000    4.60442
  62.00000    4.60483
  62.50000    4.60524
  63.00000    4.60561
  63.50000    4.60570
  64.00000    4.60579
  64.50000    4.60588
  65.00000    4.60597
  65.50000    4.60606
  66.00000    4.60615
  66.50000    4.60624
  67.00000    4.60625
  67.50000    4.60605
  68.00000    4.60586
  68.50000    4.60567
  69.00000    4.60548
  69.50000    4.60529
  70.00000    4.60510
  70.50000    4.60491
  71.00000    4.60462
  71.50000    4.60421
  72.00000    4.60380
  72.50000    4.60339
  73.00000    4.60298
  73.50000    4.60257
  74.00000    4.60217
  74.50000    4.60176
  75.00000    4.60124
  75.50000    4.60065
  76.00000    4.60006
  76.50000    4.59948
  77.00000    4.59889
  77.50000    4.59830
  78.00000    4.59771
  78.50000    4.59713
  79.00000    4.59644
  79.50000    4.59572
  80.00000    4.59501
  80.50000    4.59429
  81.00000    4.59358
  81.50000    4.59286
  82.00000    4.59215
  82.50000    4.59143
  83.00000    4.59063
  83.50000    4.58983
  84.00000    4.58902
  84.50000    4.58822
  85.00000    4.58742
  85.50000    4.58661
  86.00000    4.58581
  86.50000    4.58500
  87.00000    4.58418
  87.50000    4.58337
  88.00000    4.58255
  88.50000    4.58173
  89.00000    4.58091
  89.50000    4.58010
  90.00000    4.57928
  90.50000    4.57847
  91.00000    4.57766
  91.50000    4.57686
  92.00000    4.57605
  92.50000    4.57525
  93.00000    4.57444
  93.50000    4.57364
  94.00000    4.57284
  94.50000    4.57207
  95.00000    4.57134
  95.50000    4.57061
  96.00000    4.56988
  96.50000    4.56916
  97.00000    4.56843
  97.50000    4.56770
  98.00000    4.56697
  98.50000    4.56631
  99.00000    4.56568
  99.50000    4.56506
 100.00000    4.56443
 100.50000    4.56381
 101.00000    4.56318
 101.50000    4.56255
 102.00000    4.56193
 102.50000    4.56139
 103.00000    4.56088
 103.50000    4.56037
 104.00000    4.55986
 104.50000    4.55935
 105.00000    4.55884
 105.50000    4.55833
 106.00000    4.55782
 106.50000    4.55741
 107.00000    4.55700
 107.50000    4.55659
 108.00000    4.55618
 108.50000    4.55577
 109.00000    4.55536
 109.50000    4.55496
 110.00000    4.55456
 110.50000    4.55425
 111.00000    4.55395
 111.50000    4.55364
 112.00000    4.55333
 112.50000    4.55303
 113.00000    4.55272
 113.50000    4.55241
 114.00000    4.55213
 114.50000    4.55192
 115.00000    4.55170
 115.50000    4.55148
 116.00000    4.55127
 116.50000    4.55105
 117.00000    4.55083
 117.50000    4.55062
 118.00000    4.55043
 118.50000    4.55028
 119.00000    4.55012
 119.50000    4.54997
 120.00000    4.54982
 120.50000    4.54966
 121.00000    4.54951
 121.50000    4.54936
 122.00000    4.54926
 122.50000    4.54920
 123.00000    4.54913
 123.50000    4.54907
 124.00000    4.54900
 124.50000    4.54894
 125.00000    4.54888
 125.50000    4.54881
 126.00000    4.54880
 126.50000    4.54880
 127.00000    4.54880
 127.50000    4.54880
 128.00000    4.54880
 128.50000    4.54880
 129.00000    4.54880
 129.50000    4.54880
 130.00000    4.54885
 130.50000    4.54890
 131.00000    4.54895
 131.50000    4.54900
 132.00000    4.54905
 132.50000    4.54911
 133.00000    4.54916
 133.50000    4.54921
 134.00000    4.54932
 134.50000    4.54942
 135.00000    4.54952
 135.50000    4.54962
 136.00000    4.54973
 136.50000    4.54983
 137.00000    4.54993
 137.50000    4.55004
 138.00000    4.55018
 138.50000    4.55032
 139.00000    4.55046
 139.50000    4.55061
 140.00000    4.55075
 140.50000    4.55089
 141.00000    4.55103
 141.50000    4.55119
 142.00000    4.55136
 142.50000    4.55154
 143.00000    4.55172
 143.50000    4.55190
 144.00000    4.55208
 144.50000    4.55226
 145.00000    4.55244
 145.50000    4.55263
 146.00000    4.55284
 146.50000    4.55304
 147.00000    4.55324
 147.50000    4.55345
 148.00000    4.55365
 148.50000    4.55386
 149.00000    4.55406
 149.50000    4.55428
 150.00000    4.55449
