   0.00000    1.18990
   0.50000    3.10930
   1.00000    3.13893
   1.50000    3.16733
   2.00000    3.19366
   2.50000    3.21830
   3.00000    3.24138
   3.50000    3.26243
   4.00000    3.28249
   4.50000    3.30028
   5.00000    3.31758
   5.50000    3.33241
   6.00000    3.34690
   6.50000    3.35938
   7.00000    3.37131
   7.50000    3.38175
   8.00000    3.39141
   8.50000    3.40000
   9.00000    3.40774
   9.50000    3.41482
  10.00000    3.42093
  10.50000    3.42666
  11.00000    3.43149
  11.50000    3.43618
  12.00000    3.44001
  12.50000    3.44375
  13.00000    3.44700
  13.50000    3.45012
  14.00000    3.45298
  14.50000    3.45580
  15.00000    3.45855
  15.50000    3.46141
  16.00000    3.46433
  16.50000    3.46750
  17.00000    3.47074
  17.50000    3.47453
  18.00000    3.47843
  18.50000    3.48319
  19.00000    3.48817
  19.50000    3.49396
  20.00000    3.50024
  20.50000    3.50738
  21.00000    3.51536
  21.50000    3.52411
  22.00000    3.53407
  22.50000    3.54461
  23.00000    3.55679
  23.50000    3.56933
  24.00000    3.58418
  24.50000    3.59940
  25.00000    3.61680
  25.50000    3.63497
  26.00000    3.65519
  26.50000    3.67661
  27.00000    3.69969
  27.50000    4.34857
  28.00000    4.34781
  28.50000    4.34706
  29.00000    4.34630
  29.50000    4.34554
  30.00000    4.34479
  30.50000    4.34403
  31.00000    4.34328
  31.50000    4.34252
  32.00000    4.34175
  32.50000    4.34097
  33.00000    4.34019
  33.50000    4.33941
  34.00000    4.33863
  34.50000    4.33785
  35.00000    4.33708
  35.50000    4.33630
  36.00000    4.33552
  36.50000    4.33471
  37.00000    4.33390
  37.50000    4.33308
  38.00000    4.33227
  38.50000    4.33146
  39.00000    4.33065
  39.50000    4.32983
  40.00000    4.32902
  40.50000    4.32821
  41.00000    4.32740
  41.50000    4.32658
  42.00000    4.32577
  42.50000    4.32496
  43.00000    4.32415
  43.50000    4.32333
  44.00000    4.32252
  44.50000    4.32171
  45.00000    4.32089
  45.50000    4.32006
  46.00000    4.31922
  46.50000    4.31839
  47.00000    4.31755
  47.50000    4.31672
  48.00000    4.31588
  48.50000    4.31505
  49.00000    4.31421
  49.50000    4.31338
  50.00000    4.31256
  50.50000    4.31173
  51.00000    4.31091
  51.50000    4.31008
  52.00000    4.30926
  52.50000    4.30844
  53.00000    4.30761
  53.50000    4.30679
  54.00000    4.30597
  54.50000    4.30516
  55.00000    4.30434
  55.50000    4.30353
  56.00000    4.30272
  56.50000    4.30191
  57.00000    4.30109
  57.50000    4.30028
  58.00000    4.29947
  58.50000    4.29866
  59.00000    4.29786
  59.50000    4.29706
  60.00000    4.29626
  60.50000    4.29546
  61.00000    4.29466
  61.50000    4.29386
  62.00000    4.29305
  62.50000    4.29225
  63.00000    4.29147
  63.50000    4.29071
  64.00000    4.28994
  64.50000    4.28917
  65.00000    4.28841
  65.50000    4.28764
  66.00000    4.28687
  66.50000    4.28610
  67.00000    4.28534
  67.50000    4.28460
  68.00000    4.28386
  68.50000    4.28313
  69.00000    4.28240
  69.50000    4.28166
  70.00000    4.28093
  70.50000    4.28019
  71.00000    4.27946
  71.50000    4.27873
  72.00000    4.27803
  72.50000    4.27733
  73.00000    4.27663
  73.50000    4.27593
  74.00000    4.27523
  74.50000    4.27453
  75.00000    4.27383
  75.50000    4.27313
  76.00000    4.27243
  76.50000    4.27179
  77.00000    4.27115
  77.50000    4.27050
  78.00000    4.26986
  78.50000    4.26922
  79.00000    4.26857
  79.50000    4.26793
  80.00000    4.26729
  80.50000    4.26666
  81.00000    4.26606
  81.50000    4.26546
  82.00000    4.26486
  82.50000    4.26426
  83.00000    4.26366
  83.50000    4.26307
  84.00000    4.26247
  84.50000    4.26187
  85.00000    4.26130
  85.50000    4.26077
  86.00000    4.26024
  86.50000    4.25971
  87.00000    4.25918
  87.50000    4.25865
  88.00000    4.25812
  88.50000    4.25759
  89.00000    4.25705
  89.50000    4.25657
  90.00000    4.25611
  90.50000    4.25566
  91.00000    4.25521
  91.50000    4.25476
  92.00000    4.25431
  92.50000    4.25386
  93.00000    4.25341
  93.50000    4.25295
  94.00000    4.25255
  94.50000    4.25218
  95.00000    4.25181
  95.50000    4.25144
  96.00000    4.25106
  96.50000    4.25069
  97.00000    4.25032
  97.50000    4.24995
  98.00000    4.24958
  98.50000    4.24927
  99.00000    4.24899
  99.50000    4.24871
 100.00000    4.24843
 100.50000    4.24815
 101.00000    4.24786
 101.50000    4.24758
 102.00000    4.24730
 102.50000    4.24702
 103.00000    4.24683
 103.50000    4.24665
 104.00000    4.24647
 104.50000    4.24629
 105.00000    4.24611
 105.50000    4.24593
 106.00000    4.24575
 106.50000    4.24557
 107.00000    4.24539
 107.50000    4.24531
 108.00000    4.24524
 108.50000    4.24516
 109.00000    4.24508
 109.50000    4.24500
 110.00000    4.24492
 110.50000    4.24484
 111.00000    4.24476
 111.50000    4.24471
 112.00000    4.24474
 112.50000    4.24478
 113.00000    4.24481
 113.50000    4.24484
 114.00000    4.24488
 114.50000    4.24491
 115.00000    4.24494
 115.50000    4.24498
 116.00000    4.24506
 116.50000    4.24523
 117.00000    4.24540
 117.50000    4.24557
 118.00000    4.24574
 118.50000    4.24591
 119.00000    4.24608
 119.50000    4.24625
 120.00000    4.24641
 120.50000    4.24664
 121.00000    4.24692
 121.50000    4.24720
 122.00000    4.24749
 122.50000    4.24777
 123.00000    4.24805
 123.50000    4.24833
 124.00000    4.24861
 124.50000    4.24890
 125.00000    4.24928
 125.50000    4.24972
 126.00000    4.25016
 126.50000    4.25060
 127.00000    4.25104
 127.50000    4.25148
 128.00000    4.25192
 128.50000    4.25236
 129.00000    4.25280
 129.50000    4.25334
 130.00000    4.25392
 130.50000    4.25450
 131.00000    4.25507
 131.50000    4.25565
 132.00000    4.25622
 132.50000    4.25680
 133.00000    4.25737
 133.50000    4.25795
 134.00000    4.25867
 134.50000    4.25940
 135.00000    4.26014
 135.50000    4.26087
 136.00000    4.26160
 136.50000    4.26234
 137.00000    4.26307
 137.50000    4.26380
 138.00000    4.26455
 138.50000    4.26545
 139.00000    4.26635
 139.50000    4.26726
 140.00000    4.26816
 140.50000    4.26906
 141.00000    4.26996
 141.50000    4.27087
 142.00000    4.27177
 142.50000    4.27270
 143.00000    4.27378
 143.50000    4.27485
 144.00000    4.27592
 144.50000    4.27699
 145.00000    4.27806
 145.50000    4.27914
 146.00000    4.28021
 146.50000    4.28128
 147.00000    4.28242
 147.50000    4.28368
 148.00000    4.28495
 148.50000    4.28621
 149.00000    4.28747
 149.50000    4.28874
 150.00000    4.29000
