   0.00000    1.25780
   0.50000    3.33383
   1.00000    3.34660
   1.50000    3.35867
   2.00000    3.36991
   2.50000    3.38086
   3.00000    3.39055
   3.50000    3.40024
   4.00000    3.40868
   4.50000    3.41701
   5.00000    3.42454
   5.50000    3.43163
   6.00000    3.43828
   6.50000    3.44418
   7.00000    3.44999
   7.50000    3.45492
   8.00000    3.45985
   8.50000    3.46402
   9.00000    3.46803
   9.50000    3.47164
  10.00000    3.47495
  10.50000    3.47805
  11.00000    3.48064
  11.50000    3.48324
  12.00000    3.48539
  12.50000    3.48755
  13.00000    3.48938
  13.50000    3.49110
  14.00000    3.49271
  14.50000    3.49421
  15.00000    3.49568
  15.50000    3.49704
  16.00000    3.49841
  16.50000    3.49973
  17.00000    3.50106
  17.50000    3.50249
  18.00000    3.50399
  18.50000    3.50558
  19.00000    3.50729
  19.50000    3.50905
  20.00000    3.51112
  20.50000    3.51319
  21.00000    3.51571
  21.50000    3.51831
  22.00000    3.52127
  22.50000    3.52448
  23.00000    3.52793
  23.50000    3.53189
  24.00000    3.53589
  24.50000    3.54074
  25.00000    3.54558
  25.50000    3.55117
  26.00000    3.55699
  26.50000    3.56337
  27.00000    3.57033
  27.50000    3.57758
  28.00000    3.58582
  28.50000    3.59405
  29.00000    3.60359
  29.50000    3.61319
  30.00000    3.62382
  30.50000    3.63492
  31.00000    3.64670
  31.50000    3.65943
  32.00000    3.67240
  32.50000    3.68680
  33.00000    3.70120
  33.50000    4.26948
  34.00000    4.27163
  34.50000    4.27378
  35.00000    4.27593
  35.50000    4.27808
  36.00000    4.28023
  36.50000    4.28238
  37.00000    4.28453
  37.50000    4.28646
  38.00000    4.28792
  38.50000    4.28938
  39.00000    4.29084
  39.50000    4.29230
  40.00000    4.29376
  40.50000    4.29522
  41.00000    4.29668
  41.50000    4.29814
  42.00000    4.29912
  42.50000    4.29995
  43.00000    4.30078
  43.50000    4.30161
  44.00000    4.30244
  44.50000    4.30327
  45.00000    4.30410
  45.50000    4.30493
  46.00000    4.30565
  46.50000    4.30592
  47.00000    4.30619
  47.50000    4.30646
  48.00000    4.30673
  48.50000    4.30700
  49.00000    4.30726
  49.50000    4.30753
  50.00000    4.30780
  50.50000    4.30776
  51.00000    4.30754
  51.50000    4.30732
  52.00000    4.30709
  52.50000    4.30687
  53.00000    4.30665
  53.50000    4.30643
  54.00000    4.30621
  54.50000    4.30596
  55.00000    4.30532
  55.50000    4.30469
  56.00000    4.30406
  56.50000    4.30343
  57.00000    4.30280
  57.50000    4.30217
  58.00000    4.30154
  58.50000    4.30091
  59.00000    4.30011
  59.50000    4.29914
  60.00000    4.29817
  60.50000    4.29720
  61.00000    4.29623
  61.50000    4.29526
  62.00000    4.29429
  62.50000    4.29332
  63.00000    4.29235
  63.50000    4.29114
  64.00000    4.28991
  64.50000    4.28868
  65.00000    4.28746
  65.50000    4.28623
  66.00000    4.28500
  66.50000    4.28378
  67.00000    4.28255
  67.50000    4.28125
  68.00000    4.27984
  68.50000    4.27843
  69.00000    4.27701
  69.50000    4.27560
  70.00000    4.27418
  70.50000    4.27277
  71.00000    4.27136
  71.50000    4.26994
  72.00000    4.26844
  72.50000    4.26693
  73.00000    4.26541
  73.50000    4.26389
  74.00000    4.26237
  74.50000    4.26085
  75.00000    4.25933
  75.50000    4.25781
  76.00000    4.25628
  76.50000    4.25472
  77.00000    4.25315
  77.50000    4.25159
  78.00000    4.25002
  78.50000    4.24846
  79.00000    4.24689
  79.50000    4.24533
  80.00000    4.24376
  80.50000    4.24223
  81.00000    4.24071
  81.50000    4.23919
  82.00000    4.23767
  82.50000    4.23616
  83.00000    4.23464
  83.50000    4.23312
  84.00000    4.23160
  84.50000    4.23010
  85.00000    4.22870
  85.50000    4.22729
  86.00000    4.22589
  86.50000    4.22449
  87.00000    4.22309
  87.50000    4.22169
  88.00000    4.22029
  88.50000    4.21888
  89.00000    4.21758
  89.50000    4.21636
  90.00000    4.21513
  90.50000    4.21391
  91.00000    4.21268
  91.50000    4.21145
  92.00000    4.21023
  92.50000    4.20900
  93.00000    4.20778
  93.50000    4.20675
  94.00000    4.20572
  94.50000    4.20469
  95.00000    4.20367
  95.50000    4.20264
  96.00000    4.20161
  96.50000    4.20058
  97.00000    4.19955
  97.50000    4.19861
  98.00000    4.19777
  98.50000    4.19693
  99.00000    4.19609
  99.50000    4.19525
 100.00000    4.19441
 100.50000    4.19357
 101.00000    4.19273
 101.50000    4.19188
 102.00000    4.19122
 102.50000    4.19058
 103.00000    4.18994
 103.50000    4.18929
 104.00000    4.18865
 104.50000    4.18801
 105.00000    4.18737
 105.50000    4.18672
 106.00000    4.18615
 106.50000    4.18572
 107.00000    4.18529
 107.50000    4.18486
 108.00000    4.18442
 108.50000    4.18399
 109.00000    4.18356
 109.50000    4.18313
 110.00000    4.18270
 110.50000    4.18242
 111.00000    4.18218
 111.50000    4.18195
 112.00000    4.18172
 112.50000    4.18148
 113.00000    4.18125
 113.50000    4.18102
 114.00000    4.18078
 114.50000    4.18059
 115.00000    4.18057
 115.50000    4.18055
 116.00000    4.18052
 116.50000    4.18050
 117.00000    4.18048
 117.50000    4.18045
 118.00000    4.18043
 118.50000    4.18041
 119.00000    4.18052
 119.50000    4.18071
 120.00000    4.18090
 120.50000    4.18108
 121.00000    4.18127
 121.50000    4.18146
 122.00000    4.18164
 122.50000    4.18183
 123.00000    4.18204
 123.50000    4.18245
 124.00000    4.18286
 124.50000    4.18327
 125.00000    4.18367
 125.50000    4.18408
 126.00000    4.18449
 126.50000    4.18490
 127.00000    4.18531
 127.50000    4.18583
 128.00000    4.18645
 128.50000    4.18707
 129.00000    4.18769
 129.50000    4.18831
 130.00000    4.18893
 130.50000    4.18955
 131.00000    4.19016
 131.50000    4.19078
 132.00000    4.19162
 132.50000    4.19246
 133.00000    4.19330
 133.50000    4.19414
 134.00000    4.19498
 134.50000    4.19582
 135.00000    4.19667
 135.50000    4.19751
 136.00000    4.19844
 136.50000    4.19950
 137.00000    4.20057
 137.50000    4.20163
 138.00000    4.20269
 138.50000    4.20375
 139.00000    4.20482
 139.50000    4.20588
 140.00000    4.20694
 140.50000    4.20819
 141.00000    4.20948
 141.50000    4.21076
 142.00000    4.21205
 142.50000    4.21334
 143.00000    4.21462
 143.50000    4.21591
 144.00000    4.21719
 144.50000    4.21855
 145.00000    4.22008
 145.50000    4.22161
 146.00000    4.22314
 146.50000    4.22467
 147.00000    4.22620
 147.50000    4.22773
 148.00000    4.22926
 148.50000    4.23079
 149.00000    4.23248
 149.50000    4.23423
 150.00000    4.23598
