   0.00000    1.57690
   0.50000    1.89269
   1.00000    2.20848
   1.50000    2.52427
   2.00000    3.44599
   2.50000    3.45815
   3.00000    3.47031
   3.50000    3.48143
   4.00000    3.49229
   4.50000    3.50315
   5.00000    3.51298
   5.50000    3.52257
   6.00000    3.53216
   6.50000    3.54080
   7.00000    3.54922
   7.50000    3.55763
   8.00000    3.56518
   8.50000    3.57253
   9.00000    3.57988
   9.50000    3.58646
  10.00000    3.59287
  10.50000    3.59929
  11.00000    3.60501
  11.50000    3.61059
  12.00000    3.61617
  12.50000    3.62113
  13.00000    3.62598
  13.50000    3.63082
  14.00000    3.63513
  14.50000    3.63934
  15.00000    3.64355
  15.50000    3.64733
  16.00000    3.65104
  16.50000    3.65475
  17.00000    3.65809
  17.50000    3.66136
  18.00000    3.66463
  18.50000    3.66765
  19.00000    3.67062
  19.50000    3.67360
  20.00000    3.67639
  20.50000    3.67917
  21.00000    3.68194
  21.50000    3.68465
  22.00000    3.68736
  22.50000    3.69007
  23.00000    3.69277
  23.50000    3.69548
  24.00000    3.69818
  24.50000    3.70098
  25.00000    3.70378
  25.50000    3.70659
  26.00000    3.70960
  26.50000    3.71264
  27.00000    3.71568
  27.50000    3.71905
  28.00000    3.72246
  28.50000    3.72586
  29.00000    3.72966
  29.50000    3.73350
  30.00000    3.73734
  30.50000    3.74167
  31.00000    3.74605
  31.50000    3.75042
  32.00000    3.75541
  32.50000    3.76045
  33.00000    3.76550
  33.50000    3.77125
  34.00000    3.77706
  34.50000    3.78287
  35.00000    3.78949
  35.50000    3.79617
  36.00000    3.80285
  36.50000    3.81043
  37.00000    3.81808
  37.50000    3.82573
  38.00000    3.83441
  38.50000    3.84317
  39.00000    3.85192
  39.50000    3.86180
  40.00000    3.87176
  40.50000    3.88171
  41.00000    3.89287
  41.50000    3.90410
  42.00000    3.91532
  42.50000    3.92792
  43.00000    3.94058
  43.50000    3.95324
  44.00000    3.96728
  44.50000    3.98138
  45.00000    3.99547
  45.50000    4.34903
  46.00000    4.34556
  46.50000    4.34209
  47.00000    4.33861
  47.50000    4.33514
  48.00000    4.33167
  48.50000    4.32820
  49.00000    4.32474
  49.50000    4.32184
  50.00000    4.31895
  50.50000    4.31606
  51.00000    4.31316
  51.50000    4.31027
  52.00000    4.30737
  52.50000    4.30448
  53.00000    4.30163
  53.50000    4.29929
  54.00000    4.29695
  54.50000    4.29461
  55.00000    4.29227
  55.50000    4.28993
  56.00000    4.28759
  56.50000    4.28525
  57.00000    4.28297
  57.50000    4.28116
  58.00000    4.27935
  58.50000    4.27754
  59.00000    4.27572
  59.50000    4.27391
  60.00000    4.27210
  60.50000    4.27029
  61.00000    4.26857
  61.50000    4.26726
  62.00000    4.26595
  62.50000    4.26464
  63.00000    4.26333
  63.50000    4.26202
  64.00000    4.26072
  64.50000    4.25941
  65.00000    4.25820
  65.50000    4.25735
  66.00000    4.25649
  66.50000    4.25564
  67.00000    4.25478
  67.50000    4.25393
  68.00000    4.25307
  68.50000    4.25221
  69.00000    4.25148
  69.50000    4.25105
  70.00000    4.25062
  70.50000    4.25020
  71.00000    4.24977
  71.50000    4.24934
  72.00000    4.24891
  72.50000    4.24848
  73.00000    4.24819
  73.50000    4.24817
  74.00000    4.24814
  74.50000    4.24812
  75.00000    4.24809
  75.50000    4.24807
  76.00000    4.24804
  76.50000    4.24802
  77.00000    4.24813
  77.50000    4.24847
  78.00000    4.24881
  78.50000    4.24915
  79.00000    4.24949
  79.50000    4.24983
  80.00000    4.25017
  80.50000    4.25051
  81.00000    4.25099
  81.50000    4.25164
  82.00000    4.25230
  82.50000    4.25295
  83.00000    4.25360
  83.50000    4.25426
  84.00000    4.25491
  84.50000    4.25557
  85.00000    4.25637
  85.50000    4.25734
  86.00000    4.25831
  86.50000    4.25928
  87.00000    4.26025
  87.50000    4.26122
  88.00000    4.26219
  88.50000    4.26316
  89.00000    4.26426
  89.50000    4.26548
  90.00000    4.26670
  90.50000    4.26792
  91.00000    4.26914
  91.50000    4.27036
  92.00000    4.27158
  92.50000    4.27280
  93.00000    4.27417
  93.50000    4.27563
  94.00000    4.27709
  94.50000    4.27855
  95.00000    4.28001
  95.50000    4.28146
  96.00000    4.28292
  96.50000    4.28438
  97.00000    4.28597
  97.50000    4.28761
  98.00000    4.28926
  98.50000    4.29091
  99.00000    4.29256
  99.50000    4.29421
 100.00000    4.29585
 100.50000    4.29750
 101.00000    4.29927
 101.50000    4.30110
 102.00000    4.30292
 102.50000    4.30475
 103.00000    4.30657
 103.50000    4.30840
 104.00000    4.31022
 104.50000    4.31204
 105.00000    4.31397
 105.50000    4.31593
 106.00000    4.31790
 106.50000    4.31986
 107.00000    4.32182
 107.50000    4.32379
 108.00000    4.32575
 108.50000    4.32771
 109.00000    4.32978
 109.50000    4.33186
 110.00000    4.33395
 110.50000    4.33604
 111.00000    4.33813
 111.50000    4.34022
 112.00000    4.34231
 112.50000    4.34440
 113.00000    4.34656
 113.50000    4.34874
 114.00000    4.35091
 114.50000    4.35309
 115.00000    4.35527
 115.50000    4.35744
 116.00000    4.35962
 116.50000    4.36180
 117.00000    4.36403
 117.50000    4.36627
 118.00000    4.36851
 118.50000    4.37075
 119.00000    4.37299
 119.50000    4.37523
 120.00000    4.37747
 120.50000    4.37971
 121.00000    4.38198
 121.50000    4.38426
 122.00000    4.38654
 122.50000    4.38881
 123.00000    4.39109
 123.50000    4.39337
 124.00000    4.39565
 124.50000    4.39792
 125.00000    4.40020
 125.50000    4.40248
 126.00000    4.40475
 126.50000    4.40703
 127.00000    4.40931
 127.50000    4.41159
 128.00000    4.41386
 128.50000    4.41614
 129.00000    4.41841
 129.50000    4.42067
 130.00000    4.42293
 130.50000    4.42520
 131.00000    4.42746
 131.50000    4.42973
 132.00000    4.43199
 132.50000    4.43425
 133.00000    4.43647
 133.50000    4.43868
 134.00000    4.44090
 134.50000    4.44311
 135.00000    4.44532
 135.50000    4.44754
 136.00000    4.44975
 136.50000    4.45196
 137.00000    4.45409
 137.50000    4.45623
 138.00000    4.45837
 138.50000    4.46051
 139.00000    4.46265
 139.50000    4.46479
 140.00000    4.46693
 140.50000    4.46904
 141.00000    4.47108
 141.50000    4.47312
 142.00000    4.47516
 142.50000    4.47720
 143.00000    4.47924
 143.50000    4.48127
 144.00000    4.48331
 144.50000    4.48532
 145.00000    4.48725
 145.50000    4.48917
 146.00000    4.49110
 146.50000    4.49302
 147.00000    4.49495
 147.50000    4.49687
 148.00000    4.49880
 148.50000    4.50067
 149.00000    4.50243
 149.50000    4.50419
 150.00000    4.50596
