   0.00000    1.38330
   0.50000    1.75864
   1.00000    2.13398
   1.50000    2.50932
   2.00000    3.27264
   2.50000    3.28729
   3.00000    3.30195
   3.50000    3.31660
   4.00000    3.33042
   4.50000    3.34418
   5.00000    3.35795
   5.50000    3.37126
   6.00000    3.38420
   6.50000    3.39715
   7.00000    3.40996
   7.50000    3.42207
   8.00000    3.43419
   8.50000    3.44631
   9.00000    3.45786
   9.50000    3.46924
  10.00000    3.48062
  10.50000    3.49174
  11.00000    3.50244
  11.50000    3.51314
  12.00000    3.52385
  12.50000    3.53394
  13.00000    3.54402
  13.50000    3.55410
  14.00000    3.56385
  14.50000    3.57338
  15.00000    3.58290
  15.50000    3.59232
  16.00000    3.60134
  16.50000    3.61036
  17.00000    3.61938
  17.50000    3.62805
  18.00000    3.63663
  18.50000    3.64521
  19.00000    3.65364
  19.50000    3.66186
  20.00000    3.67009
  20.50000    3.67830
  21.00000    3.68618
  21.50000    3.69405
  22.00000    3.70192
  22.50000    3.70966
  23.00000    3.71732
  23.50000    3.72499
  24.00000    3.73260
  24.50000    3.74003
  25.00000    3.74746
  25.50000    3.75489
  26.00000    3.76224
  26.50000    3.76958
  27.00000    3.77692
  27.50000    3.78421
  28.00000    3.79143
  28.50000    3.79866
  29.00000    3.80588
  29.50000    3.81313
  30.00000    3.82039
  30.50000    3.82764
  31.00000    3.83491
  31.50000    3.84219
  32.00000    3.84947
  32.50000    3.85679
  33.00000    3.86419
  33.50000    3.87159
  34.00000    3.87899
  34.50000    3.88655
  35.00000    3.89412
  35.50000    3.90170
  36.00000    3.90938
  36.50000    3.91716
  37.00000    3.92495
  37.50000    3.93276
  38.00000    3.94087
  38.50000    3.94898
  39.00000    3.95709
  39.50000    3.96545
  40.00000    3.97391
  40.50000    3.98237
  41.00000    3.99096
  41.50000    3.99984
  42.00000    4.00871
  42.50000    4.01759
  43.00000    4.02690
  43.50000    4.03624
  44.00000    4.04559
  44.50000    4.05524
  45.00000    4.06514
  45.50000    4.07505
  46.00000    4.08504
  46.50000    4.09554
  47.00000    4.10603
  47.50000    4.11653
  48.00000    4.12751
  48.50000    4.13866
  49.00000    4.14980
  49.50000    4.16118
  50.00000    4.17297
  50.50000    4.18477
  51.00000    4.19656
  51.50000    4.46718
  52.00000    4.47375
  52.50000    4.48032
  53.00000    4.48689
  53.50000    4.49346
  54.00000    4.50003
  54.50000    4.50660
  55.00000    4.51317
  55.50000    4.51973
  56.00000    4.52630
  56.50000    4.53163
  57.00000    4.53642
  57.50000    4.54121
  58.00000    4.54600
  58.50000    4.55079
  59.00000    4.55558
  59.50000    4.56036
  60.00000    4.56515
  60.50000    4.56994
  61.00000    4.57473
  61.50000    4.57884
  62.00000    4.58202
  62.50000    4.58521
  63.00000    4.58839
  63.50000    4.59157
  64.00000    4.59475
  64.50000    4.59794
  65.00000    4.60112
  65.50000    4.60430
  66.00000    4.60748
  66.50000    4.61047
  67.00000    4.61228
  67.50000    4.61409
  68.00000    4.61590
  68.50000    4.61771
  69.00000    4.61952
  69.50000    4.62133
  70.00000    4.62314
  70.50000    4.62495
  71.00000    4.62676
  71.50000    4.62857
  72.00000    4.62938
  72.50000    4.63004
  73.00000    4.63070
  73.50000    4.63136
  74.00000    4.63202
  74.50000    4.63269
  75.00000    4.63335
  75.50000    4.63401
  76.00000    4.63467
  76.50000    4.63533
  77.00000    4.63545
  77.50000    4.63520
  78.00000    4.63494
  78.50000    4.63469
  79.00000    4.63444
  79.50000    4.63418
  80.00000    4.63393
  80.50000    4.63368
  81.00000    4.63342
  81.50000    4.63317
  82.00000    4.63269
  82.50000    4.63174
  83.00000    4.63079
  83.50000    4.62983
  84.00000    4.62888
  84.50000    4.62792
  85.00000    4.62697
  85.50000    4.62602
  86.00000    4.62506
  86.50000    4.62411
  87.00000    4.62313
  87.50000    4.62171
  88.00000    4.62029
  88.50000    4.61887
  89.00000    4.61745
  89.50000    4.61603
  90.00000    4.61461
  90.50000    4.61319
  91.00000    4.61177
  91.50000    4.61034
  92.00000    4.60892
  92.50000    4.60732
  93.00000    4.60567
  93.50000    4.60401
  94.00000    4.60236
  94.50000    4.60070
  95.00000    4.59905
  95.50000    4.59739
  96.00000    4.59574
  96.50000    4.59409
  97.00000    4.59243
  97.50000    4.59077
  98.00000    4.58911
  98.50000    4.58744
  99.00000    4.58578
  99.50000    4.58412
 100.00000    4.58245
 100.50000    4.58079
 101.00000    4.57912
 101.50000    4.57746
 102.00000    4.57579
 102.50000    4.57416
 103.00000    4.57262
 103.50000    4.57108
 104.00000    4.56955
 104.50000    4.56801
 105.00000    4.56647
 105.50000    4.56493
 106.00000    4.56339
 106.50000    4.56186
 107.00000    4.56032
 107.50000    4.55878
 108.00000    4.55737
 108.50000    4.55597
 109.00000    4.55457
 109.50000    4.55317
 110.00000    4.55176
 110.50000    4.55036
 111.00000    4.54896
 111.50000    4.54756
 112.00000    4.54616
 112.50000    4.54476
 113.00000    4.54345
 113.50000    4.54220
 114.00000    4.54094
 114.50000    4.53969
 115.00000    4.53843
 115.50000    4.53718
 116.00000    4.53592
 116.50000    4.53467
 117.00000    4.53341
 117.50000    4.53216
 118.00000    4.53095
 118.50000    4.52984
 119.00000    4.52872
 119.50000    4.52760
 120.00000    4.52648
 120.50000    4.52536
 121.00000    4.52424
 121.50000    4.52312
 122.00000    4.52200
 122.50000    4.52088
 123.00000    4.51978
 123.50000    4.51881
 124.00000    4.51783
 124.50000    4.51686
 125.00000    4.51589
 125.50000    4.51491
 126.00000    4.51394
 126.50000    4.51297
 127.00000    4.51199
 127.50000    4.51102
 128.00000    4.51005
 128.50000    4.50919
 129.00000    4.50835
 129.50000    4.50752
 130.00000    4.50668
 130.50000    4.50584
 131.00000    4.50500
 131.50000    4.50417
 132.00000    4.50333
 132.50000    4.50249
 133.00000    4.50166
 133.50000    4.50090
 134.00000    4.50021
 134.50000    4.49952
 135.00000    4.49883
 135.50000    4.49814
 136.00000    4.49745
 136.50000    4.49676
 137.00000    4.49607
 137.50000    4.49537
 138.00000    4.49468
 138.50000    4.49403
 139.00000    4.49348
 139.50000    4.49292
 140.00000    4.49237
 140.50000    4.49181
 141.00000    4.49126
 141.50000    4.49071
 142.00000    4.49015
 142.50000    4.48960
 143.00000    4.48904
 143.50000    4.48849
 144.00000    4.48808
 144.50000    4.48767
 145.00000    4.48726
 145.50000    4.48685
 146.00000    4.48645
 146.50000    4.48604
 147.00000    4.48563
 147.50000    4.48522
 148.00000    4.48481
 148.50000    4.48440
 149.00000    4.48410
 149.50000    4.48384
 150.00000    4.48358
