   0.00000    1.31790
   0.50000    1.59509
   1.00000    1.87229
   1.50000    2.14948
   2.00000    2.42668
   2.50000    3.32200
   3.00000    3.34024
   3.50000    3.35848
   4.00000    3.37525
   4.50000    3.39149
   5.00000    3.40773
   5.50000    3.42207
   6.00000    3.43639
   6.50000    3.45029
   7.00000    3.46283
   7.50000    3.47536
   8.00000    3.48711
   8.50000    3.49801
   9.00000    3.50891
   9.50000    3.51873
  10.00000    3.52814
  10.50000    3.53755
  11.00000    3.54562
  11.50000    3.55365
  12.00000    3.56142
  12.50000    3.56829
  13.00000    3.57515
  13.50000    3.58152
  14.00000    3.58734
  14.50000    3.59315
  15.00000    3.59829
  15.50000    3.60316
  16.00000    3.60802
  16.50000    3.61219
  17.00000    3.61633
  17.50000    3.62035
  18.00000    3.62391
  18.50000    3.62747
  19.00000    3.63080
  19.50000    3.63385
  20.00000    3.63690
  20.50000    3.63975
  21.00000    3.64251
  21.50000    3.64527
  22.00000    3.64783
  22.50000    3.65037
  23.00000    3.65292
  23.50000    3.65550
  24.00000    3.65808
  24.50000    3.66071
  25.00000    3.66340
  25.50000    3.66609
  26.00000    3.66895
  26.50000    3.67189
  27.00000    3.67484
  27.50000    3.67819
  28.00000    3.68157
  28.50000    3.68505
  29.00000    3.68898
  29.50000    3.69290
  30.00000    3.69715
  30.50000    3.70180
  31.00000    3.70645
  31.50000    3.71167
  32.00000    3.71716
  32.50000    3.72264
  33.00000    3.72911
  33.50000    3.73565
  34.00000    3.74239
  34.50000    3.75002
  35.00000    3.75765
  35.50000    3.76586
  36.00000    3.77483
  36.50000    3.78381
  37.00000    3.79377
  37.50000    3.80419
  38.00000    3.81462
  38.50000    3.82653
  39.00000    3.83855
  39.50000    3.85088
  40.00000    3.86461
  40.50000    3.87834
  41.00000    3.89284
  41.50000    3.90839
  42.00000    3.92394
  42.50000    4.30431
  43.00000    4.30194
  43.50000    4.29957
  44.00000    4.29720
  44.50000    4.29483
  45.00000    4.29245
  45.50000    4.29008
  46.00000    4.28771
  46.50000    4.28556
  47.00000    4.28359
  47.50000    4.28161
  48.00000    4.27963
  48.50000    4.27766
  49.00000    4.27568
  49.50000    4.27370
  50.00000    4.27173
  50.50000    4.26993
  51.00000    4.26832
  51.50000    4.26672
  52.00000    4.26511
  52.50000    4.26350
  53.00000    4.26190
  53.50000    4.26029
  54.00000    4.25869
  54.50000    4.25722
  55.00000    4.25597
  55.50000    4.25472
  56.00000    4.25347
  56.50000    4.25223
  57.00000    4.25098
  57.50000    4.24973
  58.00000    4.24848
  58.50000    4.24734
  59.00000    4.24645
  59.50000    4.24556
  60.00000    4.24467
  60.50000    4.24378
  61.00000    4.24289
  61.50000    4.24200
  62.00000    4.24111
  62.50000    4.24029
  63.00000    4.23972
  63.50000    4.23915
  64.00000    4.23858
  64.50000    4.23801
  65.00000    4.23745
  65.50000    4.23688
  66.00000    4.23631
  66.50000    4.23577
  67.00000    4.23550
  67.50000    4.23523
  68.00000    4.23496
  68.50000    4.23468
  69.00000    4.23441
  69.50000    4.23414
  70.00000    4.23387
  70.50000    4.23360
  71.00000    4.23362
  71.50000    4.23365
  72.00000    4.23367
  72.50000    4.23370
  73.00000    4.23372
  73.50000    4.23375
  74.00000    4.23377
  74.50000    4.23380
  75.00000    4.23406
  75.50000    4.23434
  76.00000    4.23463
  76.50000    4.23491
  77.00000    4.23520
  77.50000    4.23548
  78.00000    4.23577
  78.50000    4.23605
  79.00000    4.23655
  79.50000    4.23709
  80.00000    4.23763
  80.50000    4.23818
  81.00000    4.23872
  81.50000    4.23926
  82.00000    4.23981
  82.50000    4.24035
  83.00000    4.24106
  83.50000    4.24182
  84.00000    4.24259
  84.50000    4.24336
  85.00000    4.24412
  85.50000    4.24489
  86.00000    4.24565
  86.50000    4.24642
  87.00000    4.24732
  87.50000    4.24829
  88.00000    4.24927
  88.50000    4.25025
  89.00000    4.25122
  89.50000    4.25220
  90.00000    4.25317
  90.50000    4.25415
  91.00000    4.25523
  91.50000    4.25639
  92.00000    4.25755
  92.50000    4.25871
  93.00000    4.25987
  93.50000    4.26103
  94.00000    4.26219
  94.50000    4.26336
  95.00000    4.26460
  95.50000    4.26595
  96.00000    4.26729
  96.50000    4.26864
  97.00000    4.26999
  97.50000    4.27133
  98.00000    4.27268
  98.50000    4.27403
  99.00000    4.27543
  99.50000    4.27692
 100.00000    4.27842
 100.50000    4.27991
 101.00000    4.28141
 101.50000    4.28290
 102.00000    4.28440
 102.50000    4.28589
 103.00000    4.28742
 103.50000    4.28904
 104.00000    4.29065
 104.50000    4.29227
 105.00000    4.29389
 105.50000    4.29551
 106.00000    4.29713
 106.50000    4.29875
 107.00000    4.30038
 107.50000    4.30211
 108.00000    4.30384
 108.50000    4.30557
 109.00000    4.30730
 109.50000    4.30903
 110.00000    4.31076
 110.50000    4.31249
 111.00000    4.31423
 111.50000    4.31606
 112.00000    4.31789
 112.50000    4.31971
 113.00000    4.32154
 113.50000    4.32337
 114.00000    4.32520
 114.50000    4.32703
 115.00000    4.32886
 115.50000    4.33074
 116.00000    4.33264
 116.50000    4.33453
 117.00000    4.33642
 117.50000    4.33831
 118.00000    4.34020
 118.50000    4.34209
 119.00000    4.34398
 119.50000    4.34591
 120.00000    4.34785
 120.50000    4.34979
 121.00000    4.35173
 121.50000    4.35367
 122.00000    4.35561
 122.50000    4.35755
 123.00000    4.35949
 123.50000    4.36146
 124.00000    4.36343
 124.50000    4.36541
 125.00000    4.36739
 125.50000    4.36936
 126.00000    4.37134
 126.50000    4.37332
 127.00000    4.37530
 127.50000    4.37727
 128.00000    4.37925
 128.50000    4.38123
 129.00000    4.38320
 129.50000    4.38518
 130.00000    4.38716
 130.50000    4.38913
 131.00000    4.39111
 131.50000    4.39308
 132.00000    4.39504
 132.50000    4.39701
 133.00000    4.39897
 133.50000    4.40093
 134.00000    4.40290
 134.50000    4.40486
 135.00000    4.40683
 135.50000    4.40878
 136.00000    4.41072
 136.50000    4.41266
 137.00000    4.41460
 137.50000    4.41654
 138.00000    4.41848
 138.50000    4.42042
 139.00000    4.42236
 139.50000    4.42427
 140.00000    4.42615
 140.50000    4.42803
 141.00000    4.42990
 141.50000    4.43178
 142.00000    4.43366
 142.50000    4.43554
 143.00000    4.43742
 143.50000    4.43927
 144.00000    4.44107
 144.50000    4.44288
 145.00000    4.44468
 145.50000    4.44649
 146.00000    4.44829
 146.50000    4.45009
 147.00000    4.45190
 147.50000    4.45368
 148.00000    4.45540
 148.50000    4.45712
 149.00000    4.45883
 149.50000    4.46055
 150.00000    4.46227
