   0.00000    1.14370
   0.50000    1.63823
   1.00000    2.13275
   1.50000    3.01618
   2.00000    3.05020
   2.50000    3.08367
   3.00000    3.11525
   3.50000    3.14649
   4.00000    3.17548
   4.50000    3.20437
   5.00000    3.23097
   5.50000    3.25757
   6.00000    3.28203
   6.50000    3.30638
   7.00000    3.32888
   7.50000    3.35108
   8.00000    3.37172
   8.50000    3.39192
   9.00000    3.41083
   9.50000    3.42915
  10.00000    3.44646
  10.50000    3.46306
  11.00000    3.47887
  11.50000    3.49389
  12.00000    3.50830
  12.50000    3.52184
  13.00000    3.53496
  13.50000    3.54721
  14.00000    3.55918
  14.50000    3.57023
  15.00000    3.58113
  15.50000    3.59113
  16.00000    3.60108
  16.50000    3.61013
  17.00000    3.61917
  17.50000    3.62747
  18.00000    3.63575
  18.50000    3.64348
  19.00000    3.65114
  19.50000    3.65838
  20.00000    3.66551
  20.50000    3.67238
  21.00000    3.67912
  21.50000    3.68572
  22.00000    3.69223
  22.50000    3.69866
  23.00000    3.70503
  23.50000    3.71143
  24.00000    3.71789
  24.50000    3.72438
  25.00000    3.73094
  25.50000    3.73757
  26.00000    3.74446
  26.50000    3.75142
  27.00000    3.75874
  27.50000    3.76609
  28.00000    3.77394
  28.50000    3.78179
  29.00000    3.79033
  29.50000    3.79890
  30.00000    3.80822
  30.50000    3.81765
  31.00000    3.82779
  31.50000    3.83813
  32.00000    4.19942
  32.50000    4.20840
  33.00000    4.21739
  33.50000    4.22638
  34.00000    4.23537
  34.50000    4.24436
  35.00000    4.25335
  35.50000    4.26233
  36.00000    4.27119
  36.50000    4.27827
  37.00000    4.28534
  37.50000    4.29242
  38.00000    4.29950
  38.50000    4.30658
  39.00000    4.31365
  39.50000    4.32073
  40.00000    4.32781
  40.50000    4.33410
  41.00000    4.33938
  41.50000    4.34467
  42.00000    4.34995
  42.50000    4.35523
  43.00000    4.36051
  43.50000    4.36579
  44.00000    4.37108
  44.50000    4.37636
  45.00000    4.38036
  45.50000    4.38404
  46.00000    4.38772
  46.50000    4.39141
  47.00000    4.39509
  47.50000    4.39877
  48.00000    4.40246
  48.50000    4.40614
  49.00000    4.40959
  49.50000    4.41187
  50.00000    4.41415
  50.50000    4.41643
  51.00000    4.41871
  51.50000    4.42100
  52.00000    4.42328
  52.50000    4.42556
  53.00000    4.42784
  53.50000    4.42948
  54.00000    4.43055
  54.50000    4.43163
  55.00000    4.43271
  55.50000    4.43379
  56.00000    4.43486
  56.50000    4.43594
  57.00000    4.43702
  57.50000    4.43809
  58.00000    4.43825
  58.50000    4.43831
  59.00000    4.43837
  59.50000    4.43843
  60.00000    4.43848
  60.50000    4.43854
  61.00000    4.43860
  61.50000    4.43866
  62.00000    4.43850
  62.50000    4.43774
  63.00000    4.43699
  63.50000    4.43624
  64.00000    4.43549
  64.50000    4.43473
  65.00000    4.43398
  65.50000    4.43323
  66.00000    4.43247
  66.50000    4.43133
  67.00000    4.42996
  67.50000    4.42860
  68.00000    4.42723
  68.50000    4.42586
  69.00000    4.42450
  69.50000    4.42313
  70.00000    4.42176
  70.50000    4.42040
  71.00000    4.41859
  71.50000    4.41678
  72.00000    4.41498
  72.50000    4.41317
  73.00000    4.41136
  73.50000    4.40955
  74.00000    4.40775
  74.50000    4.40594
  75.00000    4.40406
  75.50000    4.40204
  76.00000    4.40003
  76.50000    4.39801
  77.00000    4.39599
  77.50000    4.39398
  78.00000    4.39196
  78.50000    4.38995
  79.00000    4.38793
  79.50000    4.38588
  80.00000    4.38382
  80.50000    4.38176
  81.00000    4.37970
  81.50000    4.37764
  82.00000    4.37557
  82.50000    4.37351
  83.00000    4.37145
  83.50000    4.36941
  84.00000    4.36752
  84.50000    4.36563
  85.00000    4.36374
  85.50000    4.36186
  86.00000    4.35997
  86.50000    4.35808
  87.00000    4.35619
  87.50000    4.35430
  88.00000    4.35257
  88.50000    4.35100
  89.00000    4.34944
  89.50000    4.34788
  90.00000    4.34631
  90.50000    4.34475
  91.00000    4.34319
  91.50000    4.34162
  92.00000    4.34006
  92.50000    4.33877
  93.00000    4.33755
  93.50000    4.33632
  94.00000    4.33509
  94.50000    4.33386
  95.00000    4.33264
  95.50000    4.33141
  96.00000    4.33018
  96.50000    4.32902
  97.00000    4.32811
  97.50000    4.32721
  98.00000    4.32631
  98.50000    4.32540
  99.00000    4.32450
  99.50000    4.32360
 100.00000    4.32269
 100.50000    4.32179
 101.00000    4.32106
 101.50000    4.32047
 102.00000    4.31988
 102.50000    4.31929
 103.00000    4.31870
 103.50000    4.31811
 104.00000    4.31752
 104.50000    4.31693
 105.00000    4.31634
 105.50000    4.31602
 106.00000    4.31572
 106.50000    4.31542
 107.00000    4.31511
 107.50000    4.31481
 108.00000    4.31451
 108.50000    4.31421
 109.00000    4.31391
 109.50000    4.31369
 110.00000    4.31367
 110.50000    4.31365
 111.00000    4.31362
 111.50000    4.31360
 112.00000    4.31358
 112.50000    4.31355
 113.00000    4.31353
 113.50000    4.31351
 114.00000    4.31365
 114.50000    4.31387
 115.00000    4.31409
 115.50000    4.31431
 116.00000    4.31453
 116.50000    4.31475
 117.00000    4.31497
 117.50000    4.31519
 118.00000    4.31542
 118.50000    4.31588
 119.00000    4.31634
 119.50000    4.31681
 120.00000    4.31727
 120.50000    4.31773
 121.00000    4.31820
 121.50000    4.31866
 122.00000    4.31912
 122.50000    4.31967
 123.00000    4.32036
 123.50000    4.32104
 124.00000    4.32172
 124.50000    4.32241
 125.00000    4.32309
 125.50000    4.32377
 126.00000    4.32446
 126.50000    4.32514
 127.00000    4.32598
 127.50000    4.32688
 128.00000    4.32777
 128.50000    4.32866
 129.00000    4.32955
 129.50000    4.33044
 130.00000    4.33134
 130.50000    4.33223
 131.00000    4.33314
 131.50000    4.33421
 132.00000    4.33527
 132.50000    4.33634
 133.00000    4.33741
 133.50000    4.33847
 134.00000    4.33954
 134.50000    4.34060
 135.00000    4.34167
 135.50000    4.34282
 136.00000    4.34406
 136.50000    4.34530
 137.00000    4.34654
 137.50000    4.34778
 138.00000    4.34902
 138.50000    4.35026
 139.00000    4.35150
 139.50000    4.35274
 140.00000    4.35411
 140.50000    4.35550
 141.00000    4.35689
 141.50000    4.35828
 142.00000    4.35967
 142.50000    4.36106
 143.00000    4.36245
 143.50000    4.36384
 144.00000    4.36526
 144.50000    4.36679
 145.00000    4.36832
 145.50000    4.36985
 146.00000    4.37137
 146.50000    4.37290
 147.00000    4.37443
 147.50000    4.37596
 148.00000    4.37749
 148.50000    4.37908
 149.00000    4.38072
 149.50000    4.38235
 150.00000    4.38398
