   0.00000    1.21700
   0.50000    1.89171
   1.00000    3.18415
   1.50000    3.20777
   2.00000    3.22988
   2.50000    3.25101
   3.00000    3.27063
   3.50000    3.28926
   4.00000    3.30648
   4.50000    3.32276
   5.00000    3.33778
   5.50000    3.35197
   6.00000    3.36496
   6.50000    3.37715
   7.00000    3.38830
   7.50000    3.39873
   8.00000    3.40817
   8.50000    3.41691
   9.00000    3.42485
   9.50000    3.43224
  10.00000    3.43885
  10.50000    3.44489
  11.00000    3.45032
  11.50000    3.45531
  12.00000    3.45978
  12.50000    3.46388
  13.00000    3.46751
  13.50000    3.47081
  14.00000    3.47379
  14.50000    3.47653
  15.00000    3.47905
  15.50000    3.48140
  16.00000    3.48363
  16.50000    3.48578
  17.00000    3.48790
  17.50000    3.48999
  18.00000    3.49215
  18.50000    3.49435
  19.00000    3.49674
  19.50000    3.49929
  20.00000    3.50209
  20.50000    3.50509
  21.00000    3.50845
  21.50000    3.51209
  22.00000    3.51618
  22.50000    3.52063
  23.00000    3.52566
  23.50000    3.53115
  24.00000    3.53728
  24.50000    3.54392
  25.00000    3.55131
  25.50000    3.55930
  26.00000    3.56814
  26.50000    3.57768
  27.00000    3.58815
  27.50000    3.59939
  28.00000    3.61163
  28.50000    3.62472
  29.00000    3.63889
  29.50000    3.65397
  30.00000    4.39191
  30.50000    4.38693
  31.00000    4.38194
  31.50000    4.37696
  32.00000    4.37198
  32.50000    4.36700
  33.00000    4.36202
  33.50000    4.35704
  34.00000    4.35205
  34.50000    4.34763
  35.00000    4.34333
  35.50000    4.33904
  36.00000    4.33474
  36.50000    4.33045
  37.00000    4.32615
  37.50000    4.32186
  38.00000    4.31756
  38.50000    4.31332
  39.00000    4.30969
  39.50000    4.30606
  40.00000    4.30243
  40.50000    4.29880
  41.00000    4.29517
  41.50000    4.29154
  42.00000    4.28791
  42.50000    4.28428
  43.00000    4.28086
  43.50000    4.27786
  44.00000    4.27486
  44.50000    4.27186
  45.00000    4.26886
  45.50000    4.26586
  46.00000    4.26286
  46.50000    4.25986
  47.00000    4.25686
  47.50000    4.25420
  48.00000    4.25176
  48.50000    4.24933
  49.00000    4.24689
  49.50000    4.24445
  50.00000    4.24201
  50.50000    4.23957
  51.00000    4.23713
  51.50000    4.23469
  52.00000    4.23272
  52.50000    4.23082
  53.00000    4.22892
  53.50000    4.22702
  54.00000    4.22512
  54.50000    4.22322
  55.00000    4.22132
  55.50000    4.21942
  56.00000    4.21759
  56.50000    4.21615
  57.00000    4.21472
  57.50000    4.21329
  58.00000    4.21186
  58.50000    4.21043
  59.00000    4.20900
  59.50000    4.20756
  60.00000    4.20613
  60.50000    4.20488
  61.00000    4.20389
  61.50000    4.20289
  62.00000    4.20189
  62.50000    4.20090
  63.00000    4.19990
  63.50000    4.19891
  64.00000    4.19791
  64.50000    4.19691
  65.00000    4.19618
  65.50000    4.19556
  66.00000    4.19494
  66.50000    4.19432
  67.00000    4.19370
  67.50000    4.19308
  68.00000    4.19247
  68.50000    4.19185
  69.00000    4.19123
  69.50000    4.19093
  70.00000    4.19064
  70.50000    4.19035
  71.00000    4.19007
  71.50000    4.18978
  72.00000    4.18950
  72.50000    4.18921
  73.00000    4.18892
  73.50000    4.18870
  74.00000    4.18871
  74.50000    4.18873
  75.00000    4.18874
  75.50000    4.18875
  76.00000    4.18876
  76.50000    4.18877
  77.00000    4.18878
  77.50000    4.18879
  78.00000    4.18892
  78.50000    4.18916
  79.00000    4.18940
  79.50000    4.18964
  80.00000    4.18988
  80.50000    4.19012
  81.00000    4.19036
  81.50000    4.19060
  82.00000    4.19084
  82.50000    4.19123
  83.00000    4.19167
  83.50000    4.19210
  84.00000    4.19254
  84.50000    4.19297
  85.00000    4.19341
  85.50000    4.19384
  86.00000    4.19428
  86.50000    4.19472
  87.00000    4.19529
  87.50000    4.19586
  88.00000    4.19643
  88.50000    4.19701
  89.00000    4.19758
  89.50000    4.19815
  90.00000    4.19872
  90.50000    4.19930
  91.00000    4.19991
  91.50000    4.20062
  92.00000    4.20133
  92.50000    4.20204
  93.00000    4.20275
  93.50000    4.20346
  94.00000    4.20417
  94.50000    4.20488
  95.00000    4.20559
  95.50000    4.20636
  96.00000    4.20719
  96.50000    4.20801
  97.00000    4.20884
  97.50000    4.20966
  98.00000    4.21049
  98.50000    4.21131
  99.00000    4.21214
  99.50000    4.21296
 100.00000    4.21387
 100.50000    4.21480
 101.00000    4.21573
 101.50000    4.21665
 102.00000    4.21758
 102.50000    4.21851
 103.00000    4.21944
 103.50000    4.22037
 104.00000    4.22130
 104.50000    4.22232
 105.00000    4.22334
 105.50000    4.22436
 106.00000    4.22538
 106.50000    4.22640
 107.00000    4.22742
 107.50000    4.22844
 108.00000    4.22946
 108.50000    4.23050
 109.00000    4.23157
 109.50000    4.23265
 110.00000    4.23373
 110.50000    4.23480
 111.00000    4.23588
 111.50000    4.23696
 112.00000    4.23803
 112.50000    4.23911
 113.00000    4.24024
 113.50000    4.24139
 114.00000    4.24255
 114.50000    4.24371
 115.00000    4.24486
 115.50000    4.24602
 116.00000    4.24718
 116.50000    4.24833
 117.00000    4.24949
 117.50000    4.25068
 118.00000    4.25187
 118.50000    4.25306
 119.00000    4.25425
 119.50000    4.25544
 120.00000    4.25663
 120.50000    4.25782
 121.00000    4.25901
 121.50000    4.26021
 122.00000    4.26144
 122.50000    4.26266
 123.00000    4.26389
 123.50000    4.26511
 124.00000    4.26634
 124.50000    4.26756
 125.00000    4.26879
 125.50000    4.27001
 126.00000    4.27124
 126.50000    4.27248
 127.00000    4.27372
 127.50000    4.27496
 128.00000    4.27619
 128.50000    4.27743
 129.00000    4.27867
 129.50000    4.27990
 130.00000    4.28114
 130.50000    4.28239
 131.00000    4.28363
 131.50000    4.28488
 132.00000    4.28613
 132.50000    4.28738
 133.00000    4.28863
 133.50000    4.28988
 134.00000    4.29112
 134.50000    4.29237
 135.00000    4.29362
 135.50000    4.29487
 136.00000    4.29612
 136.50000    4.29737
 137.00000    4.29861
 137.50000    4.29986
 138.00000    4.30111
 138.50000    4.30236
 139.00000    4.30360
 139.50000    4.30481
 140.00000    4.30603
 140.50000    4.30724
 141.00000    4.30845
 141.50000    4.30967
 142.00000    4.31088
 142.50000    4.31210
 143.00000    4.31331
 143.50000    4.31451
 144.00000    4.31569
 144.50000    4.31687
 145.00000    4.31805
 145.50000    4.31922
 146.00000    4.32040
 146.50000    4.32158
 147.00000    4.32276
 147.50000    4.32394
 148.00000    4.32509
 148.50000    4.32622
 149.00000    4.32735
 149.50000    4.32849
 150.00000    4.32962
