   0.00000    1.48370
   0.50000    1.70609
   1.00000    1.92848
   1.50000    2.15086
   2.00000    3.19435
   2.50000    3.21670
   3.00000    3.23905
   3.50000    3.26055
   4.00000    3.28048
   4.50000    3.30041
   5.00000    3.31897
   5.50000    3.33654
   6.00000    3.35412
   6.50000    3.36986
   7.00000    3.38520
   7.50000    3.40042
   8.00000    3.41377
   8.50000    3.42712
   9.00000    3.43991
   9.50000    3.45134
  10.00000    3.46276
  10.50000    3.47332
  11.00000    3.48309
  11.50000    3.49285
  12.00000    3.50143
  12.50000    3.50965
  13.00000    3.51786
  13.50000    3.52473
  14.00000    3.53161
  14.50000    3.53820
  15.00000    3.54384
  15.50000    3.54948
  16.00000    3.55467
  16.50000    3.55933
  17.00000    3.56400
  17.50000    3.56803
  18.00000    3.57179
  18.50000    3.57556
  19.00000    3.57871
  19.50000    3.58182
  20.00000    3.58484
  20.50000    3.58745
  21.00000    3.59005
  21.50000    3.59251
  22.00000    3.59475
  22.50000    3.59699
  23.00000    3.59912
  23.50000    3.60118
  24.00000    3.60324
  24.50000    3.60530
  25.00000    3.60737
  25.50000    3.60944
  26.00000    3.61165
  26.50000    3.61386
  27.00000    3.61619
  27.50000    3.61875
  28.00000    3.62132
  28.50000    3.62416
  29.00000    3.62720
  29.50000    3.63024
  30.00000    3.63384
  30.50000    3.63756
  31.00000    3.64133
  31.50000    3.64589
  32.00000    3.65045
  32.50000    3.65529
  33.00000    3.66086
  33.50000    3.66643
  34.00000    3.67262
  34.50000    3.67939
  35.00000    3.68615
  35.50000    3.69390
  36.00000    3.70196
  36.50000    3.71003
  37.00000    3.71963
  37.50000    3.72925
  38.00000    3.73925
  38.50000    3.75054
  39.00000    3.76182
  39.50000    3.77395
  40.00000    3.78708
  40.50000    3.80021
  41.00000    3.81470
  41.50000    3.82978
  42.00000    3.84487
  42.50000    4.25591
  43.00000    4.25398
  43.50000    4.25206
  44.00000    4.25013
  44.50000    4.24820
  45.00000    4.24628
  45.50000    4.24435
  46.00000    4.24243
  46.50000    4.24063
  47.00000    4.23887
  47.50000    4.23710
  48.00000    4.23534
  48.50000    4.23357
  49.00000    4.23181
  49.50000    4.23004
  50.00000    4.22828
  50.50000    4.22665
  51.00000    4.22507
  51.50000    4.22349
  52.00000    4.22191
  52.50000    4.22033
  53.00000    4.21875
  53.50000    4.21717
  54.00000    4.21559
  54.50000    4.21414
  55.00000    4.21277
  55.50000    4.21140
  56.00000    4.21003
  56.50000    4.20866
  57.00000    4.20729
  57.50000    4.20592
  58.00000    4.20455
  58.50000    4.20329
  59.00000    4.20213
  59.50000    4.20097
  60.00000    4.19981
  60.50000    4.19865
  61.00000    4.19749
  61.50000    4.19633
  62.00000    4.19516
  62.50000    4.19409
  63.00000    4.19314
  63.50000    4.19219
  64.00000    4.19124
  64.50000    4.19029
  65.00000    4.18934
  65.50000    4.18839
  66.00000    4.18744
  66.50000    4.18657
  67.00000    4.18585
  67.50000    4.18513
  68.00000    4.18442
  68.50000    4.18370
  69.00000    4.18299
  69.50000    4.18227
  70.00000    4.18155
  70.50000    4.18089
  71.00000    4.18041
  71.50000    4.17993
  72.00000    4.17945
  72.50000    4.17897
  73.00000    4.17848
  73.50000    4.17800
  74.00000    4.17752
  74.50000    4.17707
  75.00000    4.17682
  75.50000    4.17658
  76.00000    4.17633
  76.50000    4.17608
  77.00000    4.17583
  77.50000    4.17559
  78.00000    4.17534
  78.50000    4.17510
  79.00000    4.17511
  79.50000    4.17512
  80.00000    4.17514
  80.50000    4.17515
  81.00000    4.17516
  81.50000    4.17517
  82.00000    4.17519
  82.50000    4.17520
  83.00000    4.17546
  83.50000    4.17575
  84.00000    4.17603
  84.50000    4.17631
  85.00000    4.17660
  85.50000    4.17688
  86.00000    4.17717
  86.50000    4.17745
  87.00000    4.17795
  87.50000    4.17849
  88.00000    4.17903
  88.50000    4.17958
  89.00000    4.18012
  89.50000    4.18066
  90.00000    4.18121
  90.50000    4.18175
  91.00000    4.18250
  91.50000    4.18332
  92.00000    4.18415
  92.50000    4.18498
  93.00000    4.18580
  93.50000    4.18663
  94.00000    4.18746
  94.50000    4.18829
  95.00000    4.18928
  95.50000    4.19038
  96.00000    4.19148
  96.50000    4.19258
  97.00000    4.19368
  97.50000    4.19478
  98.00000    4.19587
  98.50000    4.19697
  99.00000    4.19821
  99.50000    4.19958
 100.00000    4.20095
 100.50000    4.20232
 101.00000    4.20369
 101.50000    4.20506
 102.00000    4.20643
 102.50000    4.20781
 103.00000    4.20927
 103.50000    4.21088
 104.00000    4.21248
 104.50000    4.21409
 105.00000    4.21569
 105.50000    4.21730
 106.00000    4.21890
 106.50000    4.22051
 107.00000    4.22218
 107.50000    4.22399
 108.00000    4.22581
 108.50000    4.22762
 109.00000    4.22944
 109.50000    4.23125
 110.00000    4.23307
 110.50000    4.23488
 111.00000    4.23674
 111.50000    4.23875
 112.00000    4.24076
 112.50000    4.24277
 113.00000    4.24479
 113.50000    4.24680
 114.00000    4.24881
 114.50000    4.25082
 115.00000    4.25285
 115.50000    4.25500
 116.00000    4.25715
 116.50000    4.25929
 117.00000    4.26144
 117.50000    4.26359
 118.00000    4.26574
 118.50000    4.26789
 119.00000    4.27004
 119.50000    4.27233
 120.00000    4.27463
 120.50000    4.27692
 121.00000    4.27922
 121.50000    4.28152
 122.00000    4.28381
 122.50000    4.28611
 123.00000    4.28840
 123.50000    4.29079
 124.00000    4.29318
 124.50000    4.29558
 125.00000    4.29797
 125.50000    4.30037
 126.00000    4.30276
 126.50000    4.30516
 127.00000    4.30755
 127.50000    4.31002
 128.00000    4.31250
 128.50000    4.31498
 129.00000    4.31746
 129.50000    4.31995
 130.00000    4.32243
 130.50000    4.32491
 131.00000    4.32739
 131.50000    4.32991
 132.00000    4.33244
 132.50000    4.33497
 133.00000    4.33750
 133.50000    4.34003
 134.00000    4.34256
 134.50000    4.34509
 135.00000    4.34762
 135.50000    4.35017
 136.00000    4.35274
 136.50000    4.35531
 137.00000    4.35788
 137.50000    4.36044
 138.00000    4.36301
 138.50000    4.36558
 139.00000    4.36815
 139.50000    4.37071
 140.00000    4.37328
 140.50000    4.37585
 141.00000    4.37842
 141.50000    4.38098
 142.00000    4.38355
 142.50000    4.38612
 143.00000    4.38869
 143.50000    4.39124
 144.00000    4.39379
 144.50000    4.39633
 145.00000    4.39887
 145.50000    4.40142
 146.00000    4.40396
 146.50000    4.40650
 147.00000    4.40905
 147.50000    4.41157
 148.00000    4.41407
 148.50000    4.41656
 149.00000    4.41905
 149.50000    4.42155
 150.00000    4.42404
