   0.00000    1.65240
   0.50000    1.82519
   1.00000    1.99797
   1.50000    2.17076
   2.00000    2.34354
   2.50000    2.51633
   3.00000    3.41585
   3.50000    3.42531
   4.00000    3.43477
   4.50000    3.44419
   5.00000    3.45337
   5.50000    3.46254
   6.00000    3.47171
   6.50000    3.48050
   7.00000    3.48930
   7.50000    3.49809
   8.00000    3.50663
   8.50000    3.51514
   9.00000    3.52364
   9.50000    3.53191
  10.00000    3.54010
  10.50000    3.54829
  11.00000    3.55634
  11.50000    3.56431
  12.00000    3.57227
  12.50000    3.58015
  13.00000    3.58792
  13.50000    3.59570
  14.00000    3.60341
  14.50000    3.61099
  15.00000    3.61857
  15.50000    3.62613
  16.00000    3.63355
  16.50000    3.64097
  17.00000    3.64839
  17.50000    3.65568
  18.00000    3.66298
  18.50000    3.67027
  19.00000    3.67751
  19.50000    3.68474
  20.00000    3.69197
  20.50000    3.69916
  21.00000    3.70633
  21.50000    3.71349
  22.00000    3.72066
  22.50000    3.72783
  23.00000    3.73500
  23.50000    3.74216
  24.00000    3.74933
  24.50000    3.75650
  25.00000    3.76368
  25.50000    3.77088
  26.00000    3.77808
  26.50000    3.78530
  27.00000    3.79259
  27.50000    3.79989
  28.00000    3.80719
  28.50000    3.81458
  29.00000    3.82197
  29.50000    3.82936
  30.00000    3.83687
  30.50000    3.84439
  31.00000    3.85191
  31.50000    3.85960
  32.00000    3.86734
  32.50000    3.87509
  33.00000    3.88293
  33.50000    3.89083
  34.00000    3.89873
  34.50000    3.90676
  35.00000    3.91492
  35.50000    3.92307
  36.00000    3.93134
  36.50000    3.93978
  37.00000    3.94822
  37.50000    3.95673
  38.00000    3.96546
  38.50000    3.97419
  39.00000    3.98295
  39.50000    3.99203
  40.00000    4.00111
  40.50000    4.01019
  41.00000    4.01963
  41.50000    4.02909
  42.00000    4.03855
  42.50000    4.04830
  43.00000    4.05811
  43.50000    4.06792
  44.00000    4.07806
  44.50000    4.08835
  45.00000    4.09864
  45.50000    4.10917
  46.00000    4.11991
  46.50000    4.13064
  47.00000    4.14155
  47.50000    4.15274
  48.00000    4.16392
  48.50000    4.52414
  49.00000    4.52470
  49.50000    4.52525
  50.00000    4.52580
  50.50000    4.52636
  51.00000    4.52691
  51.50000    4.52746
  52.00000    4.52801
  52.50000    4.52863
  53.00000    4.52931
  53.50000    4.52999
  54.00000    4.53067
  54.50000    4.53136
  55.00000    4.53204
  55.50000    4.53272
  56.00000    4.53340
  56.50000    4.53416
  57.00000    4.53494
  57.50000    4.53572
  58.00000    4.53651
  58.50000    4.53729
  59.00000    4.53808
  59.50000    4.53886
  60.00000    4.53965
  60.50000    4.54049
  61.00000    4.54134
  61.50000    4.54219
  62.00000    4.54304
  62.50000    4.54389
  63.00000    4.54473
  63.50000    4.54558
  64.00000    4.54644
  64.50000    4.54734
  65.00000    4.54824
  65.50000    4.54914
  66.00000    4.55004
  66.50000    4.55094
  67.00000    4.55184
  67.50000    4.55274
  68.00000    4.55365
  68.50000    4.55456
  69.00000    4.55547
  69.50000    4.55639
  70.00000    4.55730
  70.50000    4.55821
  71.00000    4.55913
  71.50000    4.56004
  72.00000    4.56094
  72.50000    4.56184
  73.00000    4.56274
  73.50000    4.56364
  74.00000    4.56454
  74.50000    4.56544
  75.00000    4.56634
  75.50000    4.56725
  76.00000    4.56811
  76.50000    4.56898
  77.00000    4.56984
  77.50000    4.57070
  78.00000    4.57156
  78.50000    4.57242
  79.00000    4.57328
  79.50000    4.57414
  80.00000    4.57493
  80.50000    4.57571
  81.00000    4.57649
  81.50000    4.57728
  82.00000    4.57806
  82.50000    4.57885
  83.00000    4.57963
  83.50000    4.58039
  84.00000    4.58107
  84.50000    4.58175
  85.00000    4.58243
  85.50000    4.58311
  86.00000    4.58380
  86.50000    4.58448
  87.00000    4.58516
  87.50000    4.58578
  88.00000    4.58633
  88.50000    4.58688
  89.00000    4.58744
  89.50000    4.58799
  90.00000    4.58854
  90.50000    4.58909
  91.00000    4.58965
  91.50000    4.59009
  92.00000    4.59049
  92.50000    4.59089
  93.00000    4.59128
  93.50000    4.59168
  94.00000    4.59208
  94.50000    4.59248
  95.00000    4.59288
  95.50000    4.59311
  96.00000    4.59333
  96.50000    4.59354
  97.00000    4.59376
  97.50000    4.59398
  98.00000    4.59420
  98.50000    4.59442
  99.00000    4.59460
  99.50000    4.59460
 100.00000    4.59460
 100.50000    4.59460
 101.00000    4.59460
 101.50000    4.59460
 102.00000    4.59460
 102.50000    4.59460
 103.00000    4.59453
 103.50000    4.59435
 104.00000    4.59417
 104.50000    4.59399
 105.00000    4.59381
 105.50000    4.59363
 106.00000    4.59345
 106.50000    4.59327
 107.00000    4.59298
 107.50000    4.59262
 108.00000    4.59226
 108.50000    4.59190
 109.00000    4.59154
 109.50000    4.59118
 110.00000    4.59082
 110.50000    4.59046
 111.00000    4.58996
 111.50000    4.58945
 112.00000    4.58894
 112.50000    4.58842
 113.00000    4.58791
 113.50000    4.58739
 114.00000    4.58688
 114.50000    4.58635
 115.00000    4.58570
 115.50000    4.58504
 116.00000    4.58439
 116.50000    4.58373
 117.00000    4.58307
 117.50000    4.58242
 118.00000    4.58176
 118.50000    4.58108
 119.00000    4.58032
 119.50000    4.57956
 120.00000    4.57880
 120.50000    4.57804
 121.00000    4.57728
 121.50000    4.57652
 122.00000    4.57577
 122.50000    4.57495
 123.00000    4.57409
 123.50000    4.57323
 124.00000    4.57237
 124.50000    4.57151
 125.00000    4.57065
 125.50000    4.56978
 126.00000    4.56892
 126.50000    4.56801
 127.00000    4.56709
 127.50000    4.56616
 128.00000    4.56524
 128.50000    4.56431
 129.00000    4.56338
 129.50000    4.56246
 130.00000    4.56153
 130.50000    4.56056
 131.00000    4.55958
 131.50000    4.55860
 132.00000    4.55762
 132.50000    4.55665
 133.00000    4.55567
 133.50000    4.55469
 134.00000    4.55371
 134.50000    4.55269
 135.00000    4.55168
 135.50000    4.55066
 136.00000    4.54964
 136.50000    4.54863
 137.00000    4.54761
 137.50000    4.54660
 138.00000    4.54558
 138.50000    4.54456
 139.00000    4.54355
 139.50000    4.54253
 140.00000    4.54152
 140.50000    4.54050
 141.00000    4.53948
 141.50000    4.53847
 142.00000    4.53745
 142.50000    4.53644
 143.00000    4.53542
 143.50000    4.53440
 144.00000    4.53339
 144.50000    4.53237
 145.00000    4.53136
 145.50000    4.53034
 146.00000    4.52935
 146.50000    4.52836
 147.00000    4.52737
 147.50000    4.52638
 148.00000    4.52539
 148.50000    4.52440
 149.00000    4.52341
 149.50000    4.52242
 150.00000    4.52148
