   0.00000    1.00580
   0.50000    1.93306
   1.00000    3.21610
   1.50000    3.23765
   2.00000    3.25735
   2.50000    3.27675
   3.00000    3.29457
   3.50000    3.31177
   4.00000    3.32784
   4.50000    3.34308
   5.00000    3.35747
   5.50000    3.37080
   6.00000    3.38362
   6.50000    3.39531
   7.00000    3.40674
   7.50000    3.41684
   8.00000    3.42690
   8.50000    3.43559
   9.00000    3.44429
   9.50000    3.45191
  10.00000    3.45939
  10.50000    3.46603
  11.00000    3.47239
  11.50000    3.47818
  12.00000    3.48360
  12.50000    3.48868
  13.00000    3.49335
  13.50000    3.49781
  14.00000    3.50183
  14.50000    3.50576
  15.00000    3.50926
  15.50000    3.51276
  16.00000    3.51598
  16.50000    3.51921
  17.00000    3.52222
  17.50000    3.52521
  18.00000    3.52824
  18.50000    3.53128
  19.00000    3.53437
  19.50000    3.53751
  20.00000    3.54078
  20.50000    3.54419
  21.00000    3.54775
  21.50000    3.55158
  22.00000    3.55555
  22.50000    3.55999
  23.00000    3.56448
  23.50000    3.56962
  24.00000    3.57476
  24.50000    3.58078
  25.00000    3.58685
  25.50000    3.59375
  26.00000    3.60085
  26.50000    3.60876
  27.00000    3.61708
  27.50000    3.62610
  28.00000    3.63577
  28.50000    3.64600
  29.00000    3.65712
  29.50000    3.66865
  30.00000    3.68146
  30.50000    3.69444
  31.00000    3.70897
  31.50000    3.72351
  32.00000    4.28198
  32.50000    4.28289
  33.00000    4.28381
  33.50000    4.28472
  34.00000    4.28563
  34.50000    4.28655
  35.00000    4.28746
  35.50000    4.28838
  36.00000    4.28913
  36.50000    4.28955
  37.00000    4.28997
  37.50000    4.29038
  38.00000    4.29080
  38.50000    4.29122
  39.00000    4.29163
  39.50000    4.29205
  40.00000    4.29247
  40.50000    4.29257
  41.00000    4.29252
  41.50000    4.29248
  42.00000    4.29243
  42.50000    4.29238
  43.00000    4.29234
  43.50000    4.29229
  44.00000    4.29224
  44.50000    4.29218
  45.00000    4.29174
  45.50000    4.29130
  46.00000    4.29086
  46.50000    4.29042
  47.00000    4.28998
  47.50000    4.28954
  48.00000    4.28910
  48.50000    4.28866
  49.00000    4.28810
  49.50000    4.28735
  50.00000    4.28659
  50.50000    4.28584
  51.00000    4.28509
  51.50000    4.28434
  52.00000    4.28359
  52.50000    4.28283
  53.00000    4.28208
  53.50000    4.28114
  54.00000    4.28013
  54.50000    4.27912
  55.00000    4.27811
  55.50000    4.27711
  56.00000    4.27610
  56.50000    4.27509
  57.00000    4.27409
  57.50000    4.27306
  58.00000    4.27187
  58.50000    4.27067
  59.00000    4.26948
  59.50000    4.26829
  60.00000    4.26710
  60.50000    4.26590
  61.00000    4.26471
  61.50000    4.26352
  62.00000    4.26227
  62.50000    4.26096
  63.00000    4.25966
  63.50000    4.25835
  64.00000    4.25704
  64.50000    4.25573
  65.00000    4.25443
  65.50000    4.25312
  66.00000    4.25181
  66.50000    4.25045
  67.00000    4.24909
  67.50000    4.24772
  68.00000    4.24636
  68.50000    4.24499
  69.00000    4.24362
  69.50000    4.24226
  70.00000    4.24089
  70.50000    4.23953
  71.00000    4.23819
  71.50000    4.23685
  72.00000    4.23550
  72.50000    4.23416
  73.00000    4.23282
  73.50000    4.23148
  74.00000    4.23013
  74.50000    4.22879
  75.00000    4.22749
  75.50000    4.22621
  76.00000    4.22494
  76.50000    4.22367
  77.00000    4.22239
  77.50000    4.22112
  78.00000    4.21985
  78.50000    4.21858
  79.00000    4.21730
  79.50000    4.21617
  80.00000    4.21504
  80.50000    4.21392
  81.00000    4.21280
  81.50000    4.21168
  82.00000    4.21055
  82.50000    4.20943
  83.00000    4.20831
  83.50000    4.20725
  84.00000    4.20634
  84.50000    4.20544
  85.00000    4.20454
  85.50000    4.20364
  86.00000    4.20273
  86.50000    4.20183
  87.00000    4.20093
  87.50000    4.20003
  88.00000    4.19929
  88.50000    4.19866
  89.00000    4.19802
  89.50000    4.19738
  90.00000    4.19675
  90.50000    4.19611
  91.00000    4.19547
  91.50000    4.19484
  92.00000    4.19420
  92.50000    4.19383
  93.00000    4.19346
  93.50000    4.19309
  94.00000    4.19272
  94.50000    4.19235
  95.00000    4.19198
  95.50000    4.19161
  96.00000    4.19124
  96.50000    4.19096
  97.00000    4.19086
  97.50000    4.19075
  98.00000    4.19065
  98.50000    4.19055
  99.00000    4.19044
  99.50000    4.19034
 100.00000    4.19023
 100.50000    4.19013
 101.00000    4.19020
 101.50000    4.19034
 102.00000    4.19048
 102.50000    4.19062
 103.00000    4.19076
 103.50000    4.19089
 104.00000    4.19103
 104.50000    4.19117
 105.00000    4.19133
 105.50000    4.19171
 106.00000    4.19209
 106.50000    4.19248
 107.00000    4.19286
 107.50000    4.19324
 108.00000    4.19362
 108.50000    4.19400
 109.00000    4.19439
 109.50000    4.19487
 110.00000    4.19548
 110.50000    4.19610
 111.00000    4.19671
 111.50000    4.19732
 112.00000    4.19794
 112.50000    4.19855
 113.00000    4.19916
 113.50000    4.19978
 114.00000    4.20057
 114.50000    4.20140
 115.00000    4.20223
 115.50000    4.20307
 116.00000    4.20390
 116.50000    4.20473
 117.00000    4.20557
 117.50000    4.20640
 118.00000    4.20727
 118.50000    4.20831
 119.00000    4.20935
 119.50000    4.21039
 120.00000    4.21143
 120.50000    4.21247
 121.00000    4.21352
 121.50000    4.21456
 122.00000    4.21560
 122.50000    4.21674
 123.00000    4.21798
 123.50000    4.21922
 124.00000    4.22046
 124.50000    4.22170
 125.00000    4.22294
 125.50000    4.22417
 126.00000    4.22541
 126.50000    4.22665
 127.00000    4.22806
 127.50000    4.22950
 128.00000    4.23093
 128.50000    4.23237
 129.00000    4.23380
 129.50000    4.23524
 130.00000    4.23667
 130.50000    4.23811
 131.00000    4.23959
 131.50000    4.24119
 132.00000    4.24280
 132.50000    4.24441
 133.00000    4.24602
 133.50000    4.24763
 134.00000    4.24924
 134.50000    4.25085
 135.00000    4.25246
 135.50000    4.25417
 136.00000    4.25595
 136.50000    4.25773
 137.00000    4.25952
 137.50000    4.26130
 138.00000    4.26308
 138.50000    4.26486
 139.00000    4.26665
 139.50000    4.26843
 140.00000    4.27036
 140.50000    4.27229
 141.00000    4.27422
 141.50000    4.27615
 142.00000    4.27809
 142.50000    4.28002
 143.00000    4.28195
 143.50000    4.28389
 144.00000    4.28587
 144.50000    4.28797
 145.00000    4.29006
 145.50000    4.29216
 146.00000    4.29425
 146.50000    4.29634
 147.00000    4.29844
 147.50000    4.30053
 148.00000    4.30263
 148.50000    4.30481
 149.00000    4.30703
 149.50000    4.30926
 150.00000    4.31148
