   0.00000    1.34780
   0.50000    1.88768
   1.00000    2.87245
   1.50000    2.89794
   2.00000    2.92325
   2.50000    2.94836
   3.00000    2.97313
   3.50000    2.99771
   4.00000    3.02191
   4.50000    3.04601
   5.00000    3.06962
   5.50000    3.09315
   6.00000    3.11622
   6.50000    3.13923
   7.00000    3.16193
   7.50000    3.18449
   8.00000    3.20676
   8.50000    3.22886
   9.00000    3.25075
   9.50000    3.27246
  10.00000    3.29403
  10.50000    3.31533
  11.00000    3.33653
  11.50000    3.35749
  12.00000    3.37842
  12.50000    3.39908
  13.00000    3.41971
  13.50000    3.44015
  14.00000    3.46054
  14.50000    3.48077
  15.00000    3.50091
  15.50000    3.52093
  16.00000    3.54088
  16.50000    3.56079
  17.00000    3.58059
  17.50000    3.60033
  18.00000    3.61999
  18.50000    3.63963
  19.00000    3.65922
  19.50000    3.67880
  20.00000    3.69833
  20.50000    3.71786
  21.00000    3.73739
  21.50000    3.75693
  22.00000    3.77646
  22.50000    3.79601
  23.00000    3.81560
  23.50000    3.83522
  24.00000    3.85486
  24.50000    3.87458
  25.00000    3.89432
  25.50000    3.91416
  26.00000    3.93402
  26.50000    3.95404
  27.00000    3.97406
  27.50000    3.99413
  28.00000    4.34479
  28.50000    4.34701
  29.00000    4.34923
  29.50000    4.35145
  30.00000    4.35367
  30.50000    4.35589
  31.00000    4.35811
  31.50000    4.36033
  32.00000    4.36255
  32.50000    4.36438
  33.00000    4.36580
  33.50000    4.36721
  34.00000    4.36863
  34.50000    4.37004
  35.00000    4.37146
  35.50000    4.37288
  36.00000    4.37429
  36.50000    4.37571
  37.00000    4.37664
  37.50000    4.37732
  38.00000    4.37800
  38.50000    4.37868
  39.00000    4.37936
  39.50000    4.38004
  40.00000    4.38072
  40.50000    4.38140
  41.00000    4.38208
  41.50000    4.38222
  42.00000    4.38224
  42.50000    4.38226
  43.00000    4.38229
  43.50000    4.38231
  44.00000    4.38233
  44.50000    4.38235
  45.00000    4.38238
  45.50000    4.38240
  46.00000    4.38187
  46.50000    4.38134
  47.00000    4.38081
  47.50000    4.38027
  48.00000    4.37974
  48.50000    4.37921
  49.00000    4.37868
  49.50000    4.37814
  50.00000    4.37754
  50.50000    4.37655
  51.00000    4.37556
  51.50000    4.37458
  52.00000    4.37359
  52.50000    4.37261
  53.00000    4.37162
  53.50000    4.37064
  54.00000    4.36965
  54.50000    4.36854
  55.00000    4.36718
  55.50000    4.36582
  56.00000    4.36446
  56.50000    4.36310
  57.00000    4.36174
  57.50000    4.36038
  58.00000    4.35903
  58.50000    4.35767
  59.00000    4.35616
  59.50000    4.35452
  60.00000    4.35288
  60.50000    4.35124
  61.00000    4.34959
  61.50000    4.34795
  62.00000    4.34631
  62.50000    4.34467
  63.00000    4.34302
  63.50000    4.34126
  64.00000    4.33945
  64.50000    4.33764
  65.00000    4.33583
  65.50000    4.33402
  66.00000    4.33220
  66.50000    4.33039
  67.00000    4.32858
  67.50000    4.32677
  68.00000    4.32487
  68.50000    4.32295
  69.00000    4.32104
  69.50000    4.31912
  70.00000    4.31721
  70.50000    4.31530
  71.00000    4.31338
  71.50000    4.31147
  72.00000    4.30955
  72.50000    4.30764
  73.00000    4.30572
  73.50000    4.30381
  74.00000    4.30190
  74.50000    4.29998
  75.00000    4.29807
  75.50000    4.29615
  76.00000    4.29424
  76.50000    4.29234
  77.00000    4.29052
  77.50000    4.28869
  78.00000    4.28687
  78.50000    4.28505
  79.00000    4.28322
  79.50000    4.28140
  80.00000    4.27958
  80.50000    4.27775
  81.00000    4.27600
  81.50000    4.27437
  82.00000    4.27274
  82.50000    4.27111
  83.00000    4.26948
  83.50000    4.26784
  84.00000    4.26621
  84.50000    4.26458
  85.00000    4.26295
  85.50000    4.26146
  86.00000    4.26009
  86.50000    4.25872
  87.00000    4.25735
  87.50000    4.25598
  88.00000    4.25461
  88.50000    4.25324
  89.00000    4.25187
  89.50000    4.25050
  90.00000    4.24933
  90.50000    4.24824
  91.00000    4.24715
  91.50000    4.24606
  92.00000    4.24498
  92.50000    4.24389
  93.00000    4.24280
  93.50000    4.24171
  94.00000    4.24063
  94.50000    4.23976
  95.00000    4.23892
  95.50000    4.23808
  96.00000    4.23725
  96.50000    4.23641
  97.00000    4.23557
  97.50000    4.23473
  98.00000    4.23389
  98.50000    4.23307
  99.00000    4.23249
  99.50000    4.23191
 100.00000    4.23134
 100.50000    4.23076
 101.00000    4.23018
 101.50000    4.22960
 102.00000    4.22902
 102.50000    4.22845
 103.00000    4.22793
 103.50000    4.22760
 104.00000    4.22727
 104.50000    4.22694
 105.00000    4.22661
 105.50000    4.22628
 106.00000    4.22595
 106.50000    4.22563
 107.00000    4.22530
 107.50000    4.22507
 108.00000    4.22499
 108.50000    4.22491
 109.00000    4.22483
 109.50000    4.22475
 110.00000    4.22467
 110.50000    4.22459
 111.00000    4.22451
 111.50000    4.22443
 112.00000    4.22448
 112.50000    4.22463
 113.00000    4.22478
 113.50000    4.22493
 114.00000    4.22507
 114.50000    4.22522
 115.00000    4.22537
 115.50000    4.22551
 116.00000    4.22566
 116.50000    4.22598
 117.00000    4.22635
 117.50000    4.22672
 118.00000    4.22710
 118.50000    4.22747
 119.00000    4.22785
 119.50000    4.22822
 120.00000    4.22859
 120.50000    4.22897
 121.00000    4.22955
 121.50000    4.23015
 122.00000    4.23075
 122.50000    4.23135
 123.00000    4.23195
 123.50000    4.23255
 124.00000    4.23315
 124.50000    4.23375
 125.00000    4.23437
 125.50000    4.23517
 126.00000    4.23598
 126.50000    4.23678
 127.00000    4.23758
 127.50000    4.23839
 128.00000    4.23919
 128.50000    4.24000
 129.00000    4.24080
 129.50000    4.24166
 130.00000    4.24268
 130.50000    4.24370
 131.00000    4.24472
 131.50000    4.24574
 132.00000    4.24676
 132.50000    4.24778
 133.00000    4.24880
 133.50000    4.24982
 134.00000    4.25091
 134.50000    4.25211
 135.00000    4.25331
 135.50000    4.25452
 136.00000    4.25572
 136.50000    4.25692
 137.00000    4.25812
 137.50000    4.25932
 138.00000    4.26052
 138.50000    4.26184
 139.00000    4.26324
 139.50000    4.26465
 140.00000    4.26605
 140.50000    4.26746
 141.00000    4.26886
 141.50000    4.27027
 142.00000    4.27167
 142.50000    4.27308
 143.00000    4.27462
 143.50000    4.27621
 144.00000    4.27779
 144.50000    4.27938
 145.00000    4.28096
 145.50000    4.28255
 146.00000    4.28414
 146.50000    4.28572
 147.00000    4.28731
 147.50000    4.28905
 148.00000    4.29081
 148.50000    4.29257
 149.00000    4.29432
 149.50000    4.29608
 150.00000    4.29783
