   0.00000    1.16340
   0.50000    3.17029
   1.00000    3.18955
   1.50000    3.20881
   2.00000    3.22670
   2.50000    3.24417
   3.00000    3.26085
   3.50000    3.27663
   4.00000    3.29214
   4.50000    3.30636
   5.00000    3.32057
   5.50000    3.33346
   6.00000    3.34616
   6.50000    3.35808
   7.00000    3.36943
   7.50000    3.38046
   8.00000    3.39063
   8.50000    3.40080
   9.00000    3.40984
   9.50000    3.41884
  10.00000    3.42720
  10.50000    3.43524
  11.00000    3.44297
  11.50000    3.45019
  12.00000    3.45735
  12.50000    3.46379
  13.00000    3.47022
  13.50000    3.47619
  14.00000    3.48201
  14.50000    3.48761
  15.00000    3.49296
  15.50000    3.49825
  16.00000    3.50325
  16.50000    3.50825
  17.00000    3.51298
  17.50000    3.51768
  18.00000    3.52232
  18.50000    3.52693
  19.00000    3.53155
  19.50000    3.53620
  20.00000    3.54086
  20.50000    3.54559
  21.00000    3.55033
  21.50000    3.55522
  22.00000    3.56017
  22.50000    3.56527
  23.00000    3.57062
  23.50000    3.57600
  24.00000    3.58187
  24.50000    3.58774
  25.00000    3.59408
  25.50000    3.60056
  26.00000    3.60738
  26.50000    3.61460
  27.00000    3.62195
  27.50000    3.63000
  28.00000    3.63804
  28.50000    3.64695
  29.00000    3.65599
  29.50000    3.66568
  30.00000    3.67585
  30.50000    3.68635
  31.00000    3.69774
  31.50000    3.70913
  32.00000    3.72182
  32.50000    3.73456
  33.00000    3.74826
  33.50000    3.76243
  34.00000    4.09145
  34.50000    4.09567
  35.00000    4.09990
  35.50000    4.10412
  36.00000    4.10835
  36.50000    4.11257
  37.00000    4.11680
  37.50000    4.12102
  38.00000    4.12524
  38.50000    4.12899
  39.00000    4.13265
  39.50000    4.13631
  40.00000    4.13998
  40.50000    4.14364
  41.00000    4.14730
  41.50000    4.15096
  42.00000    4.15462
  42.50000    4.15810
  43.00000    4.16118
  43.50000    4.16427
  44.00000    4.16735
  44.50000    4.17044
  45.00000    4.17353
  45.50000    4.17661
  46.00000    4.17970
  46.50000    4.18278
  47.00000    4.18548
  47.50000    4.18807
  48.00000    4.19066
  48.50000    4.19326
  49.00000    4.19585
  49.50000    4.19844
  50.00000    4.20103
  50.50000    4.20363
  51.00000    4.20609
  51.50000    4.20823
  52.00000    4.21036
  52.50000    4.21250
  53.00000    4.21464
  53.50000    4.21677
  54.00000    4.21891
  54.50000    4.22104
  55.00000    4.22318
  55.50000    4.22502
  56.00000    4.22677
  56.50000    4.22852
  57.00000    4.23027
  57.50000    4.23201
  58.00000    4.23376
  58.50000    4.23551
  59.00000    4.23726
  59.50000    4.23893
  60.00000    4.24032
  60.50000    4.24172
  61.00000    4.24312
  61.50000    4.24451
  62.00000    4.24591
  62.50000    4.24730
  63.00000    4.24870
  63.50000    4.25010
  64.00000    4.25128
  64.50000    4.25239
  65.00000    4.25349
  65.50000    4.25459
  66.00000    4.25570
  66.50000    4.25680
  67.00000    4.25790
  67.50000    4.25901
  68.00000    4.26006
  68.50000    4.26093
  69.00000    4.26180
  69.50000    4.26267
  70.00000    4.26354
  70.50000    4.26441
  71.00000    4.26527
  71.50000    4.26614
  72.00000    4.26701
  72.50000    4.26775
  73.00000    4.26843
  73.50000    4.26911
  74.00000    4.26980
  74.50000    4.27048
  75.00000    4.27116
  75.50000    4.27184
  76.00000    4.27252
  76.50000    4.27318
  77.00000    4.27373
  77.50000    4.27428
  78.00000    4.27483
  78.50000    4.27539
  79.00000    4.27594
  79.50000    4.27649
  80.00000    4.27704
  80.50000    4.27759
  81.00000    4.27809
  81.50000    4.27856
  82.00000    4.27903
  82.50000    4.27950
  83.00000    4.27997
  83.50000    4.28044
  84.00000    4.28091
  84.50000    4.28138
  85.00000    4.28184
  85.50000    4.28229
  86.00000    4.28274
  86.50000    4.28318
  87.00000    4.28363
  87.50000    4.28407
  88.00000    4.28452
  88.50000    4.28497
  89.00000    4.28541
  89.50000    4.28587
  90.00000    4.28634
  90.50000    4.28681
  91.00000    4.28728
  91.50000    4.28775
  92.00000    4.28822
  92.50000    4.28869
  93.00000    4.28916
  93.50000    4.28963
  94.00000    4.29012
  94.50000    4.29061
  95.00000    4.29111
  95.50000    4.29160
  96.00000    4.29209
  96.50000    4.29258
  97.00000    4.29308
  97.50000    4.29357
  98.00000    4.29409
  98.50000    4.29463
  99.00000    4.29517
  99.50000    4.29571
 100.00000    4.29625
 100.50000    4.29679
 101.00000    4.29733
 101.50000    4.29787
 102.00000    4.29841
 102.50000    4.29898
 103.00000    4.29956
 103.50000    4.30013
 104.00000    4.30071
 104.50000    4.30128
 105.00000    4.30186
 105.50000    4.30243
 106.00000    4.30301
 106.50000    4.30360
 107.00000    4.30423
 107.50000    4.30485
 108.00000    4.30547
 108.50000    4.30609
 109.00000    4.30671
 109.50000    4.30734
 110.00000    4.30796
 110.50000    4.30858
 111.00000    4.30925
 111.50000    4.30991
 112.00000    4.31058
 112.50000    4.31125
 113.00000    4.31192
 113.50000    4.31259
 114.00000    4.31326
 114.50000    4.31393
 115.00000    4.31462
 115.50000    4.31535
 116.00000    4.31608
 116.50000    4.31681
 117.00000    4.31753
 117.50000    4.31826
 118.00000    4.31899
 118.50000    4.31972
 119.00000    4.32044
 119.50000    4.32121
 120.00000    4.32199
 120.50000    4.32276
 121.00000    4.32354
 121.50000    4.32431
 122.00000    4.32509
 122.50000    4.32586
 123.00000    4.32664
 123.50000    4.32744
 124.00000    4.32828
 124.50000    4.32913
 125.00000    4.32997
 125.50000    4.33082
 126.00000    4.33166
 126.50000    4.33251
 127.00000    4.33335
 127.50000    4.33420
 128.00000    4.33509
 128.50000    4.33600
 129.00000    4.33690
 129.50000    4.33780
 130.00000    4.33871
 130.50000    4.33961
 131.00000    4.34051
 131.50000    4.34142
 132.00000    4.34235
 132.50000    4.34332
 133.00000    4.34429
 133.50000    4.34527
 134.00000    4.34624
 134.50000    4.34722
 135.00000    4.34819
 135.50000    4.34916
 136.00000    4.35014
 136.50000    4.35118
 137.00000    4.35223
 137.50000    4.35329
 138.00000    4.35435
 138.50000    4.35540
 139.00000    4.35646
 139.50000    4.35752
 140.00000    4.35857
 140.50000    4.35965
 141.00000    4.36076
 141.50000    4.36188
 142.00000    4.36299
 142.50000    4.36410
 143.00000    4.36522
 143.50000    4.36633
 144.00000    4.36745
 144.50000    4.36856
 145.00000    4.36975
 145.50000    4.37096
 146.00000    4.37217
 146.50000    4.37338
 147.00000    4.37459
 147.50000    4.37580
 148.00000    4.37700
 148.50000    4.37821
 149.00000    4.37944
 149.50000    4.38073
 150.00000    4.38202
