   0.00000    1.33820
   0.50000    1.87302
   1.00000    2.40784
   1.50000    3.01283
   2.00000    3.04088
   2.50000    3.06884
   3.00000    3.09452
   3.50000    3.12021
   4.00000    3.14532
   4.50000    3.16867
   5.00000    3.19203
   5.50000    3.21436
   6.00000    3.23546
   6.50000    3.25656
   7.00000    3.27630
   7.50000    3.29536
   8.00000    3.31441
   8.50000    3.33178
   9.00000    3.34890
   9.50000    3.36588
  10.00000    3.38125
  10.50000    3.39662
  11.00000    3.41152
  11.50000    3.42528
  12.00000    3.43903
  12.50000    3.45207
  13.00000    3.46440
  13.50000    3.47672
  14.00000    3.48808
  14.50000    3.49904
  15.00000    3.51000
  15.50000    3.51994
  16.00000    3.52980
  16.50000    3.53952
  17.00000    3.54837
  17.50000    3.55722
  18.00000    3.56578
  18.50000    3.57377
  19.00000    3.58176
  19.50000    3.58936
  20.00000    3.59663
  20.50000    3.60390
  21.00000    3.61077
  21.50000    3.61750
  22.00000    3.62424
  22.50000    3.63059
  23.00000    3.63694
  23.50000    3.64323
  24.00000    3.64932
  24.50000    3.65541
  25.00000    3.66146
  25.50000    3.66745
  26.00000    3.67343
  26.50000    3.67945
  27.00000    3.68551
  27.50000    3.69156
  28.00000    3.69779
  28.50000    3.70406
  29.00000    3.71033
  29.50000    3.71692
  30.00000    3.72351
  30.50000    3.73023
  31.00000    3.73739
  31.50000    3.74456
  32.00000    3.75198
  32.50000    3.75975
  33.00000    3.76753
  33.50000    3.77582
  34.00000    3.78442
  34.50000    3.79301
  35.00000    3.80245
  35.50000    3.81206
  36.00000    3.82171
  36.50000    3.83238
  37.00000    3.84306
  37.50000    3.85407
  38.00000    3.86603
  38.50000    3.87800
  39.00000    3.89063
  39.50000    3.90403
  40.00000    3.91742
  40.50000    3.93181
  41.00000    3.94668
  41.50000    3.96155
  42.00000    4.46072
  42.50000    4.45983
  43.00000    4.45895
  43.50000    4.45806
  44.00000    4.45717
  44.50000    4.45629
  45.00000    4.45540
  45.50000    4.45452
  46.00000    4.45319
  46.50000    4.45173
  47.00000    4.45026
  47.50000    4.44880
  48.00000    4.44733
  48.50000    4.44587
  49.00000    4.44440
  49.50000    4.44294
  50.00000    4.44118
  50.50000    4.43925
  51.00000    4.43731
  51.50000    4.43538
  52.00000    4.43345
  52.50000    4.43152
  53.00000    4.42959
  53.50000    4.42765
  54.00000    4.42552
  54.50000    4.42320
  55.00000    4.42087
  55.50000    4.41854
  56.00000    4.41622
  56.50000    4.41389
  57.00000    4.41157
  57.50000    4.40924
  58.00000    4.40679
  58.50000    4.40414
  59.00000    4.40150
  59.50000    4.39885
  60.00000    4.39621
  60.50000    4.39356
  61.00000    4.39091
  61.50000    4.38827
  62.00000    4.38557
  62.50000    4.38270
  63.00000    4.37983
  63.50000    4.37696
  64.00000    4.37409
  64.50000    4.37123
  65.00000    4.36836
  65.50000    4.36549
  66.00000    4.36260
  66.50000    4.35959
  67.00000    4.35657
  67.50000    4.35356
  68.00000    4.35054
  68.50000    4.34753
  69.00000    4.34451
  69.50000    4.34150
  70.00000    4.33848
  70.50000    4.33541
  71.00000    4.33233
  71.50000    4.32925
  72.00000    4.32617
  72.50000    4.32310
  73.00000    4.32002
  73.50000    4.31694
  74.00000    4.31387
  74.50000    4.31080
  75.00000    4.30774
  75.50000    4.30467
  76.00000    4.30161
  76.50000    4.29854
  77.00000    4.29548
  77.50000    4.29241
  78.00000    4.28935
  78.50000    4.28637
  79.00000    4.28341
  79.50000    4.28046
  80.00000    4.27751
  80.50000    4.27455
  81.00000    4.27160
  81.50000    4.26865
  82.00000    4.26569
  82.50000    4.26285
  83.00000    4.26007
  83.50000    4.25728
  84.00000    4.25450
  84.50000    4.25172
  85.00000    4.24894
  85.50000    4.24616
  86.00000    4.24338
  86.50000    4.24073
  87.00000    4.23822
  87.50000    4.23571
  88.00000    4.23320
  88.50000    4.23069
  89.00000    4.22818
  89.50000    4.22567
  90.00000    4.22316
  90.50000    4.22078
  91.00000    4.21863
  91.50000    4.21647
  92.00000    4.21432
  92.50000    4.21217
  93.00000    4.21001
  93.50000    4.20786
  94.00000    4.20571
  94.50000    4.20365
  95.00000    4.20191
  95.50000    4.20016
  96.00000    4.19841
  96.50000    4.19666
  97.00000    4.19492
  97.50000    4.19317
  98.00000    4.19142
  98.50000    4.18973
  99.00000    4.18840
  99.50000    4.18707
 100.00000    4.18574
 100.50000    4.18441
 101.00000    4.18308
 101.50000    4.18175
 102.00000    4.18042
 102.50000    4.17910
 103.00000    4.17817
 103.50000    4.17725
 104.00000    4.17633
 104.50000    4.17540
 105.00000    4.17448
 105.50000    4.17356
 106.00000    4.17263
 106.50000    4.17171
 107.00000    4.17113
 107.50000    4.17061
 108.00000    4.17008
 108.50000    4.16955
 109.00000    4.16902
 109.50000    4.16849
 110.00000    4.16796
 110.50000    4.16743
 111.00000    4.16718
 111.50000    4.16702
 112.00000    4.16686
 112.50000    4.16670
 113.00000    4.16654
 113.50000    4.16638
 114.00000    4.16622
 114.50000    4.16606
 115.00000    4.16614
 115.50000    4.16636
 116.00000    4.16658
 116.50000    4.16680
 117.00000    4.16703
 117.50000    4.16725
 118.00000    4.16747
 118.50000    4.16769
 119.00000    4.16808
 119.50000    4.16863
 120.00000    4.16919
 120.50000    4.16974
 121.00000    4.17029
 121.50000    4.17085
 122.00000    4.17140
 122.50000    4.17196
 123.00000    4.17264
 123.50000    4.17356
 124.00000    4.17447
 124.50000    4.17538
 125.00000    4.17629
 125.50000    4.17720
 126.00000    4.17811
 126.50000    4.17902
 127.00000    4.18001
 127.50000    4.18124
 128.00000    4.18247
 128.50000    4.18370
 129.00000    4.18494
 129.50000    4.18617
 130.00000    4.18740
 130.50000    4.18863
 131.00000    4.18990
 131.50000    4.19144
 132.00000    4.19297
 132.50000    4.19451
 133.00000    4.19605
 133.50000    4.19759
 134.00000    4.19913
 134.50000    4.20066
 135.00000    4.20220
 135.50000    4.20405
 136.00000    4.20590
 136.50000    4.20774
 137.00000    4.20959
 137.50000    4.21144
 138.00000    4.21328
 138.50000    4.21513
 139.00000    4.21697
 139.50000    4.21907
 140.00000    4.22120
 140.50000    4.22333
 141.00000    4.22546
 141.50000    4.22759
 142.00000    4.22971
 142.50000    4.23184
 143.00000    4.23397
 143.50000    4.23631
 144.00000    4.23871
 144.50000    4.24111
 145.00000    4.24351
 145.50000    4.24591
 146.00000    4.24831
 146.50000    4.25071
 147.00000    4.25311
 147.50000    4.25568
 148.00000    4.25835
 148.50000    4.26102
 149.00000    4.26369
 149.50000    4.26636
 150.00000    4.26903
