   0.00000    1.46810
   0.50000    2.07304
   1.00000    3.17065
   1.50000    3.19843
   2.00000    3.22622
   2.50000    3.25135
   3.00000    3.27635
   3.50000    3.30035
   4.00000    3.32257
   4.50000    3.34478
   5.00000    3.36503
   5.50000    3.38469
   6.00000    3.40390
   6.50000    3.42110
   7.00000    3.43829
   7.50000    3.45417
   8.00000    3.46916
   8.50000    3.48414
   9.00000    3.49712
   9.50000    3.51010
  10.00000    3.52230
  10.50000    3.53343
  11.00000    3.54456
  11.50000    3.55430
  12.00000    3.56377
  12.50000    3.57286
  13.00000    3.58082
  13.50000    3.58878
  14.00000    3.59593
  14.50000    3.60265
  15.00000    3.60929
  15.50000    3.61486
  16.00000    3.62042
  16.50000    3.62557
  17.00000    3.63029
  17.50000    3.63500
  18.00000    3.63903
  18.50000    3.64297
  19.00000    3.64674
  19.50000    3.65014
  20.00000    3.65354
  20.50000    3.65669
  21.00000    3.65975
  21.50000    3.66277
  22.00000    3.66563
  22.50000    3.66849
  23.00000    3.67137
  23.50000    3.67427
  24.00000    3.67717
  24.50000    3.68025
  25.00000    3.68334
  25.50000    3.68659
  26.00000    3.69011
  26.50000    3.69362
  27.00000    3.69756
  27.50000    3.70162
  28.00000    3.70582
  28.50000    3.71065
  29.00000    3.71548
  29.50000    3.72087
  30.00000    3.72663
  30.50000    3.73240
  31.00000    3.73932
  31.50000    3.74624
  32.00000    3.75371
  32.50000    3.76194
  33.00000    3.77017
  33.50000    3.77967
  34.00000    3.78940
  34.50000    3.79957
  35.00000    3.81101
  35.50000    3.82245
  36.00000    3.83514
  36.50000    3.84847
  37.00000    3.86194
  37.50000    3.87721
  38.00000    3.89247
  38.50000    4.00306
  39.00000    4.01161
  39.50000    4.02016
  40.00000    4.02871
  40.50000    4.03725
  41.00000    4.04580
  41.50000    4.05435
  42.00000    4.06290
  42.50000    4.07122
  43.00000    4.07863
  43.50000    4.08603
  44.00000    4.09343
  44.50000    4.10083
  45.00000    4.10824
  45.50000    4.11564
  46.00000    4.12304
  46.50000    4.13044
  47.00000    4.13682
  47.50000    4.14308
  48.00000    4.14933
  48.50000    4.15559
  49.00000    4.16185
  49.50000    4.16810
  50.00000    4.17436
  50.50000    4.18062
  51.00000    4.18624
  51.50000    4.19145
  52.00000    4.19666
  52.50000    4.20187
  53.00000    4.20708
  53.50000    4.21228
  54.00000    4.21749
  54.50000    4.22270
  55.00000    4.22761
  55.50000    4.23186
  56.00000    4.23610
  56.50000    4.24034
  57.00000    4.24459
  57.50000    4.24883
  58.00000    4.25307
  58.50000    4.25732
  59.00000    4.26155
  59.50000    4.26491
  60.00000    4.26828
  60.50000    4.27164
  61.00000    4.27500
  61.50000    4.27837
  62.00000    4.28173
  62.50000    4.28509
  63.00000    4.28846
  63.50000    4.29125
  64.00000    4.29382
  64.50000    4.29638
  65.00000    4.29895
  65.50000    4.30152
  66.00000    4.30409
  66.50000    4.30666
  67.00000    4.30922
  67.50000    4.31149
  68.00000    4.31335
  68.50000    4.31520
  69.00000    4.31706
  69.50000    4.31892
  70.00000    4.32077
  70.50000    4.32263
  71.00000    4.32449
  71.50000    4.32626
  72.00000    4.32750
  72.50000    4.32875
  73.00000    4.32999
  73.50000    4.33123
  74.00000    4.33247
  74.50000    4.33371
  75.00000    4.33496
  75.50000    4.33620
  76.00000    4.33698
  76.50000    4.33768
  77.00000    4.33838
  77.50000    4.33908
  78.00000    4.33978
  78.50000    4.34048
  79.00000    4.34118
  79.50000    4.34188
  80.00000    4.34234
  80.50000    4.34259
  81.00000    4.34284
  81.50000    4.34310
  82.00000    4.34335
  82.50000    4.34360
  83.00000    4.34386
  83.50000    4.34411
  84.00000    4.34427
  84.50000    4.34416
  85.00000    4.34406
  85.50000    4.34395
  86.00000    4.34384
  86.50000    4.34373
  87.00000    4.34362
  87.50000    4.34351
  88.00000    4.34341
  88.50000    4.34302
  89.00000    4.34262
  89.50000    4.34223
  90.00000    4.34183
  90.50000    4.34143
  91.00000    4.34103
  91.50000    4.34063
  92.00000    4.34024
  92.50000    4.33971
  93.00000    4.33912
  93.50000    4.33853
  94.00000    4.33794
  94.50000    4.33735
  95.00000    4.33676
  95.50000    4.33617
  96.00000    4.33558
  96.50000    4.33493
  97.00000    4.33418
  97.50000    4.33343
  98.00000    4.33269
  98.50000    4.33194
  99.00000    4.33119
  99.50000    4.33044
 100.00000    4.32970
 100.50000    4.32894
 101.00000    4.32808
 101.50000    4.32723
 102.00000    4.32637
 102.50000    4.32552
 103.00000    4.32466
 103.50000    4.32381
 104.00000    4.32295
 104.50000    4.32209
 105.00000    4.32115
 105.50000    4.32019
 106.00000    4.31922
 106.50000    4.31826
 107.00000    4.31730
 107.50000    4.31633
 108.00000    4.31537
 108.50000    4.31440
 109.00000    4.31342
 109.50000    4.31242
 110.00000    4.31142
 110.50000    4.31042
 111.00000    4.30942
 111.50000    4.30842
 112.00000    4.30742
 112.50000    4.30641
 113.00000    4.30541
 113.50000    4.30438
 114.00000    4.30336
 114.50000    4.30233
 115.00000    4.30131
 115.50000    4.30029
 116.00000    4.29926
 116.50000    4.29824
 117.00000    4.29721
 117.50000    4.29621
 118.00000    4.29521
 118.50000    4.29421
 119.00000    4.29321
 119.50000    4.29221
 120.00000    4.29121
 120.50000    4.29020
 121.00000    4.28920
 121.50000    4.28823
 122.00000    4.28728
 122.50000    4.28633
 123.00000    4.28537
 123.50000    4.28442
 124.00000    4.28347
 124.50000    4.28252
 125.00000    4.28156
 125.50000    4.28064
 126.00000    4.27979
 126.50000    4.27893
 127.00000    4.27807
 127.50000    4.27722
 128.00000    4.27636
 128.50000    4.27551
 129.00000    4.27465
 129.50000    4.27379
 130.00000    4.27306
 130.50000    4.27232
 131.00000    4.27159
 131.50000    4.27085
 132.00000    4.27012
 132.50000    4.26938
 133.00000    4.26865
 133.50000    4.26791
 134.00000    4.26729
 134.50000    4.26671
 135.00000    4.26613
 135.50000    4.26555
 136.00000    4.26497
 136.50000    4.26439
 137.00000    4.26382
 137.50000    4.26324
 138.00000    4.26274
 138.50000    4.26235
 139.00000    4.26197
 139.50000    4.26158
 140.00000    4.26120
 140.50000    4.26081
 141.00000    4.26042
 141.50000    4.26004
 142.00000    4.25968
 142.50000    4.25954
 143.00000    4.25939
 143.50000    4.25925
 144.00000    4.25910
 144.50000    4.25896
 145.00000    4.25881
 145.50000    4.25867
 146.00000    4.25852
 146.50000    4.25859
 147.00000    4.25870
 147.50000    4.25881
 148.00000    4.25892
 148.50000    4.25902
 149.00000    4.25913
 149.50000    4.25924
 150.00000    4.25935
