   0.00000    1.32400
   0.50000    3.13854
   1.00000    3.16472
   1.50000    3.19090
   2.00000    3.21438
   2.50000    3.23776
   3.00000    3.25931
   3.50000    3.27998
   4.00000    3.29966
   4.50000    3.31780
   5.00000    3.33570
   5.50000    3.35148
   6.00000    3.36725
   6.50000    3.38129
   7.00000    3.39493
   7.50000    3.40755
   8.00000    3.41926
   8.50000    3.43055
   9.00000    3.44047
   9.50000    3.45039
  10.00000    3.45882
  10.50000    3.46717
  11.00000    3.47462
  11.50000    3.48161
  12.00000    3.48818
  12.50000    3.49404
  13.00000    3.49981
  13.50000    3.50466
  14.00000    3.50951
  14.50000    3.51374
  15.00000    3.51780
  15.50000    3.52158
  16.00000    3.52507
  16.50000    3.52848
  17.00000    3.53159
  17.50000    3.53469
  18.00000    3.53763
  18.50000    3.54056
  19.00000    3.54349
  19.50000    3.54641
  20.00000    3.54942
  20.50000    3.55257
  21.00000    3.55574
  21.50000    3.55928
  22.00000    3.56282
  22.50000    3.56680
  23.00000    3.57091
  23.50000    3.57543
  24.00000    3.58037
  24.50000    3.58550
  25.00000    3.59140
  25.50000    3.59730
  26.00000    3.60428
  26.50000    3.61136
  27.00000    3.61932
  27.50000    3.62780
  28.00000    3.63681
  28.50000    3.64686
  29.00000    3.65700
  29.50000    3.66880
  30.00000    3.68060
  30.50000    3.69394
  31.00000    3.70775
  31.50000    3.72258
  32.00000    3.73853
  32.50000    3.75490
  33.00000    3.77308
  33.50000    3.79126
  34.00000    4.25964
  34.50000    4.26013
  35.00000    4.26063
  35.50000    4.26112
  36.00000    4.26161
  36.50000    4.26210
  37.00000    4.26259
  37.50000    4.26309
  38.00000    4.26345
  38.50000    4.26358
  39.00000    4.26370
  39.50000    4.26383
  40.00000    4.26396
  40.50000    4.26409
  41.00000    4.26422
  41.50000    4.26435
  42.00000    4.26448
  42.50000    4.26434
  43.00000    4.26414
  43.50000    4.26394
  44.00000    4.26374
  44.50000    4.26354
  45.00000    4.26334
  45.50000    4.26314
  46.00000    4.26294
  46.50000    4.26267
  47.00000    4.26221
  47.50000    4.26175
  48.00000    4.26130
  48.50000    4.26084
  49.00000    4.26038
  49.50000    4.25993
  50.00000    4.25947
  50.50000    4.25901
  51.00000    4.25839
  51.50000    4.25771
  52.00000    4.25703
  52.50000    4.25635
  53.00000    4.25567
  53.50000    4.25499
  54.00000    4.25431
  54.50000    4.25363
  55.00000    4.25291
  55.50000    4.25207
  56.00000    4.25123
  56.50000    4.25038
  57.00000    4.24954
  57.50000    4.24870
  58.00000    4.24785
  58.50000    4.24701
  59.00000    4.24617
  59.50000    4.24525
  60.00000    4.24430
  60.50000    4.24335
  61.00000    4.24240
  61.50000    4.24146
  62.00000    4.24051
  62.50000    4.23956
  63.00000    4.23861
  63.50000    4.23765
  64.00000    4.23663
  64.50000    4.23561
  65.00000    4.23459
  65.50000    4.23357
  66.00000    4.23255
  66.50000    4.23153
  67.00000    4.23051
  67.50000    4.22950
  68.00000    4.22847
  68.50000    4.22744
  69.00000    4.22641
  69.50000    4.22538
  70.00000    4.22435
  70.50000    4.22331
  71.00000    4.22228
  71.50000    4.22125
  72.00000    4.22022
  72.50000    4.21923
  73.00000    4.21823
  73.50000    4.21724
  74.00000    4.21624
  74.50000    4.21525
  75.00000    4.21425
  75.50000    4.21325
  76.00000    4.21226
  76.50000    4.21131
  77.00000    4.21041
  77.50000    4.20951
  78.00000    4.20861
  78.50000    4.20770
  79.00000    4.20680
  79.50000    4.20590
  80.00000    4.20500
  80.50000    4.20410
  81.00000    4.20335
  81.50000    4.20260
  82.00000    4.20185
  82.50000    4.20110
  83.00000    4.20035
  83.50000    4.19960
  84.00000    4.19885
  84.50000    4.19810
  85.00000    4.19743
  85.50000    4.19686
  86.00000    4.19628
  86.50000    4.19571
  87.00000    4.19513
  87.50000    4.19456
  88.00000    4.19399
  88.50000    4.19341
  89.00000    4.19284
  89.50000    4.19249
  90.00000    4.19217
  90.50000    4.19184
  91.00000    4.19151
  91.50000    4.19118
  92.00000    4.19085
  92.50000    4.19053
  93.00000    4.19020
  93.50000    4.18996
  94.00000    4.18985
  94.50000    4.18975
  95.00000    4.18964
  95.50000    4.18954
  96.00000    4.18943
  96.50000    4.18933
  97.00000    4.18922
  97.50000    4.18911
  98.00000    4.18920
  98.50000    4.18932
  99.00000    4.18944
  99.50000    4.18955
 100.00000    4.18967
 100.50000    4.18979
 101.00000    4.18990
 101.50000    4.19002
 102.00000    4.19021
 102.50000    4.19053
 103.00000    4.19086
 103.50000    4.19119
 104.00000    4.19152
 104.50000    4.19185
 105.00000    4.19218
 105.50000    4.19250
 106.00000    4.19283
 106.50000    4.19331
 107.00000    4.19382
 107.50000    4.19434
 108.00000    4.19485
 108.50000    4.19537
 109.00000    4.19588
 109.50000    4.19640
 110.00000    4.19692
 110.50000    4.19748
 111.00000    4.19817
 111.50000    4.19886
 112.00000    4.19955
 112.50000    4.20024
 113.00000    4.20093
 113.50000    4.20162
 114.00000    4.20231
 114.50000    4.20301
 115.00000    4.20383
 115.50000    4.20471
 116.00000    4.20559
 116.50000    4.20647
 117.00000    4.20735
 117.50000    4.20822
 118.00000    4.20910
 118.50000    4.20998
 119.00000    4.21089
 119.50000    4.21190
 120.00000    4.21292
 120.50000    4.21394
 121.00000    4.21496
 121.50000    4.21598
 122.00000    4.21700
 122.50000    4.21802
 123.00000    4.21904
 123.50000    4.22016
 124.00000    4.22133
 124.50000    4.22250
 125.00000    4.22367
 125.50000    4.22484
 126.00000    4.22601
 126.50000    4.22719
 127.00000    4.22836
 127.50000    4.22954
 128.00000    4.23084
 128.50000    4.23214
 129.00000    4.23344
 129.50000    4.23474
 130.00000    4.23604
 130.50000    4.23735
 131.00000    4.23865
 131.50000    4.23995
 132.00000    4.24132
 132.50000    4.24275
 133.00000    4.24418
 133.50000    4.24561
 134.00000    4.24704
 134.50000    4.24847
 135.00000    4.24990
 135.50000    4.25133
 136.00000    4.25276
 136.50000    4.25428
 137.00000    4.25580
 137.50000    4.25733
 138.00000    4.25885
 138.50000    4.26037
 139.00000    4.26190
 139.50000    4.26342
 140.00000    4.26494
 140.50000    4.26652
 141.00000    4.26815
 141.50000    4.26977
 142.00000    4.27140
 142.50000    4.27303
 143.00000    4.27466
 143.50000    4.27629
 144.00000    4.27792
 144.50000    4.27954
 145.00000    4.28125
 145.50000    4.28296
 146.00000    4.28467
 146.50000    4.28638
 147.00000    4.28809
 147.50000    4.28980
 148.00000    4.29151
 148.50000    4.29323
 149.00000    4.29497
 149.50000    4.29675
 150.00000    4.29853
