   0.00000    1.94280
   0.50000    2.05941
   1.00000    2.17601
   1.50000    2.29262
   2.00000    2.40923
   2.50000    2.52583
   3.00000    2.64244
   3.50000    2.75905
   4.00000    2.87566
   4.50000    2.99226
   5.00000    3.10887
   5.50000    3.54116
   6.00000    3.54659
   6.50000    3.55202
   7.00000    3.55693
   7.50000    3.56172
   8.00000    3.56651
   8.50000    3.57086
   9.00000    3.57501
   9.50000    3.57916
  10.00000    3.58305
  10.50000    3.58672
  11.00000    3.59040
  11.50000    3.59388
  12.00000    3.59710
  12.50000    3.60033
  13.00000    3.60346
  13.50000    3.60637
  14.00000    3.60928
  14.50000    3.61215
  15.00000    3.61487
  15.50000    3.61758
  16.00000    3.62029
  16.50000    3.62285
  17.00000    3.62540
  17.50000    3.62796
  18.00000    3.63051
  18.50000    3.63307
  19.00000    3.63562
  19.50000    3.63820
  20.00000    3.64079
  20.50000    3.64338
  21.00000    3.64609
  21.50000    3.64887
  22.00000    3.65165
  22.50000    3.65454
  23.00000    3.65754
  23.50000    3.66054
  24.00000    3.66369
  24.50000    3.66708
  25.00000    3.67046
  25.50000    3.67395
  26.00000    3.67776
  26.50000    3.68156
  27.00000    3.68543
  27.50000    3.68980
  28.00000    3.69418
  28.50000    3.69855
  29.00000    3.70356
  29.50000    3.70858
  30.00000    3.71359
  30.50000    3.71924
  31.00000    3.72499
  31.50000    3.73074
  32.00000    3.73707
  32.50000    3.74362
  33.00000    3.75017
  33.50000    3.75729
  34.00000    3.76479
  34.50000    3.77230
  35.00000    3.78028
  35.50000    3.78881
  36.00000    3.79734
  36.50000    3.80625
  37.00000    3.81593
  37.50000    3.82561
  38.00000    3.83553
  38.50000    3.84639
  39.00000    3.85725
  39.50000    3.86821
  40.00000    3.88038
  40.50000    3.89255
  41.00000    3.90472
  41.50000    3.91825
  42.00000    3.93185
  42.50000    3.94546
  43.00000    3.96026
  43.50000    3.97534
  44.00000    3.99042
  44.50000    4.00661
  45.00000    4.02331
  45.50000    4.04002
  46.00000    4.05766
  46.50000    4.07606
  47.00000    4.09446
  47.50000    4.11361
  48.00000    4.13379
  48.50000    4.15398
  49.00000    4.17468
  49.50000    4.19662
  50.00000    4.21857
  50.50000    4.40233
  51.00000    4.40187
  51.50000    4.40142
  52.00000    4.40096
  52.50000    4.40050
  53.00000    4.40005
  53.50000    4.39959
  54.00000    4.39914
  54.50000    4.39868
  55.00000    4.39823
  55.50000    4.39777
  56.00000    4.39723
  56.50000    4.39666
  57.00000    4.39610
  57.50000    4.39554
  58.00000    4.39498
  58.50000    4.39441
  59.00000    4.39385
  59.50000    4.39329
  60.00000    4.39273
  60.50000    4.39217
  61.00000    4.39156
  61.50000    4.39092
  62.00000    4.39028
  62.50000    4.38964
  63.00000    4.38900
  63.50000    4.38836
  64.00000    4.38772
  64.50000    4.38708
  65.00000    4.38644
  65.50000    4.38580
  66.00000    4.38515
  66.50000    4.38444
  67.00000    4.38373
  67.50000    4.38303
  68.00000    4.38232
  68.50000    4.38161
  69.00000    4.38090
  69.50000    4.38020
  70.00000    4.37949
  70.50000    4.37878
  71.00000    4.37807
  71.50000    4.37733
  72.00000    4.37658
  72.50000    4.37584
  73.00000    4.37509
  73.50000    4.37435
  74.00000    4.37360
  74.50000    4.37285
  75.00000    4.37211
  75.50000    4.37136
  76.00000    4.37061
  76.50000    4.36986
  77.00000    4.36909
  77.50000    4.36832
  78.00000    4.36756
  78.50000    4.36679
  79.00000    4.36603
  79.50000    4.36526
  80.00000    4.36449
  80.50000    4.36373
  81.00000    4.36296
  81.50000    4.36219
  82.00000    4.36142
  82.50000    4.36064
  83.00000    4.35987
  83.50000    4.35909
  84.00000    4.35832
  84.50000    4.35754
  85.00000    4.35677
  85.50000    4.35599
  86.00000    4.35522
  86.50000    4.35444
  87.00000    4.35366
  87.50000    4.35289
  88.00000    4.35211
  88.50000    4.35134
  89.00000    4.35056
  89.50000    4.34979
  90.00000    4.34901
  90.50000    4.34824
  91.00000    4.34746
  91.50000    4.34668
  92.00000    4.34594
  92.50000    4.34521
  93.00000    4.34449
  93.50000    4.34376
  94.00000    4.34303
  94.50000    4.34230
  95.00000    4.34158
  95.50000    4.34085
  96.00000    4.34012
  96.50000    4.33940
  97.00000    4.33868
  97.50000    4.33799
  98.00000    4.33731
  98.50000    4.33662
  99.00000    4.33593
  99.50000    4.33524
 100.00000    4.33455
 100.50000    4.33386
 101.00000    4.33318
 101.50000    4.33249
 102.00000    4.33180
 102.50000    4.33118
 103.00000    4.33056
 103.50000    4.32994
 104.00000    4.32932
 104.50000    4.32870
 105.00000    4.32808
 105.50000    4.32746
 106.00000    4.32684
 106.50000    4.32622
 107.00000    4.32559
 107.50000    4.32506
 108.00000    4.32457
 108.50000    4.32407
 109.00000    4.32358
 109.50000    4.32308
 110.00000    4.32259
 110.50000    4.32209
 111.00000    4.32160
 111.50000    4.32111
 112.00000    4.32061
 112.50000    4.32017
 113.00000    4.31981
 113.50000    4.31945
 114.00000    4.31909
 114.50000    4.31873
 115.00000    4.31837
 115.50000    4.31802
 116.00000    4.31766
 116.50000    4.31730
 117.00000    4.31694
 117.50000    4.31659
 118.00000    4.31643
 118.50000    4.31626
 119.00000    4.31610
 119.50000    4.31593
 120.00000    4.31577
 120.50000    4.31560
 121.00000    4.31544
 121.50000    4.31527
 122.00000    4.31511
 122.50000    4.31494
 123.00000    4.31494
 123.50000    4.31500
 124.00000    4.31506
 124.50000    4.31512
 125.00000    4.31518
 125.50000    4.31523
 126.00000    4.31529
 126.50000    4.31535
 127.00000    4.31541
 127.50000    4.31547
 128.00000    4.31563
 128.50000    4.31595
 129.00000    4.31627
 129.50000    4.31659
 130.00000    4.31691
 130.50000    4.31723
 131.00000    4.31755
 131.50000    4.31787
 132.00000    4.31819
 132.50000    4.31851
 133.00000    4.31887
 133.50000    4.31949
 134.00000    4.32011
 134.50000    4.32073
 135.00000    4.32135
 135.50000    4.32197
 136.00000    4.32259
 136.50000    4.32321
 137.00000    4.32383
 137.50000    4.32445
 138.00000    4.32507
 138.50000    4.32595
 139.00000    4.32690
 139.50000    4.32785
 140.00000    4.32880
 140.50000    4.32975
 141.00000    4.33070
 141.50000    4.33165
 142.00000    4.33260
 142.50000    4.33355
 143.00000    4.33450
 143.50000    4.33563
 144.00000    4.33697
 144.50000    4.33831
 145.00000    4.33965
 145.50000    4.34098
 146.00000    4.34232
 146.50000    4.34366
 147.00000    4.34500
 147.50000    4.34634
 148.00000    4.34767
 148.50000    4.34907
 149.00000    4.35081
 149.50000    4.35254
 150.00000    4.35428
