   0.00000    1.67780
   0.50000    1.94450
   1.00000    2.21119
   1.50000    2.47789
   2.00000    2.74458
   2.50000    3.39726
   3.00000    3.40653
   3.50000    3.41581
   4.00000    3.42491
   4.50000    3.43318
   5.00000    3.44145
   5.50000    3.44972
   6.00000    3.45709
   6.50000    3.46435
   7.00000    3.47161
   7.50000    3.47835
   8.00000    3.48475
   8.50000    3.49116
   9.00000    3.49731
   9.50000    3.50296
  10.00000    3.50860
  10.50000    3.51421
  11.00000    3.51918
  11.50000    3.52415
  12.00000    3.52913
  12.50000    3.53367
  13.00000    3.53809
  13.50000    3.54252
  14.00000    3.54671
  14.50000    3.55068
  15.00000    3.55464
  15.50000    3.55852
  16.00000    3.56209
  16.50000    3.56566
  17.00000    3.56923
  17.50000    3.57260
  18.00000    3.57595
  18.50000    3.57931
  19.00000    3.58254
  19.50000    3.58571
  20.00000    3.58889
  20.50000    3.59204
  21.00000    3.59515
  21.50000    3.59826
  22.00000    3.60138
  22.50000    3.60459
  23.00000    3.60779
  23.50000    3.61100
  24.00000    3.61430
  24.50000    3.61763
  25.00000    3.62095
  25.50000    3.62442
  26.00000    3.62799
  26.50000    3.63156
  27.00000    3.63523
  27.50000    3.63917
  28.00000    3.64311
  28.50000    3.64705
  29.00000    3.65144
  29.50000    3.65583
  30.00000    3.66023
  30.50000    3.66505
  31.00000    3.67002
  31.50000    3.67499
  32.00000    3.68026
  32.50000    3.68587
  33.00000    3.69149
  33.50000    3.69724
  34.00000    3.70362
  34.50000    3.70999
  35.00000    3.71637
  35.50000    3.72354
  36.00000    3.73081
  36.50000    3.73807
  37.00000    3.74592
  37.50000    3.75413
  38.00000    3.76234
  38.50000    3.77092
  39.00000    3.78023
  39.50000    3.78954
  40.00000    3.79892
  40.50000    3.80939
  41.00000    3.81986
  41.50000    3.83032
  42.00000    3.84178
  42.50000    3.85349
  43.00000    3.86521
  43.50000    3.87765
  44.00000    3.89077
  44.50000    3.90389
  45.00000    3.91736
  45.50000    3.93194
  46.00000    3.94653
  46.50000    3.96111
  47.00000    3.97725
  47.50000    3.99345
  48.00000    4.00965
  48.50000    4.02690
  49.00000    4.04462
  49.50000    4.06235
  50.00000    4.25456
  50.50000    4.25743
  51.00000    4.26030
  51.50000    4.26317
  52.00000    4.26604
  52.50000    4.26891
  53.00000    4.27178
  53.50000    4.27465
  54.00000    4.27710
  54.50000    4.27939
  55.00000    4.28167
  55.50000    4.28396
  56.00000    4.28624
  56.50000    4.28853
  57.00000    4.29081
  57.50000    4.29310
  58.00000    4.29483
  58.50000    4.29655
  59.00000    4.29828
  59.50000    4.30001
  60.00000    4.30173
  60.50000    4.30346
  61.00000    4.30519
  61.50000    4.30677
  62.00000    4.30800
  62.50000    4.30923
  63.00000    4.31047
  63.50000    4.31170
  64.00000    4.31293
  64.50000    4.31417
  65.00000    4.31540
  65.50000    4.31638
  66.00000    4.31718
  66.50000    4.31799
  67.00000    4.31879
  67.50000    4.31960
  68.00000    4.32040
  68.50000    4.32121
  69.00000    4.32201
  69.50000    4.32248
  70.00000    4.32291
  70.50000    4.32334
  71.00000    4.32377
  71.50000    4.32420
  72.00000    4.32462
  72.50000    4.32505
  73.00000    4.32542
  73.50000    4.32554
  74.00000    4.32566
  74.50000    4.32577
  75.00000    4.32589
  75.50000    4.32601
  76.00000    4.32612
  76.50000    4.32624
  77.00000    4.32623
  77.50000    4.32609
  78.00000    4.32594
  78.50000    4.32580
  79.00000    4.32566
  79.50000    4.32552
  80.00000    4.32537
  80.50000    4.32523
  81.00000    4.32494
  81.50000    4.32460
  82.00000    4.32426
  82.50000    4.32392
  83.00000    4.32359
  83.50000    4.32325
  84.00000    4.32291
  84.50000    4.32256
  85.00000    4.32209
  85.50000    4.32163
  86.00000    4.32116
  86.50000    4.32069
  87.00000    4.32023
  87.50000    4.31976
  88.00000    4.31929
  88.50000    4.31880
  89.00000    4.31827
  89.50000    4.31773
  90.00000    4.31720
  90.50000    4.31667
  91.00000    4.31614
  91.50000    4.31561
  92.00000    4.31507
  92.50000    4.31452
  93.00000    4.31396
  93.50000    4.31341
  94.00000    4.31285
  94.50000    4.31229
  95.00000    4.31173
  95.50000    4.31117
  96.00000    4.31062
  96.50000    4.31011
  97.00000    4.30960
  97.50000    4.30910
  98.00000    4.30859
  98.50000    4.30808
  99.00000    4.30758
  99.50000    4.30707
 100.00000    4.30659
 100.50000    4.30617
 101.00000    4.30576
 101.50000    4.30534
 102.00000    4.30493
 102.50000    4.30451
 103.00000    4.30409
 103.50000    4.30368
 104.00000    4.30333
 104.50000    4.30303
 105.00000    4.30273
 105.50000    4.30243
 106.00000    4.30214
 106.50000    4.30184
 107.00000    4.30154
 107.50000    4.30124
 108.00000    4.30105
 108.50000    4.30089
 109.00000    4.30072
 109.50000    4.30055
 110.00000    4.30038
 110.50000    4.30021
 111.00000    4.30004
 111.50000    4.29989
 112.00000    4.29984
 112.50000    4.29979
 113.00000    4.29974
 113.50000    4.29968
 114.00000    4.29963
 114.50000    4.29958
 115.00000    4.29953
 115.50000    4.29955
 116.00000    4.29965
 116.50000    4.29976
 117.00000    4.29986
 117.50000    4.29996
 118.00000    4.30007
 118.50000    4.30017
 119.00000    4.30027
 119.50000    4.30049
 120.00000    4.30073
 120.50000    4.30098
 121.00000    4.30123
 121.50000    4.30147
 122.00000    4.30172
 122.50000    4.30197
 123.00000    4.30222
 123.50000    4.30262
 124.00000    4.30303
 124.50000    4.30343
 125.00000    4.30383
 125.50000    4.30423
 126.00000    4.30464
 126.50000    4.30504
 127.00000    4.30550
 127.50000    4.30605
 128.00000    4.30661
 128.50000    4.30717
 129.00000    4.30773
 129.50000    4.30829
 130.00000    4.30885
 130.50000    4.30940
 131.00000    4.31008
 131.50000    4.31082
 132.00000    4.31156
 132.50000    4.31230
 133.00000    4.31304
 133.50000    4.31378
 134.00000    4.31452
 134.50000    4.31526
 135.00000    4.31618
 135.50000    4.31712
 136.00000    4.31805
 136.50000    4.31899
 137.00000    4.31992
 137.50000    4.32086
 138.00000    4.32179
 138.50000    4.32277
 139.00000    4.32389
 139.50000    4.32500
 140.00000    4.32612
 140.50000    4.32724
 141.00000    4.32835
 141.50000    4.32947
 142.00000    4.33059
 142.50000    4.33181
 143.00000    4.33312
 143.50000    4.33443
 144.00000    4.33574
 144.50000    4.33705
 145.00000    4.33836
 145.50000    4.33968
 146.00000    4.34099
 146.50000    4.34248
 147.00000    4.34402
 147.50000    4.34555
 148.00000    4.34708
 148.50000    4.34861
 149.00000    4.35014
 149.50000    4.35167
 150.00000    4.35323
