   0.00000    1.11070
   0.50000    1.80259
   1.00000    3.22058
   1.50000    3.23939
   2.00000    3.25706
   2.50000    3.27376
   3.00000    3.28974
   3.50000    3.30438
   4.00000    3.31870
   4.50000    3.33142
   5.00000    3.34415
   5.50000    3.35521
   6.00000    3.36623
   6.50000    3.37595
   7.00000    3.38533
   7.50000    3.39390
   8.00000    3.40196
   8.50000    3.40947
   9.00000    3.41624
   9.50000    3.42275
  10.00000    3.42842
  10.50000    3.43405
  11.00000    3.43886
  11.50000    3.44366
  12.00000    3.44779
  12.50000    3.45182
  13.00000    3.45544
  13.50000    3.45887
  14.00000    3.46210
  14.50000    3.46512
  15.00000    3.46807
  15.50000    3.47086
  16.00000    3.47364
  16.50000    3.47634
  17.00000    3.47904
  17.50000    3.48178
  18.00000    3.48452
  18.50000    3.48744
  19.00000    3.49042
  19.50000    3.49365
  20.00000    3.49708
  20.50000    3.50070
  21.00000    3.50464
  21.50000    3.50873
  22.00000    3.51344
  22.50000    3.51816
  23.00000    3.52375
  23.50000    3.52933
  24.00000    3.53582
  24.50000    3.54250
  25.00000    3.54994
  25.50000    3.55781
  26.00000    3.56632
  26.50000    3.57561
  27.00000    3.58532
  27.50000    3.59616
  28.00000    3.60715
  28.50000    3.61969
  29.00000    3.63222
  29.50000    3.64649
  30.00000    3.66094
  30.50000    3.67684
  31.00000    3.69331
  31.50000    3.71091
  32.00000    3.72954
  32.50000    4.31478
  33.00000    4.31327
  33.50000    4.31176
  34.00000    4.31025
  34.50000    4.30874
  35.00000    4.30722
  35.50000    4.30571
  36.00000    4.30420
  36.50000    4.30269
  37.00000    4.30121
  37.50000    4.29975
  38.00000    4.29828
  38.50000    4.29682
  39.00000    4.29535
  39.50000    4.29388
  40.00000    4.29242
  40.50000    4.29095
  41.00000    4.28950
  41.50000    4.28812
  42.00000    4.28673
  42.50000    4.28535
  43.00000    4.28396
  43.50000    4.28258
  44.00000    4.28120
  44.50000    4.27981
  45.00000    4.27843
  45.50000    4.27710
  46.00000    4.27580
  46.50000    4.27451
  47.00000    4.27322
  47.50000    4.27193
  48.00000    4.27064
  48.50000    4.26935
  49.00000    4.26806
  49.50000    4.26677
  50.00000    4.26555
  50.50000    4.26434
  51.00000    4.26314
  51.50000    4.26193
  52.00000    4.26072
  52.50000    4.25951
  53.00000    4.25830
  53.50000    4.25709
  54.00000    4.25591
  54.50000    4.25481
  55.00000    4.25370
  55.50000    4.25260
  56.00000    4.25150
  56.50000    4.25039
  57.00000    4.24929
  57.50000    4.24818
  58.00000    4.24708
  58.50000    4.24605
  59.00000    4.24505
  59.50000    4.24405
  60.00000    4.24305
  60.50000    4.24205
  61.00000    4.24105
  61.50000    4.24005
  62.00000    4.23905
  62.50000    4.23807
  63.00000    4.23720
  63.50000    4.23632
  64.00000    4.23545
  64.50000    4.23458
  65.00000    4.23371
  65.50000    4.23283
  66.00000    4.23196
  66.50000    4.23109
  67.00000    4.23028
  67.50000    4.22953
  68.00000    4.22877
  68.50000    4.22801
  69.00000    4.22726
  69.50000    4.22650
  70.00000    4.22575
  70.50000    4.22499
  71.00000    4.22423
  71.50000    4.22360
  72.00000    4.22297
  72.50000    4.22234
  73.00000    4.22172
  73.50000    4.22109
  74.00000    4.22046
  74.50000    4.21983
  75.00000    4.21920
  75.50000    4.21863
  76.00000    4.21815
  76.50000    4.21768
  77.00000    4.21720
  77.50000    4.21672
  78.00000    4.21625
  78.50000    4.21577
  79.00000    4.21529
  79.50000    4.21482
  80.00000    4.21445
  80.50000    4.21413
  81.00000    4.21380
  81.50000    4.21348
  82.00000    4.21315
  82.50000    4.21283
  83.00000    4.21250
  83.50000    4.21217
  84.00000    4.21187
  84.50000    4.21168
  85.00000    4.21150
  85.50000    4.21131
  86.00000    4.21113
  86.50000    4.21094
  87.00000    4.21075
  87.50000    4.21057
  88.00000    4.21038
  88.50000    4.21029
  89.00000    4.21028
  89.50000    4.21027
  90.00000    4.21026
  90.50000    4.21025
  91.00000    4.21024
  91.50000    4.21022
  92.00000    4.21021
  92.50000    4.21020
  93.00000    4.21035
  93.50000    4.21050
  94.00000    4.21065
  94.50000    4.21080
  95.00000    4.21095
  95.50000    4.21110
  96.00000    4.21125
  96.50000    4.21140
  97.00000    4.21161
  97.50000    4.21191
  98.00000    4.21221
  98.50000    4.21252
  99.00000    4.21282
  99.50000    4.21312
 100.00000    4.21342
 100.50000    4.21373
 101.00000    4.21403
 101.50000    4.21445
 102.00000    4.21490
 102.50000    4.21535
 103.00000    4.21581
 103.50000    4.21626
 104.00000    4.21671
 104.50000    4.21717
 105.00000    4.21762
 105.50000    4.21810
 106.00000    4.21871
 106.50000    4.21931
 107.00000    4.21991
 107.50000    4.22052
 108.00000    4.22112
 108.50000    4.22173
 109.00000    4.22233
 109.50000    4.22294
 110.00000    4.22363
 110.50000    4.22439
 111.00000    4.22514
 111.50000    4.22590
 112.00000    4.22665
 112.50000    4.22741
 113.00000    4.22817
 113.50000    4.22892
 114.00000    4.22968
 114.50000    4.23057
 115.00000    4.23146
 115.50000    4.23236
 116.00000    4.23326
 116.50000    4.23415
 117.00000    4.23505
 117.50000    4.23594
 118.00000    4.23684
 118.50000    4.23778
 119.00000    4.23882
 119.50000    4.23985
 120.00000    4.24089
 120.50000    4.24192
 121.00000    4.24296
 121.50000    4.24399
 122.00000    4.24503
 122.50000    4.24606
 123.00000    4.24720
 123.50000    4.24836
 124.00000    4.24952
 124.50000    4.25069
 125.00000    4.25185
 125.50000    4.25301
 126.00000    4.25418
 126.50000    4.25534
 127.00000    4.25653
 127.50000    4.25783
 128.00000    4.25913
 128.50000    4.26043
 129.00000    4.26174
 129.50000    4.26304
 130.00000    4.26434
 130.50000    4.26565
 131.00000    4.26695
 131.50000    4.26832
 132.00000    4.26974
 132.50000    4.27116
 133.00000    4.27257
 133.50000    4.27399
 134.00000    4.27541
 134.50000    4.27683
 135.00000    4.27825
 135.50000    4.27967
 136.00000    4.28122
 136.50000    4.28278
 137.00000    4.28434
 137.50000    4.28590
 138.00000    4.28746
 138.50000    4.28901
 139.00000    4.29057
 139.50000    4.29213
 140.00000    4.29373
 140.50000    4.29539
 141.00000    4.29706
 141.50000    4.29872
 142.00000    4.30038
 142.50000    4.30204
 143.00000    4.30371
 143.50000    4.30537
 144.00000    4.30703
 144.50000    4.30880
 145.00000    4.31059
 145.50000    4.31238
 146.00000    4.31417
 146.50000    4.31596
 147.00000    4.31775
 147.50000    4.31954
 148.00000    4.32133
 148.50000    4.32315
 149.00000    4.32504
 149.50000    4.32694
 150.00000    4.32883
