   0.00000    1.52440
   0.50000    1.85996
   1.00000    2.19552
   1.50000    2.53109
   2.00000    3.38884
   2.50000    3.40364
   3.00000    3.41845
   3.50000    3.43247
   4.00000    3.44592
   4.50000    3.45937
   5.00000    3.47204
   5.50000    3.48410
   6.00000    3.49616
   6.50000    3.50754
   7.00000    3.51834
   7.50000    3.52914
   8.00000    3.53934
   8.50000    3.54898
   9.00000    3.55861
   9.50000    3.56771
  10.00000    3.57626
  10.50000    3.58480
  11.00000    3.59291
  11.50000    3.60052
  12.00000    3.60814
  12.50000    3.61537
  13.00000    3.62212
  13.50000    3.62888
  14.00000    3.63531
  14.50000    3.64130
  15.00000    3.64729
  15.50000    3.65301
  16.00000    3.65835
  16.50000    3.66368
  17.00000    3.66880
  17.50000    3.67360
  18.00000    3.67841
  18.50000    3.68303
  19.00000    3.68737
  19.50000    3.69171
  20.00000    3.69592
  20.50000    3.69989
  21.00000    3.70387
  21.50000    3.70776
  22.00000    3.71151
  22.50000    3.71525
  23.00000    3.71895
  23.50000    3.72256
  24.00000    3.72617
  24.50000    3.72977
  25.00000    3.73334
  25.50000    3.73692
  26.00000    3.74051
  26.50000    3.74412
  27.00000    3.74773
  27.50000    3.75139
  28.00000    3.75520
  28.50000    3.75901
  29.00000    3.76287
  29.50000    3.76691
  30.00000    3.77095
  30.50000    3.77508
  31.00000    3.77952
  31.50000    3.78396
  32.00000    3.78849
  32.50000    3.79339
  33.00000    3.79829
  33.50000    3.80329
  34.00000    3.80876
  34.50000    3.81422
  35.00000    3.81980
  35.50000    3.82596
  36.00000    3.83212
  36.50000    3.83839
  37.00000    3.84535
  37.50000    3.85230
  38.00000    3.85937
  38.50000    3.86718
  39.00000    3.87500
  39.50000    3.88291
  40.00000    3.89169
  40.50000    3.90047
  41.00000    3.90934
  41.50000    3.91924
  42.00000    3.92914
  42.50000    3.93912
  43.00000    3.95018
  43.50000    3.96124
  44.00000    3.97236
  44.50000    3.98465
  45.00000    3.99694
  45.50000    4.39970
  46.00000    4.39982
  46.50000    4.39993
  47.00000    4.40004
  47.50000    4.40016
  48.00000    4.40027
  48.50000    4.40038
  49.00000    4.40050
  49.50000    4.40060
  50.00000    4.40064
  50.50000    4.40068
  51.00000    4.40072
  51.50000    4.40076
  52.00000    4.40079
  52.50000    4.40083
  53.00000    4.40087
  53.50000    4.40090
  54.00000    4.40087
  54.50000    4.40085
  55.00000    4.40082
  55.50000    4.40079
  56.00000    4.40077
  56.50000    4.40074
  57.00000    4.40072
  57.50000    4.40068
  58.00000    4.40060
  58.50000    4.40053
  59.00000    4.40045
  59.50000    4.40038
  60.00000    4.40030
  60.50000    4.40023
  61.00000    4.40015
  61.50000    4.40007
  62.00000    4.39998
  62.50000    4.39989
  63.00000    4.39981
  63.50000    4.39972
  64.00000    4.39963
  64.50000    4.39954
  65.00000    4.39945
  65.50000    4.39937
  66.00000    4.39929
  66.50000    4.39922
  67.00000    4.39914
  67.50000    4.39907
  68.00000    4.39899
  68.50000    4.39891
  69.00000    4.39884
  69.50000    4.39877
  70.00000    4.39871
  70.50000    4.39864
  71.00000    4.39858
  71.50000    4.39852
  72.00000    4.39845
  72.50000    4.39839
  73.00000    4.39833
  73.50000    4.39829
  74.00000    4.39828
  74.50000    4.39827
  75.00000    4.39826
  75.50000    4.39824
  76.00000    4.39823
  76.50000    4.39822
  77.00000    4.39820
  77.50000    4.39824
  78.00000    4.39830
  78.50000    4.39837
  79.00000    4.39843
  79.50000    4.39849
  80.00000    4.39856
  80.50000    4.39862
  81.00000    4.39868
  81.50000    4.39881
  82.00000    4.39896
  82.50000    4.39911
  83.00000    4.39926
  83.50000    4.39941
  84.00000    4.39957
  84.50000    4.39972
  85.00000    4.39987
  85.50000    4.40011
  86.00000    4.40037
  86.50000    4.40064
  87.00000    4.40090
  87.50000    4.40117
  88.00000    4.40143
  88.50000    4.40170
  89.00000    4.40196
  89.50000    4.40234
  90.00000    4.40273
  90.50000    4.40312
  91.00000    4.40351
  91.50000    4.40390
  92.00000    4.40429
  92.50000    4.40469
  93.00000    4.40508
  93.50000    4.40562
  94.00000    4.40618
  94.50000    4.40673
  95.00000    4.40729
  95.50000    4.40784
  96.00000    4.40840
  96.50000    4.40895
  97.00000    4.40951
  97.50000    4.41023
  98.00000    4.41095
  98.50000    4.41167
  99.00000    4.41239
  99.50000    4.41311
 100.00000    4.41383
 100.50000    4.41455
 101.00000    4.41528
 101.50000    4.41617
 102.00000    4.41705
 102.50000    4.41793
 103.00000    4.41882
 103.50000    4.41970
 104.00000    4.42058
 104.50000    4.42147
 105.00000    4.42237
 105.50000    4.42340
 106.00000    4.42442
 106.50000    4.42544
 107.00000    4.42646
 107.50000    4.42748
 108.00000    4.42851
 108.50000    4.42953
 109.00000    4.43058
 109.50000    4.43172
 110.00000    4.43285
 110.50000    4.43399
 111.00000    4.43512
 111.50000    4.43626
 112.00000    4.43739
 112.50000    4.43853
 113.00000    4.43969
 113.50000    4.44092
 114.00000    4.44214
 114.50000    4.44337
 115.00000    4.44459
 115.50000    4.44581
 116.00000    4.44704
 116.50000    4.44826
 117.00000    4.44952
 117.50000    4.45082
 118.00000    4.45212
 118.50000    4.45342
 119.00000    4.45472
 119.50000    4.45602
 120.00000    4.45732
 120.50000    4.45862
 121.00000    4.45995
 121.50000    4.46131
 122.00000    4.46267
 122.50000    4.46404
 123.00000    4.46540
 123.50000    4.46676
 124.00000    4.46813
 124.50000    4.46949
 125.00000    4.47087
 125.50000    4.47225
 126.00000    4.47364
 126.50000    4.47503
 127.00000    4.47642
 127.50000    4.47781
 128.00000    4.47920
 128.50000    4.48058
 129.00000    4.48198
 129.50000    4.48338
 130.00000    4.48478
 130.50000    4.48618
 131.00000    4.48758
 131.50000    4.48898
 132.00000    4.49038
 132.50000    4.49179
 133.00000    4.49318
 133.50000    4.49457
 134.00000    4.49595
 134.50000    4.49734
 135.00000    4.49873
 135.50000    4.50012
 136.00000    4.50151
 136.50000    4.50289
 137.00000    4.50425
 137.50000    4.50560
 138.00000    4.50695
 138.50000    4.50830
 139.00000    4.50965
 139.50000    4.51100
 140.00000    4.51236
 140.50000    4.51371
 141.00000    4.51502
 141.50000    4.51634
 142.00000    4.51765
 142.50000    4.51896
 143.00000    4.52027
 143.50000    4.52159
 144.00000    4.52290
 144.50000    4.52421
 145.00000    4.52545
 145.50000    4.52669
 146.00000    4.52793
 146.50000    4.52916
 147.00000    4.53040
 147.50000    4.53164
 148.00000    4.53288
 148.50000    4.53411
 149.00000    4.53525
 149.50000    4.53638
 150.00000    4.53752
