   0.00000    1.05060
   0.50000    1.58222
   1.00000    2.11384
   1.50000    3.38516
   2.00000    3.39662
   2.50000    3.40808
   3.00000    3.41927
   3.50000    3.43008
   4.00000    3.44089
   4.50000    3.45138
   5.00000    3.46154
   5.50000    3.47170
   6.00000    3.48153
   6.50000    3.49110
   7.00000    3.50068
   7.50000    3.50991
   8.00000    3.51894
   8.50000    3.52797
   9.00000    3.53665
   9.50000    3.54520
  10.00000    3.55375
  10.50000    3.56195
  11.00000    3.57006
  11.50000    3.57816
  12.00000    3.58597
  12.50000    3.59374
  13.00000    3.60150
  13.50000    3.60897
  14.00000    3.61643
  14.50000    3.62388
  15.00000    3.63106
  15.50000    3.63825
  16.00000    3.64541
  16.50000    3.65239
  17.00000    3.65936
  17.50000    3.66632
  18.00000    3.67316
  18.50000    3.68000
  19.00000    3.68682
  19.50000    3.69360
  20.00000    3.70037
  20.50000    3.70713
  21.00000    3.71387
  21.50000    3.72061
  22.00000    3.72734
  22.50000    3.73408
  23.00000    3.74082
  23.50000    3.74762
  24.00000    3.75450
  24.50000    3.76137
  25.00000    3.76831
  25.50000    3.77529
  26.00000    3.78226
  26.50000    3.78937
  27.00000    3.79655
  27.50000    3.80374
  28.00000    3.81109
  28.50000    3.81851
  29.00000    3.82594
  29.50000    3.83360
  30.00000    3.84133
  30.50000    3.84906
  31.00000    3.85712
  31.50000    3.86522
  32.00000    3.87333
  32.50000    3.88186
  33.00000    3.89041
  33.50000    3.89897
  34.00000    3.90796
  34.50000    3.91696
  35.00000    3.92601
  35.50000    3.93555
  36.00000    3.94509
  36.50000    3.95474
  37.00000    3.96490
  37.50000    3.97506
  38.00000    3.98537
  38.50000    3.99614
  39.00000    4.00692
  39.50000    4.01793
  40.00000    4.02942
  40.50000    4.04091
  41.00000    4.05271
  41.50000    4.06495
  42.00000    4.07720
  42.50000    4.08980
  43.00000    4.10280
  43.50000    4.11580
  44.00000    4.55735
  44.50000    4.56251
  45.00000    4.56766
  45.50000    4.57281
  46.00000    4.57797
  46.50000    4.58312
  47.00000    4.58827
  47.50000    4.59343
  48.00000    4.59807
  48.50000    4.60229
  49.00000    4.60651
  49.50000    4.61073
  50.00000    4.61494
  50.50000    4.61916
  51.00000    4.62338
  51.50000    4.62760
  52.00000    4.63135
  52.50000    4.63468
  53.00000    4.63801
  53.50000    4.64134
  54.00000    4.64468
  54.50000    4.64801
  55.00000    4.65134
  55.50000    4.65467
  56.00000    4.65759
  56.50000    4.66011
  57.00000    4.66263
  57.50000    4.66515
  58.00000    4.66767
  58.50000    4.67019
  59.00000    4.67271
  59.50000    4.67523
  60.00000    4.67740
  60.50000    4.67921
  61.00000    4.68102
  61.50000    4.68283
  62.00000    4.68464
  62.50000    4.68644
  63.00000    4.68825
  63.50000    4.69006
  64.00000    4.69157
  64.50000    4.69276
  65.00000    4.69394
  65.50000    4.69513
  66.00000    4.69631
  66.50000    4.69750
  67.00000    4.69868
  67.50000    4.69987
  68.00000    4.70080
  68.50000    4.70145
  69.00000    4.70210
  69.50000    4.70275
  70.00000    4.70340
  70.50000    4.70405
  71.00000    4.70470
  71.50000    4.70535
  72.00000    4.70578
  72.50000    4.70597
  73.00000    4.70616
  73.50000    4.70635
  74.00000    4.70653
  74.50000    4.70672
  75.00000    4.70691
  75.50000    4.70710
  76.00000    4.70712
  76.50000    4.70695
  77.00000    4.70677
  77.50000    4.70660
  78.00000    4.70642
  78.50000    4.70625
  79.00000    4.70608
  79.50000    4.70590
  80.00000    4.70560
  80.50000    4.70514
  81.00000    4.70468
  81.50000    4.70422
  82.00000    4.70376
  82.50000    4.70330
  83.00000    4.70283
  83.50000    4.70237
  84.00000    4.70184
  84.50000    4.70120
  85.00000    4.70057
  85.50000    4.69993
  86.00000    4.69929
  86.50000    4.69866
  87.00000    4.69802
  87.50000    4.69738
  88.00000    4.69670
  88.50000    4.69595
  89.00000    4.69521
  89.50000    4.69446
  90.00000    4.69371
  90.50000    4.69296
  91.00000    4.69221
  91.50000    4.69146
  92.00000    4.69071
  92.50000    4.68996
  93.00000    4.68922
  93.50000    4.68847
  94.00000    4.68772
  94.50000    4.68697
  95.00000    4.68622
  95.50000    4.68547
  96.00000    4.68474
  96.50000    4.68404
  97.00000    4.68334
  97.50000    4.68265
  98.00000    4.68195
  98.50000    4.68125
  99.00000    4.68055
  99.50000    4.67985
 100.00000    4.67918
 100.50000    4.67855
 101.00000    4.67793
 101.50000    4.67731
 102.00000    4.67668
 102.50000    4.67606
 103.00000    4.67544
 103.50000    4.67481
 104.00000    4.67421
 104.50000    4.67365
 105.00000    4.67309
 105.50000    4.67252
 106.00000    4.67196
 106.50000    4.67140
 107.00000    4.67084
 107.50000    4.67028
 108.00000    4.66974
 108.50000    4.66924
 109.00000    4.66874
 109.50000    4.66824
 110.00000    4.66774
 110.50000    4.66724
 111.00000    4.66674
 111.50000    4.66624
 112.00000    4.66576
 112.50000    4.66531
 113.00000    4.66486
 113.50000    4.66441
 114.00000    4.66396
 114.50000    4.66351
 115.00000    4.66306
 115.50000    4.66262
 116.00000    4.66218
 116.50000    4.66178
 117.00000    4.66138
 117.50000    4.66098
 118.00000    4.66058
 118.50000    4.66018
 119.00000    4.65979
 119.50000    4.65939
 120.00000    4.65900
 120.50000    4.65864
 121.00000    4.65827
 121.50000    4.65791
 122.00000    4.65755
 122.50000    4.65719
 123.00000    4.65683
 123.50000    4.65646
 124.00000    4.65611
 124.50000    4.65579
 125.00000    4.65546
 125.50000    4.65514
 126.00000    4.65481
 126.50000    4.65449
 127.00000    4.65417
 127.50000    4.65384
 128.00000    4.65353
 128.50000    4.65324
 129.00000    4.65295
 129.50000    4.65267
 130.00000    4.65238
 130.50000    4.65209
 131.00000    4.65180
 131.50000    4.65152
 132.00000    4.65124
 132.50000    4.65099
 133.00000    4.65074
 133.50000    4.65049
 134.00000    4.65024
 134.50000    4.64999
 135.00000    4.64974
 135.50000    4.64949
 136.00000    4.64924
 136.50000    4.64899
 137.00000    4.64874
 137.50000    4.64849
 138.00000    4.64825
 138.50000    4.64800
 139.00000    4.64775
 139.50000    4.64750
 140.00000    4.64726
 140.50000    4.64704
 141.00000    4.64683
 141.50000    4.64662
 142.00000    4.64641
 142.50000    4.64619
 143.00000    4.64598
 143.50000    4.64577
 144.00000    4.64556
 144.50000    4.64535
 145.00000    4.64513
 145.50000    4.64492
 146.00000    4.64471
 146.50000    4.64450
 147.00000    4.64429
 147.50000    4.64407
 148.00000    4.64386
 148.50000    4.64365
 149.00000    4.64344
 149.50000    4.64322
 150.00000    4.64301
