   0.00000    1.07670
   0.50000    1.59293
   1.00000    2.10916
   1.50000    3.40057
   2.00000    3.41121
   2.50000    3.42185
   3.00000    3.43229
   3.50000    3.44218
   4.00000    3.45206
   4.50000    3.46177
   5.00000    3.47096
   5.50000    3.48015
   6.00000    3.48919
   6.50000    3.49768
   7.00000    3.50617
   7.50000    3.51457
   8.00000    3.52253
   8.50000    3.53050
   9.00000    3.53838
   9.50000    3.54581
  10.00000    3.55325
  10.50000    3.56062
  11.00000    3.56763
  11.50000    3.57464
  12.00000    3.58161
  12.50000    3.58828
  13.00000    3.59496
  13.50000    3.60161
  14.00000    3.60802
  14.50000    3.61443
  15.00000    3.62083
  15.50000    3.62705
  16.00000    3.63326
  16.50000    3.63947
  17.00000    3.64558
  17.50000    3.65170
  18.00000    3.65781
  18.50000    3.66386
  19.00000    3.66990
  19.50000    3.67595
  20.00000    3.68206
  20.50000    3.68818
  21.00000    3.69429
  21.50000    3.70050
  22.00000    3.70671
  22.50000    3.71292
  23.00000    3.71932
  23.50000    3.72573
  24.00000    3.73214
  24.50000    3.73879
  25.00000    3.74546
  25.50000    3.75214
  26.00000    3.75910
  26.50000    3.76611
  27.00000    3.77311
  27.50000    3.78051
  28.00000    3.78798
  28.50000    3.79545
  29.00000    3.80329
  29.50000    3.81122
  30.00000    3.81916
  30.50000    3.82756
  31.00000    3.83608
  31.50000    3.84461
  32.00000    3.85362
  32.50000    3.86277
  33.00000    3.87192
  33.50000    3.88164
  34.00000    3.89155
  34.50000    3.90147
  35.00000    3.91195
  35.50000    3.92265
  36.00000    3.93336
  36.50000    3.94466
  37.00000    3.95623
  37.50000    3.96779
  38.00000    3.98001
  38.50000    3.99257
  39.00000    4.00513
  39.50000    4.01834
  40.00000    4.03192
  40.50000    4.04550
  41.00000    4.05975
  41.50000    4.07442
  42.00000    4.08909
  42.50000    4.10448
  43.00000    4.12037
  43.50000    4.13627
  44.00000    4.15279
  44.50000    4.16981
  45.00000    4.18683
  45.50000    4.55446
  46.00000    4.55870
  46.50000    4.56295
  47.00000    4.56719
  47.50000    4.57144
  48.00000    4.57569
  48.50000    4.57993
  49.00000    4.58418
  49.50000    4.58796
  50.00000    4.59143
  50.50000    4.59489
  51.00000    4.59836
  51.50000    4.60182
  52.00000    4.60529
  52.50000    4.60875
  53.00000    4.61221
  53.50000    4.61519
  54.00000    4.61791
  54.50000    4.62063
  55.00000    4.62336
  55.50000    4.62608
  56.00000    4.62880
  56.50000    4.63152
  57.00000    4.63424
  57.50000    4.63647
  58.00000    4.63851
  58.50000    4.64055
  59.00000    4.64260
  59.50000    4.64464
  60.00000    4.64668
  60.50000    4.64872
  61.00000    4.65076
  61.50000    4.65235
  62.00000    4.65381
  62.50000    4.65527
  63.00000    4.65673
  63.50000    4.65819
  64.00000    4.65965
  64.50000    4.66112
  65.00000    4.66258
  65.50000    4.66360
  66.00000    4.66455
  66.50000    4.66549
  67.00000    4.66644
  67.50000    4.66738
  68.00000    4.66833
  68.50000    4.66927
  69.00000    4.67022
  69.50000    4.67076
  70.00000    4.67126
  70.50000    4.67177
  71.00000    4.67227
  71.50000    4.67278
  72.00000    4.67328
  72.50000    4.67378
  73.00000    4.67429
  73.50000    4.67445
  74.00000    4.67460
  74.50000    4.67475
  75.00000    4.67490
  75.50000    4.67505
  76.00000    4.67520
  76.50000    4.67535
  77.00000    4.67550
  77.50000    4.67537
  78.00000    4.67524
  78.50000    4.67512
  79.00000    4.67499
  79.50000    4.67487
  80.00000    4.67474
  80.50000    4.67461
  81.00000    4.67447
  81.50000    4.67413
  82.00000    4.67379
  82.50000    4.67345
  83.00000    4.67310
  83.50000    4.67276
  84.00000    4.67242
  84.50000    4.67208
  85.00000    4.67172
  85.50000    4.67126
  86.00000    4.67079
  86.50000    4.67032
  87.00000    4.66986
  87.50000    4.66939
  88.00000    4.66893
  88.50000    4.66846
  89.00000    4.66798
  89.50000    4.66747
  90.00000    4.66695
  90.50000    4.66643
  91.00000    4.66592
  91.50000    4.66540
  92.00000    4.66488
  92.50000    4.66437
  93.00000    4.66386
  93.50000    4.66337
  94.00000    4.66287
  94.50000    4.66238
  95.00000    4.66189
  95.50000    4.66140
  96.00000    4.66091
  96.50000    4.66042
  97.00000    4.65996
  97.50000    4.65957
  98.00000    4.65918
  98.50000    4.65879
  99.00000    4.65840
  99.50000    4.65801
 100.00000    4.65762
 100.50000    4.65723
 101.00000    4.65687
 101.50000    4.65655
 102.00000    4.65624
 102.50000    4.65592
 103.00000    4.65561
 103.50000    4.65529
 104.00000    4.65498
 104.50000    4.65466
 105.00000    4.65439
 105.50000    4.65416
 106.00000    4.65394
 106.50000    4.65371
 107.00000    4.65348
 107.50000    4.65326
 108.00000    4.65303
 108.50000    4.65280
 109.00000    4.65261
 109.50000    4.65245
 110.00000    4.65228
 110.50000    4.65212
 111.00000    4.65196
 111.50000    4.65179
 112.00000    4.65163
 112.50000    4.65146
 113.00000    4.65134
 113.50000    4.65124
 114.00000    4.65114
 114.50000    4.65104
 115.00000    4.65094
 115.50000    4.65083
 116.00000    4.65073
 116.50000    4.65063
 117.00000    4.65057
 117.50000    4.65052
 118.00000    4.65047
 118.50000    4.65042
 119.00000    4.65036
 119.50000    4.65031
 120.00000    4.65026
 120.50000    4.65021
 121.00000    4.65018
 121.50000    4.65016
 122.00000    4.65013
 122.50000    4.65011
 123.00000    4.65008
 123.50000    4.65006
 124.00000    4.65003
 124.50000    4.65001
 125.00000    4.65001
 125.50000    4.65002
 126.00000    4.65004
 126.50000    4.65005
 127.00000    4.65006
 127.50000    4.65007
 128.00000    4.65009
 128.50000    4.65010
 129.00000    4.65011
 129.50000    4.65012
 130.00000    4.65014
 130.50000    4.65015
 131.00000    4.65016
 131.50000    4.65017
 132.00000    4.65019
 132.50000    4.65020
 133.00000    4.65021
 133.50000    4.65022
 134.00000    4.65024
 134.50000    4.65025
 135.00000    4.65026
 135.50000    4.65027
 136.00000    4.65029
 136.50000    4.65030
 137.00000    4.65030
 137.50000    4.65030
 138.00000    4.65030
 138.50000    4.65030
 139.00000    4.65030
 139.50000    4.65030
 140.00000    4.65030
 140.50000    4.65030
 141.00000    4.65029
 141.50000    4.65027
 142.00000    4.65026
 142.50000    4.65025
 143.00000    4.65024
 143.50000    4.65022
 144.00000    4.65021
 144.50000    4.65019
 145.00000    4.65014
 145.50000    4.65009
 146.00000    4.65004
 146.50000    4.64999
 147.00000    4.64994
 147.50000    4.64989
 148.00000    4.64984
 148.50000    4.64978
 149.00000    4.64968
 149.50000    4.64958
 150.00000    4.64948
