   0.00000    1.14460
   0.50000    1.79080
   1.00000    2.79620
   1.50000    2.80823
   2.00000    2.82058
   2.50000    2.83335
   3.00000    2.84662
   3.50000    2.86014
   4.00000    2.87428
   4.50000    2.88859
   5.00000    2.90348
   5.50000    2.91862
   6.00000    2.93413
   6.50000    2.95002
   7.00000    2.96610
   7.50000    2.98270
   8.00000    2.99945
   8.50000    3.01673
   9.00000    3.03419
   9.50000    3.05193
  10.00000    3.07003
  10.50000    3.08833
  11.00000    3.10705
  11.50000    3.12587
  12.00000    3.14509
  12.50000    3.16448
  13.00000    3.18416
  13.50000    3.20412
  14.00000    3.22426
  14.50000    3.24469
  15.00000    3.26521
  15.50000    3.28602
  16.00000    3.30697
  16.50000    3.32812
  17.00000    3.34949
  17.50000    3.37099
  18.00000    3.39279
  18.50000    3.41466
  19.00000    3.43673
  19.50000    3.45888
  20.00000    3.48118
  20.50000    3.50362
  21.00000    3.52615
  21.50000    3.54882
  22.00000    3.57154
  22.50000    3.59447
  23.00000    3.61743
  23.50000    3.64047
  24.00000    3.66358
  24.50000    3.68674
  25.00000    3.70999
  25.50000    3.73325
  26.00000    3.75647
  26.50000    4.28578
  27.00000    4.28417
  27.50000    4.28256
  28.00000    4.28096
  28.50000    4.27935
  29.00000    4.27775
  29.50000    4.27614
  30.00000    4.27454
  30.50000    4.27293
  31.00000    4.27140
  31.50000    4.26997
  32.00000    4.26855
  32.50000    4.26712
  33.00000    4.26570
  33.50000    4.26427
  34.00000    4.26284
  34.50000    4.26142
  35.00000    4.25999
  35.50000    4.25867
  36.00000    4.25745
  36.50000    4.25622
  37.00000    4.25500
  37.50000    4.25377
  38.00000    4.25255
  38.50000    4.25133
  39.00000    4.25010
  39.50000    4.24888
  40.00000    4.24777
  40.50000    4.24674
  41.00000    4.24570
  41.50000    4.24467
  42.00000    4.24364
  42.50000    4.24261
  43.00000    4.24157
  43.50000    4.24054
  44.00000    4.23951
  44.50000    4.23861
  45.00000    4.23777
  45.50000    4.23692
  46.00000    4.23608
  46.50000    4.23524
  47.00000    4.23440
  47.50000    4.23355
  48.00000    4.23271
  48.50000    4.23187
  49.00000    4.23118
  49.50000    4.23053
  50.00000    4.22988
  50.50000    4.22923
  51.00000    4.22858
  51.50000    4.22792
  52.00000    4.22727
  52.50000    4.22662
  53.00000    4.22597
  53.50000    4.22548
  54.00000    4.22501
  54.50000    4.22454
  55.00000    4.22406
  55.50000    4.22359
  56.00000    4.22312
  56.50000    4.22265
  57.00000    4.22218
  57.50000    4.22171
  58.00000    4.22142
  58.50000    4.22114
  59.00000    4.22086
  59.50000    4.22058
  60.00000    4.22030
  60.50000    4.22002
  61.00000    4.21974
  61.50000    4.21946
  62.00000    4.21919
  62.50000    4.21909
  63.00000    4.21899
  63.50000    4.21889
  64.00000    4.21879
  64.50000    4.21869
  65.00000    4.21859
  65.50000    4.21848
  66.00000    4.21838
  66.50000    4.21831
  67.00000    4.21838
  67.50000    4.21845
  68.00000    4.21851
  68.50000    4.21858
  69.00000    4.21865
  69.50000    4.21872
  70.00000    4.21878
  70.50000    4.21885
  71.00000    4.21896
  71.50000    4.21920
  72.00000    4.21943
  72.50000    4.21967
  73.00000    4.21991
  73.50000    4.22014
  74.00000    4.22038
  74.50000    4.22061
  75.00000    4.22085
  75.50000    4.22115
  76.00000    4.22157
  76.50000    4.22198
  77.00000    4.22240
  77.50000    4.22281
  78.00000    4.22323
  78.50000    4.22364
  79.00000    4.22406
  79.50000    4.22447
  80.00000    4.22496
  80.50000    4.22553
  81.00000    4.22611
  81.50000    4.22668
  82.00000    4.22725
  82.50000    4.22783
  83.00000    4.22840
  83.50000    4.22897
  84.00000    4.22954
  84.50000    4.23021
  85.00000    4.23095
  85.50000    4.23169
  86.00000    4.23243
  86.50000    4.23317
  87.00000    4.23391
  87.50000    4.23466
  88.00000    4.23540
  88.50000    4.23614
  89.00000    4.23697
  89.50000    4.23786
  90.00000    4.23875
  90.50000    4.23963
  91.00000    4.24052
  91.50000    4.24141
  92.00000    4.24229
  92.50000    4.24318
  93.00000    4.24407
  93.50000    4.24505
  94.00000    4.24606
  94.50000    4.24707
  95.00000    4.24808
  95.50000    4.24909
  96.00000    4.25010
  96.50000    4.25111
  97.00000    4.25212
  97.50000    4.25313
  98.00000    4.25423
  98.50000    4.25534
  99.00000    4.25645
  99.50000    4.25756
 100.00000    4.25867
 100.50000    4.25979
 101.00000    4.26090
 101.50000    4.26201
 102.00000    4.26312
 102.50000    4.26431
 103.00000    4.26552
 103.50000    4.26672
 104.00000    4.26792
 104.50000    4.26912
 105.00000    4.27032
 105.50000    4.27152
 106.00000    4.27272
 106.50000    4.27393
 107.00000    4.27519
 107.50000    4.27644
 108.00000    4.27770
 108.50000    4.27896
 109.00000    4.28022
 109.50000    4.28147
 110.00000    4.28273
 110.50000    4.28399
 111.00000    4.28525
 111.50000    4.28658
 112.00000    4.28790
 112.50000    4.28923
 113.00000    4.29055
 113.50000    4.29188
 114.00000    4.29320
 114.50000    4.29453
 115.00000    4.29585
 115.50000    4.29718
 116.00000    4.29852
 116.50000    4.29985
 117.00000    4.30119
 117.50000    4.30253
 118.00000    4.30386
 118.50000    4.30520
 119.00000    4.30653
 119.50000    4.30787
 120.00000    4.30921
 120.50000    4.31057
 121.00000    4.31193
 121.50000    4.31329
 122.00000    4.31465
 122.50000    4.31601
 123.00000    4.31737
 123.50000    4.31873
 124.00000    4.32008
 124.50000    4.32144
 125.00000    4.32279
 125.50000    4.32413
 126.00000    4.32548
 126.50000    4.32683
 127.00000    4.32818
 127.50000    4.32952
 128.00000    4.33087
 128.50000    4.33222
 129.00000    4.33355
 129.50000    4.33486
 130.00000    4.33618
 130.50000    4.33749
 131.00000    4.33880
 131.50000    4.34012
 132.00000    4.34143
 132.50000    4.34275
 133.00000    4.34406
 133.50000    4.34535
 134.00000    4.34661
 134.50000    4.34788
 135.00000    4.34915
 135.50000    4.35042
 136.00000    4.35169
 136.50000    4.35296
 137.00000    4.35423
 137.50000    4.35550
 138.00000    4.35672
 138.50000    4.35792
 139.00000    4.35912
 139.50000    4.36032
 140.00000    4.36153
 140.50000    4.36273
 141.00000    4.36393
 141.50000    4.36513
 142.00000    4.36633
 142.50000    4.36747
 143.00000    4.36859
 143.50000    4.36972
 144.00000    4.37084
 144.50000    4.37196
 145.00000    4.37309
 145.50000    4.37421
 146.00000    4.37533
 146.50000    4.37645
 147.00000    4.37748
 147.50000    4.37849
 148.00000    4.37950
 148.50000    4.38051
 149.00000    4.38152
 149.50000    4.38253
 150.00000    4.38354
