   0.00000    1.09560
   0.50000    3.22400
   1.00000    3.24680
   1.50000    3.26925
   2.00000    3.28995
   2.50000    3.31065
   3.00000    3.32968
   3.50000    3.34823
   4.00000    3.36600
   4.50000    3.38259
   5.00000    3.39914
   5.50000    3.41392
   6.00000    3.42870
   6.50000    3.44239
   7.00000    3.45544
   7.50000    3.46812
   8.00000    3.47966
   8.50000    3.49121
   9.00000    3.50151
   9.50000    3.51163
  10.00000    3.52113
  10.50000    3.52999
  11.00000    3.53873
  11.50000    3.54645
  12.00000    3.55418
  12.50000    3.56120
  13.00000    3.56796
  13.50000    3.57443
  14.00000    3.58035
  14.50000    3.58627
  15.00000    3.59155
  15.50000    3.59679
  16.00000    3.60170
  16.50000    3.60636
  17.00000    3.61094
  17.50000    3.61518
  18.00000    3.61942
  18.50000    3.62346
  19.00000    3.62744
  19.50000    3.63138
  20.00000    3.63524
  20.50000    3.63910
  21.00000    3.64297
  21.50000    3.64683
  22.00000    3.65080
  22.50000    3.65483
  23.00000    3.65895
  23.50000    3.66327
  24.00000    3.66760
  24.50000    3.67230
  25.00000    3.67705
  25.50000    3.68210
  26.00000    3.68743
  26.50000    3.69287
  27.00000    3.69891
  27.50000    3.70496
  28.00000    3.71167
  28.50000    3.71860
  29.00000    3.72591
  29.50000    3.73385
  30.00000    3.74178
  30.50000    3.75085
  31.00000    3.75992
  31.50000    3.76976
  32.00000    3.78009
  32.50000    3.79076
  33.00000    3.80256
  33.50000    3.81435
  34.00000    3.82740
  34.50000    3.84067
  35.00000    4.06467
  35.50000    4.07587
  36.00000    4.08706
  36.50000    4.09826
  37.00000    4.10946
  37.50000    4.12066
  38.00000    4.13186
  38.50000    4.14306
  39.00000    4.15426
  39.50000    4.16302
  40.00000    4.17176
  40.50000    4.18050
  41.00000    4.18925
  41.50000    4.19799
  42.00000    4.20674
  42.50000    4.21548
  43.00000    4.22423
  43.50000    4.23177
  44.00000    4.23821
  44.50000    4.24466
  45.00000    4.25110
  45.50000    4.25754
  46.00000    4.26399
  46.50000    4.27043
  47.00000    4.27687
  47.50000    4.28322
  48.00000    4.28762
  48.50000    4.29202
  49.00000    4.29642
  49.50000    4.30083
  50.00000    4.30523
  50.50000    4.30963
  51.00000    4.31403
  51.50000    4.31843
  52.00000    4.32182
  52.50000    4.32445
  53.00000    4.32708
  53.50000    4.32971
  54.00000    4.33234
  54.50000    4.33497
  55.00000    4.33761
  55.50000    4.34024
  56.00000    4.34271
  56.50000    4.34381
  57.00000    4.34491
  57.50000    4.34600
  58.00000    4.34710
  58.50000    4.34820
  59.00000    4.34930
  59.50000    4.35040
  60.00000    4.35149
  60.50000    4.35180
  61.00000    4.35163
  61.50000    4.35147
  62.00000    4.35130
  62.50000    4.35114
  63.00000    4.35097
  63.50000    4.35080
  64.00000    4.35064
  64.50000    4.35032
  65.00000    4.34914
  65.50000    4.34796
  66.00000    4.34678
  66.50000    4.34560
  67.00000    4.34442
  67.50000    4.34324
  68.00000    4.34206
  68.50000    4.34088
  69.00000    4.33918
  69.50000    4.33725
  70.00000    4.33531
  70.50000    4.33337
  71.00000    4.33144
  71.50000    4.32950
  72.00000    4.32757
  72.50000    4.32563
  73.00000    4.32359
  73.50000    4.32115
  74.00000    4.31871
  74.50000    4.31626
  75.00000    4.31382
  75.50000    4.31138
  76.00000    4.30893
  76.50000    4.30649
  77.00000    4.30405
  77.50000    4.30143
  78.00000    4.29875
  78.50000    4.29607
  79.00000    4.29340
  79.50000    4.29072
  80.00000    4.28804
  80.50000    4.28536
  81.00000    4.28268
  81.50000    4.28000
  82.00000    4.27734
  82.50000    4.27467
  83.00000    4.27200
  83.50000    4.26934
  84.00000    4.26667
  84.50000    4.26400
  85.00000    4.26133
  85.50000    4.25867
  86.00000    4.25621
  86.50000    4.25382
  87.00000    4.25142
  87.50000    4.24903
  88.00000    4.24663
  88.50000    4.24424
  89.00000    4.24184
  89.50000    4.23944
  90.00000    4.23720
  90.50000    4.23527
  91.00000    4.23335
  91.50000    4.23143
  92.00000    4.22950
  92.50000    4.22758
  93.00000    4.22566
  93.50000    4.22373
  94.00000    4.22181
  94.50000    4.22030
  95.00000    4.21887
  95.50000    4.21744
  96.00000    4.21602
  96.50000    4.21459
  97.00000    4.21316
  97.50000    4.21173
  98.00000    4.21030
  98.50000    4.20905
  99.00000    4.20811
  99.50000    4.20717
 100.00000    4.20622
 100.50000    4.20528
 101.00000    4.20433
 101.50000    4.20339
 102.00000    4.20245
 102.50000    4.20150
 103.00000    4.20095
 103.50000    4.20044
 104.00000    4.19993
 104.50000    4.19942
 105.00000    4.19892
 105.50000    4.19841
 106.00000    4.19790
 106.50000    4.19739
 107.00000    4.19707
 107.50000    4.19700
 108.00000    4.19693
 108.50000    4.19686
 109.00000    4.19679
 109.50000    4.19672
 110.00000    4.19665
 110.50000    4.19657
 111.00000    4.19650
 111.50000    4.19679
 112.00000    4.19710
 112.50000    4.19740
 113.00000    4.19771
 113.50000    4.19802
 114.00000    4.19832
 114.50000    4.19863
 115.00000    4.19894
 115.50000    4.19942
 116.00000    4.20011
 116.50000    4.20079
 117.00000    4.20148
 117.50000    4.20216
 118.00000    4.20285
 118.50000    4.20353
 119.00000    4.20421
 119.50000    4.20490
 120.00000    4.20592
 120.50000    4.20695
 121.00000    4.20798
 121.50000    4.20900
 122.00000    4.21003
 122.50000    4.21106
 123.00000    4.21208
 123.50000    4.21311
 124.00000    4.21431
 124.50000    4.21565
 125.00000    4.21700
 125.50000    4.21834
 126.00000    4.21969
 126.50000    4.22103
 127.00000    4.22238
 127.50000    4.22372
 128.00000    4.22509
 128.50000    4.22673
 129.00000    4.22837
 129.50000    4.23001
 130.00000    4.23165
 130.50000    4.23329
 131.00000    4.23493
 131.50000    4.23657
 132.00000    4.23821
 132.50000    4.24000
 133.00000    4.24190
 133.50000    4.24380
 134.00000    4.24570
 134.50000    4.24760
 135.00000    4.24950
 135.50000    4.25140
 136.00000    4.25330
 136.50000    4.25522
 137.00000    4.25736
 137.50000    4.25949
 138.00000    4.26163
 138.50000    4.26377
 139.00000    4.26590
 139.50000    4.26804
 140.00000    4.27017
 140.50000    4.27231
 141.00000    4.27458
 141.50000    4.27693
 142.00000    4.27928
 142.50000    4.28162
 143.00000    4.28397
 143.50000    4.28632
 144.00000    4.28867
 144.50000    4.29102
 145.00000    4.29340
 145.50000    4.29593
 146.00000    4.29847
 146.50000    4.30101
 147.00000    4.30355
 147.50000    4.30608
 148.00000    4.30862
 148.50000    4.31116
 149.00000    4.31370
 149.50000    4.31635
 150.00000    4.31905
