   0.00000    1.14940
   0.50000    1.46582
   1.00000    1.78224
   1.50000    2.09867
   2.00000    2.41509
   2.50000    3.44367
   3.00000    3.45289
   3.50000    3.46211
   4.00000    3.47115
   4.50000    3.47946
   5.00000    3.48777
   5.50000    3.49597
   6.00000    3.50340
   6.50000    3.51083
   7.00000    3.51821
   7.50000    3.52483
   8.00000    3.53144
   8.50000    3.53806
   9.00000    3.54399
   9.50000    3.54993
  10.00000    3.55586
  10.50000    3.56119
  11.00000    3.56647
  11.50000    3.57175
  12.00000    3.57658
  12.50000    3.58134
  13.00000    3.58609
  13.50000    3.59049
  14.00000    3.59479
  14.50000    3.59910
  15.00000    3.60314
  15.50000    3.60708
  16.00000    3.61103
  16.50000    3.61478
  17.00000    3.61843
  17.50000    3.62208
  18.00000    3.62562
  18.50000    3.62907
  19.00000    3.63252
  19.50000    3.63591
  20.00000    3.63924
  20.50000    3.64256
  21.00000    3.64588
  21.50000    3.64921
  22.00000    3.65253
  22.50000    3.65587
  23.00000    3.65923
  23.50000    3.66258
  24.00000    3.66599
  24.50000    3.66951
  25.00000    3.67303
  25.50000    3.67660
  26.00000    3.68035
  26.50000    3.68410
  27.00000    3.68790
  27.50000    3.69198
  28.00000    3.69605
  28.50000    3.70017
  29.00000    3.70463
  29.50000    3.70910
  30.00000    3.71358
  30.50000    3.71853
  31.00000    3.72349
  31.50000    3.72844
  32.00000    3.73396
  32.50000    3.73950
  33.00000    3.74504
  33.50000    3.75114
  34.00000    3.75730
  34.50000    3.76346
  35.00000    3.77027
  35.50000    3.77721
  36.00000    3.78415
  36.50000    3.79171
  37.00000    3.79947
  37.50000    3.80723
  38.00000    3.81562
  38.50000    3.82429
  39.00000    3.83295
  39.50000    3.84225
  40.00000    3.85193
  40.50000    3.86161
  41.00000    3.87191
  41.50000    3.88270
  42.00000    3.89348
  42.50000    3.90483
  43.00000    3.91676
  43.50000    3.92868
  44.00000    3.94115
  44.50000    3.95435
  45.00000    3.96754
  45.50000    3.98118
  46.00000    3.99562
  46.50000    4.01005
  47.00000    4.30931
  47.50000    4.31286
  48.00000    4.31641
  48.50000    4.31996
  49.00000    4.32352
  49.50000    4.32707
  50.00000    4.33062
  50.50000    4.33418
  51.00000    4.33749
  51.50000    4.34048
  52.00000    4.34347
  52.50000    4.34646
  53.00000    4.34946
  53.50000    4.35245
  54.00000    4.35544
  54.50000    4.35843
  55.00000    4.36111
  55.50000    4.36355
  56.00000    4.36600
  56.50000    4.36844
  57.00000    4.37089
  57.50000    4.37333
  58.00000    4.37578
  58.50000    4.37822
  59.00000    4.38032
  59.50000    4.38228
  60.00000    4.38424
  60.50000    4.38620
  61.00000    4.38816
  61.50000    4.39012
  62.00000    4.39208
  62.50000    4.39404
  63.00000    4.39566
  63.50000    4.39723
  64.00000    4.39879
  64.50000    4.40036
  65.00000    4.40193
  65.50000    4.40349
  66.00000    4.40506
  66.50000    4.40662
  67.00000    4.40784
  67.50000    4.40906
  68.00000    4.41029
  68.50000    4.41151
  69.00000    4.41273
  69.50000    4.41395
  70.00000    4.41518
  70.50000    4.41635
  71.00000    4.41730
  71.50000    4.41824
  72.00000    4.41918
  72.50000    4.42012
  73.00000    4.42106
  73.50000    4.42201
  74.00000    4.42295
  74.50000    4.42383
  75.00000    4.42457
  75.50000    4.42531
  76.00000    4.42604
  76.50000    4.42678
  77.00000    4.42752
  77.50000    4.42826
  78.00000    4.42900
  78.50000    4.42967
  79.00000    4.43025
  79.50000    4.43084
  80.00000    4.43142
  80.50000    4.43201
  81.00000    4.43260
  81.50000    4.43318
  82.00000    4.43377
  82.50000    4.43431
  83.00000    4.43482
  83.50000    4.43533
  84.00000    4.43583
  84.50000    4.43634
  85.00000    4.43685
  85.50000    4.43736
  86.00000    4.43787
  86.50000    4.43838
  87.00000    4.43889
  87.50000    4.43940
  88.00000    4.43991
  88.50000    4.44042
  89.00000    4.44093
  89.50000    4.44144
  90.00000    4.44195
  90.50000    4.44249
  91.00000    4.44304
  91.50000    4.44359
  92.00000    4.44413
  92.50000    4.44468
  93.00000    4.44523
  93.50000    4.44578
  94.00000    4.44633
  94.50000    4.44702
  95.00000    4.44770
  95.50000    4.44839
  96.00000    4.44908
  96.50000    4.44977
  97.00000    4.45045
  97.50000    4.45114
  98.00000    4.45186
  98.50000    4.45271
  99.00000    4.45357
  99.50000    4.45442
 100.00000    4.45527
 100.50000    4.45613
 101.00000    4.45698
 101.50000    4.45783
 102.00000    4.45874
 102.50000    4.45974
 103.00000    4.46075
 103.50000    4.46176
 104.00000    4.46276
 104.50000    4.46377
 105.00000    4.46477
 105.50000    4.46578
 106.00000    4.46685
 106.50000    4.46800
 107.00000    4.46914
 107.50000    4.47029
 108.00000    4.47144
 108.50000    4.47258
 109.00000    4.47373
 109.50000    4.47487
 110.00000    4.47609
 110.50000    4.47735
 111.00000    4.47861
 111.50000    4.47987
 112.00000    4.48114
 112.50000    4.48240
 113.00000    4.48366
 113.50000    4.48492
 114.00000    4.48625
 114.50000    4.48760
 115.00000    4.48895
 115.50000    4.49030
 116.00000    4.49165
 116.50000    4.49300
 117.00000    4.49435
 117.50000    4.49569
 118.00000    4.49709
 118.50000    4.49849
 119.00000    4.49989
 119.50000    4.50129
 120.00000    4.50269
 120.50000    4.50409
 121.00000    4.50549
 121.50000    4.50690
 122.00000    4.50834
 122.50000    4.50978
 123.00000    4.51121
 123.50000    4.51265
 124.00000    4.51409
 124.50000    4.51553
 125.00000    4.51697
 125.50000    4.51841
 126.00000    4.51986
 126.50000    4.52131
 127.00000    4.52277
 127.50000    4.52422
 128.00000    4.52567
 128.50000    4.52712
 129.00000    4.52857
 129.50000    4.53002
 130.00000    4.53144
 130.50000    4.53287
 131.00000    4.53429
 131.50000    4.53572
 132.00000    4.53715
 132.50000    4.53857
 133.00000    4.54000
 133.50000    4.54140
 134.00000    4.54277
 134.50000    4.54415
 135.00000    4.54552
 135.50000    4.54690
 136.00000    4.54827
 136.50000    4.54965
 137.00000    4.55102
 137.50000    4.55236
 138.00000    4.55367
 138.50000    4.55498
 139.00000    4.55629
 139.50000    4.55760
 140.00000    4.55891
 140.50000    4.56023
 141.00000    4.56154
 141.50000    4.56278
 142.00000    4.56400
 142.50000    4.56522
 143.00000    4.56645
 143.50000    4.56767
 144.00000    4.56889
 144.50000    4.57011
 145.00000    4.57134
 145.50000    4.57244
 146.00000    4.57353
 146.50000    4.57463
 147.00000    4.57572
 147.50000    4.57682
 148.00000    4.57791
 148.50000    4.57901
 149.00000    4.58009
 149.50000    4.58104
 150.00000    4.58200
