   0.00000    1.70420
   0.50000    1.88545
   1.00000    2.06669
   1.50000    2.24794
   2.00000    2.42918
   2.50000    2.61043
   3.00000    2.79167
   3.50000    3.36182
   4.00000    3.37980
   4.50000    3.39778
   5.00000    3.41538
   5.50000    3.43161
   6.00000    3.44785
   6.50000    3.46379
   7.00000    3.47832
   7.50000    3.49284
   8.00000    3.50716
   8.50000    3.52008
   9.00000    3.53299
   9.50000    3.54578
  10.00000    3.55725
  10.50000    3.56872
  11.00000    3.58013
  11.50000    3.59025
  12.00000    3.60038
  12.50000    3.61050
  13.00000    3.61934
  13.50000    3.62818
  14.00000    3.63702
  14.50000    3.64482
  15.00000    3.65258
  15.50000    3.66033
  16.00000    3.66719
  16.50000    3.67396
  17.00000    3.68073
  17.50000    3.68675
  18.00000    3.69267
  18.50000    3.69858
  19.00000    3.70387
  19.50000    3.70903
  20.00000    3.71419
  20.50000    3.71884
  21.00000    3.72334
  21.50000    3.72784
  22.00000    3.73200
  22.50000    3.73604
  23.00000    3.74008
  23.50000    3.74383
  24.00000    3.74744
  24.50000    3.75106
  25.00000    3.75452
  25.50000    3.75791
  26.00000    3.76129
  26.50000    3.76458
  27.00000    3.76780
  27.50000    3.77102
  28.00000    3.77424
  28.50000    3.77746
  29.00000    3.78068
  29.50000    3.78393
  30.00000    3.78722
  30.50000    3.79051
  31.00000    3.79392
  31.50000    3.79747
  32.00000    3.80102
  32.50000    3.80470
  33.00000    3.80854
  33.50000    3.81239
  34.00000    3.81643
  34.50000    3.82077
  35.00000    3.82511
  35.50000    3.82964
  36.00000    3.83454
  36.50000    3.83944
  37.00000    3.84456
  37.50000    3.85018
  38.00000    3.85580
  38.50000    3.86164
  39.00000    3.86808
  39.50000    3.87452
  40.00000    3.88118
  40.50000    3.88857
  41.00000    3.89597
  41.50000    3.90356
  42.00000    3.91200
  42.50000    3.92045
  43.00000    3.92906
  43.50000    3.93869
  44.00000    3.94832
  44.50000    3.95808
  45.00000    3.96902
  45.50000    3.97996
  46.00000    3.99098
  46.50000    4.00331
  47.00000    4.01563
  47.50000    4.23127
  48.00000    4.23705
  48.50000    4.24283
  49.00000    4.24861
  49.50000    4.25439
  50.00000    4.26017
  50.50000    4.26595
  51.00000    4.27173
  51.50000    4.27740
  52.00000    4.28262
  52.50000    4.28783
  53.00000    4.29305
  53.50000    4.29827
  54.00000    4.30348
  54.50000    4.30870
  55.00000    4.31392
  55.50000    4.31893
  56.00000    4.32358
  56.50000    4.32823
  57.00000    4.33289
  57.50000    4.33754
  58.00000    4.34220
  58.50000    4.34685
  59.00000    4.35151
  59.50000    4.35587
  60.00000    4.36000
  60.50000    4.36413
  61.00000    4.36826
  61.50000    4.37239
  62.00000    4.37652
  62.50000    4.38065
  63.00000    4.38478
  63.50000    4.38857
  64.00000    4.39222
  64.50000    4.39588
  65.00000    4.39954
  65.50000    4.40319
  66.00000    4.40685
  66.50000    4.41051
  67.00000    4.41417
  67.50000    4.41743
  68.00000    4.42065
  68.50000    4.42387
  69.00000    4.42709
  69.50000    4.43032
  70.00000    4.43354
  70.50000    4.43676
  71.00000    4.43995
  71.50000    4.44280
  72.00000    4.44565
  72.50000    4.44850
  73.00000    4.45136
  73.50000    4.45421
  74.00000    4.45706
  74.50000    4.45991
  75.00000    4.46267
  75.50000    4.46516
  76.00000    4.46765
  76.50000    4.47015
  77.00000    4.47264
  77.50000    4.47513
  78.00000    4.47763
  78.50000    4.48012
  79.00000    4.48249
  79.50000    4.48470
  80.00000    4.48691
  80.50000    4.48912
  81.00000    4.49133
  81.50000    4.49355
  82.00000    4.49576
  82.50000    4.49797
  83.00000    4.50002
  83.50000    4.50198
  84.00000    4.50394
  84.50000    4.50589
  85.00000    4.50785
  85.50000    4.50980
  86.00000    4.51176
  86.50000    4.51372
  87.00000    4.51550
  87.50000    4.51724
  88.00000    4.51898
  88.50000    4.52072
  89.00000    4.52245
  89.50000    4.52419
  90.00000    4.52593
  90.50000    4.52767
  91.00000    4.52925
  91.50000    4.53082
  92.00000    4.53239
  92.50000    4.53396
  93.00000    4.53554
  93.50000    4.53711
  94.00000    4.53868
  94.50000    4.54024
  95.00000    4.54171
  95.50000    4.54318
  96.00000    4.54465
  96.50000    4.54612
  97.00000    4.54759
  97.50000    4.54906
  98.00000    4.55053
  98.50000    4.55197
  99.00000    4.55334
  99.50000    4.55470
 100.00000    4.55607
 100.50000    4.55744
 101.00000    4.55881
 101.50000    4.56018
 102.00000    4.56155
 102.50000    4.56288
 103.00000    4.56418
 103.50000    4.56549
 104.00000    4.56679
 104.50000    4.56810
 105.00000    4.56940
 105.50000    4.57070
 106.00000    4.57201
 106.50000    4.57325
 107.00000    4.57447
 107.50000    4.57568
 108.00000    4.57689
 108.50000    4.57811
 109.00000    4.57932
 109.50000    4.58054
 110.00000    4.58175
 110.50000    4.58289
 111.00000    4.58402
 111.50000    4.58514
 112.00000    4.58627
 112.50000    4.58739
 113.00000    4.58852
 113.50000    4.58964
 114.00000    4.59076
 114.50000    4.59180
 115.00000    4.59283
 115.50000    4.59387
 116.00000    4.59490
 116.50000    4.59594
 117.00000    4.59697
 117.50000    4.59801
 118.00000    4.59903
 118.50000    4.59997
 119.00000    4.60092
 119.50000    4.60186
 120.00000    4.60281
 120.50000    4.60376
 121.00000    4.60470
 121.50000    4.60565
 122.00000    4.60655
 122.50000    4.60738
 123.00000    4.60821
 123.50000    4.60904
 124.00000    4.60987
 124.50000    4.61070
 125.00000    4.61153
 125.50000    4.61236
 126.00000    4.61313
 126.50000    4.61386
 127.00000    4.61459
 127.50000    4.61532
 128.00000    4.61605
 128.50000    4.61678
 129.00000    4.61751
 129.50000    4.61824
 130.00000    4.61889
 130.50000    4.61951
 131.00000    4.62014
 131.50000    4.62077
 132.00000    4.62139
 132.50000    4.62202
 133.00000    4.62264
 133.50000    4.62327
 134.00000    4.62379
 134.50000    4.62430
 135.00000    4.62481
 135.50000    4.62532
 136.00000    4.62583
 136.50000    4.62635
 137.00000    4.62686
 137.50000    4.62735
 138.00000    4.62775
 138.50000    4.62815
 139.00000    4.62854
 139.50000    4.62894
 140.00000    4.62933
 140.50000    4.62973
 141.00000    4.63013
 141.50000    4.63048
 142.00000    4.63075
 142.50000    4.63102
 143.00000    4.63129
 143.50000    4.63156
 144.00000    4.63183
 144.50000    4.63210
 145.00000    4.63236
 145.50000    4.63257
 146.00000    4.63271
 146.50000    4.63285
 147.00000    4.63299
 147.50000    4.63313
 148.00000    4.63327
 148.50000    4.63341
 149.00000    4.63355
 149.50000    4.63362
 150.00000    4.63364
