   0.00000    1.22110
   0.50000    3.05867
   1.00000    3.08318
   1.50000    3.10769
   2.00000    3.12994
   2.50000    3.15184
   3.00000    3.17217
   3.50000    3.19150
   4.00000    3.21000
   4.50000    3.22697
   5.00000    3.24374
   5.50000    3.25859
   6.00000    3.27344
   6.50000    3.28673
   7.00000    3.29971
   7.50000    3.31171
   8.00000    3.32302
   8.50000    3.33385
   9.00000    3.34374
   9.50000    3.35353
  10.00000    3.36218
  10.50000    3.37082
  11.00000    3.37870
  11.50000    3.38642
  12.00000    3.39368
  12.50000    3.40060
  13.00000    3.40735
  13.50000    3.41373
  14.00000    3.42010
  14.50000    3.42617
  15.00000    3.43225
  15.50000    3.43825
  16.00000    3.44423
  16.50000    3.45029
  17.00000    3.45640
  17.50000    3.46263
  18.00000    3.46915
  18.50000    3.47568
  19.00000    3.48277
  19.50000    3.48987
  20.00000    3.49761
  20.50000    3.50554
  21.00000    3.51400
  21.50000    3.52295
  22.00000    3.53224
  22.50000    3.54248
  23.00000    3.55272
  23.50000    3.56447
  24.00000    3.57621
  24.50000    3.58925
  25.00000    3.60272
  25.50000    3.61715
  26.00000    3.63258
  26.50000    3.64851
  27.00000    3.66611
  27.50000    3.68371
  28.00000    3.70365
  28.50000    3.72364
  29.00000    3.74552
  29.50000    3.76812
  30.00000    3.79207
  30.50000    3.81756
  31.00000    3.84369
  31.50000    3.87224
  32.00000    3.90078
  32.50000    3.93233
  33.00000    3.96402
  33.50000    4.32661
  34.00000    4.32218
  34.50000    4.31775
  35.00000    4.31332
  35.50000    4.30889
  36.00000    4.30446
  36.50000    4.30003
  37.00000    4.29560
  37.50000    4.29128
  38.00000    4.28762
  38.50000    4.28397
  39.00000    4.28031
  39.50000    4.27665
  40.00000    4.27299
  40.50000    4.26933
  41.00000    4.26568
  41.50000    4.26202
  42.00000    4.25878
  42.50000    4.25585
  43.00000    4.25292
  43.50000    4.24998
  44.00000    4.24705
  44.50000    4.24412
  45.00000    4.24118
  45.50000    4.23825
  46.00000    4.23533
  46.50000    4.23307
  47.00000    4.23080
  47.50000    4.22853
  48.00000    4.22627
  48.50000    4.22400
  49.00000    4.22173
  49.50000    4.21946
  50.00000    4.21720
  50.50000    4.21521
  51.00000    4.21354
  51.50000    4.21187
  52.00000    4.21020
  52.50000    4.20853
  53.00000    4.20685
  53.50000    4.20518
  54.00000    4.20351
  54.50000    4.20184
  55.00000    4.20066
  55.50000    4.19953
  56.00000    4.19839
  56.50000    4.19726
  57.00000    4.19613
  57.50000    4.19499
  58.00000    4.19386
  58.50000    4.19273
  59.00000    4.19176
  59.50000    4.19108
  60.00000    4.19040
  60.50000    4.18972
  61.00000    4.18904
  61.50000    4.18837
  62.00000    4.18769
  62.50000    4.18701
  63.00000    4.18633
  63.50000    4.18597
  64.00000    4.18567
  64.50000    4.18538
  65.00000    4.18509
  65.50000    4.18480
  66.00000    4.18450
  66.50000    4.18421
  67.00000    4.18392
  67.50000    4.18371
  68.00000    4.18374
  68.50000    4.18378
  69.00000    4.18381
  69.50000    4.18385
  70.00000    4.18388
  70.50000    4.18392
  71.00000    4.18395
  71.50000    4.18399
  72.00000    4.18421
  72.50000    4.18451
  73.00000    4.18482
  73.50000    4.18512
  74.00000    4.18543
  74.50000    4.18573
  75.00000    4.18603
  75.50000    4.18634
  76.00000    4.18666
  76.50000    4.18714
  77.00000    4.18762
  77.50000    4.18810
  78.00000    4.18858
  78.50000    4.18906
  79.00000    4.18954
  79.50000    4.19002
  80.00000    4.19050
  80.50000    4.19104
  81.00000    4.19164
  81.50000    4.19224
  82.00000    4.19283
  82.50000    4.19343
  83.00000    4.19402
  83.50000    4.19462
  84.00000    4.19522
  84.50000    4.19581
  85.00000    4.19648
  85.50000    4.19715
  86.00000    4.19781
  86.50000    4.19848
  87.00000    4.19915
  87.50000    4.19981
  88.00000    4.20048
  88.50000    4.20114
  89.00000    4.20180
  89.50000    4.20244
  90.00000    4.20308
  90.50000    4.20373
  91.00000    4.20437
  91.50000    4.20501
  92.00000    4.20566
  92.50000    4.20630
  93.00000    4.20694
  93.50000    4.20758
  94.00000    4.20823
  94.50000    4.20887
  95.00000    4.20951
  95.50000    4.21016
  96.00000    4.21080
  96.50000    4.21144
  97.00000    4.21208
  97.50000    4.21273
  98.00000    4.21337
  98.50000    4.21401
  99.00000    4.21465
  99.50000    4.21530
 100.00000    4.21594
 100.50000    4.21658
 101.00000    4.21723
 101.50000    4.21787
 102.00000    4.21851
 102.50000    4.21915
 103.00000    4.21980
 103.50000    4.22044
 104.00000    4.22108
 104.50000    4.22173
 105.00000    4.22237
 105.50000    4.22301
 106.00000    4.22366
 106.50000    4.22431
 107.00000    4.22497
 107.50000    4.22562
 108.00000    4.22628
 108.50000    4.22693
 109.00000    4.22758
 109.50000    4.22824
 110.00000    4.22889
 110.50000    4.22956
 111.00000    4.23022
 111.50000    4.23089
 112.00000    4.23155
 112.50000    4.23222
 113.00000    4.23289
 113.50000    4.23355
 114.00000    4.23422
 114.50000    4.23489
 115.00000    4.23558
 115.50000    4.23627
 116.00000    4.23696
 116.50000    4.23765
 117.00000    4.23834
 117.50000    4.23902
 118.00000    4.23971
 118.50000    4.24040
 119.00000    4.24111
 119.50000    4.24182
 120.00000    4.24253
 120.50000    4.24325
 121.00000    4.24396
 121.50000    4.24467
 122.00000    4.24538
 122.50000    4.24610
 123.00000    4.24681
 123.50000    4.24756
 124.00000    4.24831
 124.50000    4.24905
 125.00000    4.24980
 125.50000    4.25055
 126.00000    4.25130
 126.50000    4.25205
 127.00000    4.25279
 127.50000    4.25356
 128.00000    4.25436
 128.50000    4.25515
 129.00000    4.25595
 129.50000    4.25674
 130.00000    4.25754
 130.50000    4.25833
 131.00000    4.25913
 131.50000    4.25992
 132.00000    4.26076
 132.50000    4.26160
 133.00000    4.26244
 133.50000    4.26328
 134.00000    4.26413
 134.50000    4.26497
 135.00000    4.26581
 135.50000    4.26665
 136.00000    4.26751
 136.50000    4.26840
 137.00000    4.26928
 137.50000    4.27017
 138.00000    4.27106
 138.50000    4.27195
 139.00000    4.27284
 139.50000    4.27372
 140.00000    4.27461
 140.50000    4.27555
 141.00000    4.27649
 141.50000    4.27744
 142.00000    4.27839
 142.50000    4.27933
 143.00000    4.28028
 143.50000    4.28123
 144.00000    4.28217
 144.50000    4.28313
 145.00000    4.28414
 145.50000    4.28514
 146.00000    4.28615
 146.50000    4.28715
 147.00000    4.28816
 147.50000    4.28916
 148.00000    4.29017
 148.50000    4.29117
 149.00000    4.29223
 149.50000    4.29332
 150.00000    4.29441
