   0.00000    1.20520
   0.50000    2.78513
   1.00000    2.81286
   1.50000    2.83996
   2.00000    2.86598
   2.50000    2.89120
   3.00000    2.91541
   3.50000    2.93874
   4.00000    2.96123
   4.50000    2.98283
   5.00000    3.00377
   5.50000    3.02377
   6.00000    3.04325
   6.50000    3.06174
   7.00000    3.07982
   7.50000    3.09697
   8.00000    3.11386
   8.50000    3.12978
   9.00000    3.14554
   9.50000    3.16038
  10.00000    3.17515
  10.50000    3.18904
  11.00000    3.20288
  11.50000    3.21599
  12.00000    3.22900
  12.50000    3.24144
  13.00000    3.25376
  13.50000    3.26563
  14.00000    3.27738
  14.50000    3.28883
  15.00000    3.30018
  15.50000    3.31132
  16.00000    3.32237
  16.50000    3.33331
  17.00000    3.34419
  17.50000    3.35502
  18.00000    3.36588
  18.50000    3.37676
  19.00000    3.38771
  19.50000    3.39870
  20.00000    3.40990
  20.50000    3.42120
  21.00000    3.43273
  21.50000    3.44434
  22.00000    3.45639
  22.50000    3.46851
  23.00000    3.48116
  23.50000    3.49385
  24.00000    3.50726
  24.50000    3.52072
  25.00000    3.53498
  25.50000    3.54934
  26.00000    3.56452
  26.50000    3.57991
  27.00000    3.59619
  27.50000    3.61273
  28.00000    3.63004
  28.50000    3.82363
  29.00000    3.84451
  29.50000    3.86539
  30.00000    3.88627
  30.50000    3.90714
  31.00000    3.92802
  31.50000    3.94890
  32.00000    3.96978
  32.50000    3.99066
  33.00000    4.00942
  33.50000    4.02630
  34.00000    4.04318
  34.50000    4.06006
  35.00000    4.07694
  35.50000    4.09382
  36.00000    4.11070
  36.50000    4.12758
  37.00000    4.14446
  37.50000    4.15860
  38.00000    4.17170
  38.50000    4.18480
  39.00000    4.19789
  39.50000    4.21099
  40.00000    4.22409
  40.50000    4.23718
  41.00000    4.25028
  41.50000    4.26338
  42.00000    4.27333
  42.50000    4.28302
  43.00000    4.29271
  43.50000    4.30240
  44.00000    4.31209
  44.50000    4.32178
  45.00000    4.33147
  45.50000    4.34116
  46.00000    4.35049
  46.50000    4.35718
  47.00000    4.36387
  47.50000    4.37057
  48.00000    4.37726
  48.50000    4.38395
  49.00000    4.39064
  49.50000    4.39733
  50.00000    4.40402
  50.50000    4.40989
  51.00000    4.41396
  51.50000    4.41804
  52.00000    4.42212
  52.50000    4.42620
  53.00000    4.43028
  53.50000    4.43435
  54.00000    4.43843
  54.50000    4.44251
  55.00000    4.44545
  55.50000    4.44732
  56.00000    4.44918
  56.50000    4.45104
  57.00000    4.45291
  57.50000    4.45477
  58.00000    4.45663
  58.50000    4.45849
  59.00000    4.46036
  59.50000    4.46092
  60.00000    4.46096
  60.50000    4.46099
  61.00000    4.46103
  61.50000    4.46106
  62.00000    4.46109
  62.50000    4.46113
  63.00000    4.46116
  63.50000    4.46120
  64.00000    4.45994
  64.50000    4.45854
  65.00000    4.45714
  65.50000    4.45574
  66.00000    4.45435
  66.50000    4.45295
  67.00000    4.45155
  67.50000    4.45016
  68.00000    4.44865
  68.50000    4.44622
  69.00000    4.44379
  69.50000    4.44136
  70.00000    4.43893
  70.50000    4.43650
  71.00000    4.43407
  71.50000    4.43164
  72.00000    4.42921
  72.50000    4.42658
  73.00000    4.42349
  73.50000    4.42040
  74.00000    4.41731
  74.50000    4.41422
  75.00000    4.41113
  75.50000    4.40804
  76.00000    4.40495
  76.50000    4.40186
  77.00000    4.39865
  77.50000    4.39532
  78.00000    4.39200
  78.50000    4.38867
  79.00000    4.38534
  79.50000    4.38201
  80.00000    4.37868
  80.50000    4.37536
  81.00000    4.37203
  81.50000    4.36879
  82.00000    4.36558
  82.50000    4.36238
  83.00000    4.35918
  83.50000    4.35597
  84.00000    4.35277
  84.50000    4.34957
  85.00000    4.34636
  85.50000    4.34316
  86.00000    4.34038
  86.50000    4.33765
  87.00000    4.33493
  87.50000    4.33220
  88.00000    4.32947
  88.50000    4.32675
  89.00000    4.32402
  89.50000    4.32130
  90.00000    4.31861
  90.50000    4.31639
  91.00000    4.31416
  91.50000    4.31193
  92.00000    4.30971
  92.50000    4.30748
  93.00000    4.30525
  93.50000    4.30303
  94.00000    4.30080
  94.50000    4.29871
  95.00000    4.29697
  95.50000    4.29524
  96.00000    4.29350
  96.50000    4.29176
  97.00000    4.29002
  97.50000    4.28828
  98.00000    4.28655
  98.50000    4.28481
  99.00000    4.28329
  99.50000    4.28200
 100.00000    4.28072
 100.50000    4.27944
 101.00000    4.27815
 101.50000    4.27687
 102.00000    4.27559
 102.50000    4.27430
 103.00000    4.27302
 103.50000    4.27203
 104.00000    4.27119
 104.50000    4.27035
 105.00000    4.26951
 105.50000    4.26867
 106.00000    4.26783
 106.50000    4.26699
 107.00000    4.26615
 107.50000    4.26531
 108.00000    4.26482
 108.50000    4.26439
 109.00000    4.26396
 109.50000    4.26353
 110.00000    4.26310
 110.50000    4.26267
 111.00000    4.26223
 111.50000    4.26180
 112.00000    4.26140
 112.50000    4.26136
 113.00000    4.26133
 113.50000    4.26130
 114.00000    4.26126
 114.50000    4.26123
 115.00000    4.26119
 115.50000    4.26116
 116.00000    4.26113
 116.50000    4.26119
 117.00000    4.26153
 117.50000    4.26187
 118.00000    4.26221
 118.50000    4.26255
 119.00000    4.26289
 119.50000    4.26323
 120.00000    4.26358
 120.50000    4.26392
 121.00000    4.26441
 121.50000    4.26508
 122.00000    4.26575
 122.50000    4.26642
 123.00000    4.26709
 123.50000    4.26776
 124.00000    4.26843
 124.50000    4.26910
 125.00000    4.26977
 125.50000    4.27066
 126.00000    4.27166
 126.50000    4.27266
 127.00000    4.27366
 127.50000    4.27466
 128.00000    4.27566
 128.50000    4.27665
 129.00000    4.27765
 129.50000    4.27865
 130.00000    4.27991
 130.50000    4.28120
 131.00000    4.28250
 131.50000    4.28379
 132.00000    4.28509
 132.50000    4.28638
 133.00000    4.28768
 133.50000    4.28897
 134.00000    4.29028
 134.50000    4.29185
 135.00000    4.29341
 135.50000    4.29498
 136.00000    4.29655
 136.50000    4.29812
 137.00000    4.29969
 137.50000    4.30125
 138.00000    4.30282
 138.50000    4.30445
 139.00000    4.30627
 139.50000    4.30809
 140.00000    4.30990
 140.50000    4.31172
 141.00000    4.31354
 141.50000    4.31535
 142.00000    4.31717
 142.50000    4.31899
 143.00000    4.32091
 143.50000    4.32295
 144.00000    4.32500
 144.50000    4.32704
 145.00000    4.32909
 145.50000    4.33113
 146.00000    4.33317
 146.50000    4.33522
 147.00000    4.33726
 147.50000    4.33944
 148.00000    4.34169
 148.50000    4.34394
 149.00000    4.34619
 149.50000    4.34844
 150.00000    4.35069
