   0.00000    1.74720
   0.50000    1.89827
   1.00000    2.04934
   1.50000    2.20041
   2.00000    2.35148
   2.50000    2.50255
   3.00000    2.65362
   3.50000    2.80470
   4.00000    2.95577
   4.50000    3.28208
   5.00000    3.30345
   5.50000    3.32479
   6.00000    3.34426
   6.50000    3.36373
   7.00000    3.38308
   7.50000    3.40069
   8.00000    3.41830
   8.50000    3.43571
   9.00000    3.45153
   9.50000    3.46734
  10.00000    3.48290
  10.50000    3.49709
  11.00000    3.51128
  11.50000    3.52516
  12.00000    3.53786
  12.50000    3.55056
  13.00000    3.56290
  13.50000    3.57418
  14.00000    3.58545
  14.50000    3.59635
  15.00000    3.60634
  15.50000    3.61633
  16.00000    3.62594
  16.50000    3.63481
  17.00000    3.64368
  17.50000    3.65216
  18.00000    3.66001
  18.50000    3.66787
  19.00000    3.67533
  19.50000    3.68227
  20.00000    3.68921
  20.50000    3.69577
  21.00000    3.70194
  21.50000    3.70810
  22.00000    3.71394
  22.50000    3.71949
  23.00000    3.72505
  23.50000    3.73027
  24.00000    3.73525
  24.50000    3.74022
  25.00000    3.74497
  25.50000    3.74957
  26.00000    3.75418
  26.50000    3.75860
  27.00000    3.76294
  27.50000    3.76727
  28.00000    3.77146
  28.50000    3.77559
  29.00000    3.77972
  29.50000    3.78388
  30.00000    3.78804
  30.50000    3.79221
  31.00000    3.79640
  31.50000    3.80060
  32.00000    3.80480
  32.50000    3.80923
  33.00000    3.81370
  33.50000    3.81817
  34.00000    3.82291
  34.50000    3.82769
  35.00000    3.83246
  35.50000    3.83769
  36.00000    3.84294
  36.50000    3.84819
  37.00000    3.85404
  37.50000    3.85990
  38.00000    3.86579
  38.50000    3.87236
  39.00000    3.87893
  39.50000    3.88557
  40.00000    3.89295
  40.50000    3.90033
  41.00000    3.90785
  41.50000    3.91621
  42.00000    3.92458
  42.50000    3.93314
  43.00000    3.94259
  43.50000    3.95204
  44.00000    3.96177
  44.50000    3.97243
  45.00000    3.98310
  45.50000    3.99410
  46.00000    4.00599
  46.50000    4.01787
  47.00000    4.20309
  47.50000    4.21475
  48.00000    4.22641
  48.50000    4.23807
  49.00000    4.24974
  49.50000    4.26140
  50.00000    4.27306
  50.50000    4.28472
  51.00000    4.29548
  51.50000    4.30522
  52.00000    4.31496
  52.50000    4.32470
  53.00000    4.33444
  53.50000    4.34418
  54.00000    4.35392
  54.50000    4.36366
  55.00000    4.37228
  55.50000    4.38020
  56.00000    4.38811
  56.50000    4.39603
  57.00000    4.40395
  57.50000    4.41187
  58.00000    4.41979
  58.50000    4.42771
  59.00000    4.43435
  59.50000    4.44059
  60.00000    4.44683
  60.50000    4.45307
  61.00000    4.45930
  61.50000    4.46554
  62.00000    4.47178
  62.50000    4.47802
  63.00000    4.48291
  63.50000    4.48766
  64.00000    4.49240
  64.50000    4.49715
  65.00000    4.50190
  65.50000    4.50665
  66.00000    4.51140
  66.50000    4.51608
  67.00000    4.51950
  67.50000    4.52293
  68.00000    4.52635
  68.50000    4.52978
  69.00000    4.53320
  69.50000    4.53663
  70.00000    4.54005
  70.50000    4.54325
  71.00000    4.54555
  71.50000    4.54784
  72.00000    4.55013
  72.50000    4.55242
  73.00000    4.55471
  73.50000    4.55700
  74.00000    4.55930
  74.50000    4.56125
  75.00000    4.56256
  75.50000    4.56387
  76.00000    4.56518
  76.50000    4.56650
  77.00000    4.56781
  77.50000    4.56912
  78.00000    4.57043
  78.50000    4.57135
  79.00000    4.57186
  79.50000    4.57237
  80.00000    4.57288
  80.50000    4.57339
  81.00000    4.57390
  81.50000    4.57440
  82.00000    4.57491
  82.50000    4.57503
  83.00000    4.57491
  83.50000    4.57480
  84.00000    4.57468
  84.50000    4.57457
  85.00000    4.57445
  85.50000    4.57434
  86.00000    4.57423
  86.50000    4.57375
  87.00000    4.57318
  87.50000    4.57261
  88.00000    4.57203
  88.50000    4.57146
  89.00000    4.57089
  89.50000    4.57032
  90.00000    4.56974
  90.50000    4.56891
  91.00000    4.56806
  91.50000    4.56720
  92.00000    4.56635
  92.50000    4.56550
  93.00000    4.56465
  93.50000    4.56379
  94.00000    4.56293
  94.50000    4.56198
  95.00000    4.56102
  95.50000    4.56007
  96.00000    4.55911
  96.50000    4.55816
  97.00000    4.55720
  97.50000    4.55625
  98.00000    4.55530
  98.50000    4.55437
  99.00000    4.55344
  99.50000    4.55251
 100.00000    4.55158
 100.50000    4.55065
 101.00000    4.54972
 101.50000    4.54879
 102.00000    4.54790
 102.50000    4.54706
 103.00000    4.54622
 103.50000    4.54537
 104.00000    4.54453
 104.50000    4.54369
 105.00000    4.54285
 105.50000    4.54201
 106.00000    4.54121
 106.50000    4.54043
 107.00000    4.53965
 107.50000    4.53888
 108.00000    4.53810
 108.50000    4.53732
 109.00000    4.53655
 109.50000    4.53577
 110.00000    4.53504
 110.50000    4.53434
 111.00000    4.53364
 111.50000    4.53294
 112.00000    4.53224
 112.50000    4.53154
 113.00000    4.53084
 113.50000    4.53014
 114.00000    4.52952
 114.50000    4.52892
 115.00000    4.52833
 115.50000    4.52773
 116.00000    4.52713
 116.50000    4.52653
 117.00000    4.52593
 117.50000    4.52533
 118.00000    4.52481
 118.50000    4.52429
 119.00000    4.52376
 119.50000    4.52324
 120.00000    4.52272
 120.50000    4.52220
 121.00000    4.52168
 121.50000    4.52116
 122.00000    4.52074
 122.50000    4.52032
 123.00000    4.51990
 123.50000    4.51948
 124.00000    4.51906
 124.50000    4.51864
 125.00000    4.51822
 125.50000    4.51782
 126.00000    4.51751
 126.50000    4.51719
 127.00000    4.51687
 127.50000    4.51655
 128.00000    4.51623
 128.50000    4.51592
 129.00000    4.51560
 129.50000    4.51532
 130.00000    4.51510
 130.50000    4.51488
 131.00000    4.51467
 131.50000    4.51445
 132.00000    4.51424
 132.50000    4.51402
 133.00000    4.51380
 133.50000    4.51364
 134.00000    4.51353
 134.50000    4.51341
 135.00000    4.51330
 135.50000    4.51318
 136.00000    4.51307
 136.50000    4.51295
 137.00000    4.51284
 137.50000    4.51281
 138.00000    4.51282
 138.50000    4.51283
 139.00000    4.51285
 139.50000    4.51286
 140.00000    4.51287
 140.50000    4.51288
 141.00000    4.51290
 141.50000    4.51300
 142.00000    4.51313
 142.50000    4.51326
 143.00000    4.51339
 143.50000    4.51351
 144.00000    4.51364
 144.50000    4.51377
 145.00000    4.51390
 145.50000    4.51413
 146.00000    4.51437
 146.50000    4.51462
 147.00000    4.51486
 147.50000    4.51510
 148.00000    4.51534
 148.50000    4.51558
 149.00000    4.51584
 149.50000    4.51622
 150.00000    4.51661
