   0.00000    1.16730
   0.50000    1.87074
   1.00000    2.96517
   1.50000    2.99885
   2.00000    3.03054
   2.50000    3.06130
   3.00000    3.09044
   3.50000    3.11832
   4.00000    3.14497
   4.50000    3.17007
   5.00000    3.19433
   5.50000    3.21683
   6.00000    3.23886
   6.50000    3.25900
   7.00000    3.27897
   7.50000    3.29689
   8.00000    3.31482
   8.50000    3.33079
   9.00000    3.34669
   9.50000    3.36100
  10.00000    3.37501
  10.50000    3.38783
  11.00000    3.40019
  11.50000    3.41167
  12.00000    3.42256
  12.50000    3.43280
  13.00000    3.44233
  13.50000    3.45147
  14.00000    3.45991
  14.50000    3.46811
  15.00000    3.47557
  15.50000    3.48293
  16.00000    3.48963
  16.50000    3.49632
  17.00000    3.50241
  17.50000    3.50849
  18.00000    3.51420
  18.50000    3.51987
  19.00000    3.52538
  19.50000    3.53085
  20.00000    3.53627
  20.50000    3.54164
  21.00000    3.54710
  21.50000    3.55261
  22.00000    3.55825
  22.50000    3.56405
  23.00000    3.57000
  23.50000    3.57632
  24.00000    3.58275
  24.50000    3.58968
  25.00000    3.59666
  25.50000    3.60449
  26.00000    3.61232
  26.50000    3.62107
  27.00000    3.62989
  27.50000    3.63970
  28.00000    3.64974
  28.50000    3.66073
  29.00000    3.67215
  29.50000    3.68445
  30.00000    3.69742
  30.50000    3.71113
  31.00000    3.72575
  31.50000    4.02123
  32.00000    4.02560
  32.50000    4.02997
  33.00000    4.03434
  33.50000    4.03871
  34.00000    4.04308
  34.50000    4.04745
  35.00000    4.05182
  35.50000    4.05619
  36.00000    4.06044
  36.50000    4.06464
  37.00000    4.06884
  37.50000    4.07303
  38.00000    4.07723
  38.50000    4.08143
  39.00000    4.08562
  39.50000    4.08982
  40.00000    4.09401
  40.50000    4.09800
  41.00000    4.10199
  41.50000    4.10598
  42.00000    4.10997
  42.50000    4.11395
  43.00000    4.11794
  43.50000    4.12193
  44.00000    4.12592
  44.50000    4.12983
  45.00000    4.13361
  45.50000    4.13739
  46.00000    4.14117
  46.50000    4.14495
  47.00000    4.14873
  47.50000    4.15251
  48.00000    4.15629
  48.50000    4.16008
  49.00000    4.16370
  49.50000    4.16728
  50.00000    4.17085
  50.50000    4.17442
  51.00000    4.17799
  51.50000    4.18157
  52.00000    4.18514
  52.50000    4.18871
  53.00000    4.19227
  53.50000    4.19564
  54.00000    4.19902
  54.50000    4.20240
  55.00000    4.20577
  55.50000    4.20915
  56.00000    4.21252
  56.50000    4.21590
  57.00000    4.21928
  57.50000    4.22256
  58.00000    4.22573
  58.50000    4.22890
  59.00000    4.23207
  59.50000    4.23523
  60.00000    4.23840
  60.50000    4.24157
  61.00000    4.24474
  61.50000    4.24791
  62.00000    4.25093
  62.50000    4.25391
  63.00000    4.25690
  63.50000    4.25988
  64.00000    4.26286
  64.50000    4.26584
  65.00000    4.26883
  65.50000    4.27181
  66.00000    4.27477
  66.50000    4.27754
  67.00000    4.28031
  67.50000    4.28309
  68.00000    4.28586
  68.50000    4.28864
  69.00000    4.29141
  69.50000    4.29419
  70.00000    4.29696
  70.50000    4.29964
  71.00000    4.30222
  71.50000    4.30480
  72.00000    4.30738
  72.50000    4.30996
  73.00000    4.31253
  73.50000    4.31511
  74.00000    4.31769
  74.50000    4.32027
  75.00000    4.32268
  75.50000    4.32507
  76.00000    4.32745
  76.50000    4.32983
  77.00000    4.33221
  77.50000    4.33459
  78.00000    4.33697
  78.50000    4.33936
  79.00000    4.34170
  79.50000    4.34389
  80.00000    4.34607
  80.50000    4.34826
  81.00000    4.35044
  81.50000    4.35263
  82.00000    4.35481
  82.50000    4.35700
  83.00000    4.35918
  83.50000    4.36127
  84.00000    4.36327
  84.50000    4.36527
  85.00000    4.36727
  85.50000    4.36927
  86.00000    4.37127
  86.50000    4.37327
  87.00000    4.37527
  87.50000    4.37727
  88.00000    4.37911
  88.50000    4.38092
  89.00000    4.38274
  89.50000    4.38455
  90.00000    4.38637
  90.50000    4.38818
  91.00000    4.39000
  91.50000    4.39181
  92.00000    4.39359
  92.50000    4.39523
  93.00000    4.39687
  93.50000    4.39851
  94.00000    4.40015
  94.50000    4.40179
  95.00000    4.40344
  95.50000    4.40508
  96.00000    4.40672
  96.50000    4.40826
  97.00000    4.40973
  97.50000    4.41120
  98.00000    4.41266
  98.50000    4.41413
  99.00000    4.41560
  99.50000    4.41707
 100.00000    4.41854
 100.50000    4.42001
 101.00000    4.42136
 101.50000    4.42270
 102.00000    4.42404
 102.50000    4.42538
 103.00000    4.42672
 103.50000    4.42806
 104.00000    4.42940
 104.50000    4.43074
 105.00000    4.43205
 105.50000    4.43325
 106.00000    4.43445
 106.50000    4.43565
 107.00000    4.43686
 107.50000    4.43806
 108.00000    4.43926
 108.50000    4.44046
 109.00000    4.44166
 109.50000    4.44279
 110.00000    4.44388
 110.50000    4.44497
 111.00000    4.44605
 111.50000    4.44714
 112.00000    4.44823
 112.50000    4.44931
 113.00000    4.45040
 113.50000    4.45149
 114.00000    4.45247
 114.50000    4.45345
 115.00000    4.45444
 115.50000    4.45542
 116.00000    4.45640
 116.50000    4.45738
 117.00000    4.45837
 117.50000    4.45935
 118.00000    4.46030
 118.50000    4.46119
 119.00000    4.46208
 119.50000    4.46297
 120.00000    4.46386
 120.50000    4.46475
 121.00000    4.46564
 121.50000    4.46653
 122.00000    4.46742
 122.50000    4.46827
 123.00000    4.46911
 123.50000    4.46994
 124.00000    4.47077
 124.50000    4.47160
 125.00000    4.47244
 125.50000    4.47327
 126.00000    4.47410
 126.50000    4.47493
 127.00000    4.47571
 127.50000    4.47648
 128.00000    4.47725
 128.50000    4.47803
 129.00000    4.47880
 129.50000    4.47958
 130.00000    4.48035
 130.50000    4.48113
 131.00000    4.48188
 131.50000    4.48260
 132.00000    4.48331
 132.50000    4.48403
 133.00000    4.48475
 133.50000    4.48546
 134.00000    4.48618
 134.50000    4.48690
 135.00000    4.48762
 135.50000    4.48832
 136.00000    4.48903
 136.50000    4.48973
 137.00000    4.49044
 137.50000    4.49114
 138.00000    4.49185
 138.50000    4.49255
 139.00000    4.49326
 139.50000    4.49396
 140.00000    4.49466
 140.50000    4.49535
 141.00000    4.49604
 141.50000    4.49674
 142.00000    4.49743
 142.50000    4.49813
 143.00000    4.49882
 143.50000    4.49951
 144.00000    4.50021
 144.50000    4.50090
 145.00000    4.50159
 145.50000    4.50229
 146.00000    4.50298
 146.50000    4.50368
 147.00000    4.50437
 147.50000    4.50506
 148.00000    4.50576
 148.50000    4.50646
 149.00000    4.50717
 149.50000    4.50787
 150.00000    4.50858
