   0.00000    0.53810
   0.50000    1.29078
   1.00000    2.04346
   1.50000    3.47362
   2.00000    3.48115
   2.50000    3.48868
   3.00000    3.49588
   3.50000    3.50287
   4.00000    3.50986
   4.50000    3.51658
   5.00000    3.52300
   5.50000    3.52941
   6.00000    3.53569
   6.50000    3.54166
   7.00000    3.54763
   7.50000    3.55354
   8.00000    3.55910
   8.50000    3.56466
   9.00000    3.57021
   9.50000    3.57545
  10.00000    3.58069
  10.50000    3.58593
  11.00000    3.59090
  11.50000    3.59582
  12.00000    3.60074
  12.50000    3.60555
  13.00000    3.61032
  13.50000    3.61508
  14.00000    3.61976
  14.50000    3.62436
  15.00000    3.62897
  15.50000    3.63353
  16.00000    3.63804
  16.50000    3.64255
  17.00000    3.64707
  17.50000    3.65162
  18.00000    3.65616
  18.50000    3.66071
  19.00000    3.66528
  19.50000    3.66986
  20.00000    3.67443
  20.50000    3.67910
  21.00000    3.68377
  21.50000    3.68844
  22.00000    3.69329
  22.50000    3.69818
  23.00000    3.70308
  23.50000    3.70814
  24.00000    3.71329
  24.50000    3.71844
  25.00000    3.72375
  25.50000    3.72922
  26.00000    3.73468
  26.50000    3.74029
  27.00000    3.74614
  27.50000    3.75198
  28.00000    3.75794
  28.50000    3.76423
  29.00000    3.77052
  29.50000    3.77686
  30.00000    3.78369
  30.50000    3.79052
  31.00000    3.79735
  31.50000    3.80472
  32.00000    3.81212
  32.50000    3.81952
  33.00000    3.82743
  33.50000    3.83547
  34.00000    3.84351
  34.50000    3.85202
  35.00000    3.86079
  35.50000    3.86956
  36.00000    3.87872
  36.50000    3.88829
  37.00000    3.89785
  37.50000    3.90770
  38.00000    3.91809
  38.50000    3.92848
  39.00000    3.93906
  39.50000    3.95037
  40.00000    3.96168
  40.50000    3.97304
  41.00000    3.98530
  41.50000    3.99757
  42.00000    4.00983
  42.50000    4.02308
  43.00000    4.03642
  43.50000    4.04976
  44.00000    4.06393
  44.50000    4.07835
  45.00000    4.09277
  45.50000    4.10788
  46.00000    4.12341
  46.50000    4.13895
  47.00000    4.51061
  47.50000    4.51298
  48.00000    4.51534
  48.50000    4.51771
  49.00000    4.52008
  49.50000    4.52244
  50.00000    4.52481
  50.50000    4.52718
  51.00000    4.52943
  51.50000    4.53160
  52.00000    4.53378
  52.50000    4.53596
  53.00000    4.53813
  53.50000    4.54031
  54.00000    4.54249
  54.50000    4.54466
  55.00000    4.54671
  55.50000    4.54872
  56.00000    4.55073
  56.50000    4.55274
  57.00000    4.55476
  57.50000    4.55677
  58.00000    4.55878
  58.50000    4.56079
  59.00000    4.56264
  59.50000    4.56447
  60.00000    4.56630
  60.50000    4.56814
  61.00000    4.56997
  61.50000    4.57180
  62.00000    4.57363
  62.50000    4.57546
  63.00000    4.57713
  63.50000    4.57879
  64.00000    4.58046
  64.50000    4.58213
  65.00000    4.58380
  65.50000    4.58546
  66.00000    4.58713
  66.50000    4.58877
  67.00000    4.59030
  67.50000    4.59183
  68.00000    4.59335
  68.50000    4.59488
  69.00000    4.59641
  69.50000    4.59793
  70.00000    4.59946
  70.50000    4.60094
  71.00000    4.60233
  71.50000    4.60372
  72.00000    4.60510
  72.50000    4.60649
  73.00000    4.60788
  73.50000    4.60927
  74.00000    4.61065
  74.50000    4.61198
  75.00000    4.61324
  75.50000    4.61450
  76.00000    4.61576
  76.50000    4.61702
  77.00000    4.61828
  77.50000    4.61954
  78.00000    4.62080
  78.50000    4.62200
  79.00000    4.62316
  79.50000    4.62431
  80.00000    4.62547
  80.50000    4.62663
  81.00000    4.62779
  81.50000    4.62895
  82.00000    4.63011
  82.50000    4.63119
  83.00000    4.63224
  83.50000    4.63330
  84.00000    4.63436
  84.50000    4.63541
  85.00000    4.63647
  85.50000    4.63752
  86.00000    4.63858
  86.50000    4.63956
  87.00000    4.64053
  87.50000    4.64149
  88.00000    4.64246
  88.50000    4.64343
  89.00000    4.64439
  89.50000    4.64536
  90.00000    4.64633
  90.50000    4.64720
  91.00000    4.64808
  91.50000    4.64896
  92.00000    4.64984
  92.50000    4.65072
  93.00000    4.65159
  93.50000    4.65247
  94.00000    4.65334
  94.50000    4.65417
  95.00000    4.65500
  95.50000    4.65582
  96.00000    4.65665
  96.50000    4.65748
  97.00000    4.65830
  97.50000    4.65913
  98.00000    4.65994
  98.50000    4.66072
  99.00000    4.66150
  99.50000    4.66227
 100.00000    4.66305
 100.50000    4.66382
 101.00000    4.66460
 101.50000    4.66538
 102.00000    4.66612
 102.50000    4.66682
 103.00000    4.66752
 103.50000    4.66822
 104.00000    4.66892
 104.50000    4.66962
 105.00000    4.67032
 105.50000    4.67102
 106.00000    4.67169
 106.50000    4.67234
 107.00000    4.67298
 107.50000    4.67363
 108.00000    4.67428
 108.50000    4.67493
 109.00000    4.67558
 109.50000    4.67623
 110.00000    4.67682
 110.50000    4.67740
 111.00000    4.67797
 111.50000    4.67854
 112.00000    4.67911
 112.50000    4.67969
 113.00000    4.68026
 113.50000    4.68083
 114.00000    4.68133
 114.50000    4.68181
 115.00000    4.68229
 115.50000    4.68278
 116.00000    4.68326
 116.50000    4.68374
 117.00000    4.68423
 117.50000    4.68471
 118.00000    4.68512
 118.50000    4.68552
 119.00000    4.68593
 119.50000    4.68634
 120.00000    4.68675
 120.50000    4.68715
 121.00000    4.68756
 121.50000    4.68795
 122.00000    4.68826
 122.50000    4.68856
 123.00000    4.68887
 123.50000    4.68917
 124.00000    4.68948
 124.50000    4.68978
 125.00000    4.69009
 125.50000    4.69037
 126.00000    4.69058
 126.50000    4.69080
 127.00000    4.69102
 127.50000    4.69123
 128.00000    4.69145
 128.50000    4.69166
 129.00000    4.69188
 129.50000    4.69205
 130.00000    4.69215
 130.50000    4.69225
 131.00000    4.69235
 131.50000    4.69245
 132.00000    4.69255
 132.50000    4.69266
 133.00000    4.69276
 133.50000    4.69280
 134.00000    4.69280
 134.50000    4.69280
 135.00000    4.69280
 135.50000    4.69280
 136.00000    4.69280
 136.50000    4.69280
 137.00000    4.69280
 137.50000    4.69270
 138.00000    4.69256
 138.50000    4.69242
 139.00000    4.69228
 139.50000    4.69214
 140.00000    4.69200
 140.50000    4.69186
 141.00000    4.69172
 141.50000    4.69148
 142.00000    4.69122
 142.50000    4.69097
 143.00000    4.69071
 143.50000    4.69046
 144.00000    4.69021
 144.50000    4.68995
 145.00000    4.68969
 145.50000    4.68931
 146.00000    4.68893
 146.50000    4.68855
 147.00000    4.68817
 147.50000    4.68779
 148.00000    4.68740
 148.50000    4.68702
 149.00000    4.68662
 149.50000    4.68608
 150.00000    4.68555
