   0.00000    1.30150
   0.50000    1.77563
   1.00000    2.24975
   1.50000    3.38897
   2.00000    3.40208
   2.50000    3.41519
   3.00000    3.42800
   3.50000    3.43972
   4.00000    3.45144
   4.50000    3.46316
   5.00000    3.47367
   5.50000    3.48396
   6.00000    3.49426
   6.50000    3.50392
   7.00000    3.51291
   7.50000    3.52190
   8.00000    3.53077
   8.50000    3.53860
   9.00000    3.54643
   9.50000    3.55427
  10.00000    3.56131
  10.50000    3.56807
  11.00000    3.57484
  11.50000    3.58125
  12.00000    3.58707
  12.50000    3.59288
  13.00000    3.59870
  13.50000    3.60362
  14.00000    3.60855
  14.50000    3.61347
  15.00000    3.61795
  15.50000    3.62216
  16.00000    3.62638
  16.50000    3.63043
  17.00000    3.63402
  17.50000    3.63761
  18.00000    3.64120
  18.50000    3.64431
  19.00000    3.64737
  19.50000    3.65043
  20.00000    3.65327
  20.50000    3.65591
  21.00000    3.65855
  21.50000    3.66115
  22.00000    3.66352
  22.50000    3.66590
  23.00000    3.66827
  23.50000    3.67048
  24.00000    3.67265
  24.50000    3.67481
  25.00000    3.67694
  25.50000    3.67902
  26.00000    3.68110
  26.50000    3.68318
  27.00000    3.68531
  27.50000    3.68745
  28.00000    3.68959
  28.50000    3.69182
  29.00000    3.69411
  29.50000    3.69639
  30.00000    3.69874
  30.50000    3.70127
  31.00000    3.70379
  31.50000    3.70631
  32.00000    3.70916
  32.50000    3.71204
  33.00000    3.71492
  33.50000    3.71806
  34.00000    3.72141
  34.50000    3.72476
  35.00000    3.72823
  35.50000    3.73217
  36.00000    3.73612
  36.50000    3.74006
  37.00000    3.74459
  37.50000    3.74925
  38.00000    3.75391
  38.50000    3.75891
  39.00000    3.76434
  39.50000    3.76977
  40.00000    3.77526
  40.50000    3.78164
  41.00000    3.78802
  41.50000    3.79440
  42.00000    3.80149
  42.50000    3.80888
  43.00000    3.81626
  43.50000    3.82404
  44.00000    3.83258
  44.50000    3.84113
  45.00000    3.84967
  45.50000    3.85939
  46.00000    3.86915
  46.50000    3.87891
  47.00000    3.88948
  47.50000    3.90060
  48.00000    3.91173
  48.50000    3.92317
  49.00000    3.93572
  49.50000    3.94827
  50.00000    3.96082
  50.50000    4.38419
  51.00000    4.38594
  51.50000    4.38769
  52.00000    4.38944
  52.50000    4.39119
  53.00000    4.39294
  53.50000    4.39469
  54.00000    4.39644
  54.50000    4.39819
  55.00000    4.39994
  55.50000    4.40138
  56.00000    4.40252
  56.50000    4.40367
  57.00000    4.40481
  57.50000    4.40595
  58.00000    4.40709
  58.50000    4.40823
  59.00000    4.40937
  59.50000    4.41051
  60.00000    4.41165
  60.50000    4.41271
  61.00000    4.41332
  61.50000    4.41394
  62.00000    4.41456
  62.50000    4.41518
  63.00000    4.41580
  63.50000    4.41642
  64.00000    4.41704
  64.50000    4.41766
  65.00000    4.41828
  65.50000    4.41890
  66.00000    4.41918
  66.50000    4.41939
  67.00000    4.41960
  67.50000    4.41982
  68.00000    4.42003
  68.50000    4.42024
  69.00000    4.42045
  69.50000    4.42067
  70.00000    4.42088
  70.50000    4.42109
  71.00000    4.42116
  71.50000    4.42107
  72.00000    4.42098
  72.50000    4.42090
  73.00000    4.42081
  73.50000    4.42072
  74.00000    4.42063
  74.50000    4.42055
  75.00000    4.42046
  75.50000    4.42037
  76.00000    4.42026
  76.50000    4.41998
  77.00000    4.41970
  77.50000    4.41942
  78.00000    4.41914
  78.50000    4.41885
  79.00000    4.41857
  79.50000    4.41829
  80.00000    4.41801
  80.50000    4.41773
  81.00000    4.41745
  81.50000    4.41709
  82.00000    4.41672
  82.50000    4.41634
  83.00000    4.41596
  83.50000    4.41558
  84.00000    4.41521
  84.50000    4.41483
  85.00000    4.41445
  85.50000    4.41408
  86.00000    4.41370
  86.50000    4.41333
  87.00000    4.41297
  87.50000    4.41262
  88.00000    4.41226
  88.50000    4.41190
  89.00000    4.41154
  89.50000    4.41118
  90.00000    4.41083
  90.50000    4.41047
  91.00000    4.41011
  91.50000    4.40977
  92.00000    4.40954
  92.50000    4.40930
  93.00000    4.40907
  93.50000    4.40884
  94.00000    4.40861
  94.50000    4.40838
  95.00000    4.40814
  95.50000    4.40791
  96.00000    4.40768
  96.50000    4.40745
  97.00000    4.40740
  97.50000    4.40740
  98.00000    4.40740
  98.50000    4.40740
  99.00000    4.40740
  99.50000    4.40740
 100.00000    4.40740
 100.50000    4.40740
 101.00000    4.40740
 101.50000    4.40740
 102.00000    4.40753
 102.50000    4.40781
 103.00000    4.40809
 103.50000    4.40837
 104.00000    4.40865
 104.50000    4.40893
 105.00000    4.40921
 105.50000    4.40949
 106.00000    4.40977
 106.50000    4.41005
 107.00000    4.41036
 107.50000    4.41088
 108.00000    4.41140
 108.50000    4.41193
 109.00000    4.41245
 109.50000    4.41297
 110.00000    4.41349
 110.50000    4.41402
 111.00000    4.41454
 111.50000    4.41506
 112.00000    4.41558
 112.50000    4.41627
 113.00000    4.41700
 113.50000    4.41774
 114.00000    4.41847
 114.50000    4.41921
 115.00000    4.41994
 115.50000    4.42068
 116.00000    4.42141
 116.50000    4.42215
 117.00000    4.42288
 117.50000    4.42369
 118.00000    4.42459
 118.50000    4.42549
 119.00000    4.42639
 119.50000    4.42729
 120.00000    4.42819
 120.50000    4.42909
 121.00000    4.42999
 121.50000    4.43089
 122.00000    4.43179
 122.50000    4.43270
 123.00000    4.43372
 123.50000    4.43475
 124.00000    4.43577
 124.50000    4.43680
 125.00000    4.43782
 125.50000    4.43885
 126.00000    4.43987
 126.50000    4.44090
 127.00000    4.44192
 127.50000    4.44295
 128.00000    4.44404
 128.50000    4.44515
 129.00000    4.44627
 129.50000    4.44738
 130.00000    4.44849
 130.50000    4.44960
 131.00000    4.45071
 131.50000    4.45183
 132.00000    4.45294
 132.50000    4.45405
 133.00000    4.45518
 133.50000    4.45634
 134.00000    4.45750
 134.50000    4.45866
 135.00000    4.45982
 135.50000    4.46099
 136.00000    4.46215
 136.50000    4.46331
 137.00000    4.46447
 137.50000    4.46563
 138.00000    4.46679
 138.50000    4.46796
 139.00000    4.46913
 139.50000    4.47030
 140.00000    4.47147
 140.50000    4.47264
 141.00000    4.47381
 141.50000    4.47498
 142.00000    4.47615
 142.50000    4.47732
 143.00000    4.47849
 143.50000    4.47963
 144.00000    4.48076
 144.50000    4.48190
 145.00000    4.48303
 145.50000    4.48416
 146.00000    4.48529
 146.50000    4.48642
 147.00000    4.48755
 147.50000    4.48869
 148.00000    4.48982
 148.50000    4.49092
 149.00000    4.49197
 149.50000    4.49303
 150.00000    4.49408
