   0.00000    1.31240
   0.50000    2.04804
   1.00000    3.05284
   1.50000    3.08445
   2.00000    3.11382
   2.50000    3.14248
   3.00000    3.16923
   3.50000    3.19496
   4.00000    3.21921
   4.50000    3.24222
   5.00000    3.26412
   5.50000    3.28457
   6.00000    3.30426
   6.50000    3.32239
   7.00000    3.34004
   7.50000    3.35603
   8.00000    3.37180
   8.50000    3.38585
   9.00000    3.39989
   9.50000    3.41218
  10.00000    3.42447
  10.50000    3.43535
  11.00000    3.44607
  11.50000    3.45578
  12.00000    3.46523
  12.50000    3.47386
  13.00000    3.48211
  13.50000    3.48982
  14.00000    3.49713
  14.50000    3.50408
  15.00000    3.51063
  15.50000    3.51699
  16.00000    3.52302
  16.50000    3.52895
  17.00000    3.53459
  17.50000    3.54022
  18.00000    3.54572
  18.50000    3.55123
  19.00000    3.55683
  19.50000    3.56243
  20.00000    3.56821
  20.50000    3.57400
  21.00000    3.58018
  21.50000    3.58644
  22.00000    3.59315
  22.50000    3.60003
  23.00000    3.60744
  23.50000    3.61517
  24.00000    3.62341
  24.50000    3.63214
  25.00000    3.64138
  25.50000    3.65140
  26.00000    3.66184
  26.50000    3.67332
  27.00000    3.68509
  27.50000    3.69814
  28.00000    3.71134
  28.50000    3.72629
  29.00000    3.74123
  29.50000    3.75811
  30.00000    3.77506
  30.50000    3.79384
  31.00000    3.81291
  31.50000    4.13064
  32.00000    4.13295
  32.50000    4.13526
  33.00000    4.13757
  33.50000    4.13988
  34.00000    4.14219
  34.50000    4.14450
  35.00000    4.14681
  35.50000    4.14907
  36.00000    4.15088
  36.50000    4.15270
  37.00000    4.15451
  37.50000    4.15632
  38.00000    4.15813
  38.50000    4.15995
  39.00000    4.16176
  39.50000    4.16357
  40.00000    4.16520
  40.50000    4.16657
  41.00000    4.16794
  41.50000    4.16932
  42.00000    4.17069
  42.50000    4.17207
  43.00000    4.17344
  43.50000    4.17481
  44.00000    4.17619
  44.50000    4.17726
  45.00000    4.17824
  45.50000    4.17922
  46.00000    4.18020
  46.50000    4.18118
  47.00000    4.18217
  47.50000    4.18315
  48.00000    4.18413
  48.50000    4.18507
  49.00000    4.18571
  49.50000    4.18634
  50.00000    4.18698
  50.50000    4.18761
  51.00000    4.18825
  51.50000    4.18888
  52.00000    4.18952
  52.50000    4.19015
  53.00000    4.19066
  53.50000    4.19100
  54.00000    4.19135
  54.50000    4.19170
  55.00000    4.19204
  55.50000    4.19239
  56.00000    4.19274
  56.50000    4.19308
  57.00000    4.19343
  57.50000    4.19359
  58.00000    4.19371
  58.50000    4.19382
  59.00000    4.19394
  59.50000    4.19405
  60.00000    4.19417
  60.50000    4.19428
  61.00000    4.19440
  61.50000    4.19449
  62.00000    4.19443
  62.50000    4.19438
  63.00000    4.19432
  63.50000    4.19426
  64.00000    4.19420
  64.50000    4.19415
  65.00000    4.19409
  65.50000    4.19403
  66.00000    4.19392
  66.50000    4.19375
  67.00000    4.19357
  67.50000    4.19340
  68.00000    4.19323
  68.50000    4.19305
  69.00000    4.19288
  69.50000    4.19271
  70.00000    4.19253
  70.50000    4.19229
  71.00000    4.19204
  71.50000    4.19179
  72.00000    4.19153
  72.50000    4.19128
  73.00000    4.19102
  73.50000    4.19077
  74.00000    4.19052
  74.50000    4.19026
  75.00000    4.18999
  75.50000    4.18973
  76.00000    4.18946
  76.50000    4.18920
  77.00000    4.18893
  77.50000    4.18867
  78.00000    4.18840
  78.50000    4.18814
  79.00000    4.18789
  79.50000    4.18766
  80.00000    4.18742
  80.50000    4.18719
  81.00000    4.18696
  81.50000    4.18673
  82.00000    4.18650
  82.50000    4.18627
  83.00000    4.18604
  83.50000    4.18589
  84.00000    4.18577
  84.50000    4.18564
  85.00000    4.18551
  85.50000    4.18539
  86.00000    4.18526
  86.50000    4.18513
  87.00000    4.18501
  87.50000    4.18490
  88.00000    4.18491
  88.50000    4.18493
  89.00000    4.18494
  89.50000    4.18495
  90.00000    4.18496
  90.50000    4.18497
  91.00000    4.18498
  91.50000    4.18499
  92.00000    4.18508
  92.50000    4.18523
  93.00000    4.18538
  93.50000    4.18553
  94.00000    4.18568
  94.50000    4.18583
  95.00000    4.18598
  95.50000    4.18613
  96.00000    4.18628
  96.50000    4.18655
  97.00000    4.18686
  97.50000    4.18716
  98.00000    4.18746
  98.50000    4.18776
  99.00000    4.18806
  99.50000    4.18836
 100.00000    4.18866
 100.50000    4.18898
 101.00000    4.18944
 101.50000    4.18989
 102.00000    4.19034
 102.50000    4.19079
 103.00000    4.19124
 103.50000    4.19169
 104.00000    4.19214
 104.50000    4.19259
 105.00000    4.19310
 105.50000    4.19368
 106.00000    4.19426
 106.50000    4.19484
 107.00000    4.19541
 107.50000    4.19599
 108.00000    4.19657
 108.50000    4.19715
 109.00000    4.19772
 109.50000    4.19843
 110.00000    4.19916
 110.50000    4.19989
 111.00000    4.20061
 111.50000    4.20134
 112.00000    4.20207
 112.50000    4.20280
 113.00000    4.20352
 113.50000    4.20428
 114.00000    4.20513
 114.50000    4.20599
 115.00000    4.20684
 115.50000    4.20770
 116.00000    4.20855
 116.50000    4.20940
 117.00000    4.21026
 117.50000    4.21111
 118.00000    4.21204
 118.50000    4.21304
 119.00000    4.21403
 119.50000    4.21502
 120.00000    4.21602
 120.50000    4.21701
 121.00000    4.21800
 121.50000    4.21899
 122.00000    4.21999
 122.50000    4.22110
 123.00000    4.22223
 123.50000    4.22337
 124.00000    4.22450
 124.50000    4.22563
 125.00000    4.22676
 125.50000    4.22789
 126.00000    4.22902
 126.50000    4.23018
 127.00000    4.23144
 127.50000    4.23270
 128.00000    4.23396
 128.50000    4.23522
 129.00000    4.23648
 129.50000    4.23774
 130.00000    4.23900
 130.50000    4.24025
 131.00000    4.24159
 131.50000    4.24299
 132.00000    4.24439
 132.50000    4.24578
 133.00000    4.24718
 133.50000    4.24858
 134.00000    4.24997
 134.50000    4.25137
 135.00000    4.25277
 135.50000    4.25427
 136.00000    4.25578
 136.50000    4.25730
 137.00000    4.25881
 137.50000    4.26032
 138.00000    4.26183
 138.50000    4.26335
 139.00000    4.26486
 139.50000    4.26640
 140.00000    4.26804
 140.50000    4.26968
 141.00000    4.27132
 141.50000    4.27296
 142.00000    4.27460
 142.50000    4.27624
 143.00000    4.27788
 143.50000    4.27952
 144.00000    4.28123
 144.50000    4.28300
 145.00000    4.28477
 145.50000    4.28653
 146.00000    4.28830
 146.50000    4.29007
 147.00000    4.29183
 147.50000    4.29360
 148.00000    4.29537
 148.50000    4.29725
 149.00000    4.29914
 149.50000    4.30104
 150.00000    4.30293
