   0.00000    1.74530
   0.50000    1.86833
   1.00000    1.99137
   1.50000    2.11440
   2.00000    2.23743
   2.50000    2.36046
   3.00000    2.48350
   3.50000    2.60653
   4.00000    3.13029
   4.50000    3.16041
   5.00000    3.19053
   5.50000    3.21835
   6.00000    3.24597
   6.50000    3.27247
   7.00000    3.29755
   7.50000    3.32263
   8.00000    3.34543
   8.50000    3.36813
   9.00000    3.38978
   9.50000    3.41031
  10.00000    3.43083
  10.50000    3.44926
  11.00000    3.46768
  11.50000    3.48512
  12.00000    3.50166
  12.50000    3.51812
  13.00000    3.53287
  13.50000    3.54763
  14.00000    3.56148
  14.50000    3.57463
  15.00000    3.58766
  15.50000    3.59939
  16.00000    3.61113
  16.50000    3.62206
  17.00000    3.63247
  17.50000    3.64274
  18.00000    3.65205
  18.50000    3.66137
  19.00000    3.67003
  19.50000    3.67834
  20.00000    3.68651
  20.50000    3.69397
  21.00000    3.70143
  21.50000    3.70845
  22.00000    3.71526
  22.50000    3.72197
  23.00000    3.72826
  23.50000    3.73455
  24.00000    3.74055
  24.50000    3.74644
  25.00000    3.75229
  25.50000    3.75801
  26.00000    3.76374
  26.50000    3.76940
  27.00000    3.77505
  27.50000    3.78072
  28.00000    3.78644
  28.50000    3.79217
  29.00000    3.79809
  29.50000    3.80406
  30.00000    3.81017
  30.50000    3.81658
  31.00000    3.82299
  31.50000    3.82984
  32.00000    3.83678
  32.50000    3.84398
  33.00000    3.85164
  33.50000    3.85930
  34.00000    3.86775
  34.50000    3.87629
  35.00000    3.88525
  35.50000    3.89481
  36.00000    3.90436
  36.50000    3.91500
  37.00000    3.92573
  37.50000    3.93704
  38.00000    3.94910
  38.50000    3.96115
  39.00000    3.97457
  39.50000    3.98804
  40.00000    4.28764
  40.50000    4.29166
  41.00000    4.29567
  41.50000    4.29969
  42.00000    4.30370
  42.50000    4.30772
  43.00000    4.31173
  43.50000    4.31575
  44.00000    4.31979
  44.50000    4.32391
  45.00000    4.32802
  45.50000    4.33213
  46.00000    4.33624
  46.50000    4.34036
  47.00000    4.34447
  47.50000    4.34858
  48.00000    4.35270
  48.50000    4.35682
  49.00000    4.36095
  49.50000    4.36507
  50.00000    4.36920
  50.50000    4.37332
  51.00000    4.37745
  51.50000    4.38158
  52.00000    4.38570
  52.50000    4.38983
  53.00000    4.39395
  53.50000    4.39808
  54.00000    4.40220
  54.50000    4.40633
  55.00000    4.41045
  55.50000    4.41458
  56.00000    4.41870
  56.50000    4.42280
  57.00000    4.42688
  57.50000    4.43095
  58.00000    4.43503
  58.50000    4.43911
  59.00000    4.44318
  59.50000    4.44726
  60.00000    4.45134
  60.50000    4.45538
  61.00000    4.45939
  61.50000    4.46339
  62.00000    4.46739
  62.50000    4.47140
  63.00000    4.47540
  63.50000    4.47940
  64.00000    4.48341
  64.50000    4.48739
  65.00000    4.49129
  65.50000    4.49518
  66.00000    4.49907
  66.50000    4.50297
  67.00000    4.50686
  67.50000    4.51076
  68.00000    4.51465
  68.50000    4.51855
  69.00000    4.52231
  69.50000    4.52607
  70.00000    4.52983
  70.50000    4.53359
  71.00000    4.53735
  71.50000    4.54111
  72.00000    4.54487
  72.50000    4.54863
  73.00000    4.55226
  73.50000    4.55584
  74.00000    4.55941
  74.50000    4.56299
  75.00000    4.56657
  75.50000    4.57015
  76.00000    4.57372
  76.50000    4.57730
  77.00000    4.58076
  77.50000    4.58412
  78.00000    4.58748
  78.50000    4.59084
  79.00000    4.59420
  79.50000    4.59756
  80.00000    4.60092
  80.50000    4.60428
  81.00000    4.60756
  81.50000    4.61069
  82.00000    4.61382
  82.50000    4.61694
  83.00000    4.62007
  83.50000    4.62320
  84.00000    4.62633
  84.50000    4.62945
  85.00000    4.63256
  85.50000    4.63539
  86.00000    4.63823
  86.50000    4.64106
  87.00000    4.64390
  87.50000    4.64673
  88.00000    4.64957
  88.50000    4.65240
  89.00000    4.65524
  89.50000    4.65781
  90.00000    4.66034
  90.50000    4.66287
  91.00000    4.66540
  91.50000    4.66793
  92.00000    4.67046
  92.50000    4.67300
  93.00000    4.67553
  93.50000    4.67784
  94.00000    4.68005
  94.50000    4.68225
  95.00000    4.68445
  95.50000    4.68665
  96.00000    4.68886
  96.50000    4.69106
  97.00000    4.69326
  97.50000    4.69531
  98.00000    4.69718
  98.50000    4.69904
  99.00000    4.70090
  99.50000    4.70276
 100.00000    4.70462
 100.50000    4.70649
 101.00000    4.70835
 101.50000    4.71015
 102.00000    4.71172
 102.50000    4.71328
 103.00000    4.71485
 103.50000    4.71642
 104.00000    4.71799
 104.50000    4.71956
 105.00000    4.72113
 105.50000    4.72270
 106.00000    4.72397
 106.50000    4.72523
 107.00000    4.72650
 107.50000    4.72776
 108.00000    4.72903
 108.50000    4.73030
 109.00000    4.73156
 109.50000    4.73283
 110.00000    4.73388
 110.50000    4.73488
 111.00000    4.73588
 111.50000    4.73688
 112.00000    4.73787
 112.50000    4.73887
 113.00000    4.73987
 113.50000    4.74087
 114.00000    4.74173
 114.50000    4.74248
 115.00000    4.74324
 115.50000    4.74399
 116.00000    4.74475
 116.50000    4.74550
 117.00000    4.74626
 117.50000    4.74701
 118.00000    4.74768
 118.50000    4.74819
 119.00000    4.74870
 119.50000    4.74921
 120.00000    4.74972
 120.50000    4.75023
 121.00000    4.75075
 121.50000    4.75126
 122.00000    4.75174
 122.50000    4.75204
 123.00000    4.75235
 123.50000    4.75265
 124.00000    4.75296
 124.50000    4.75326
 125.00000    4.75357
 125.50000    4.75387
 126.00000    4.75417
 126.50000    4.75429
 127.00000    4.75439
 127.50000    4.75448
 128.00000    4.75458
 128.50000    4.75468
 129.00000    4.75478
 129.50000    4.75487
 130.00000    4.75497
 130.50000    4.75495
 131.00000    4.75488
 131.50000    4.75480
 132.00000    4.75473
 132.50000    4.75466
 133.00000    4.75458
 133.50000    4.75451
 134.00000    4.75444
 134.50000    4.75429
 135.00000    4.75406
 135.50000    4.75383
 136.00000    4.75360
 136.50000    4.75336
 137.00000    4.75313
 137.50000    4.75290
 138.00000    4.75267
 138.50000    4.75240
 139.00000    4.75202
 139.50000    4.75165
 140.00000    4.75127
 140.50000    4.75089
 141.00000    4.75052
 141.50000    4.75014
 142.00000    4.74976
 142.50000    4.74938
 143.00000    4.74888
 143.50000    4.74838
 144.00000    4.74788
 144.50000    4.74738
 145.00000    4.74688
 145.50000    4.74638
 146.00000    4.74588
 146.50000    4.74539
 147.00000    4.74481
 147.50000    4.74421
 148.00000    4.74361
 148.50000    4.74302
 149.00000    4.74242
 149.50000    4.74183
 150.00000    4.74123
