   0.00000    1.36390
   0.50000    2.03723
   1.00000    3.11255
   1.50000    3.13816
   2.00000    3.16303
   2.50000    3.18673
   3.00000    3.21044
   3.50000    3.23242
   4.00000    3.25423
   4.50000    3.27522
   5.00000    3.29517
   5.50000    3.31513
   6.00000    3.33337
   6.50000    3.35154
   7.00000    3.36895
   7.50000    3.38555
   8.00000    3.40214
   8.50000    3.41716
   9.00000    3.43219
   9.50000    3.44646
  10.00000    3.46007
  10.50000    3.47360
  11.00000    3.48588
  11.50000    3.49816
  12.00000    3.50971
  12.50000    3.52073
  13.00000    3.53164
  13.50000    3.54154
  14.00000    3.55143
  14.50000    3.56069
  15.00000    3.56958
  15.50000    3.57832
  16.00000    3.58628
  16.50000    3.59423
  17.00000    3.60164
  17.50000    3.60879
  18.00000    3.61578
  18.50000    3.62217
  19.00000    3.62855
  19.50000    3.63449
  20.00000    3.64026
  20.50000    3.64591
  21.00000    3.65116
  21.50000    3.65641
  22.00000    3.66135
  22.50000    3.66619
  23.00000    3.67093
  23.50000    3.67542
  24.00000    3.67990
  24.50000    3.68422
  25.00000    3.68850
  25.50000    3.69274
  26.00000    3.69690
  26.50000    3.70106
  27.00000    3.70522
  27.50000    3.70938
  28.00000    3.71357
  28.50000    3.71781
  29.00000    3.72205
  29.50000    3.72644
  30.00000    3.73084
  30.50000    3.73537
  31.00000    3.74005
  31.50000    3.74474
  32.00000    3.74981
  32.50000    3.75490
  33.00000    3.76023
  33.50000    3.76580
  34.00000    3.77138
  34.50000    3.77756
  35.00000    3.78374
  35.50000    3.79024
  36.00000    3.79703
  36.50000    4.24960
  37.00000    4.25122
  37.50000    4.25284
  38.00000    4.25446
  38.50000    4.25609
  39.00000    4.25771
  39.50000    4.25933
  40.00000    4.26095
  40.50000    4.26257
  41.00000    4.26357
  41.50000    4.26426
  42.00000    4.26495
  42.50000    4.26564
  43.00000    4.26633
  43.50000    4.26702
  44.00000    4.26772
  44.50000    4.26841
  45.00000    4.26886
  45.50000    4.26873
  46.00000    4.26860
  46.50000    4.26847
  47.00000    4.26834
  47.50000    4.26821
  48.00000    4.26808
  48.50000    4.26794
  49.00000    4.26781
  49.50000    4.26707
  50.00000    4.26626
  50.50000    4.26545
  51.00000    4.26464
  51.50000    4.26382
  52.00000    4.26301
  52.50000    4.26220
  53.00000    4.26139
  53.50000    4.26029
  54.00000    4.25890
  54.50000    4.25752
  55.00000    4.25614
  55.50000    4.25475
  56.00000    4.25337
  56.50000    4.25199
  57.00000    4.25060
  57.50000    4.24916
  58.00000    4.24734
  58.50000    4.24551
  59.00000    4.24369
  59.50000    4.24186
  60.00000    4.24004
  60.50000    4.23822
  61.00000    4.23639
  61.50000    4.23457
  62.00000    4.23252
  62.50000    4.23040
  63.00000    4.22828
  63.50000    4.22615
  64.00000    4.22403
  64.50000    4.22191
  65.00000    4.21979
  65.50000    4.21766
  66.00000    4.21547
  66.50000    4.21316
  67.00000    4.21085
  67.50000    4.20853
  68.00000    4.20622
  68.50000    4.20391
  69.00000    4.20159
  69.50000    4.19928
  70.00000    4.19697
  70.50000    4.19458
  71.00000    4.19220
  71.50000    4.18981
  72.00000    4.18743
  72.50000    4.18504
  73.00000    4.18266
  73.50000    4.18027
  74.00000    4.17789
  74.50000    4.17555
  75.00000    4.17325
  75.50000    4.17095
  76.00000    4.16865
  76.50000    4.16635
  77.00000    4.16405
  77.50000    4.16174
  78.00000    4.15944
  78.50000    4.15718
  79.00000    4.15507
  79.50000    4.15296
  80.00000    4.15085
  80.50000    4.14874
  81.00000    4.14663
  81.50000    4.14452
  82.00000    4.14241
  82.50000    4.14029
  83.00000    4.13844
  83.50000    4.13664
  84.00000    4.13484
  84.50000    4.13303
  85.00000    4.13123
  85.50000    4.12943
  86.00000    4.12763
  86.50000    4.12583
  87.00000    4.12423
  87.50000    4.12289
  88.00000    4.12156
  88.50000    4.12022
  89.00000    4.11889
  89.50000    4.11755
  90.00000    4.11622
  90.50000    4.11488
  91.00000    4.11357
  91.50000    4.11276
  92.00000    4.11195
  92.50000    4.11113
  93.00000    4.11032
  93.50000    4.10951
  94.00000    4.10870
  94.50000    4.10789
  95.00000    4.10708
  95.50000    4.10663
  96.00000    4.10637
  96.50000    4.10610
  97.00000    4.10584
  97.50000    4.10558
  98.00000    4.10532
  98.50000    4.10505
  99.00000    4.10479
  99.50000    4.10466
 100.00000    4.10490
 100.50000    4.10514
 101.00000    4.10538
 101.50000    4.10562
 102.00000    4.10586
 102.50000    4.10609
 103.00000    4.10633
 103.50000    4.10657
 104.00000    4.10722
 104.50000    4.10792
 105.00000    4.10863
 105.50000    4.10933
 106.00000    4.11003
 106.50000    4.11074
 107.00000    4.11144
 107.50000    4.11215
 108.00000    4.11306
 108.50000    4.11419
 109.00000    4.11533
 109.50000    4.11646
 110.00000    4.11759
 110.50000    4.11873
 111.00000    4.11986
 111.50000    4.12099
 112.00000    4.12217
 112.50000    4.12368
 113.00000    4.12520
 113.50000    4.12671
 114.00000    4.12822
 114.50000    4.12974
 115.00000    4.13125
 115.50000    4.13277
 116.00000    4.13428
 116.50000    4.13606
 117.00000    4.13793
 117.50000    4.13980
 118.00000    4.14167
 118.50000    4.14354
 119.00000    4.14542
 119.50000    4.14729
 120.00000    4.14916
 120.50000    4.15114
 121.00000    4.15334
 121.50000    4.15553
 122.00000    4.15772
 122.50000    4.15992
 123.00000    4.16211
 123.50000    4.16430
 124.00000    4.16650
 124.50000    4.16869
 125.00000    4.17114
 125.50000    4.17361
 126.00000    4.17608
 126.50000    4.17855
 127.00000    4.18102
 127.50000    4.18349
 128.00000    4.18596
 128.50000    4.18842
 129.00000    4.19103
 129.50000    4.19373
 130.00000    4.19644
 130.50000    4.19915
 131.00000    4.20185
 131.50000    4.20456
 132.00000    4.20727
 132.50000    4.20997
 133.00000    4.21272
 133.50000    4.21564
 134.00000    4.21856
 134.50000    4.22148
 135.00000    4.22441
 135.50000    4.22733
 136.00000    4.23025
 136.50000    4.23317
 137.00000    4.23609
 137.50000    4.23916
 138.00000    4.24226
 138.50000    4.24536
 139.00000    4.24846
 139.50000    4.25156
 140.00000    4.25466
 140.50000    4.25776
 141.00000    4.26086
 141.50000    4.26401
 142.00000    4.26724
 142.50000    4.27048
 143.00000    4.27371
 143.50000    4.27694
 144.00000    4.28017
 144.50000    4.28340
 145.00000    4.28663
 145.50000    4.28987
 146.00000    4.29319
 146.50000    4.29652
 147.00000    4.29985
 147.50000    4.30317
 148.00000    4.30650
 148.50000    4.30983
 149.00000    4.31316
 149.50000    4.31648
 150.00000    4.31985
