   0.00000    1.51560
   0.50000    1.93566
   1.00000    3.14603
   1.50000    3.16610
   2.00000    3.18549
   2.50000    3.20358
   3.00000    3.22153
   3.50000    3.23773
   4.00000    3.25393
   4.50000    3.26868
   5.00000    3.28307
   5.50000    3.29665
   6.00000    3.30950
   6.50000    3.32198
   7.00000    3.33338
   7.50000    3.34478
   8.00000    3.35497
   8.50000    3.36513
   9.00000    3.37455
   9.50000    3.38366
  10.00000    3.39236
  10.50000    3.40055
  11.00000    3.40861
  11.50000    3.41609
  12.00000    3.42358
  12.50000    3.43055
  13.00000    3.43746
  13.50000    3.44409
  14.00000    3.45056
  14.50000    3.45697
  15.00000    3.46327
  15.50000    3.46956
  16.00000    3.47581
  16.50000    3.48206
  17.00000    3.48838
  17.50000    3.49472
  18.00000    3.50125
  18.50000    3.50794
  19.00000    3.51474
  19.50000    3.52183
  20.00000    3.52892
  20.50000    3.53667
  21.00000    3.54442
  21.50000    3.55275
  22.00000    3.56129
  22.50000    3.57029
  23.00000    3.57985
  23.50000    3.58961
  24.00000    3.60026
  24.50000    3.61091
  25.00000    3.62278
  25.50000    3.63475
  26.00000    3.64769
  26.50000    3.66116
  27.00000    3.67526
  27.50000    3.69040
  28.00000    3.70573
  28.50000    3.72268
  29.00000    3.73963
  29.50000    3.75822
  30.00000    3.77716
  30.50000    3.79732
  31.00000    3.81845
  31.50000    3.84025
  32.00000    3.86371
  32.50000    3.88721
  33.00000    3.91301
  33.50000    3.93881
  34.00000    4.21522
  34.50000    4.21578
  35.00000    4.21634
  35.50000    4.21691
  36.00000    4.21747
  36.50000    4.21803
  37.00000    4.21859
  37.50000    4.21916
  38.00000    4.21959
  38.50000    4.21956
  39.00000    4.21952
  39.50000    4.21949
  40.00000    4.21945
  40.50000    4.21942
  41.00000    4.21938
  41.50000    4.21935
  42.00000    4.21931
  42.50000    4.21892
  43.00000    4.21837
  43.50000    4.21782
  44.00000    4.21727
  44.50000    4.21672
  45.00000    4.21617
  45.50000    4.21562
  46.00000    4.21507
  46.50000    4.21446
  47.00000    4.21352
  47.50000    4.21259
  48.00000    4.21165
  48.50000    4.21071
  49.00000    4.20977
  49.50000    4.20883
  50.00000    4.20790
  50.50000    4.20696
  51.00000    4.20583
  51.50000    4.20457
  52.00000    4.20332
  52.50000    4.20206
  53.00000    4.20081
  53.50000    4.19956
  54.00000    4.19830
  54.50000    4.19705
  55.00000    4.19578
  55.50000    4.19432
  56.00000    4.19287
  56.50000    4.19142
  57.00000    4.18996
  57.50000    4.18851
  58.00000    4.18706
  58.50000    4.18560
  59.00000    4.18415
  59.50000    4.18263
  60.00000    4.18106
  60.50000    4.17949
  61.00000    4.17792
  61.50000    4.17635
  62.00000    4.17478
  62.50000    4.17321
  63.00000    4.17164
  63.50000    4.17007
  64.00000    4.16850
  64.50000    4.16693
  65.00000    4.16535
  65.50000    4.16378
  66.00000    4.16221
  66.50000    4.16064
  67.00000    4.15907
  67.50000    4.15750
  68.00000    4.15597
  68.50000    4.15448
  69.00000    4.15299
  69.50000    4.15151
  70.00000    4.15002
  70.50000    4.14853
  71.00000    4.14704
  71.50000    4.14555
  72.00000    4.14406
  72.50000    4.14277
  73.00000    4.14148
  73.50000    4.14019
  74.00000    4.13890
  74.50000    4.13761
  75.00000    4.13632
  75.50000    4.13503
  76.00000    4.13374
  76.50000    4.13257
  77.00000    4.13156
  77.50000    4.13056
  78.00000    4.12955
  78.50000    4.12854
  79.00000    4.12753
  79.50000    4.12652
  80.00000    4.12552
  80.50000    4.12451
  81.00000    4.12384
  81.50000    4.12322
  82.00000    4.12260
  82.50000    4.12198
  83.00000    4.12136
  83.50000    4.12074
  84.00000    4.12012
  84.50000    4.11950
  85.00000    4.11905
  85.50000    4.11891
  86.00000    4.11877
  86.50000    4.11863
  87.00000    4.11849
  87.50000    4.11835
  88.00000    4.11821
  88.50000    4.11806
  89.00000    4.11792
  89.50000    4.11825
  90.00000    4.11867
  90.50000    4.11909
  91.00000    4.11952
  91.50000    4.11994
  92.00000    4.12036
  92.50000    4.12078
  93.00000    4.12120
  93.50000    4.12178
  94.00000    4.12273
  94.50000    4.12368
  95.00000    4.12463
  95.50000    4.12558
  96.00000    4.12653
  96.50000    4.12748
  97.00000    4.12843
  97.50000    4.12938
  98.00000    4.13070
  98.50000    4.13213
  99.00000    4.13356
  99.50000    4.13499
 100.00000    4.13642
 100.50000    4.13784
 101.00000    4.13927
 101.50000    4.14070
 102.00000    4.14223
 102.50000    4.14407
 103.00000    4.14591
 103.50000    4.14775
 104.00000    4.14959
 104.50000    4.15143
 105.00000    4.15327
 105.50000    4.15511
 106.00000    4.15695
 106.50000    4.15905
 107.00000    4.16125
 107.50000    4.16345
 108.00000    4.16566
 108.50000    4.16786
 109.00000    4.17006
 109.50000    4.17227
 110.00000    4.17447
 110.50000    4.17673
 111.00000    4.17925
 111.50000    4.18177
 112.00000    4.18429
 112.50000    4.18681
 113.00000    4.18933
 113.50000    4.19185
 114.00000    4.19437
 114.50000    4.19689
 115.00000    4.19956
 115.50000    4.20231
 116.00000    4.20507
 116.50000    4.20782
 117.00000    4.21057
 117.50000    4.21333
 118.00000    4.21608
 118.50000    4.21884
 119.00000    4.22161
 119.50000    4.22458
 120.00000    4.22754
 120.50000    4.23051
 121.00000    4.23348
 121.50000    4.23644
 122.00000    4.23941
 122.50000    4.24237
 123.00000    4.24534
 123.50000    4.24838
 124.00000    4.25147
 124.50000    4.25456
 125.00000    4.25766
 125.50000    4.26075
 126.00000    4.26385
 126.50000    4.26694
 127.00000    4.27004
 127.50000    4.27313
 128.00000    4.27632
 128.50000    4.27951
 129.00000    4.28270
 129.50000    4.28589
 130.00000    4.28907
 130.50000    4.29226
 131.00000    4.29545
 131.50000    4.29864
 132.00000    4.30184
 132.50000    4.30507
 133.00000    4.30829
 133.50000    4.31152
 134.00000    4.31474
 134.50000    4.31796
 135.00000    4.32119
 135.50000    4.32441
 136.00000    4.32764
 136.50000    4.33082
 137.00000    4.33401
 137.50000    4.33720
 138.00000    4.34039
 138.50000    4.34358
 139.00000    4.34676
 139.50000    4.34995
 140.00000    4.35314
 140.50000    4.35630
 141.00000    4.35941
 141.50000    4.36253
 142.00000    4.36565
 142.50000    4.36877
 143.00000    4.37189
 143.50000    4.37500
 144.00000    4.37812
 144.50000    4.38124
 145.00000    4.38422
 145.50000    4.38718
 146.00000    4.39015
 146.50000    4.39311
 147.00000    4.39608
 147.50000    4.39904
 148.00000    4.40201
 148.50000    4.40497
 149.00000    4.40787
 149.50000    4.41066
 150.00000    4.41345
