   0.00000    1.60230
   0.50000    1.78156
   1.00000    1.96081
   1.50000    2.14007
   2.00000    2.31932
   2.50000    2.49858
   3.00000    2.67783
   3.50000    3.20931
   4.00000    3.22781
   4.50000    3.24631
   5.00000    3.26399
   5.50000    3.28137
   6.00000    3.29875
   6.50000    3.31519
   7.00000    3.33149
   7.50000    3.34777
   8.00000    3.36299
   8.50000    3.37820
   9.00000    3.39326
   9.50000    3.40749
  10.00000    3.42173
  10.50000    3.43571
  11.00000    3.44907
  11.50000    3.46243
  12.00000    3.47541
  12.50000    3.48789
  13.00000    3.50038
  13.50000    3.51246
  14.00000    3.52425
  14.50000    3.53603
  15.00000    3.54732
  15.50000    3.55840
  16.00000    3.56949
  16.50000    3.58007
  17.00000    3.59056
  17.50000    3.60105
  18.00000    3.61102
  18.50000    3.62099
  19.00000    3.63089
  19.50000    3.64040
  20.00000    3.64992
  20.50000    3.65933
  21.00000    3.66850
  21.50000    3.67766
  22.00000    3.68669
  22.50000    3.69554
  23.00000    3.70439
  23.50000    3.71312
  24.00000    3.72175
  24.50000    3.73039
  25.00000    3.73891
  25.50000    3.74737
  26.00000    3.75583
  26.50000    3.76427
  27.00000    3.77270
  27.50000    3.78112
  28.00000    3.78955
  28.50000    3.79798
  29.00000    3.80642
  29.50000    3.81492
  30.00000    3.82341
  30.50000    3.83195
  31.00000    3.84059
  31.50000    3.84923
  32.00000    3.85798
  32.50000    3.86689
  33.00000    3.87581
  33.50000    3.88488
  34.00000    3.89408
  34.50000    3.90328
  35.00000    3.91274
  35.50000    3.92232
  36.00000    3.93190
  36.50000    3.94189
  37.00000    3.95196
  37.50000    3.96203
  38.00000    3.97257
  38.50000    3.98313
  39.00000    3.99377
  39.50000    4.00499
  40.00000    4.01622
  40.50000    4.02761
  41.00000    4.03950
  41.50000    4.05139
  42.00000    4.06356
  42.50000    4.07618
  43.00000    4.08881
  43.50000    4.10186
  44.00000    4.11529
  44.50000    4.12871
  45.00000    4.31440
  45.50000    4.32027
  46.00000    4.32613
  46.50000    4.33199
  47.00000    4.33785
  47.50000    4.34372
  48.00000    4.34958
  48.50000    4.35544
  49.00000    4.36101
  49.50000    4.36644
  50.00000    4.37188
  50.50000    4.37731
  51.00000    4.38275
  51.50000    4.38818
  52.00000    4.39362
  52.50000    4.39906
  53.00000    4.40412
  53.50000    4.40906
  54.00000    4.41399
  54.50000    4.41892
  55.00000    4.42386
  55.50000    4.42879
  56.00000    4.43372
  56.50000    4.43866
  57.00000    4.44326
  57.50000    4.44777
  58.00000    4.45228
  58.50000    4.45678
  59.00000    4.46129
  59.50000    4.46580
  60.00000    4.47030
  60.50000    4.47481
  61.00000    4.47897
  61.50000    4.48303
  62.00000    4.48710
  62.50000    4.49117
  63.00000    4.49523
  63.50000    4.49930
  64.00000    4.50337
  64.50000    4.50744
  65.00000    4.51118
  65.50000    4.51486
  66.00000    4.51854
  66.50000    4.52221
  67.00000    4.52589
  67.50000    4.52957
  68.00000    4.53325
  68.50000    4.53693
  69.00000    4.54028
  69.50000    4.54358
  70.00000    4.54688
  70.50000    4.55018
  71.00000    4.55348
  71.50000    4.55678
  72.00000    4.56009
  72.50000    4.56339
  73.00000    4.56637
  73.50000    4.56932
  74.00000    4.57227
  74.50000    4.57522
  75.00000    4.57817
  75.50000    4.58112
  76.00000    4.58407
  76.50000    4.58702
  77.00000    4.58968
  77.50000    4.59231
  78.00000    4.59495
  78.50000    4.59759
  79.00000    4.60022
  79.50000    4.60286
  80.00000    4.60549
  80.50000    4.60813
  81.00000    4.61049
  81.50000    4.61283
  82.00000    4.61518
  82.50000    4.61753
  83.00000    4.61988
  83.50000    4.62222
  84.00000    4.62457
  84.50000    4.62692
  85.00000    4.62898
  85.50000    4.63103
  86.00000    4.63309
  86.50000    4.63515
  87.00000    4.63721
  87.50000    4.63927
  88.00000    4.64133
  88.50000    4.64338
  89.00000    4.64521
  89.50000    4.64704
  90.00000    4.64888
  90.50000    4.65071
  91.00000    4.65254
  91.50000    4.65437
  92.00000    4.65621
  92.50000    4.65802
  93.00000    4.65963
  93.50000    4.66124
  94.00000    4.66284
  94.50000    4.66445
  95.00000    4.66606
  95.50000    4.66766
  96.00000    4.66927
  96.50000    4.67086
  97.00000    4.67228
  97.50000    4.67369
  98.00000    4.67511
  98.50000    4.67653
  99.00000    4.67795
  99.50000    4.67937
 100.00000    4.68079
 100.50000    4.68218
 101.00000    4.68341
 101.50000    4.68464
 102.00000    4.68587
 102.50000    4.68710
 103.00000    4.68833
 103.50000    4.68956
 104.00000    4.69079
 104.50000    4.69199
 105.00000    4.69306
 105.50000    4.69413
 106.00000    4.69519
 106.50000    4.69626
 107.00000    4.69733
 107.50000    4.69839
 108.00000    4.69946
 108.50000    4.70049
 109.00000    4.70138
 109.50000    4.70227
 110.00000    4.70316
 110.50000    4.70406
 111.00000    4.70495
 111.50000    4.70584
 112.00000    4.70673
 112.50000    4.70758
 113.00000    4.70832
 113.50000    4.70906
 114.00000    4.70981
 114.50000    4.71055
 115.00000    4.71129
 115.50000    4.71203
 116.00000    4.71277
 116.50000    4.71347
 117.00000    4.71407
 117.50000    4.71468
 118.00000    4.71528
 118.50000    4.71588
 119.00000    4.71648
 119.50000    4.71709
 120.00000    4.71769
 120.50000    4.71825
 121.00000    4.71871
 121.50000    4.71918
 122.00000    4.71964
 122.50000    4.72010
 123.00000    4.72057
 123.50000    4.72103
 124.00000    4.72150
 124.50000    4.72192
 125.00000    4.72226
 125.50000    4.72260
 126.00000    4.72294
 126.50000    4.72327
 127.00000    4.72361
 127.50000    4.72395
 128.00000    4.72429
 128.50000    4.72459
 129.00000    4.72481
 129.50000    4.72504
 130.00000    4.72526
 130.50000    4.72549
 131.00000    4.72572
 131.50000    4.72594
 132.00000    4.72617
 132.50000    4.72635
 133.00000    4.72646
 133.50000    4.72657
 134.00000    4.72669
 134.50000    4.72680
 135.00000    4.72691
 135.50000    4.72703
 136.00000    4.72714
 136.50000    4.72721
 137.00000    4.72724
 137.50000    4.72726
 138.00000    4.72729
 138.50000    4.72731
 139.00000    4.72734
 139.50000    4.72736
 140.00000    4.72739
 140.50000    4.72737
 141.00000    4.72731
 141.50000    4.72724
 142.00000    4.72718
 142.50000    4.72712
 143.00000    4.72706
 143.50000    4.72699
 144.00000    4.72693
 144.50000    4.72682
 145.00000    4.72667
 145.50000    4.72652
 146.00000    4.72637
 146.50000    4.72622
 147.00000    4.72607
 147.50000    4.72592
 148.00000    4.72577
 148.50000    4.72559
 149.00000    4.72539
 149.50000    4.72519
 150.00000    4.72499
