   0.00000    1.21860
   0.50000    1.60606
   1.00000    1.99352
   1.50000    2.38098
   2.00000    3.02263
   2.50000    3.04605
   3.00000    3.06947
   3.50000    3.09289
   4.00000    3.11506
   4.50000    3.13718
   5.00000    3.15930
   5.50000    3.18042
   6.00000    3.20115
   6.50000    3.22188
   7.00000    3.24199
   7.50000    3.26146
   8.00000    3.28092
   8.50000    3.30007
   9.00000    3.31826
   9.50000    3.33646
  10.00000    3.35464
  10.50000    3.37166
  11.00000    3.38869
  11.50000    3.40571
  12.00000    3.42185
  12.50000    3.43772
  13.00000    3.45360
  13.50000    3.46893
  14.00000    3.48380
  14.50000    3.49866
  15.00000    3.51321
  15.50000    3.52705
  16.00000    3.54089
  16.50000    3.55467
  17.00000    3.56761
  17.50000    3.58056
  18.00000    3.59350
  18.50000    3.60571
  19.00000    3.61776
  19.50000    3.62981
  20.00000    3.64136
  20.50000    3.65257
  21.00000    3.66379
  21.50000    3.67475
  22.00000    3.68525
  22.50000    3.69576
  23.00000    3.70618
  23.50000    3.71601
  24.00000    3.72583
  24.50000    3.73566
  25.00000    3.74491
  25.50000    3.75408
  26.00000    3.76326
  26.50000    3.77208
  27.00000    3.78069
  27.50000    3.78931
  28.00000    3.79773
  28.50000    3.80586
  29.00000    3.81398
  29.50000    3.82204
  30.00000    3.82976
  30.50000    3.83749
  31.00000    3.84521
  31.50000    3.85253
  32.00000    3.85982
  32.50000    3.86711
  33.00000    3.87421
  33.50000    3.88122
  34.00000    3.88824
  34.50000    3.89513
  35.00000    3.90190
  35.50000    3.90867
  36.00000    3.91539
  36.50000    3.92197
  37.00000    3.92855
  37.50000    3.93513
  38.00000    3.94156
  38.50000    3.94799
  39.00000    3.95441
  39.50000    3.96081
  40.00000    3.96721
  40.50000    3.97361
  41.00000    3.97999
  41.50000    3.98635
  42.00000    3.99271
  42.50000    3.99910
  43.00000    4.00552
  43.50000    4.01195
  44.00000    4.01838
  44.50000    4.02496
  45.00000    4.03154
  45.50000    4.03812
  46.00000    4.04483
  46.50000    4.05156
  47.00000    4.05830
  47.50000    4.06516
  48.00000    4.07211
  48.50000    4.07906
  49.00000    4.36558
  49.50000    4.36881
  50.00000    4.37205
  50.50000    4.37529
  51.00000    4.37853
  51.50000    4.38177
  52.00000    4.38500
  52.50000    4.38824
  53.00000    4.39155
  53.50000    4.39492
  54.00000    4.39829
  54.50000    4.40165
  55.00000    4.40502
  55.50000    4.40839
  56.00000    4.41175
  56.50000    4.41512
  57.00000    4.41852
  57.50000    4.42193
  58.00000    4.42533
  58.50000    4.42874
  59.00000    4.43214
  59.50000    4.43555
  60.00000    4.43895
  60.50000    4.44236
  61.00000    4.44581
  61.50000    4.44925
  62.00000    4.45269
  62.50000    4.45614
  63.00000    4.45958
  63.50000    4.46303
  64.00000    4.46647
  64.50000    4.46991
  65.00000    4.47334
  65.50000    4.47677
  66.00000    4.48021
  66.50000    4.48364
  67.00000    4.48707
  67.50000    4.49050
  68.00000    4.49393
  68.50000    4.49734
  69.00000    4.50073
  69.50000    4.50413
  70.00000    4.50752
  70.50000    4.51091
  71.00000    4.51430
  71.50000    4.51770
  72.00000    4.52109
  72.50000    4.52443
  73.00000    4.52776
  73.50000    4.53108
  74.00000    4.53441
  74.50000    4.53774
  75.00000    4.54107
  75.50000    4.54440
  76.00000    4.54772
  76.50000    4.55094
  77.00000    4.55417
  77.50000    4.55739
  78.00000    4.56062
  78.50000    4.56384
  79.00000    4.56707
  79.50000    4.57029
  80.00000    4.57347
  80.50000    4.57656
  81.00000    4.57964
  81.50000    4.58272
  82.00000    4.58581
  82.50000    4.58889
  83.00000    4.59197
  83.50000    4.59505
  84.00000    4.59804
  84.50000    4.60096
  85.00000    4.60387
  85.50000    4.60679
  86.00000    4.60970
  86.50000    4.61262
  87.00000    4.61553
  87.50000    4.61845
  88.00000    4.62120
  88.50000    4.62391
  89.00000    4.62662
  89.50000    4.62932
  90.00000    4.63203
  90.50000    4.63474
  91.00000    4.63745
  91.50000    4.64015
  92.00000    4.64262
  92.50000    4.64510
  93.00000    4.64758
  93.50000    4.65005
  94.00000    4.65253
  94.50000    4.65501
  95.00000    4.65748
  95.50000    4.65988
  96.00000    4.66210
  96.50000    4.66432
  97.00000    4.66654
  97.50000    4.66876
  98.00000    4.67098
  98.50000    4.67319
  99.00000    4.67541
  99.50000    4.67747
 100.00000    4.67939
 100.50000    4.68131
 101.00000    4.68323
 101.50000    4.68516
 102.00000    4.68708
 102.50000    4.68900
 103.00000    4.69092
 103.50000    4.69262
 104.00000    4.69425
 104.50000    4.69589
 105.00000    4.69753
 105.50000    4.69917
 106.00000    4.70081
 106.50000    4.70244
 107.00000    4.70407
 107.50000    4.70546
 108.00000    4.70686
 108.50000    4.70825
 109.00000    4.70964
 109.50000    4.71104
 110.00000    4.71243
 110.50000    4.71382
 111.00000    4.71514
 111.50000    4.71627
 112.00000    4.71741
 112.50000    4.71854
 113.00000    4.71968
 113.50000    4.72081
 114.00000    4.72195
 114.50000    4.72308
 115.00000    4.72409
 115.50000    4.72500
 116.00000    4.72590
 116.50000    4.72680
 117.00000    4.72771
 117.50000    4.72861
 118.00000    4.72951
 118.50000    4.73041
 119.00000    4.73116
 119.50000    4.73187
 120.00000    4.73258
 120.50000    4.73329
 121.00000    4.73400
 121.50000    4.73471
 122.00000    4.73542
 122.50000    4.73612
 123.00000    4.73664
 123.50000    4.73715
 124.00000    4.73767
 124.50000    4.73819
 125.00000    4.73870
 125.50000    4.73922
 126.00000    4.73973
 126.50000    4.74020
 127.00000    4.74055
 127.50000    4.74090
 128.00000    4.74125
 128.50000    4.74159
 129.00000    4.74194
 129.50000    4.74229
 130.00000    4.74264
 130.50000    4.74291
 131.00000    4.74312
 131.50000    4.74332
 132.00000    4.74353
 132.50000    4.74374
 133.00000    4.74394
 133.50000    4.74415
 134.00000    4.74436
 134.50000    4.74444
 135.00000    4.74449
 135.50000    4.74454
 136.00000    4.74460
 136.50000    4.74465
 137.00000    4.74470
 137.50000    4.74475
 138.00000    4.74480
 138.50000    4.74475
 139.00000    4.74470
 139.50000    4.74464
 140.00000    4.74459
 140.50000    4.74454
 141.00000    4.74449
 141.50000    4.74444
 142.00000    4.74436
 142.50000    4.74422
 143.00000    4.74408
 143.50000    4.74393
 144.00000    4.74379
 144.50000    4.74365
 145.00000    4.74351
 145.50000    4.74337
 146.00000    4.74318
 146.50000    4.74294
 147.00000    4.74271
 147.50000    4.74248
 148.00000    4.74225
 148.50000    4.74202
 149.00000    4.74178
 149.50000    4.74155
 150.00000    4.74128
