   0.00000    1.27530
   0.50000    2.93279
   1.00000    2.96585
   1.50000    2.99855
   2.00000    3.02854
   2.50000    3.05853
   3.00000    3.08569
   3.50000    3.11255
   4.00000    3.13741
   4.50000    3.16138
   5.00000    3.18406
   5.50000    3.20537
   6.00000    3.22598
   6.50000    3.24475
   7.00000    3.26338
   7.50000    3.27989
   8.00000    3.29640
   8.50000    3.31110
   9.00000    3.32549
   9.50000    3.33868
  10.00000    3.35121
  10.50000    3.36299
  11.00000    3.37375
  11.50000    3.38420
  12.00000    3.39352
  12.50000    3.40283
  13.00000    3.41088
  13.50000    3.41893
  14.00000    3.42609
  14.50000    3.43301
  15.00000    3.43940
  15.50000    3.44541
  16.00000    3.45118
  16.50000    3.45651
  17.00000    3.46177
  17.50000    3.46661
  18.00000    3.47145
  18.50000    3.47603
  19.00000    3.48060
  19.50000    3.48510
  20.00000    3.48958
  20.50000    3.49410
  21.00000    3.49867
  21.50000    3.50334
  22.00000    3.50822
  22.50000    3.51316
  23.00000    3.51854
  23.50000    3.52392
  24.00000    3.52995
  24.50000    3.53606
  25.00000    3.54278
  25.50000    3.54979
  26.00000    3.55733
  26.50000    3.56547
  27.00000    3.57394
  27.50000    3.58335
  28.00000    3.59283
  28.50000    3.60377
  29.00000    3.61472
  29.50000    3.62710
  30.00000    3.63976
  30.50000    3.65361
  31.00000    3.66818
  31.50000    3.68358
  32.00000    3.70018
  32.50000    4.20386
  33.00000    4.20464
  33.50000    4.20542
  34.00000    4.20620
  34.50000    4.20698
  35.00000    4.20776
  35.50000    4.20854
  36.00000    4.20932
  36.50000    4.21009
  37.00000    4.21051
  37.50000    4.21068
  38.00000    4.21086
  38.50000    4.21103
  39.00000    4.21120
  39.50000    4.21138
  40.00000    4.21155
  40.50000    4.21173
  41.00000    4.21190
  41.50000    4.21156
  42.00000    4.21122
  42.50000    4.21088
  43.00000    4.21055
  43.50000    4.21021
  44.00000    4.20987
  44.50000    4.20953
  45.00000    4.20920
  45.50000    4.20868
  46.00000    4.20793
  46.50000    4.20717
  47.00000    4.20641
  47.50000    4.20566
  48.00000    4.20490
  48.50000    4.20415
  49.00000    4.20339
  49.50000    4.20263
  50.00000    4.20161
  50.50000    4.20053
  51.00000    4.19944
  51.50000    4.19836
  52.00000    4.19728
  52.50000    4.19620
  53.00000    4.19512
  53.50000    4.19403
  54.00000    4.19290
  54.50000    4.19161
  55.00000    4.19032
  55.50000    4.18903
  56.00000    4.18774
  56.50000    4.18645
  57.00000    4.18516
  57.50000    4.18386
  58.00000    4.18257
  58.50000    4.18120
  59.00000    4.17978
  59.50000    4.17836
  60.00000    4.17694
  60.50000    4.17552
  61.00000    4.17410
  61.50000    4.17268
  62.00000    4.17126
  62.50000    4.16984
  63.00000    4.16839
  63.50000    4.16693
  64.00000    4.16548
  64.50000    4.16403
  65.00000    4.16257
  65.50000    4.16112
  66.00000    4.15966
  66.50000    4.15821
  67.00000    4.15679
  67.50000    4.15540
  68.00000    4.15402
  68.50000    4.15263
  69.00000    4.15125
  69.50000    4.14986
  70.00000    4.14848
  70.50000    4.14709
  71.00000    4.14571
  71.50000    4.14446
  72.00000    4.14324
  72.50000    4.14202
  73.00000    4.14080
  73.50000    4.13958
  74.00000    4.13835
  74.50000    4.13713
  75.00000    4.13591
  75.50000    4.13475
  76.00000    4.13379
  76.50000    4.13282
  77.00000    4.13186
  77.50000    4.13089
  78.00000    4.12993
  78.50000    4.12896
  79.00000    4.12800
  79.50000    4.12703
  80.00000    4.12630
  80.50000    4.12570
  81.00000    4.12509
  81.50000    4.12449
  82.00000    4.12388
  82.50000    4.12328
  83.00000    4.12267
  83.50000    4.12207
  84.00000    4.12149
  84.50000    4.12134
  85.00000    4.12119
  85.50000    4.12104
  86.00000    4.12089
  86.50000    4.12073
  87.00000    4.12058
  87.50000    4.12043
  88.00000    4.12028
  88.50000    4.12038
  89.00000    4.12076
  89.50000    4.12115
  90.00000    4.12153
  90.50000    4.12192
  91.00000    4.12230
  91.50000    4.12268
  92.00000    4.12307
  92.50000    4.12345
  93.00000    4.12426
  93.50000    4.12514
  94.00000    4.12601
  94.50000    4.12688
  95.00000    4.12775
  95.50000    4.12863
  96.00000    4.12950
  96.50000    4.13037
  97.00000    4.13137
  97.50000    4.13271
  98.00000    4.13405
  98.50000    4.13539
  99.00000    4.13673
  99.50000    4.13806
 100.00000    4.13940
 100.50000    4.14074
 101.00000    4.14208
 101.50000    4.14369
 102.00000    4.14542
 102.50000    4.14715
 103.00000    4.14889
 103.50000    4.15062
 104.00000    4.15235
 104.50000    4.15409
 105.00000    4.15582
 105.50000    4.15759
 106.00000    4.15967
 106.50000    4.16175
 107.00000    4.16383
 107.50000    4.16592
 108.00000    4.16800
 108.50000    4.17008
 109.00000    4.17216
 109.50000    4.17425
 110.00000    4.17648
 110.50000    4.17886
 111.00000    4.18125
 111.50000    4.18363
 112.00000    4.18602
 112.50000    4.18841
 113.00000    4.19079
 113.50000    4.19318
 114.00000    4.19556
 114.50000    4.19818
 115.00000    4.20082
 115.50000    4.20346
 116.00000    4.20610
 116.50000    4.20874
 117.00000    4.21138
 117.50000    4.21402
 118.00000    4.21666
 118.50000    4.21937
 119.00000    4.22222
 119.50000    4.22507
 120.00000    4.22792
 120.50000    4.23077
 121.00000    4.23362
 121.50000    4.23647
 122.00000    4.23932
 122.50000    4.24217
 123.00000    4.24513
 123.50000    4.24813
 124.00000    4.25113
 124.50000    4.25414
 125.00000    4.25714
 125.50000    4.26014
 126.00000    4.26314
 126.50000    4.26614
 127.00000    4.26915
 127.50000    4.27226
 128.00000    4.27537
 128.50000    4.27847
 129.00000    4.28158
 129.50000    4.28469
 130.00000    4.28780
 130.50000    4.29090
 131.00000    4.29401
 131.50000    4.29715
 132.00000    4.30031
 132.50000    4.30347
 133.00000    4.30664
 133.50000    4.30980
 134.00000    4.31297
 134.50000    4.31613
 135.00000    4.31930
 135.50000    4.32246
 136.00000    4.32562
 136.50000    4.32879
 137.00000    4.33195
 137.50000    4.33512
 138.00000    4.33828
 138.50000    4.34145
 139.00000    4.34461
 139.50000    4.34778
 140.00000    4.35093
 140.50000    4.35406
 141.00000    4.35719
 141.50000    4.36032
 142.00000    4.36345
 142.50000    4.36658
 143.00000    4.36971
 143.50000    4.37284
 144.00000    4.37597
 144.50000    4.37903
 145.00000    4.38207
 145.50000    4.38510
 146.00000    4.38814
 146.50000    4.39118
 147.00000    4.39421
 147.50000    4.39725
 148.00000    4.40029
 148.50000    4.40331
 149.00000    4.40620
 149.50000    4.40910
 150.00000    4.41200
