   0.00000    1.47200
   0.50000    2.86323
   1.00000    2.89193
   1.50000    2.92063
   2.00000    2.94787
   2.50000    2.97450
   3.00000    3.00100
   3.50000    3.02547
   4.00000    3.04994
   4.50000    3.07361
   5.00000    3.09612
   5.50000    3.11863
   6.00000    3.13967
   6.50000    3.16026
   7.00000    3.18064
   7.50000    3.19949
   8.00000    3.21833
   8.50000    3.23639
   9.00000    3.25353
   9.50000    3.27068
  10.00000    3.28659
  10.50000    3.30223
  11.00000    3.31762
  11.50000    3.33182
  12.00000    3.34602
  12.50000    3.35953
  13.00000    3.37241
  13.50000    3.38529
  14.00000    3.39714
  14.50000    3.40885
  15.00000    3.42030
  15.50000    3.43087
  16.00000    3.44145
  16.50000    3.45150
  17.00000    3.46116
  17.50000    3.47083
  18.00000    3.47966
  18.50000    3.48842
  19.00000    3.49698
  19.50000    3.50502
  20.00000    3.51307
  20.50000    3.52073
  21.00000    3.52817
  21.50000    3.53561
  22.00000    3.54256
  22.50000    3.54951
  23.00000    3.55631
  23.50000    3.56280
  24.00000    3.56930
  24.50000    3.57564
  25.00000    3.58191
  25.50000    3.58817
  26.00000    3.59429
  26.50000    3.60041
  27.00000    3.60650
  27.50000    3.61254
  28.00000    3.61858
  28.50000    3.62468
  29.00000    3.63080
  29.50000    3.63693
  30.00000    3.64324
  30.50000    3.64955
  31.00000    3.65601
  31.50000    3.66266
  32.00000    3.66930
  32.50000    3.67625
  33.00000    3.68328
  33.50000    3.69039
  34.00000    3.69794
  34.50000    3.70549
  35.00000    3.71339
  35.50000    3.72163
  36.00000    3.72986
  36.50000    3.73871
  37.00000    3.74766
  37.50000    3.75680
  38.00000    3.76662
  38.50000    3.77644
  39.00000    4.26532
  39.50000    4.26589
  40.00000    4.26646
  40.50000    4.26703
  41.00000    4.26759
  41.50000    4.26816
  42.00000    4.26873
  42.50000    4.26930
  43.00000    4.26964
  43.50000    4.26943
  44.00000    4.26923
  44.50000    4.26902
  45.00000    4.26882
  45.50000    4.26861
  46.00000    4.26841
  46.50000    4.26820
  47.00000    4.26798
  47.50000    4.26710
  48.00000    4.26621
  48.50000    4.26533
  49.00000    4.26445
  49.50000    4.26357
  50.00000    4.26268
  50.50000    4.26180
  51.00000    4.26092
  51.50000    4.25963
  52.00000    4.25820
  52.50000    4.25677
  53.00000    4.25535
  53.50000    4.25392
  54.00000    4.25249
  54.50000    4.25107
  55.00000    4.24964
  55.50000    4.24801
  56.00000    4.24618
  56.50000    4.24434
  57.00000    4.24250
  57.50000    4.24066
  58.00000    4.23882
  58.50000    4.23699
  59.00000    4.23515
  59.50000    4.23325
  60.00000    4.23111
  60.50000    4.22897
  61.00000    4.22683
  61.50000    4.22469
  62.00000    4.22255
  62.50000    4.22041
  63.00000    4.21827
  63.50000    4.21613
  64.00000    4.21382
  64.50000    4.21150
  65.00000    4.20917
  65.50000    4.20685
  66.00000    4.20453
  66.50000    4.20221
  67.00000    4.19989
  67.50000    4.19757
  68.00000    4.19521
  68.50000    4.19282
  69.00000    4.19044
  69.50000    4.18806
  70.00000    4.18568
  70.50000    4.18330
  71.00000    4.18091
  71.50000    4.17853
  72.00000    4.17618
  72.50000    4.17389
  73.00000    4.17159
  73.50000    4.16929
  74.00000    4.16700
  74.50000    4.16470
  75.00000    4.16240
  75.50000    4.16010
  76.00000    4.15783
  76.50000    4.15571
  77.00000    4.15360
  77.50000    4.15148
  78.00000    4.14937
  78.50000    4.14725
  79.00000    4.14513
  79.50000    4.14302
  80.00000    4.14090
  80.50000    4.13905
  81.00000    4.13723
  81.50000    4.13542
  82.00000    4.13361
  82.50000    4.13179
  83.00000    4.12998
  83.50000    4.12816
  84.00000    4.12635
  84.50000    4.12480
  85.00000    4.12343
  85.50000    4.12207
  86.00000    4.12070
  86.50000    4.11933
  87.00000    4.11797
  87.50000    4.11660
  88.00000    4.11524
  88.50000    4.11404
  89.00000    4.11322
  89.50000    4.11240
  90.00000    4.11157
  90.50000    4.11075
  91.00000    4.10993
  91.50000    4.10911
  92.00000    4.10829
  92.50000    4.10749
  93.00000    4.10734
  93.50000    4.10718
  94.00000    4.10702
  94.50000    4.10686
  95.00000    4.10671
  95.50000    4.10655
  96.00000    4.10639
  96.50000    4.10624
  97.00000    4.10656
  97.50000    4.10701
  98.00000    4.10747
  98.50000    4.10793
  99.00000    4.10839
  99.50000    4.10885
 100.00000    4.10931
 100.50000    4.10977
 101.00000    4.11052
 101.50000    4.11154
 102.00000    4.11257
 102.50000    4.11360
 103.00000    4.11463
 103.50000    4.11566
 104.00000    4.11668
 104.50000    4.11771
 105.00000    4.11886
 105.50000    4.12042
 106.00000    4.12198
 106.50000    4.12354
 107.00000    4.12510
 107.50000    4.12666
 108.00000    4.12822
 108.50000    4.12978
 109.00000    4.13134
 109.50000    4.13333
 110.00000    4.13533
 110.50000    4.13734
 111.00000    4.13935
 111.50000    4.14136
 112.00000    4.14336
 112.50000    4.14537
 113.00000    4.14738
 113.50000    4.14968
 114.00000    4.15211
 114.50000    4.15454
 115.00000    4.15697
 115.50000    4.15940
 116.00000    4.16183
 116.50000    4.16426
 117.00000    4.16669
 117.50000    4.16927
 118.00000    4.17206
 118.50000    4.17485
 119.00000    4.17765
 119.50000    4.18044
 120.00000    4.18323
 120.50000    4.18603
 121.00000    4.18882
 121.50000    4.19166
 122.00000    4.19475
 122.50000    4.19785
 123.00000    4.20094
 123.50000    4.20404
 124.00000    4.20713
 124.50000    4.21023
 125.00000    4.21332
 125.50000    4.21642
 126.00000    4.21974
 126.50000    4.22311
 127.00000    4.22647
 127.50000    4.22983
 128.00000    4.23319
 128.50000    4.23655
 129.00000    4.23991
 129.50000    4.24328
 130.00000    4.24675
 130.50000    4.25029
 131.00000    4.25383
 131.50000    4.25737
 132.00000    4.26091
 132.50000    4.26446
 133.00000    4.26800
 133.50000    4.27154
 134.00000    4.27514
 134.50000    4.27884
 135.00000    4.28254
 135.50000    4.28624
 136.00000    4.28994
 136.50000    4.29364
 137.00000    4.29734
 137.50000    4.30104
 138.00000    4.30474
 138.50000    4.30854
 139.00000    4.31233
 139.50000    4.31613
 140.00000    4.31993
 140.50000    4.32372
 141.00000    4.32752
 141.50000    4.33131
 142.00000    4.33511
 142.50000    4.33894
 143.00000    4.34277
 143.50000    4.34660
 144.00000    4.35044
 144.50000    4.35427
 145.00000    4.35810
 145.50000    4.36193
 146.00000    4.36577
 146.50000    4.36959
 147.00000    4.37342
 147.50000    4.37724
 148.00000    4.38106
 148.50000    4.38488
 149.00000    4.38870
 149.50000    4.39252
 150.00000    4.39634
