   0.00000    1.31350
   0.50000    3.03175
   1.00000    3.06101
   1.50000    3.09027
   2.00000    3.11819
   2.50000    3.14500
   3.00000    3.17182
   3.50000    3.19655
   4.00000    3.22091
   4.50000    3.24492
   5.00000    3.26699
   5.50000    3.28906
   6.00000    3.31010
   6.50000    3.32994
   7.00000    3.34979
   7.50000    3.36804
   8.00000    3.38581
   8.50000    3.40345
   9.00000    3.41932
   9.50000    3.43520
  10.00000    3.45041
  10.50000    3.46450
  11.00000    3.47860
  11.50000    3.49157
  12.00000    3.50399
  12.50000    3.51641
  13.00000    3.52735
  13.50000    3.53826
  14.00000    3.54877
  14.50000    3.55826
  15.00000    3.56775
  15.50000    3.57653
  16.00000    3.58480
  16.50000    3.59307
  17.00000    3.60036
  17.50000    3.60751
  18.00000    3.61448
  18.50000    3.62064
  19.00000    3.62679
  19.50000    3.63255
  20.00000    3.63789
  20.50000    3.64323
  21.00000    3.64797
  21.50000    3.65257
  22.00000    3.65711
  22.50000    3.66116
  23.00000    3.66520
  23.50000    3.66905
  24.00000    3.67261
  24.50000    3.67617
  25.00000    3.67954
  25.50000    3.68284
  26.00000    3.68614
  26.50000    3.68926
  27.00000    3.69237
  27.50000    3.69547
  28.00000    3.69851
  28.50000    3.70155
  29.00000    3.70468
  29.50000    3.70787
  30.00000    3.71106
  30.50000    3.71442
  31.00000    3.71780
  31.50000    3.72125
  32.00000    3.72500
  32.50000    3.72875
  33.00000    3.73277
  33.50000    3.73703
  34.00000    3.74130
  34.50000    3.74609
  35.00000    3.75099
  35.50000    3.75598
  36.00000    3.76162
  36.50000    3.76726
  37.00000    3.77331
  37.50000    3.77987
  38.00000    3.78644
  38.50000    3.79375
  39.00000    3.80131
  39.50000    4.23423
  40.00000    4.22881
  40.50000    4.22339
  41.00000    4.21797
  41.50000    4.21256
  42.00000    4.20714
  42.50000    4.20172
  43.00000    4.19630
  43.50000    4.19088
  44.00000    4.18629
  44.50000    4.18188
  45.00000    4.17747
  45.50000    4.17306
  46.00000    4.16865
  46.50000    4.16424
  47.00000    4.15984
  47.50000    4.15543
  48.00000    4.15159
  48.50000    4.14815
  49.00000    4.14471
  49.50000    4.14127
  50.00000    4.13783
  50.50000    4.13440
  51.00000    4.13096
  51.50000    4.12752
  52.00000    4.12440
  52.50000    4.12185
  53.00000    4.11929
  53.50000    4.11674
  54.00000    4.11419
  54.50000    4.11164
  55.00000    4.10909
  55.50000    4.10654
  56.00000    4.10409
  56.50000    4.10232
  57.00000    4.10056
  57.50000    4.09880
  58.00000    4.09704
  58.50000    4.09528
  59.00000    4.09352
  59.50000    4.09176
  60.00000    4.08999
  60.50000    4.08886
  61.00000    4.08780
  61.50000    4.08675
  62.00000    4.08569
  62.50000    4.08463
  63.00000    4.08358
  63.50000    4.08252
  64.00000    4.08146
  64.50000    4.08081
  65.00000    4.08038
  65.50000    4.07994
  66.00000    4.07950
  66.50000    4.07906
  67.00000    4.07863
  67.50000    4.07819
  68.00000    4.07775
  68.50000    4.07755
  69.00000    4.07766
  69.50000    4.07777
  70.00000    4.07787
  70.50000    4.07798
  71.00000    4.07809
  71.50000    4.07820
  72.00000    4.07831
  72.50000    4.07851
  73.00000    4.07905
  73.50000    4.07960
  74.00000    4.08015
  74.50000    4.08069
  75.00000    4.08124
  75.50000    4.08179
  76.00000    4.08233
  76.50000    4.08288
  77.00000    4.08376
  77.50000    4.08466
  78.00000    4.08556
  78.50000    4.08646
  79.00000    4.08736
  79.50000    4.08826
  80.00000    4.08916
  80.50000    4.09006
  81.00000    4.09116
  81.50000    4.09234
  82.00000    4.09352
  82.50000    4.09469
  83.00000    4.09587
  83.50000    4.09705
  84.00000    4.09823
  84.50000    4.09941
  85.00000    4.10068
  85.50000    4.10204
  86.00000    4.10340
  86.50000    4.10476
  87.00000    4.10612
  87.50000    4.10748
  88.00000    4.10884
  88.50000    4.11020
  89.00000    4.11158
  89.50000    4.11303
  90.00000    4.11448
  90.50000    4.11592
  91.00000    4.11737
  91.50000    4.11881
  92.00000    4.12026
  92.50000    4.12170
  93.00000    4.12315
  93.50000    4.12463
  94.00000    4.12611
  94.50000    4.12760
  95.00000    4.12908
  95.50000    4.13056
  96.00000    4.13204
  96.50000    4.13352
  97.00000    4.13501
  97.50000    4.13649
  98.00000    4.13797
  98.50000    4.13945
  99.00000    4.14093
  99.50000    4.14242
 100.00000    4.14390
 100.50000    4.14538
 101.00000    4.14686
 101.50000    4.14835
 102.00000    4.14985
 102.50000    4.15134
 103.00000    4.15283
 103.50000    4.15433
 104.00000    4.15582
 104.50000    4.15732
 105.00000    4.15881
 105.50000    4.16031
 106.00000    4.16183
 106.50000    4.16335
 107.00000    4.16487
 107.50000    4.16639
 108.00000    4.16791
 108.50000    4.16942
 109.00000    4.17094
 109.50000    4.17246
 110.00000    4.17401
 110.50000    4.17555
 111.00000    4.17709
 111.50000    4.17863
 112.00000    4.18018
 112.50000    4.18172
 113.00000    4.18326
 113.50000    4.18481
 114.00000    4.18636
 114.50000    4.18791
 115.00000    4.18947
 115.50000    4.19102
 116.00000    4.19258
 116.50000    4.19413
 117.00000    4.19569
 117.50000    4.19724
 118.00000    4.19883
 118.50000    4.20043
 119.00000    4.20204
 119.50000    4.20364
 120.00000    4.20524
 120.50000    4.20685
 121.00000    4.20845
 121.50000    4.21005
 122.00000    4.21167
 122.50000    4.21330
 123.00000    4.21492
 123.50000    4.21655
 124.00000    4.21818
 124.50000    4.21981
 125.00000    4.22143
 125.50000    4.22306
 126.00000    4.22470
 126.50000    4.22636
 127.00000    4.22802
 127.50000    4.22969
 128.00000    4.23135
 128.50000    4.23302
 129.00000    4.23468
 129.50000    4.23635
 130.00000    4.23801
 130.50000    4.23971
 131.00000    4.24141
 131.50000    4.24311
 132.00000    4.24481
 132.50000    4.24651
 133.00000    4.24821
 133.50000    4.24991
 134.00000    4.25161
 134.50000    4.25335
 135.00000    4.25510
 135.50000    4.25685
 136.00000    4.25860
 136.50000    4.26034
 137.00000    4.26209
 137.50000    4.26384
 138.00000    4.26559
 138.50000    4.26736
 139.00000    4.26916
 139.50000    4.27096
 140.00000    4.27276
 140.50000    4.27455
 141.00000    4.27635
 141.50000    4.27815
 142.00000    4.27995
 142.50000    4.28176
 143.00000    4.28360
 143.50000    4.28545
 144.00000    4.28730
 144.50000    4.28914
 145.00000    4.29099
 145.50000    4.29284
 146.00000    4.29468
 146.50000    4.29653
 147.00000    4.29844
 147.50000    4.30034
 148.00000    4.30225
 148.50000    4.30416
 149.00000    4.30607
 149.50000    4.30797
 150.00000    4.30988
