   0.00000    0.62600
   0.50000    1.25417
   1.00000    1.88234
   1.50000    3.42528
   2.00000    3.43347
   2.50000    3.44165
   3.00000    3.44981
   3.50000    3.45769
   4.00000    3.46558
   4.50000    3.47346
   5.00000    3.48114
   5.50000    3.48875
   6.00000    3.49637
   6.50000    3.50386
   7.00000    3.51117
   7.50000    3.51849
   8.00000    3.52579
   8.50000    3.53289
   9.00000    3.53999
   9.50000    3.54710
  10.00000    3.55405
  10.50000    3.56094
  11.00000    3.56783
  11.50000    3.57464
  12.00000    3.58133
  12.50000    3.58801
  13.00000    3.59469
  13.50000    3.60125
  14.00000    3.60782
  14.50000    3.61438
  15.00000    3.62086
  15.50000    3.62730
  16.00000    3.63375
  16.50000    3.64016
  17.00000    3.64651
  17.50000    3.65287
  18.00000    3.65922
  18.50000    3.66551
  19.00000    3.67181
  19.50000    3.67810
  20.00000    3.68439
  20.50000    3.69069
  21.00000    3.69698
  21.50000    3.70327
  22.00000    3.70953
  22.50000    3.71580
  23.00000    3.72206
  23.50000    3.72839
  24.00000    3.73471
  24.50000    3.74103
  25.00000    3.74740
  25.50000    3.75379
  26.00000    3.76017
  26.50000    3.76659
  27.00000    3.77306
  27.50000    3.77954
  28.00000    3.78601
  28.50000    3.79264
  29.00000    3.79926
  29.50000    3.80589
  30.00000    3.81262
  30.50000    3.81939
  31.00000    3.82616
  31.50000    3.83300
  32.00000    3.83996
  32.50000    3.84691
  33.00000    3.85387
  33.50000    3.86106
  34.00000    3.86826
  34.50000    3.87545
  35.00000    3.88279
  35.50000    3.89019
  36.00000    3.89759
  36.50000    3.90511
  37.00000    3.91285
  37.50000    3.92058
  38.00000    3.92832
  38.50000    3.93632
  39.00000    3.94432
  39.50000    3.95232
  40.00000    3.96057
  40.50000    3.96893
  41.00000    3.97730
  41.50000    3.98579
  42.00000    3.99454
  42.50000    4.00330
  43.00000    4.01205
  43.50000    4.02119
  44.00000    4.03033
  44.50000    4.03948
  45.00000    4.04890
  45.50000    4.05846
  46.00000    4.06802
  46.50000    4.07774
  47.00000    4.08778
  47.50000    4.09782
  48.00000    4.10787
  48.50000    4.11835
  49.00000    4.12885
  49.50000    4.13934
  50.00000    4.41531
  50.50000    4.42018
  51.00000    4.42504
  51.50000    4.42990
  52.00000    4.43477
  52.50000    4.43963
  53.00000    4.44450
  53.50000    4.44936
  54.00000    4.45399
  54.50000    4.45861
  55.00000    4.46323
  55.50000    4.46785
  56.00000    4.47246
  56.50000    4.47708
  57.00000    4.48170
  57.50000    4.48624
  58.00000    4.49055
  58.50000    4.49485
  59.00000    4.49916
  59.50000    4.50347
  60.00000    4.50777
  60.50000    4.51208
  61.00000    4.51639
  61.50000    4.52053
  62.00000    4.52454
  62.50000    4.52855
  63.00000    4.53256
  63.50000    4.53657
  64.00000    4.54058
  64.50000    4.54458
  65.00000    4.54859
  65.50000    4.55233
  66.00000    4.55602
  66.50000    4.55970
  67.00000    4.56338
  67.50000    4.56707
  68.00000    4.57075
  68.50000    4.57444
  69.00000    4.57809
  69.50000    4.58147
  70.00000    4.58486
  70.50000    4.58824
  71.00000    4.59163
  71.50000    4.59501
  72.00000    4.59840
  72.50000    4.60178
  73.00000    4.60503
  73.50000    4.60808
  74.00000    4.61113
  74.50000    4.61418
  75.00000    4.61723
  75.50000    4.62028
  76.00000    4.62332
  76.50000    4.62637
  77.00000    4.62920
  77.50000    4.63194
  78.00000    4.63468
  78.50000    4.63741
  79.00000    4.64015
  79.50000    4.64289
  80.00000    4.64563
  80.50000    4.64836
  81.00000    4.65077
  81.50000    4.65317
  82.00000    4.65557
  82.50000    4.65797
  83.00000    4.66037
  83.50000    4.66277
  84.00000    4.66517
  84.50000    4.66747
  85.00000    4.66952
  85.50000    4.67157
  86.00000    4.67362
  86.50000    4.67567
  87.00000    4.67772
  87.50000    4.67977
  88.00000    4.68181
  88.50000    4.68368
  89.00000    4.68541
  89.50000    4.68713
  90.00000    4.68886
  90.50000    4.69058
  91.00000    4.69231
  91.50000    4.69403
  92.00000    4.69576
  92.50000    4.69717
  93.00000    4.69853
  93.50000    4.69989
  94.00000    4.70126
  94.50000    4.70262
  95.00000    4.70398
  95.50000    4.70534
  96.00000    4.70665
  96.50000    4.70766
  97.00000    4.70867
  97.50000    4.70969
  98.00000    4.71070
  98.50000    4.71171
  99.00000    4.71272
  99.50000    4.71373
 100.00000    4.71460
 100.50000    4.71527
 101.00000    4.71595
 101.50000    4.71662
 102.00000    4.71729
 102.50000    4.71797
 103.00000    4.71864
 103.50000    4.71932
 104.00000    4.71974
 104.50000    4.72006
 105.00000    4.72039
 105.50000    4.72071
 106.00000    4.72103
 106.50000    4.72136
 107.00000    4.72168
 107.50000    4.72200
 108.00000    4.72204
 108.50000    4.72208
 109.00000    4.72212
 109.50000    4.72216
 110.00000    4.72220
 110.50000    4.72223
 111.00000    4.72227
 111.50000    4.72222
 112.00000    4.72198
 112.50000    4.72173
 113.00000    4.72148
 113.50000    4.72124
 114.00000    4.72099
 114.50000    4.72074
 115.00000    4.72050
 115.50000    4.72010
 116.00000    4.71961
 116.50000    4.71912
 117.00000    4.71862
 117.50000    4.71813
 118.00000    4.71764
 118.50000    4.71715
 119.00000    4.71665
 119.50000    4.71596
 120.00000    4.71525
 120.50000    4.71454
 121.00000    4.71382
 121.50000    4.71311
 122.00000    4.71240
 122.50000    4.71168
 123.00000    4.71094
 123.50000    4.71004
 124.00000    4.70914
 124.50000    4.70825
 125.00000    4.70735
 125.50000    4.70646
 126.00000    4.70556
 126.50000    4.70467
 127.00000    4.70369
 127.50000    4.70263
 128.00000    4.70157
 128.50000    4.70050
 129.00000    4.69944
 129.50000    4.69838
 130.00000    4.69731
 130.50000    4.69625
 131.00000    4.69509
 131.50000    4.69389
 132.00000    4.69270
 132.50000    4.69151
 133.00000    4.69031
 133.50000    4.68912
 134.00000    4.68792
 134.50000    4.68672
 135.00000    4.68543
 135.50000    4.68413
 136.00000    4.68283
 136.50000    4.68154
 137.00000    4.68024
 137.50000    4.67894
 138.00000    4.67765
 138.50000    4.67632
 139.00000    4.67493
 139.50000    4.67354
 140.00000    4.67215
 140.50000    4.67077
 141.00000    4.66938
 141.50000    4.66799
 142.00000    4.66660
 142.50000    4.66519
 143.00000    4.66376
 143.50000    4.66234
 144.00000    4.66091
 144.50000    4.65948
 145.00000    4.65805
 145.50000    4.65663
 146.00000    4.65520
 146.50000    4.65375
 147.00000    4.65230
 147.50000    4.65084
 148.00000    4.64939
 148.50000    4.64794
 149.00000    4.64649
 149.50000    4.64503
 150.00000    4.64358
