   0.00000    1.35900
   0.50000    3.05477
   1.00000    3.08226
   1.50000    3.10976
   2.00000    3.13526
   2.50000    3.16057
   3.00000    3.18409
   3.50000    3.20718
   4.00000    3.22882
   4.50000    3.24982
   5.00000    3.26968
   5.50000    3.28874
   6.00000    3.30691
   6.50000    3.32412
   7.00000    3.34070
   7.50000    3.35620
   8.00000    3.37130
   8.50000    3.38524
   9.00000    3.39896
   9.50000    3.41143
  10.00000    3.42384
  10.50000    3.43503
  11.00000    3.44622
  11.50000    3.45630
  12.00000    3.46631
  12.50000    3.47545
  13.00000    3.48441
  13.50000    3.49270
  14.00000    3.50071
  14.50000    3.50824
  15.00000    3.51544
  15.50000    3.52235
  16.00000    3.52894
  16.50000    3.53531
  17.00000    3.54133
  17.50000    3.54723
  18.00000    3.55283
  18.50000    3.55838
  19.00000    3.56374
  19.50000    3.56909
  20.00000    3.57430
  20.50000    3.57952
  21.00000    3.58469
  21.50000    3.58985
  22.00000    3.59514
  22.50000    3.60045
  23.00000    3.60593
  23.50000    3.61148
  24.00000    3.61726
  24.50000    3.62318
  25.00000    3.62938
  25.50000    3.63582
  26.00000    3.64252
  26.50000    3.64958
  27.00000    3.65686
  27.50000    3.66468
  28.00000    3.67267
  28.50000    3.68139
  29.00000    3.69019
  29.50000    3.69995
  30.00000    3.70972
  30.50000    3.72049
  31.00000    3.73130
  31.50000    3.90096
  32.00000    3.91006
  32.50000    3.91917
  33.00000    3.92828
  33.50000    3.93739
  34.00000    3.94650
  34.50000    3.95560
  35.00000    3.96471
  35.50000    3.97365
  36.00000    3.98186
  36.50000    3.99006
  37.00000    3.99827
  37.50000    4.00648
  38.00000    4.01469
  38.50000    4.02289
  39.00000    4.03110
  39.50000    4.03931
  40.00000    4.04704
  40.50000    4.05433
  41.00000    4.06163
  41.50000    4.06892
  42.00000    4.07622
  42.50000    4.08351
  43.00000    4.09081
  43.50000    4.09810
  44.00000    4.10540
  44.50000    4.11195
  45.00000    4.11838
  45.50000    4.12481
  46.00000    4.13124
  46.50000    4.13767
  47.00000    4.14410
  47.50000    4.15053
  48.00000    4.15696
  48.50000    4.16322
  49.00000    4.16883
  49.50000    4.17444
  50.00000    4.18005
  50.50000    4.18566
  51.00000    4.19127
  51.50000    4.19688
  52.00000    4.20249
  52.50000    4.20810
  53.00000    4.21330
  53.50000    4.21815
  54.00000    4.22300
  54.50000    4.22785
  55.00000    4.23270
  55.50000    4.23755
  56.00000    4.24239
  56.50000    4.24724
  57.00000    4.25209
  57.50000    4.25631
  58.00000    4.26045
  58.50000    4.26458
  59.00000    4.26871
  59.50000    4.27284
  60.00000    4.27698
  60.50000    4.28111
  61.00000    4.28524
  61.50000    4.28923
  62.00000    4.29270
  62.50000    4.29616
  63.00000    4.29962
  63.50000    4.30308
  64.00000    4.30655
  64.50000    4.31001
  65.00000    4.31347
  65.50000    4.31694
  66.00000    4.32006
  66.50000    4.32292
  67.00000    4.32577
  67.50000    4.32862
  68.00000    4.33147
  68.50000    4.33432
  69.00000    4.33717
  69.50000    4.34002
  70.00000    4.34287
  70.50000    4.34521
  71.00000    4.34749
  71.50000    4.34976
  72.00000    4.35204
  72.50000    4.35431
  73.00000    4.35658
  73.50000    4.35886
  74.00000    4.36113
  74.50000    4.36329
  75.00000    4.36506
  75.50000    4.36683
  76.00000    4.36859
  76.50000    4.37036
  77.00000    4.37212
  77.50000    4.37389
  78.00000    4.37566
  78.50000    4.37742
  79.00000    4.37893
  79.50000    4.38023
  80.00000    4.38154
  80.50000    4.38284
  81.00000    4.38415
  81.50000    4.38545
  82.00000    4.38676
  82.50000    4.38806
  83.00000    4.38937
  83.50000    4.39030
  84.00000    4.39119
  84.50000    4.39208
  85.00000    4.39296
  85.50000    4.39385
  86.00000    4.39474
  86.50000    4.39563
  87.00000    4.39652
  87.50000    4.39732
  88.00000    4.39784
  88.50000    4.39836
  89.00000    4.39888
  89.50000    4.39940
  90.00000    4.39992
  90.50000    4.40044
  91.00000    4.40096
  91.50000    4.40148
  92.00000    4.40182
  92.50000    4.40203
  93.00000    4.40223
  93.50000    4.40244
  94.00000    4.40265
  94.50000    4.40286
  95.00000    4.40307
  95.50000    4.40327
  96.00000    4.40348
  96.50000    4.40344
  97.00000    4.40337
  97.50000    4.40330
  98.00000    4.40323
  98.50000    4.40316
  99.00000    4.40309
  99.50000    4.40302
 100.00000    4.40295
 100.50000    4.40282
 101.00000    4.40251
 101.50000    4.40220
 102.00000    4.40189
 102.50000    4.40158
 103.00000    4.40127
 103.50000    4.40095
 104.00000    4.40064
 104.50000    4.40033
 105.00000    4.39991
 105.50000    4.39941
 106.00000    4.39892
 106.50000    4.39842
 107.00000    4.39793
 107.50000    4.39743
 108.00000    4.39693
 108.50000    4.39644
 109.00000    4.39594
 109.50000    4.39532
 110.00000    4.39468
 110.50000    4.39405
 111.00000    4.39341
 111.50000    4.39278
 112.00000    4.39214
 112.50000    4.39151
 113.00000    4.39087
 113.50000    4.39021
 114.00000    4.38947
 114.50000    4.38873
 115.00000    4.38799
 115.50000    4.38725
 116.00000    4.38652
 116.50000    4.38578
 117.00000    4.38504
 117.50000    4.38430
 118.00000    4.38352
 118.50000    4.38271
 119.00000    4.38190
 119.50000    4.38110
 120.00000    4.38029
 120.50000    4.37948
 121.00000    4.37867
 121.50000    4.37786
 122.00000    4.37705
 122.50000    4.37625
 123.00000    4.37544
 123.50000    4.37463
 124.00000    4.37382
 124.50000    4.37302
 125.00000    4.37221
 125.50000    4.37140
 126.00000    4.37059
 126.50000    4.36979
 127.00000    4.36902
 127.50000    4.36825
 128.00000    4.36747
 128.50000    4.36670
 129.00000    4.36593
 129.50000    4.36515
 130.00000    4.36438
 130.50000    4.36360
 131.00000    4.36287
 131.50000    4.36215
 132.00000    4.36144
 132.50000    4.36072
 133.00000    4.36000
 133.50000    4.35929
 134.00000    4.35857
 134.50000    4.35786
 135.00000    4.35714
 135.50000    4.35656
 136.00000    4.35598
 136.50000    4.35540
 137.00000    4.35482
 137.50000    4.35425
 138.00000    4.35367
 138.50000    4.35309
 139.00000    4.35252
 139.50000    4.35198
 140.00000    4.35155
 140.50000    4.35113
 141.00000    4.35070
 141.50000    4.35027
 142.00000    4.34985
 142.50000    4.34942
 143.00000    4.34899
 143.50000    4.34856
 144.00000    4.34826
 144.50000    4.34805
 145.00000    4.34783
 145.50000    4.34761
 146.00000    4.34739
 146.50000    4.34717
 147.00000    4.34695
 147.50000    4.34673
 148.00000    4.34651
 148.50000    4.34653
 149.00000    4.34657
 149.50000    4.34660
 150.00000    4.34664
