   0.00000    1.17700
   0.50000    1.49457
   1.00000    1.81214
   1.50000    2.12972
   2.00000    2.44729
   2.50000    3.44825
   3.00000    3.45638
   3.50000    3.46451
   4.00000    3.47231
   4.50000    3.47993
   5.00000    3.48755
   5.50000    3.49490
   6.00000    3.50201
   6.50000    3.50912
   7.00000    3.51607
   7.50000    3.52277
   8.00000    3.52946
   8.50000    3.53607
   9.00000    3.54242
   9.50000    3.54876
  10.00000    3.55507
  10.50000    3.56110
  11.00000    3.56712
  11.50000    3.57315
  12.00000    3.57893
  12.50000    3.58470
  13.00000    3.59047
  13.50000    3.59610
  14.00000    3.60172
  14.50000    3.60733
  15.00000    3.61285
  15.50000    3.61833
  16.00000    3.62382
  16.50000    3.62927
  17.00000    3.63469
  17.50000    3.64011
  18.00000    3.64553
  18.50000    3.65095
  19.00000    3.65637
  19.50000    3.66182
  20.00000    3.66733
  20.50000    3.67285
  21.00000    3.67838
  21.50000    3.68399
  22.00000    3.68960
  22.50000    3.69522
  23.00000    3.70105
  23.50000    3.70689
  24.00000    3.71272
  24.50000    3.71878
  25.00000    3.72487
  25.50000    3.73096
  26.00000    3.73726
  26.50000    3.74364
  27.00000    3.75002
  27.50000    3.75665
  28.00000    3.76344
  28.50000    3.77023
  29.00000    3.77722
  29.50000    3.78442
  30.00000    3.79163
  30.50000    3.79901
  31.00000    3.80672
  31.50000    3.81444
  32.00000    3.82227
  32.50000    3.83056
  33.00000    3.83885
  33.50000    3.84718
  34.00000    3.85611
  34.50000    3.86504
  35.00000    3.87396
  35.50000    3.88351
  36.00000    3.89311
  36.50000    3.90271
  37.00000    3.91291
  37.50000    3.92327
  38.00000    3.93363
  38.50000    3.94454
  39.00000    3.95573
  39.50000    3.96692
  40.00000    3.97856
  40.50000    3.99061
  41.00000    4.00266
  41.50000    4.01507
  42.00000    4.02805
  42.50000    4.04102
  43.00000    4.05425
  43.50000    4.06825
  44.00000    4.08224
  44.50000    4.09636
  45.00000    4.11144
  45.50000    4.12652
  46.00000    4.14160
  46.50000    4.15765
  47.00000    4.17371
  47.50000    4.18978
  48.00000    4.41888
  48.50000    4.42673
  49.00000    4.43459
  49.50000    4.44244
  50.00000    4.45030
  50.50000    4.45815
  51.00000    4.46601
  51.50000    4.47383
  52.00000    4.48026
  52.50000    4.48668
  53.00000    4.49310
  53.50000    4.49952
  54.00000    4.50595
  54.50000    4.51237
  55.00000    4.51879
  55.50000    4.52493
  56.00000    4.52997
  56.50000    4.53501
  57.00000    4.54005
  57.50000    4.54509
  58.00000    4.55013
  58.50000    4.55518
  59.00000    4.56022
  59.50000    4.56477
  60.00000    4.56856
  60.50000    4.57234
  61.00000    4.57613
  61.50000    4.57992
  62.00000    4.58370
  62.50000    4.58749
  63.00000    4.59128
  63.50000    4.59441
  64.00000    4.59706
  64.50000    4.59971
  65.00000    4.60236
  65.50000    4.60501
  66.00000    4.60766
  66.50000    4.61030
  67.00000    4.61295
  67.50000    4.61486
  68.00000    4.61652
  68.50000    4.61818
  69.00000    4.61985
  69.50000    4.62151
  70.00000    4.62317
  70.50000    4.62484
  71.00000    4.62650
  71.50000    4.62732
  72.00000    4.62809
  72.50000    4.62886
  73.00000    4.62962
  73.50000    4.63039
  74.00000    4.63116
  74.50000    4.63193
  75.00000    4.63260
  75.50000    4.63263
  76.00000    4.63265
  76.50000    4.63268
  77.00000    4.63271
  77.50000    4.63273
  78.00000    4.63276
  78.50000    4.63278
  79.00000    4.63262
  79.50000    4.63201
  80.00000    4.63141
  80.50000    4.63081
  81.00000    4.63021
  81.50000    4.62961
  82.00000    4.62901
  82.50000    4.62841
  83.00000    4.62757
  83.50000    4.62648
  84.00000    4.62539
  84.50000    4.62430
  85.00000    4.62322
  85.50000    4.62213
  86.00000    4.62104
  86.50000    4.61995
  87.00000    4.61861
  87.50000    4.61714
  88.00000    4.61567
  88.50000    4.61420
  89.00000    4.61272
  89.50000    4.61125
  90.00000    4.60978
  90.50000    4.60831
  91.00000    4.60663
  91.50000    4.60492
  92.00000    4.60320
  92.50000    4.60149
  93.00000    4.59977
  93.50000    4.59806
  94.00000    4.59634
  94.50000    4.59462
  95.00000    4.59280
  95.50000    4.59097
  96.00000    4.58914
  96.50000    4.58731
  97.00000    4.58548
  97.50000    4.58365
  98.00000    4.58182
  98.50000    4.57999
  99.00000    4.57814
  99.50000    4.57630
 100.00000    4.57446
 100.50000    4.57262
 101.00000    4.57078
 101.50000    4.56893
 102.00000    4.56709
 102.50000    4.56526
 103.00000    4.56344
 103.50000    4.56163
 104.00000    4.55981
 104.50000    4.55799
 105.00000    4.55617
 105.50000    4.55436
 106.00000    4.55254
 106.50000    4.55075
 107.00000    4.54897
 107.50000    4.54719
 108.00000    4.54541
 108.50000    4.54363
 109.00000    4.54186
 109.50000    4.54008
 110.00000    4.53830
 110.50000    4.53656
 111.00000    4.53483
 111.50000    4.53311
 112.00000    4.53138
 112.50000    4.52965
 113.00000    4.52792
 113.50000    4.52620
 114.00000    4.52447
 114.50000    4.52282
 115.00000    4.52117
 115.50000    4.51952
 116.00000    4.51787
 116.50000    4.51622
 117.00000    4.51457
 117.50000    4.51292
 118.00000    4.51128
 118.50000    4.50973
 119.00000    4.50818
 119.50000    4.50664
 120.00000    4.50509
 120.50000    4.50354
 121.00000    4.50199
 121.50000    4.50044
 122.00000    4.49892
 122.50000    4.49747
 123.00000    4.49601
 123.50000    4.49455
 124.00000    4.49309
 124.50000    4.49163
 125.00000    4.49017
 125.50000    4.48871
 126.00000    4.48732
 126.50000    4.48599
 127.00000    4.48466
 127.50000    4.48333
 128.00000    4.48200
 128.50000    4.48067
 129.00000    4.47934
 129.50000    4.47801
 130.00000    4.47677
 130.50000    4.47558
 131.00000    4.47439
 131.50000    4.47320
 132.00000    4.47201
 132.50000    4.47082
 133.00000    4.46964
 133.50000    4.46845
 134.00000    4.46738
 134.50000    4.46633
 135.00000    4.46528
 135.50000    4.46423
 136.00000    4.46318
 136.50000    4.46213
 137.00000    4.46109
 137.50000    4.46005
 138.00000    4.45919
 138.50000    4.45833
 139.00000    4.45748
 139.50000    4.45662
 140.00000    4.45576
 140.50000    4.45491
 141.00000    4.45405
 141.50000    4.45323
 142.00000    4.45254
 142.50000    4.45185
 143.00000    4.45116
 143.50000    4.45047
 144.00000    4.44978
 144.50000    4.44909
 145.00000    4.44840
 145.50000    4.44780
 146.00000    4.44732
 146.50000    4.44685
 147.00000    4.44638
 147.50000    4.44590
 148.00000    4.44543
 148.50000    4.44496
 149.00000    4.44448
 149.50000    4.44414
 150.00000    4.44389
