   0.00000    1.28340
   0.50000    1.99035
   1.00000    3.00559
   1.50000    3.03836
   2.00000    3.06944
   2.50000    3.09966
   3.00000    3.12884
   3.50000    3.15645
   4.00000    3.18375
   4.50000    3.20894
   5.00000    3.23412
   5.50000    3.25730
   6.00000    3.28015
   6.50000    3.30174
   7.00000    3.32247
   7.50000    3.34253
   8.00000    3.36124
   8.50000    3.37983
   9.00000    3.39663
   9.50000    3.41343
  10.00000    3.42891
  10.50000    3.44404
  11.00000    3.45831
  11.50000    3.47181
  12.00000    3.48494
  12.50000    3.49703
  13.00000    3.50911
  13.50000    3.51993
  14.00000    3.53074
  14.50000    3.54071
  15.00000    3.55037
  15.50000    3.55956
  16.00000    3.56821
  16.50000    3.57670
  17.00000    3.58450
  17.50000    3.59231
  18.00000    3.59947
  18.50000    3.60657
  19.00000    3.61332
  19.50000    3.61989
  20.00000    3.62628
  20.50000    3.63236
  21.00000    3.63842
  21.50000    3.64429
  22.00000    3.65016
  22.50000    3.65591
  23.00000    3.66165
  23.50000    3.66738
  24.00000    3.67311
  24.50000    3.67891
  25.00000    3.68482
  25.50000    3.69074
  26.00000    3.69696
  26.50000    3.70318
  27.00000    3.70975
  27.50000    3.71641
  28.00000    3.72339
  28.50000    3.73067
  29.00000    3.73814
  29.50000    3.74617
  30.00000    3.75420
  30.50000    3.76310
  31.00000    3.77201
  31.50000    3.78165
  32.00000    3.79157
  32.50000    3.80202
  33.00000    3.81309
  33.50000    4.28484
  34.00000    4.28292
  34.50000    4.28100
  35.00000    4.27908
  35.50000    4.27716
  36.00000    4.27524
  36.50000    4.27333
  37.00000    4.27141
  37.50000    4.26949
  38.00000    4.26755
  38.50000    4.26561
  39.00000    4.26366
  39.50000    4.26172
  40.00000    4.25978
  40.50000    4.25784
  41.00000    4.25589
  41.50000    4.25395
  42.00000    4.25201
  42.50000    4.25009
  43.00000    4.24817
  43.50000    4.24625
  44.00000    4.24433
  44.50000    4.24241
  45.00000    4.24049
  45.50000    4.23857
  46.00000    4.23665
  46.50000    4.23476
  47.00000    4.23289
  47.50000    4.23101
  48.00000    4.22914
  48.50000    4.22727
  49.00000    4.22539
  49.50000    4.22352
  50.00000    4.22165
  50.50000    4.21978
  51.00000    4.21799
  51.50000    4.21619
  52.00000    4.21440
  52.50000    4.21261
  53.00000    4.21082
  53.50000    4.20903
  54.00000    4.20724
  54.50000    4.20545
  55.00000    4.20371
  55.50000    4.20204
  56.00000    4.20037
  56.50000    4.19869
  57.00000    4.19702
  57.50000    4.19534
  58.00000    4.19367
  58.50000    4.19200
  59.00000    4.19032
  59.50000    4.18880
  60.00000    4.18729
  60.50000    4.18578
  61.00000    4.18427
  61.50000    4.18276
  62.00000    4.18125
  62.50000    4.17974
  63.00000    4.17823
  63.50000    4.17678
  64.00000    4.17544
  64.50000    4.17409
  65.00000    4.17275
  65.50000    4.17140
  66.00000    4.17005
  66.50000    4.16871
  67.00000    4.16736
  67.50000    4.16602
  68.00000    4.16487
  68.50000    4.16375
  69.00000    4.16264
  69.50000    4.16153
  70.00000    4.16042
  70.50000    4.15931
  71.00000    4.15819
  71.50000    4.15708
  72.00000    4.15604
  72.50000    4.15516
  73.00000    4.15428
  73.50000    4.15341
  74.00000    4.15253
  74.50000    4.15165
  75.00000    4.15077
  75.50000    4.14989
  76.00000    4.14902
  76.50000    4.14836
  77.00000    4.14777
  77.50000    4.14719
  78.00000    4.14660
  78.50000    4.14602
  79.00000    4.14543
  79.50000    4.14485
  80.00000    4.14426
  80.50000    4.14374
  81.00000    4.14347
  81.50000    4.14320
  82.00000    4.14294
  82.50000    4.14267
  83.00000    4.14240
  83.50000    4.14213
  84.00000    4.14186
  84.50000    4.14159
  85.00000    4.14155
  85.50000    4.14162
  86.00000    4.14169
  86.50000    4.14176
  87.00000    4.14183
  87.50000    4.14190
  88.00000    4.14197
  88.50000    4.14204
  89.00000    4.14216
  89.50000    4.14261
  90.00000    4.14307
  90.50000    4.14353
  91.00000    4.14398
  91.50000    4.14444
  92.00000    4.14490
  92.50000    4.14535
  93.00000    4.14581
  93.50000    4.14646
  94.00000    4.14726
  94.50000    4.14805
  95.00000    4.14885
  95.50000    4.14965
  96.00000    4.15044
  96.50000    4.15124
  97.00000    4.15203
  97.50000    4.15284
  98.00000    4.15397
  98.50000    4.15509
  99.00000    4.15621
  99.50000    4.15734
 100.00000    4.15846
 100.50000    4.15958
 101.00000    4.16071
 101.50000    4.16183
 102.00000    4.16310
 102.50000    4.16452
 103.00000    4.16593
 103.50000    4.16735
 104.00000    4.16877
 104.50000    4.17018
 105.00000    4.17160
 105.50000    4.17302
 106.00000    4.17443
 106.50000    4.17609
 107.00000    4.17777
 107.50000    4.17944
 108.00000    4.18111
 108.50000    4.18279
 109.00000    4.18446
 109.50000    4.18614
 110.00000    4.18781
 110.50000    4.18958
 111.00000    4.19150
 111.50000    4.19342
 112.00000    4.19534
 112.50000    4.19726
 113.00000    4.19918
 113.50000    4.20110
 114.00000    4.20302
 114.50000    4.20494
 115.00000    4.20703
 115.50000    4.20915
 116.00000    4.21127
 116.50000    4.21339
 117.00000    4.21551
 117.50000    4.21763
 118.00000    4.21974
 118.50000    4.22186
 119.00000    4.22404
 119.50000    4.22633
 120.00000    4.22863
 120.50000    4.23092
 121.00000    4.23321
 121.50000    4.23551
 122.00000    4.23780
 122.50000    4.24010
 123.00000    4.24239
 123.50000    4.24479
 124.00000    4.24723
 124.50000    4.24966
 125.00000    4.25210
 125.50000    4.25453
 126.00000    4.25697
 126.50000    4.25940
 127.00000    4.26184
 127.50000    4.26430
 128.00000    4.26685
 128.50000    4.26940
 129.00000    4.27195
 129.50000    4.27451
 130.00000    4.27706
 130.50000    4.27961
 131.00000    4.28216
 131.50000    4.28471
 132.00000    4.28733
 132.50000    4.28998
 133.00000    4.29262
 133.50000    4.29527
 134.00000    4.29791
 134.50000    4.30056
 135.00000    4.30320
 135.50000    4.30585
 136.00000    4.30850
 136.50000    4.31120
 137.00000    4.31391
 137.50000    4.31661
 138.00000    4.31932
 138.50000    4.32202
 139.00000    4.32473
 139.50000    4.32743
 140.00000    4.33013
 140.50000    4.33285
 141.00000    4.33558
 141.50000    4.33831
 142.00000    4.34103
 142.50000    4.34376
 143.00000    4.34649
 143.50000    4.34921
 144.00000    4.35194
 144.50000    4.35467
 145.00000    4.35738
 145.50000    4.36010
 146.00000    4.36281
 146.50000    4.36553
 147.00000    4.36825
 147.50000    4.37096
 148.00000    4.37368
 148.50000    4.37639
 149.00000    4.37910
 149.50000    4.38181
 150.00000    4.38451
