   0.00000    1.49750
   0.50000    1.97057
   1.00000    2.44364
   1.50000    2.96776
   2.00000    3.00504
   2.50000    3.03999
   3.00000    3.07473
   3.50000    3.10716
   4.00000    3.13922
   4.50000    3.16922
   5.00000    3.19876
   5.50000    3.22647
   6.00000    3.25361
   6.50000    3.27909
   7.00000    3.30390
   7.50000    3.32728
   8.00000    3.34995
   8.50000    3.37136
   9.00000    3.39198
   9.50000    3.41151
  10.00000    3.43017
  10.50000    3.44793
  11.00000    3.46479
  11.50000    3.48088
  12.00000    3.49604
  12.50000    3.51057
  13.00000    3.52416
  13.50000    3.53723
  14.00000    3.54932
  14.50000    3.56101
  15.00000    3.57178
  15.50000    3.58225
  16.00000    3.59181
  16.50000    3.60115
  17.00000    3.60963
  17.50000    3.61796
  18.00000    3.62542
  18.50000    3.63280
  19.00000    3.63943
  19.50000    3.64603
  20.00000    3.65188
  20.50000    3.65773
  21.00000    3.66295
  21.50000    3.66816
  22.00000    3.67292
  22.50000    3.67765
  23.00000    3.68203
  23.50000    3.68637
  24.00000    3.69050
  24.50000    3.69460
  25.00000    3.69858
  25.50000    3.70253
  26.00000    3.70644
  26.50000    3.71034
  27.00000    3.71430
  27.50000    3.71830
  28.00000    3.72242
  28.50000    3.72661
  29.00000    3.73099
  29.50000    3.73553
  30.00000    3.74029
  30.50000    3.74526
  31.00000    3.81403
  31.50000    3.82859
  32.00000    3.84316
  32.50000    3.85772
  33.00000    3.87228
  33.50000    3.88685
  34.00000    3.90141
  34.50000    3.91598
  35.00000    3.93054
  35.50000    3.94340
  36.00000    3.95581
  36.50000    3.96822
  37.00000    3.98063
  37.50000    3.99304
  38.00000    4.00545
  38.50000    4.01786
  39.00000    4.03027
  39.50000    4.04245
  40.00000    4.05276
  40.50000    4.06307
  41.00000    4.07339
  41.50000    4.08370
  42.00000    4.09401
  42.50000    4.10433
  43.00000    4.11464
  43.50000    4.12495
  44.00000    4.13444
  44.50000    4.14284
  45.00000    4.15123
  45.50000    4.15963
  46.00000    4.16803
  46.50000    4.17643
  47.00000    4.18483
  47.50000    4.19323
  48.00000    4.20163
  48.50000    4.20872
  49.00000    4.21538
  49.50000    4.22204
  50.00000    4.22870
  50.50000    4.23536
  51.00000    4.24202
  51.50000    4.24868
  52.00000    4.25534
  52.50000    4.26189
  53.00000    4.26700
  53.50000    4.27212
  54.00000    4.27723
  54.50000    4.28235
  55.00000    4.28747
  55.50000    4.29258
  56.00000    4.29770
  56.50000    4.30281
  57.00000    4.30739
  57.50000    4.31113
  58.00000    4.31488
  58.50000    4.31862
  59.00000    4.32236
  59.50000    4.32611
  60.00000    4.32985
  60.50000    4.33360
  61.00000    4.33734
  61.50000    4.34023
  62.00000    4.34277
  62.50000    4.34532
  63.00000    4.34787
  63.50000    4.35041
  64.00000    4.35296
  64.50000    4.35551
  65.00000    4.35805
  65.50000    4.36056
  66.00000    4.36213
  66.50000    4.36370
  67.00000    4.36526
  67.50000    4.36683
  68.00000    4.36840
  68.50000    4.36996
  69.00000    4.37153
  69.50000    4.37310
  70.00000    4.37436
  70.50000    4.37509
  71.00000    4.37581
  71.50000    4.37654
  72.00000    4.37727
  72.50000    4.37799
  73.00000    4.37872
  73.50000    4.37944
  74.00000    4.38017
  74.50000    4.38047
  75.00000    4.38057
  75.50000    4.38068
  76.00000    4.38078
  76.50000    4.38089
  77.00000    4.38099
  77.50000    4.38109
  78.00000    4.38120
  78.50000    4.38130
  79.00000    4.38093
  79.50000    4.38056
  80.00000    4.38019
  80.50000    4.37982
  81.00000    4.37946
  81.50000    4.37909
  82.00000    4.37872
  82.50000    4.37835
  83.00000    4.37790
  83.50000    4.37728
  84.00000    4.37665
  84.50000    4.37603
  85.00000    4.37541
  85.50000    4.37479
  86.00000    4.37416
  86.50000    4.37354
  87.00000    4.37292
  87.50000    4.37222
  88.00000    4.37147
  88.50000    4.37072
  89.00000    4.36997
  89.50000    4.36922
  90.00000    4.36847
  90.50000    4.36772
  91.00000    4.36697
  91.50000    4.36622
  92.00000    4.36541
  92.50000    4.36459
  93.00000    4.36377
  93.50000    4.36295
  94.00000    4.36214
  94.50000    4.36132
  95.00000    4.36050
  95.50000    4.35968
  96.00000    4.35885
  96.50000    4.35800
  97.00000    4.35715
  97.50000    4.35630
  98.00000    4.35544
  98.50000    4.35459
  99.00000    4.35374
  99.50000    4.35289
 100.00000    4.35203
 100.50000    4.35117
 101.00000    4.35031
 101.50000    4.34944
 102.00000    4.34858
 102.50000    4.34772
 103.00000    4.34685
 103.50000    4.34599
 104.00000    4.34512
 104.50000    4.34426
 105.00000    4.34339
 105.50000    4.34253
 106.00000    4.34167
 106.50000    4.34080
 107.00000    4.33994
 107.50000    4.33907
 108.00000    4.33821
 108.50000    4.33735
 109.00000    4.33649
 109.50000    4.33566
 110.00000    4.33483
 110.50000    4.33400
 111.00000    4.33317
 111.50000    4.33234
 112.00000    4.33151
 112.50000    4.33068
 113.00000    4.32985
 113.50000    4.32906
 114.00000    4.32828
 114.50000    4.32751
 115.00000    4.32674
 115.50000    4.32597
 116.00000    4.32520
 116.50000    4.32442
 117.00000    4.32365
 117.50000    4.32288
 118.00000    4.32218
 118.50000    4.32149
 119.00000    4.32080
 119.50000    4.32011
 120.00000    4.31942
 120.50000    4.31872
 121.00000    4.31803
 121.50000    4.31734
 122.00000    4.31668
 122.50000    4.31610
 123.00000    4.31552
 123.50000    4.31495
 124.00000    4.31437
 124.50000    4.31379
 125.00000    4.31322
 125.50000    4.31264
 126.00000    4.31207
 126.50000    4.31156
 127.00000    4.31111
 127.50000    4.31066
 128.00000    4.31021
 128.50000    4.30976
 129.00000    4.30931
 129.50000    4.30886
 130.00000    4.30841
 130.50000    4.30796
 131.00000    4.30765
 131.50000    4.30736
 132.00000    4.30708
 132.50000    4.30679
 133.00000    4.30650
 133.50000    4.30621
 134.00000    4.30592
 134.50000    4.30564
 135.00000    4.30538
 135.50000    4.30526
 136.00000    4.30515
 136.50000    4.30503
 137.00000    4.30492
 137.50000    4.30480
 138.00000    4.30469
 138.50000    4.30457
 139.00000    4.30446
 139.50000    4.30445
 140.00000    4.30456
 140.50000    4.30466
 141.00000    4.30476
 141.50000    4.30487
 142.00000    4.30497
 142.50000    4.30507
 143.00000    4.30518
 143.50000    4.30528
 144.00000    4.30557
 144.50000    4.30589
 145.00000    4.30621
 145.50000    4.30653
 146.00000    4.30686
 146.50000    4.30718
 147.00000    4.30750
 147.50000    4.30782
 148.00000    4.30818
 148.50000    4.30876
 149.00000    4.30934
 149.50000    4.30991
 150.00000    4.31049
