   0.00000    0.51920
   0.50000    1.12033
   1.00000    1.72145
   1.50000    3.43950
   2.00000    3.45186
   2.50000    3.46422
   3.00000    3.47658
   3.50000    3.48791
   4.00000    3.49918
   4.50000    3.51045
   5.00000    3.52090
   5.50000    3.53115
   6.00000    3.54140
   6.50000    3.55100
   7.00000    3.56029
   7.50000    3.56958
   8.00000    3.57840
   8.50000    3.58683
   9.00000    3.59526
   9.50000    3.60339
  10.00000    3.61109
  10.50000    3.61878
  11.00000    3.62629
  11.50000    3.63331
  12.00000    3.64034
  12.50000    3.64728
  13.00000    3.65373
  13.50000    3.66018
  14.00000    3.66662
  14.50000    3.67262
  15.00000    3.67862
  15.50000    3.68463
  16.00000    3.69029
  16.50000    3.69591
  17.00000    3.70153
  17.50000    3.70693
  18.00000    3.71226
  18.50000    3.71760
  19.00000    3.72281
  19.50000    3.72795
  20.00000    3.73309
  20.50000    3.73822
  21.00000    3.74333
  21.50000    3.74844
  22.00000    3.75353
  22.50000    3.75861
  23.00000    3.76369
  23.50000    3.76879
  24.00000    3.77400
  24.50000    3.77920
  25.00000    3.78443
  25.50000    3.78982
  26.00000    3.79522
  26.50000    3.80062
  27.00000    3.80629
  27.50000    3.81197
  28.00000    3.81766
  28.50000    3.82369
  29.00000    3.82979
  29.50000    3.83589
  30.00000    3.84234
  30.50000    3.84895
  31.00000    3.85556
  31.50000    3.86250
  32.00000    3.86969
  32.50000    3.87687
  33.00000    3.88435
  33.50000    3.89220
  34.00000    3.90006
  34.50000    3.90816
  35.00000    3.91681
  35.50000    3.92547
  36.00000    3.93427
  36.50000    3.94379
  37.00000    3.95330
  37.50000    3.96286
  38.00000    3.97337
  38.50000    3.98387
  39.00000    3.99438
  39.50000    4.00585
  40.00000    4.01741
  40.50000    4.02897
  41.00000    4.04145
  41.50000    4.05419
  42.00000    4.06693
  42.50000    4.08048
  43.00000    4.09446
  43.50000    4.10845
  44.00000    4.12315
  44.50000    4.13851
  45.00000    4.15386
  45.50000    4.16974
  46.00000    4.18644
  46.50000    4.20314
  47.00000    4.43550
  47.50000    4.44653
  48.00000    4.45756
  48.50000    4.46859
  49.00000    4.47961
  49.50000    4.49064
  50.00000    4.50167
  50.50000    4.51270
  51.00000    4.52291
  51.50000    4.53192
  52.00000    4.54092
  52.50000    4.54992
  53.00000    4.55893
  53.50000    4.56793
  54.00000    4.57693
  54.50000    4.58594
  55.00000    4.59389
  55.50000    4.60098
  56.00000    4.60808
  56.50000    4.61517
  57.00000    4.62226
  57.50000    4.62936
  58.00000    4.63645
  58.50000    4.64354
  59.00000    4.64944
  59.50000    4.65481
  60.00000    4.66019
  60.50000    4.66556
  61.00000    4.67094
  61.50000    4.67631
  62.00000    4.68168
  62.50000    4.68706
  63.00000    4.69113
  63.50000    4.69497
  64.00000    4.69880
  64.50000    4.70263
  65.00000    4.70646
  65.50000    4.71030
  66.00000    4.71413
  66.50000    4.71796
  67.00000    4.72050
  67.50000    4.72302
  68.00000    4.72554
  68.50000    4.72806
  69.00000    4.73058
  69.50000    4.73311
  70.00000    4.73563
  70.50000    4.73799
  71.00000    4.73938
  71.50000    4.74077
  72.00000    4.74216
  72.50000    4.74354
  73.00000    4.74493
  73.50000    4.74632
  74.00000    4.74771
  74.50000    4.74883
  75.00000    4.74929
  75.50000    4.74975
  76.00000    4.75021
  76.50000    4.75066
  77.00000    4.75112
  77.50000    4.75158
  78.00000    4.75204
  78.50000    4.75218
  79.00000    4.75190
  79.50000    4.75162
  80.00000    4.75134
  80.50000    4.75106
  81.00000    4.75078
  81.50000    4.75050
  82.00000    4.75022
  82.50000    4.74962
  83.00000    4.74879
  83.50000    4.74796
  84.00000    4.74714
  84.50000    4.74631
  85.00000    4.74548
  85.50000    4.74465
  86.00000    4.74383
  86.50000    4.74276
  87.00000    4.74160
  87.50000    4.74044
  88.00000    4.73928
  88.50000    4.73812
  89.00000    4.73696
  89.50000    4.73580
  90.00000    4.73465
  90.50000    4.73336
  91.00000    4.73207
  91.50000    4.73077
  92.00000    4.72947
  92.50000    4.72817
  93.00000    4.72687
  93.50000    4.72557
  94.00000    4.72427
  94.50000    4.72302
  95.00000    4.72178
  95.50000    4.72053
  96.00000    4.71928
  96.50000    4.71803
  97.00000    4.71678
  97.50000    4.71554
  98.00000    4.71433
  98.50000    4.71329
  99.00000    4.71226
  99.50000    4.71123
 100.00000    4.71020
 100.50000    4.70917
 101.00000    4.70814
 101.50000    4.70711
 102.00000    4.70614
 102.50000    4.70533
 103.00000    4.70451
 103.50000    4.70370
 104.00000    4.70288
 104.50000    4.70207
 105.00000    4.70125
 105.50000    4.70044
 106.00000    4.69972
 106.50000    4.69912
 107.00000    4.69853
 107.50000    4.69793
 108.00000    4.69733
 108.50000    4.69673
 109.00000    4.69613
 109.50000    4.69553
 110.00000    4.69504
 110.50000    4.69460
 111.00000    4.69417
 111.50000    4.69374
 112.00000    4.69330
 112.50000    4.69287
 113.00000    4.69244
 113.50000    4.69200
 114.00000    4.69170
 114.50000    4.69143
 115.00000    4.69116
 115.50000    4.69089
 116.00000    4.69063
 116.50000    4.69036
 117.00000    4.69009
 117.50000    4.68983
 118.00000    4.68967
 118.50000    4.68953
 119.00000    4.68939
 119.50000    4.68925
 120.00000    4.68911
 120.50000    4.68897
 121.00000    4.68883
 121.50000    4.68870
 122.00000    4.68867
 122.50000    4.68865
 123.00000    4.68862
 123.50000    4.68860
 124.00000    4.68857
 124.50000    4.68855
 125.00000    4.68852
 125.50000    4.68851
 126.00000    4.68858
 126.50000    4.68864
 127.00000    4.68870
 127.50000    4.68877
 128.00000    4.68883
 128.50000    4.68889
 129.00000    4.68896
 129.50000    4.68904
 130.00000    4.68915
 130.50000    4.68927
 131.00000    4.68938
 131.50000    4.68950
 132.00000    4.68961
 132.50000    4.68973
 133.00000    4.68984
 133.50000    4.68998
 134.00000    4.69015
 134.50000    4.69031
 135.00000    4.69048
 135.50000    4.69064
 136.00000    4.69081
 136.50000    4.69098
 137.00000    4.69114
 137.50000    4.69131
 138.00000    4.69147
 138.50000    4.69164
 139.00000    4.69180
 139.50000    4.69197
 140.00000    4.69213
 140.50000    4.69230
 141.00000    4.69247
 141.50000    4.69263
 142.00000    4.69280
 142.50000    4.69296
 143.00000    4.69313
 143.50000    4.69329
 144.00000    4.69346
 144.50000    4.69362
 145.00000    4.69379
 145.50000    4.69393
 146.00000    4.69407
 146.50000    4.69421
 147.00000    4.69435
 147.50000    4.69449
 148.00000    4.69463
 148.50000    4.69477
 149.00000    4.69491
 149.50000    4.69498
 150.00000    4.69506
