   0.00000    1.19610
   0.50000    3.37260
   1.00000    3.38433
   1.50000    3.39592
   2.00000    3.40621
   2.50000    3.41651
   3.00000    3.42614
   3.50000    3.43508
   4.00000    3.44403
   4.50000    3.45186
   5.00000    3.45957
   5.50000    3.46696
   6.00000    3.47363
   6.50000    3.48030
   7.00000    3.48631
   7.50000    3.49205
   8.00000    3.49770
   8.50000    3.50264
   9.00000    3.50757
   9.50000    3.51220
  10.00000    3.51656
  10.50000    3.52092
  11.00000    3.52477
  11.50000    3.52859
  12.00000    3.53228
  12.50000    3.53575
  13.00000    3.53922
  13.50000    3.54252
  14.00000    3.54576
  14.50000    3.54899
  15.00000    3.55219
  15.50000    3.55539
  16.00000    3.55864
  16.50000    3.56191
  17.00000    3.56519
  17.50000    3.56869
  18.00000    3.57220
  18.50000    3.57584
  19.00000    3.57970
  19.50000    3.58355
  20.00000    3.58783
  20.50000    3.59222
  21.00000    3.59673
  21.50000    3.60175
  22.00000    3.60676
  22.50000    3.61225
  23.00000    3.61807
  23.50000    3.62390
  24.00000    3.63064
  24.50000    3.63739
  25.00000    3.64459
  25.50000    3.65246
  26.00000    3.66032
  26.50000    3.66916
  27.00000    3.67822
  27.50000    3.68759
  28.00000    3.69804
  28.50000    3.70849
  29.00000    3.71985
  29.50000    3.73176
  30.00000    3.74373
  30.50000    3.75734
  31.00000    3.77096
  31.50000    3.78536
  32.00000    3.80078
  32.50000    3.81621
  33.00000    3.83326
  33.50000    3.85061
  34.00000    3.86848
  34.50000    3.88792
  35.00000    3.90735
  35.50000    3.92823
  36.00000    3.94986
  36.50000    3.97163
  37.00000    3.99554
  37.50000    4.01944
  38.00000    4.31788
  38.50000    4.31974
  39.00000    4.32160
  39.50000    4.32347
  40.00000    4.32533
  40.50000    4.32719
  41.00000    4.32906
  41.50000    4.33092
  42.00000    4.33270
  42.50000    4.33404
  43.00000    4.33537
  43.50000    4.33670
  44.00000    4.33804
  44.50000    4.33937
  45.00000    4.34071
  45.50000    4.34204
  46.00000    4.34337
  46.50000    4.34431
  47.00000    4.34516
  47.50000    4.34602
  48.00000    4.34687
  48.50000    4.34772
  49.00000    4.34858
  49.50000    4.34943
  50.00000    4.35028
  50.50000    4.35093
  51.00000    4.35137
  51.50000    4.35182
  52.00000    4.35226
  52.50000    4.35271
  53.00000    4.35315
  53.50000    4.35360
  54.00000    4.35404
  54.50000    4.35442
  55.00000    4.35453
  55.50000    4.35464
  56.00000    4.35475
  56.50000    4.35485
  57.00000    4.35496
  57.50000    4.35507
  58.00000    4.35518
  58.50000    4.35529
  59.00000    4.35517
  59.50000    4.35503
  60.00000    4.35489
  60.50000    4.35474
  61.00000    4.35460
  61.50000    4.35445
  62.00000    4.35431
  62.50000    4.35416
  63.00000    4.35391
  63.50000    4.35356
  64.00000    4.35321
  64.50000    4.35286
  65.00000    4.35251
  65.50000    4.35216
  66.00000    4.35182
  66.50000    4.35147
  67.00000    4.35109
  67.50000    4.35062
  68.00000    4.35015
  68.50000    4.34968
  69.00000    4.34922
  69.50000    4.34875
  70.00000    4.34828
  70.50000    4.34781
  71.00000    4.34734
  71.50000    4.34683
  72.00000    4.34631
  72.50000    4.34579
  73.00000    4.34528
  73.50000    4.34476
  74.00000    4.34424
  74.50000    4.34373
  75.00000    4.34321
  75.50000    4.34271
  76.00000    4.34221
  76.50000    4.34172
  77.00000    4.34123
  77.50000    4.34074
  78.00000    4.34024
  78.50000    4.33975
  79.00000    4.33926
  79.50000    4.33879
  80.00000    4.33839
  80.50000    4.33800
  81.00000    4.33760
  81.50000    4.33721
  82.00000    4.33681
  82.50000    4.33641
  83.00000    4.33602
  83.50000    4.33562
  84.00000    4.33537
  84.50000    4.33513
  85.00000    4.33489
  85.50000    4.33465
  86.00000    4.33441
  86.50000    4.33417
  87.00000    4.33393
  87.50000    4.33369
  88.00000    4.33361
  88.50000    4.33362
  89.00000    4.33363
  89.50000    4.33364
  90.00000    4.33366
  90.50000    4.33367
  91.00000    4.33368
  91.50000    4.33369
  92.00000    4.33379
  92.50000    4.33408
  93.00000    4.33437
  93.50000    4.33466
  94.00000    4.33494
  94.50000    4.33523
  95.00000    4.33552
  95.50000    4.33581
  96.00000    4.33610
  96.50000    4.33669
  97.00000    4.33727
  97.50000    4.33786
  98.00000    4.33845
  98.50000    4.33904
  99.00000    4.33963
  99.50000    4.34022
 100.00000    4.34081
 100.50000    4.34157
 101.00000    4.34241
 101.50000    4.34325
 102.00000    4.34409
 102.50000    4.34493
 103.00000    4.34577
 103.50000    4.34662
 104.00000    4.34746
 104.50000    4.34839
 105.00000    4.34950
 105.50000    4.35060
 106.00000    4.35171
 106.50000    4.35282
 107.00000    4.35392
 107.50000    4.35503
 108.00000    4.35613
 108.50000    4.35725
 109.00000    4.35857
 109.50000    4.35989
 110.00000    4.36121
 110.50000    4.36254
 111.00000    4.36386
 111.50000    4.36518
 112.00000    4.36650
 112.50000    4.36782
 113.00000    4.36929
 113.50000    4.37082
 114.00000    4.37235
 114.50000    4.37387
 115.00000    4.37540
 115.50000    4.37693
 116.00000    4.37845
 116.50000    4.37998
 117.00000    4.38158
 117.50000    4.38328
 118.00000    4.38499
 118.50000    4.38670
 119.00000    4.38840
 119.50000    4.39011
 120.00000    4.39182
 120.50000    4.39352
 121.00000    4.39524
 121.50000    4.39712
 122.00000    4.39899
 122.50000    4.40087
 123.00000    4.40274
 123.50000    4.40462
 124.00000    4.40649
 124.50000    4.40837
 125.00000    4.41024
 125.50000    4.41223
 126.00000    4.41425
 126.50000    4.41627
 127.00000    4.41828
 127.50000    4.42030
 128.00000    4.42232
 128.50000    4.42434
 129.00000    4.42636
 129.50000    4.42843
 130.00000    4.43057
 130.50000    4.43271
 131.00000    4.43485
 131.50000    4.43699
 132.00000    4.43913
 132.50000    4.44127
 133.00000    4.44341
 133.50000    4.44556
 134.00000    4.44779
 134.50000    4.45003
 135.00000    4.45227
 135.50000    4.45450
 136.00000    4.45674
 136.50000    4.45897
 137.00000    4.46121
 137.50000    4.46344
 138.00000    4.46575
 138.50000    4.46807
 139.00000    4.47039
 139.50000    4.47271
 140.00000    4.47503
 140.50000    4.47735
 141.00000    4.47967
 141.50000    4.48199
 142.00000    4.48434
 142.50000    4.48672
 143.00000    4.48910
 143.50000    4.49148
 144.00000    4.49386
 144.50000    4.49624
 145.00000    4.49862
 145.50000    4.50100
 146.00000    4.50338
 146.50000    4.50580
 147.00000    4.50821
 147.50000    4.51063
 148.00000    4.51305
 148.50000    4.51546
 149.00000    4.51788
 149.50000    4.52029
 150.00000    4.52271
