   0.00000    1.40440
   0.50000    3.24705
   1.00000    3.25852
   1.50000    3.26999
   2.00000    3.28072
   2.50000    3.29134
   3.00000    3.30182
   3.50000    3.31162
   4.00000    3.32141
   4.50000    3.33088
   5.00000    3.33997
   5.50000    3.34907
   6.00000    3.35764
   6.50000    3.36606
   7.00000    3.37445
   7.50000    3.38235
   8.00000    3.39026
   8.50000    3.39799
   9.00000    3.40545
   9.50000    3.41291
  10.00000    3.42011
  10.50000    3.42720
  11.00000    3.43429
  11.50000    3.44112
  12.00000    3.44795
  12.50000    3.45473
  13.00000    3.46141
  13.50000    3.46809
  14.00000    3.47473
  14.50000    3.48133
  15.00000    3.48794
  15.50000    3.49454
  16.00000    3.50115
  16.50000    3.50778
  17.00000    3.51450
  17.50000    3.52122
  18.00000    3.52805
  18.50000    3.53499
  19.00000    3.54193
  19.50000    3.54909
  20.00000    3.55629
  20.50000    3.56354
  21.00000    3.57115
  21.50000    3.57876
  22.00000    3.58658
  22.50000    3.59467
  23.00000    3.60276
  23.50000    3.61130
  24.00000    3.61998
  24.50000    3.62870
  25.00000    3.63801
  25.50000    3.64733
  26.00000    3.65693
  26.50000    3.66702
  27.00000    3.67711
  27.50000    3.68778
  28.00000    3.69873
  28.50000    3.70967
  29.00000    3.72156
  29.50000    3.73347
  30.00000    3.74566
  30.50000    3.75858
  31.00000    3.77149
  31.50000    3.78508
  32.00000    3.79914
  32.50000    3.81321
  33.00000    3.82836
  33.50000    3.84365
  34.00000    3.85919
  34.50000    3.87578
  35.00000    3.89237
  35.50000    3.90968
  36.00000    3.92772
  36.50000    3.94575
  37.00000    3.96498
  37.50000    3.98451
  38.00000    4.00419
  38.50000    4.02515
  39.00000    4.04612
  39.50000    4.23745
  40.00000    4.23755
  40.50000    4.23766
  41.00000    4.23777
  41.50000    4.23788
  42.00000    4.23799
  42.50000    4.23810
  43.00000    4.23821
  43.50000    4.23838
  44.00000    4.23886
  44.50000    4.23933
  45.00000    4.23980
  45.50000    4.24027
  46.00000    4.24075
  46.50000    4.24122
  47.00000    4.24169
  47.50000    4.24217
  48.00000    4.24292
  48.50000    4.24370
  49.00000    4.24448
  49.50000    4.24525
  50.00000    4.24603
  50.50000    4.24681
  51.00000    4.24758
  51.50000    4.24836
  52.00000    4.24934
  52.50000    4.25040
  53.00000    4.25147
  53.50000    4.25254
  54.00000    4.25361
  54.50000    4.25468
  55.00000    4.25574
  55.50000    4.25681
  56.00000    4.25798
  56.50000    4.25928
  57.00000    4.26058
  57.50000    4.26188
  58.00000    4.26318
  58.50000    4.26447
  59.00000    4.26577
  59.50000    4.26707
  60.00000    4.26841
  60.50000    4.26992
  61.00000    4.27142
  61.50000    4.27293
  62.00000    4.27443
  62.50000    4.27594
  63.00000    4.27744
  63.50000    4.27894
  64.00000    4.28045
  64.50000    4.28211
  65.00000    4.28377
  65.50000    4.28543
  66.00000    4.28709
  66.50000    4.28876
  67.00000    4.29042
  67.50000    4.29208
  68.00000    4.29374
  68.50000    4.29550
  69.00000    4.29730
  69.50000    4.29909
  70.00000    4.30089
  70.50000    4.30268
  71.00000    4.30448
  71.50000    4.30628
  72.00000    4.30807
  72.50000    4.30990
  73.00000    4.31177
  73.50000    4.31364
  74.00000    4.31551
  74.50000    4.31738
  75.00000    4.31925
  75.50000    4.32111
  76.00000    4.32298
  76.50000    4.32487
  77.00000    4.32680
  77.50000    4.32873
  78.00000    4.33065
  78.50000    4.33258
  79.00000    4.33451
  79.50000    4.33644
  80.00000    4.33837
  80.50000    4.34030
  81.00000    4.34224
  81.50000    4.34418
  82.00000    4.34613
  82.50000    4.34807
  83.00000    4.35001
  83.50000    4.35195
  84.00000    4.35389
  84.50000    4.35583
  85.00000    4.35775
  85.50000    4.35965
  86.00000    4.36156
  86.50000    4.36346
  87.00000    4.36537
  87.50000    4.36727
  88.00000    4.36918
  88.50000    4.37108
  89.00000    4.37295
  89.50000    4.37478
  90.00000    4.37661
  90.50000    4.37845
  91.00000    4.38028
  91.50000    4.38211
  92.00000    4.38394
  92.50000    4.38577
  93.00000    4.38758
  93.50000    4.38933
  94.00000    4.39108
  94.50000    4.39282
  95.00000    4.39457
  95.50000    4.39632
  96.00000    4.39807
  96.50000    4.39981
  97.00000    4.40156
  97.50000    4.40320
  98.00000    4.40483
  98.50000    4.40647
  99.00000    4.40811
  99.50000    4.40975
 100.00000    4.41139
 100.50000    4.41302
 101.00000    4.41466
 101.50000    4.41621
 102.00000    4.41774
 102.50000    4.41927
 103.00000    4.42080
 103.50000    4.42233
 104.00000    4.42386
 104.50000    4.42539
 105.00000    4.42692
 105.50000    4.42838
 106.00000    4.42980
 106.50000    4.43122
 107.00000    4.43264
 107.50000    4.43406
 108.00000    4.43548
 108.50000    4.43690
 109.00000    4.43832
 109.50000    4.43971
 110.00000    4.44102
 110.50000    4.44233
 111.00000    4.44364
 111.50000    4.44495
 112.00000    4.44626
 112.50000    4.44757
 113.00000    4.44888
 113.50000    4.45018
 114.00000    4.45140
 114.50000    4.45261
 115.00000    4.45382
 115.50000    4.45504
 116.00000    4.45625
 116.50000    4.45746
 117.00000    4.45868
 117.50000    4.45989
 118.00000    4.46100
 118.50000    4.46210
 119.00000    4.46319
 119.50000    4.46428
 120.00000    4.46537
 120.50000    4.46646
 121.00000    4.46756
 121.50000    4.46865
 122.00000    4.46968
 122.50000    4.47068
 123.00000    4.47167
 123.50000    4.47267
 124.00000    4.47366
 124.50000    4.47466
 125.00000    4.47565
 125.50000    4.47665
 126.00000    4.47761
 126.50000    4.47849
 127.00000    4.47938
 127.50000    4.48026
 128.00000    4.48115
 128.50000    4.48203
 129.00000    4.48292
 129.50000    4.48381
 130.00000    4.48468
 130.50000    4.48546
 131.00000    4.48623
 131.50000    4.48701
 132.00000    4.48779
 132.50000    4.48856
 133.00000    4.48934
 133.50000    4.49012
 134.00000    4.49089
 134.50000    4.49156
 135.00000    4.49222
 135.50000    4.49288
 136.00000    4.49353
 136.50000    4.49419
 137.00000    4.49484
 137.50000    4.49550
 138.00000    4.49615
 138.50000    4.49675
 139.00000    4.49731
 139.50000    4.49786
 140.00000    4.49842
 140.50000    4.49898
 141.00000    4.49954
 141.50000    4.50010
 142.00000    4.50065
 142.50000    4.50117
 143.00000    4.50160
 143.50000    4.50204
 144.00000    4.50248
 144.50000    4.50291
 145.00000    4.50335
 145.50000    4.50379
 146.00000    4.50422
 146.50000    4.50465
 147.00000    4.50497
 147.50000    4.50530
 148.00000    4.50563
 148.50000    4.50596
 149.00000    4.50628
 149.50000    4.50661
 150.00000    4.50694
