   0.00000    0.53170
   0.50000    0.95919
   1.00000    1.38669
   1.50000    1.81418
   2.00000    2.24168
   2.50000    2.66917
   3.00000    3.40739
   3.50000    3.42597
   4.00000    3.44456
   4.50000    3.46169
   5.00000    3.47847
   5.50000    3.49524
   6.00000    3.51067
   6.50000    3.52566
   7.00000    3.54066
   7.50000    3.55443
   8.00000    3.56772
   8.50000    3.58101
   9.00000    3.59327
   9.50000    3.60504
  10.00000    3.61682
  10.50000    3.62767
  11.00000    3.63800
  11.50000    3.64833
  12.00000    3.65791
  12.50000    3.66699
  13.00000    3.67606
  13.50000    3.68448
  14.00000    3.69238
  14.50000    3.70027
  15.00000    3.70766
  15.50000    3.71456
  16.00000    3.72147
  16.50000    3.72794
  17.00000    3.73392
  17.50000    3.73991
  18.00000    3.74558
  18.50000    3.75084
  19.00000    3.75611
  19.50000    3.76110
  20.00000    3.76567
  20.50000    3.77024
  21.00000    3.77465
  21.50000    3.77876
  22.00000    3.78287
  22.50000    3.78686
  23.00000    3.79058
  23.50000    3.79429
  24.00000    3.79795
  24.50000    3.80143
  25.00000    3.80492
  25.50000    3.80837
  26.00000    3.81173
  26.50000    3.81508
  27.00000    3.81844
  27.50000    3.82183
  28.00000    3.82522
  28.50000    3.82863
  29.00000    3.83215
  29.50000    3.83567
  30.00000    3.83922
  30.50000    3.84303
  31.00000    3.84685
  31.50000    3.85069
  32.00000    3.85490
  32.50000    3.85911
  33.00000    3.86333
  33.50000    3.86807
  34.00000    3.87281
  34.50000    3.87754
  35.00000    3.88296
  35.50000    3.88839
  36.00000    3.89381
  36.50000    3.89996
  37.00000    3.90614
  37.50000    3.91232
  38.00000    3.91937
  38.50000    3.92651
  39.00000    3.93365
  39.50000    3.94169
  40.00000    3.94988
  40.50000    3.95807
  41.00000    3.96724
  41.50000    3.97661
  42.00000    3.98598
  42.50000    3.99637
  43.00000    4.00702
  43.50000    4.01768
  44.00000    4.02944
  44.50000    4.04157
  45.00000    4.05371
  45.50000    4.06689
  46.00000    4.08050
  46.50000    4.09412
  47.00000    4.61269
  47.50000    4.61644
  48.00000    4.62019
  48.50000    4.62394
  49.00000    4.62770
  49.50000    4.63145
  50.00000    4.63520
  50.50000    4.63895
  51.00000    4.64212
  51.50000    4.64515
  52.00000    4.64818
  52.50000    4.65120
  53.00000    4.65423
  53.50000    4.65726
  54.00000    4.66028
  54.50000    4.66331
  55.00000    4.66572
  55.50000    4.66808
  56.00000    4.67045
  56.50000    4.67281
  57.00000    4.67518
  57.50000    4.67754
  58.00000    4.67991
  58.50000    4.68223
  59.00000    4.68398
  59.50000    4.68574
  60.00000    4.68749
  60.50000    4.68925
  61.00000    4.69100
  61.50000    4.69276
  62.00000    4.69451
  62.50000    4.69616
  63.00000    4.69738
  63.50000    4.69860
  64.00000    4.69982
  64.50000    4.70104
  65.00000    4.70226
  65.50000    4.70348
  66.00000    4.70470
  66.50000    4.70576
  67.00000    4.70651
  67.50000    4.70726
  68.00000    4.70801
  68.50000    4.70876
  69.00000    4.70951
  69.50000    4.71026
  70.00000    4.71101
  70.50000    4.71158
  71.00000    4.71195
  71.50000    4.71232
  72.00000    4.71269
  72.50000    4.71305
  73.00000    4.71342
  73.50000    4.71379
  74.00000    4.71416
  74.50000    4.71432
  75.00000    4.71436
  75.50000    4.71440
  76.00000    4.71444
  76.50000    4.71448
  77.00000    4.71451
  77.50000    4.71455
  78.00000    4.71459
  78.50000    4.71445
  79.00000    4.71424
  79.50000    4.71404
  80.00000    4.71384
  80.50000    4.71363
  81.00000    4.71343
  81.50000    4.71322
  82.00000    4.71302
  82.50000    4.71265
  83.00000    4.71225
  83.50000    4.71186
  84.00000    4.71146
  84.50000    4.71107
  85.00000    4.71068
  85.50000    4.71028
  86.00000    4.70988
  86.50000    4.70939
  87.00000    4.70889
  87.50000    4.70840
  88.00000    4.70790
  88.50000    4.70740
  89.00000    4.70691
  89.50000    4.70641
  90.00000    4.70591
  90.50000    4.70536
  91.00000    4.70481
  91.50000    4.70427
  92.00000    4.70372
  92.50000    4.70317
  93.00000    4.70263
  93.50000    4.70208
  94.00000    4.70154
  94.50000    4.70104
  95.00000    4.70053
  95.50000    4.70002
  96.00000    4.69951
  96.50000    4.69900
  97.00000    4.69849
  97.50000    4.69798
  98.00000    4.69751
  98.50000    4.69709
  99.00000    4.69668
  99.50000    4.69626
 100.00000    4.69584
 100.50000    4.69542
 101.00000    4.69500
 101.50000    4.69458
 102.00000    4.69421
 102.50000    4.69388
 103.00000    4.69355
 103.50000    4.69322
 104.00000    4.69289
 104.50000    4.69256
 105.00000    4.69222
 105.50000    4.69189
 106.00000    4.69163
 106.50000    4.69139
 107.00000    4.69114
 107.50000    4.69090
 108.00000    4.69066
 108.50000    4.69042
 109.00000    4.69018
 109.50000    4.68994
 110.00000    4.68976
 110.50000    4.68959
 111.00000    4.68943
 111.50000    4.68926
 112.00000    4.68910
 112.50000    4.68893
 113.00000    4.68877
 113.50000    4.68860
 114.00000    4.68850
 114.50000    4.68840
 115.00000    4.68830
 115.50000    4.68819
 116.00000    4.68809
 116.50000    4.68799
 117.00000    4.68789
 117.50000    4.68780
 118.00000    4.68776
 118.50000    4.68772
 119.00000    4.68768
 119.50000    4.68764
 120.00000    4.68760
 120.50000    4.68757
 121.00000    4.68753
 121.50000    4.68750
 122.00000    4.68750
 122.50000    4.68750
 123.00000    4.68750
 123.50000    4.68750
 124.00000    4.68750
 124.50000    4.68750
 125.00000    4.68750
 125.50000    4.68752
 126.00000    4.68757
 126.50000    4.68762
 127.00000    4.68767
 127.50000    4.68772
 128.00000    4.68777
 128.50000    4.68783
 129.00000    4.68788
 129.50000    4.68795
 130.00000    4.68804
 130.50000    4.68813
 131.00000    4.68821
 131.50000    4.68830
 132.00000    4.68839
 132.50000    4.68848
 133.00000    4.68857
 133.50000    4.68868
 134.00000    4.68879
 134.50000    4.68891
 135.00000    4.68902
 135.50000    4.68913
 136.00000    4.68925
 136.50000    4.68936
 137.00000    4.68948
 137.50000    4.68960
 138.00000    4.68973
 138.50000    4.68986
 139.00000    4.68998
 139.50000    4.69011
 140.00000    4.69024
 140.50000    4.69037
 141.00000    4.69049
 141.50000    4.69062
 142.00000    4.69075
 142.50000    4.69087
 143.00000    4.69100
 143.50000    4.69113
 144.00000    4.69126
 144.50000    4.69138
 145.00000    4.69151
 145.50000    4.69164
 146.00000    4.69177
 146.50000    4.69189
 147.00000    4.69202
 147.50000    4.69215
 148.00000    4.69227
 148.50000    4.69240
 149.00000    4.69253
 149.50000    4.69266
 150.00000    4.69278
