   0.00000    1.28950
   0.50000    3.27127
   1.00000    3.28294
   1.50000    3.29442
   2.00000    3.30493
   2.50000    3.31545
   3.00000    3.32521
   3.50000    3.33470
   4.00000    3.34390
   4.50000    3.35240
   5.00000    3.36090
   5.50000    3.36866
   6.00000    3.37630
   6.50000    3.38363
   7.00000    3.39053
   7.50000    3.39743
   8.00000    3.40364
   8.50000    3.40984
   9.00000    3.41572
   9.50000    3.42135
  10.00000    3.42693
  10.50000    3.43215
  11.00000    3.43736
  11.50000    3.44230
  12.00000    3.44710
  12.50000    3.45185
  13.00000    3.45641
  13.50000    3.46096
  14.00000    3.46539
  14.50000    3.46978
  15.00000    3.47415
  15.50000    3.47846
  16.00000    3.48277
  16.50000    3.48712
  17.00000    3.49148
  17.50000    3.49592
  18.00000    3.50043
  18.50000    3.50497
  19.00000    3.50969
  19.50000    3.51442
  20.00000    3.51935
  20.50000    3.52440
  21.00000    3.52955
  21.50000    3.53505
  22.00000    3.54056
  22.50000    3.54644
  23.00000    3.55244
  23.50000    3.55867
  24.00000    3.56537
  24.50000    3.57206
  25.00000    3.57939
  25.50000    3.58678
  26.00000    3.59456
  26.50000    3.60278
  27.00000    3.61103
  27.50000    3.62018
  28.00000    3.62934
  28.50000    3.63912
  29.00000    3.64931
  29.50000    3.65968
  30.00000    3.67102
  30.50000    3.68236
  31.00000    3.69460
  31.50000    3.70716
  32.00000    3.72012
  32.50000    3.73401
  33.00000    3.74789
  33.50000    3.76305
  34.00000    3.77841
  34.50000    3.79437
  35.00000    3.81112
  35.50000    3.82788
  36.00000    4.43100
  36.50000    4.42818
  37.00000    4.42536
  37.50000    4.42253
  38.00000    4.41971
  38.50000    4.41689
  39.00000    4.41407
  39.50000    4.41125
  40.00000    4.40866
  40.50000    4.40625
  41.00000    4.40385
  41.50000    4.40144
  42.00000    4.39903
  42.50000    4.39663
  43.00000    4.39422
  43.50000    4.39181
  44.00000    4.38946
  44.50000    4.38747
  45.00000    4.38547
  45.50000    4.38348
  46.00000    4.38149
  46.50000    4.37950
  47.00000    4.37751
  47.50000    4.37552
  48.00000    4.37353
  48.50000    4.37180
  49.00000    4.37020
  49.50000    4.36860
  50.00000    4.36700
  50.50000    4.36540
  51.00000    4.36380
  51.50000    4.36220
  52.00000    4.36060
  52.50000    4.35910
  53.00000    4.35789
  53.50000    4.35668
  54.00000    4.35547
  54.50000    4.35426
  55.00000    4.35305
  55.50000    4.35184
  56.00000    4.35063
  56.50000    4.34942
  57.00000    4.34850
  57.50000    4.34765
  58.00000    4.34680
  58.50000    4.34594
  59.00000    4.34509
  59.50000    4.34424
  60.00000    4.34338
  60.50000    4.34253
  61.00000    4.34181
  61.50000    4.34131
  62.00000    4.34082
  62.50000    4.34032
  63.00000    4.33982
  63.50000    4.33932
  64.00000    4.33882
  64.50000    4.33833
  65.00000    4.33783
  65.50000    4.33764
  66.00000    4.33748
  66.50000    4.33731
  67.00000    4.33715
  67.50000    4.33698
  68.00000    4.33681
  68.50000    4.33665
  69.00000    4.33648
  69.50000    4.33648
  70.00000    4.33663
  70.50000    4.33679
  71.00000    4.33694
  71.50000    4.33709
  72.00000    4.33725
  72.50000    4.33740
  73.00000    4.33756
  73.50000    4.33773
  74.00000    4.33818
  74.50000    4.33863
  75.00000    4.33908
  75.50000    4.33953
  76.00000    4.33998
  76.50000    4.34044
  77.00000    4.34089
  77.50000    4.34134
  78.00000    4.34197
  78.50000    4.34270
  79.00000    4.34344
  79.50000    4.34417
  80.00000    4.34491
  80.50000    4.34564
  81.00000    4.34638
  81.50000    4.34711
  82.00000    4.34790
  82.50000    4.34891
  83.00000    4.34992
  83.50000    4.35092
  84.00000    4.35193
  84.50000    4.35294
  85.00000    4.35395
  85.50000    4.35496
  86.00000    4.35596
  86.50000    4.35715
  87.00000    4.35840
  87.50000    4.35964
  88.00000    4.36089
  88.50000    4.36213
  89.00000    4.36338
  89.50000    4.36462
  90.00000    4.36586
  90.50000    4.36719
  91.00000    4.36869
  91.50000    4.37018
  92.00000    4.37167
  92.50000    4.37317
  93.00000    4.37466
  93.50000    4.37615
  94.00000    4.37765
  94.50000    4.37914
  95.00000    4.38081
  95.50000    4.38251
  96.00000    4.38420
  96.50000    4.38590
  97.00000    4.38760
  97.50000    4.38929
  98.00000    4.39099
  98.50000    4.39268
  99.00000    4.39445
  99.50000    4.39631
 100.00000    4.39817
 100.50000    4.40004
 101.00000    4.40190
 101.50000    4.40376
 102.00000    4.40562
 102.50000    4.40748
 103.00000    4.40934
 103.50000    4.41137
 104.00000    4.41340
 104.50000    4.41543
 105.00000    4.41745
 105.50000    4.41948
 106.00000    4.42151
 106.50000    4.42353
 107.00000    4.42556
 107.50000    4.42766
 108.00000    4.42982
 108.50000    4.43198
 109.00000    4.43414
 109.50000    4.43629
 110.00000    4.43845
 110.50000    4.44061
 111.00000    4.44277
 111.50000    4.44494
 112.00000    4.44719
 112.50000    4.44944
 113.00000    4.45169
 113.50000    4.45395
 114.00000    4.45620
 114.50000    4.45845
 115.00000    4.46070
 115.50000    4.46296
 116.00000    4.46526
 116.50000    4.46758
 117.00000    4.46991
 117.50000    4.47223
 118.00000    4.47455
 118.50000    4.47688
 119.00000    4.47920
 119.50000    4.48153
 120.00000    4.48386
 120.50000    4.48622
 121.00000    4.48858
 121.50000    4.49094
 122.00000    4.49330
 122.50000    4.49566
 123.00000    4.49801
 123.50000    4.50037
 124.00000    4.50273
 124.50000    4.50511
 125.00000    4.50749
 125.50000    4.50988
 126.00000    4.51226
 126.50000    4.51464
 127.00000    4.51702
 127.50000    4.51941
 128.00000    4.52179
 128.50000    4.52417
 129.00000    4.52655
 129.50000    4.52894
 130.00000    4.53132
 130.50000    4.53370
 131.00000    4.53609
 131.50000    4.53847
 132.00000    4.54085
 132.50000    4.54323
 133.00000    4.54557
 133.50000    4.54791
 134.00000    4.55024
 134.50000    4.55258
 135.00000    4.55491
 135.50000    4.55725
 136.00000    4.55958
 136.50000    4.56192
 137.00000    4.56422
 137.50000    4.56650
 138.00000    4.56877
 138.50000    4.57105
 139.00000    4.57332
 139.50000    4.57560
 140.00000    4.57788
 140.50000    4.58015
 141.00000    4.58242
 141.50000    4.58460
 142.00000    4.58678
 142.50000    4.58896
 143.00000    4.59114
 143.50000    4.59332
 144.00000    4.59550
 144.50000    4.59769
 145.00000    4.59987
 145.50000    4.60197
 146.00000    4.60403
 146.50000    4.60610
 147.00000    4.60816
 147.50000    4.61022
 148.00000    4.61229
 148.50000    4.61435
 149.00000    4.61641
 149.50000    4.61844
 150.00000    4.62036
