   0.00000    1.24100
   0.50000    2.89687
   1.00000    2.92757
   1.50000    2.95804
   2.00000    2.98715
   2.50000    3.01625
   3.00000    3.04403
   3.50000    3.07138
   4.00000    3.09813
   4.50000    3.12384
   5.00000    3.14955
   5.50000    3.17375
   6.00000    3.19792
   6.50000    3.22122
   7.00000    3.24392
   7.50000    3.26634
   8.00000    3.28765
   8.50000    3.30897
   9.00000    3.32919
   9.50000    3.34917
  10.00000    3.36863
  10.50000    3.38739
  11.00000    3.40611
  11.50000    3.42374
  12.00000    3.44137
  12.50000    3.45829
  13.00000    3.47483
  13.50000    3.49112
  14.00000    3.50670
  14.50000    3.52228
  15.00000    3.53709
  15.50000    3.55179
  16.00000    3.56608
  16.50000    3.57994
  17.00000    3.59373
  17.50000    3.60684
  18.00000    3.61995
  18.50000    3.63261
  19.00000    3.64509
  19.50000    3.65738
  20.00000    3.66927
  20.50000    3.68116
  21.00000    3.69263
  21.50000    3.70406
  22.00000    3.71526
  22.50000    3.72628
  23.00000    3.73724
  23.50000    3.74792
  24.00000    3.75860
  24.50000    3.76911
  25.00000    3.77958
  25.50000    3.78999
  26.00000    3.80029
  26.50000    3.81059
  27.00000    3.82081
  27.50000    3.83103
  28.00000    3.84128
  28.50000    3.85154
  29.00000    3.86181
  29.50000    3.87211
  30.00000    3.88241
  30.50000    3.89289
  31.00000    3.90340
  31.50000    3.91401
  32.00000    3.92473
  32.50000    3.93547
  33.00000    3.94657
  33.50000    3.95767
  34.00000    3.96899
  34.50000    3.98043
  35.00000    4.26324
  35.50000    4.26372
  36.00000    4.26421
  36.50000    4.26469
  37.00000    4.26517
  37.50000    4.26566
  38.00000    4.26614
  38.50000    4.26663
  39.00000    4.26711
  39.50000    4.26744
  40.00000    4.26774
  40.50000    4.26803
  41.00000    4.26833
  41.50000    4.26862
  42.00000    4.26892
  42.50000    4.26921
  43.00000    4.26951
  43.50000    4.26975
  44.00000    4.26988
  44.50000    4.27000
  45.00000    4.27013
  45.50000    4.27026
  46.00000    4.27039
  46.50000    4.27052
  47.00000    4.27065
  47.50000    4.27078
  48.00000    4.27082
  48.50000    4.27084
  49.00000    4.27087
  49.50000    4.27089
  50.00000    4.27092
  50.50000    4.27094
  51.00000    4.27096
  51.50000    4.27099
  52.00000    4.27097
  52.50000    4.27088
  53.00000    4.27080
  53.50000    4.27072
  54.00000    4.27064
  54.50000    4.27055
  55.00000    4.27047
  55.50000    4.27039
  56.00000    4.27030
  56.50000    4.27017
  57.00000    4.27003
  57.50000    4.26988
  58.00000    4.26974
  58.50000    4.26960
  59.00000    4.26946
  59.50000    4.26932
  60.00000    4.26917
  60.50000    4.26902
  61.00000    4.26886
  61.50000    4.26869
  62.00000    4.26853
  62.50000    4.26836
  63.00000    4.26820
  63.50000    4.26803
  64.00000    4.26786
  64.50000    4.26770
  65.00000    4.26753
  65.50000    4.26737
  66.00000    4.26720
  66.50000    4.26704
  67.00000    4.26687
  67.50000    4.26671
  68.00000    4.26654
  68.50000    4.26638
  69.00000    4.26624
  69.50000    4.26612
  70.00000    4.26600
  70.50000    4.26588
  71.00000    4.26576
  71.50000    4.26565
  72.00000    4.26553
  72.50000    4.26541
  73.00000    4.26530
  73.50000    4.26524
  74.00000    4.26518
  74.50000    4.26512
  75.00000    4.26506
  75.50000    4.26500
  76.00000    4.26494
  76.50000    4.26488
  77.00000    4.26482
  77.50000    4.26482
  78.00000    4.26486
  78.50000    4.26489
  79.00000    4.26493
  79.50000    4.26496
  80.00000    4.26500
  80.50000    4.26503
  81.00000    4.26507
  81.50000    4.26512
  82.00000    4.26529
  82.50000    4.26545
  83.00000    4.26562
  83.50000    4.26578
  84.00000    4.26595
  84.50000    4.26611
  85.00000    4.26628
  85.50000    4.26644
  86.00000    4.26672
  86.50000    4.26705
  87.00000    4.26738
  87.50000    4.26771
  88.00000    4.26804
  88.50000    4.26837
  89.00000    4.26870
  89.50000    4.26903
  90.00000    4.26940
  90.50000    4.26992
  91.00000    4.27044
  91.50000    4.27096
  92.00000    4.27148
  92.50000    4.27200
  93.00000    4.27252
  93.50000    4.27304
  94.00000    4.27355
  94.50000    4.27420
  95.00000    4.27490
  95.50000    4.27560
  96.00000    4.27629
  96.50000    4.27699
  97.00000    4.27769
  97.50000    4.27838
  98.00000    4.27908
  98.50000    4.27982
  99.00000    4.28068
  99.50000    4.28154
 100.00000    4.28240
 100.50000    4.28327
 101.00000    4.28413
 101.50000    4.28499
 102.00000    4.28585
 102.50000    4.28671
 103.00000    4.28769
 103.50000    4.28869
 104.00000    4.28969
 104.50000    4.29070
 105.00000    4.29170
 105.50000    4.29270
 106.00000    4.29371
 106.50000    4.29471
 107.00000    4.29576
 107.50000    4.29689
 108.00000    4.29802
 108.50000    4.29916
 109.00000    4.30029
 109.50000    4.30142
 110.00000    4.30256
 110.50000    4.30369
 111.00000    4.30483
 111.50000    4.30606
 112.00000    4.30731
 112.50000    4.30856
 113.00000    4.30981
 113.50000    4.31106
 114.00000    4.31232
 114.50000    4.31357
 115.00000    4.31482
 115.50000    4.31611
 116.00000    4.31747
 116.50000    4.31883
 117.00000    4.32018
 117.50000    4.32154
 118.00000    4.32290
 118.50000    4.32426
 119.00000    4.32562
 119.50000    4.32698
 120.00000    4.32840
 120.50000    4.32983
 121.00000    4.33125
 121.50000    4.33268
 122.00000    4.33411
 122.50000    4.33554
 123.00000    4.33697
 123.50000    4.33840
 124.00000    4.33986
 124.50000    4.34136
 125.00000    4.34286
 125.50000    4.34436
 126.00000    4.34586
 126.50000    4.34736
 127.00000    4.34886
 127.50000    4.35036
 128.00000    4.35186
 128.50000    4.35341
 129.00000    4.35497
 129.50000    4.35653
 130.00000    4.35809
 130.50000    4.35965
 131.00000    4.36121
 131.50000    4.36276
 132.00000    4.36432
 132.50000    4.36589
 133.00000    4.36748
 133.50000    4.36906
 134.00000    4.37064
 134.50000    4.37222
 135.00000    4.37380
 135.50000    4.37539
 136.00000    4.37697
 136.50000    4.37855
 137.00000    4.38016
 137.50000    4.38176
 138.00000    4.38337
 138.50000    4.38498
 139.00000    4.38658
 139.50000    4.38819
 140.00000    4.38979
 140.50000    4.39140
 141.00000    4.39301
 141.50000    4.39461
 142.00000    4.39622
 142.50000    4.39782
 143.00000    4.39943
 143.50000    4.40103
 144.00000    4.40264
 144.50000    4.40425
 145.00000    4.40585
 145.50000    4.40746
 146.00000    4.40906
 146.50000    4.41067
 147.00000    4.41228
 147.50000    4.41388
 148.00000    4.41549
 148.50000    4.41709
 149.00000    4.41870
 149.50000    4.42028
 150.00000    4.42183
