   0.00000    1.34550
   0.50000    3.43922
   1.00000    3.44385
   1.50000    3.44833
   2.00000    3.45266
   2.50000    3.45689
   3.00000    3.46086
   3.50000    3.46482
   4.00000    3.46857
   4.50000    3.47231
   5.00000    3.47592
   5.50000    3.47948
   6.00000    3.48300
   6.50000    3.48648
   7.00000    3.48995
   7.50000    3.49343
   8.00000    3.49691
   8.50000    3.50043
   9.00000    3.50395
   9.50000    3.50758
  10.00000    3.51123
  10.50000    3.51498
  11.00000    3.51882
  11.50000    3.52276
  12.00000    3.52695
  12.50000    3.53115
  13.00000    3.53570
  13.50000    3.54025
  14.00000    3.54512
  14.50000    3.55007
  15.00000    3.55534
  15.50000    3.56087
  16.00000    3.56657
  16.50000    3.57263
  17.00000    3.57875
  17.50000    3.58552
  18.00000    3.59230
  18.50000    3.59971
  19.00000    3.60724
  19.50000    3.61525
  20.00000    3.62358
  20.50000    3.63225
  21.00000    3.64152
  21.50000    3.65089
  22.00000    3.66109
  22.50000    3.67130
  23.00000    3.68243
  23.50000    3.69370
  24.00000    3.70570
  24.50000    3.71813
  25.00000    3.73102
  25.50000    3.74466
  26.00000    3.75846
  26.50000    3.77334
  27.00000    3.78823
  27.50000    3.80434
  28.00000    3.82061
  28.50000    3.83783
  29.00000    3.85556
  29.50000    3.87391
  30.00000    3.89316
  30.50000    3.91266
  31.00000    3.93348
  31.50000    3.95429
  32.00000    3.97653
  32.50000    3.99890
  33.00000    4.37991
  33.50000    4.37843
  34.00000    4.37695
  34.50000    4.37547
  35.00000    4.37399
  35.50000    4.37251
  36.00000    4.37103
  36.50000    4.36955
  37.00000    4.36813
  37.50000    4.36727
  38.00000    4.36642
  38.50000    4.36557
  39.00000    4.36472
  39.50000    4.36387
  40.00000    4.36302
  40.50000    4.36217
  41.00000    4.36132
  41.50000    4.36075
  42.00000    4.36046
  42.50000    4.36017
  43.00000    4.35988
  43.50000    4.35959
  44.00000    4.35930
  44.50000    4.35900
  45.00000    4.35871
  45.50000    4.35842
  46.00000    4.35859
  46.50000    4.35880
  47.00000    4.35901
  47.50000    4.35922
  48.00000    4.35943
  48.50000    4.35964
  49.00000    4.35985
  49.50000    4.36006
  50.00000    4.36042
  50.50000    4.36108
  51.00000    4.36173
  51.50000    4.36238
  52.00000    4.36303
  52.50000    4.36369
  53.00000    4.36434
  53.50000    4.36499
  54.00000    4.36565
  54.50000    4.36656
  55.00000    4.36757
  55.50000    4.36857
  56.00000    4.36957
  56.50000    4.37057
  57.00000    4.37158
  57.50000    4.37258
  58.00000    4.37358
  58.50000    4.37463
  59.00000    4.37593
  59.50000    4.37722
  60.00000    4.37852
  60.50000    4.37981
  61.00000    4.38110
  61.50000    4.38240
  62.00000    4.38369
  62.50000    4.38498
  63.00000    4.38642
  63.50000    4.38794
  64.00000    4.38947
  64.50000    4.39100
  65.00000    4.39252
  65.50000    4.39405
  66.00000    4.39558
  66.50000    4.39710
  67.00000    4.39863
  67.50000    4.40031
  68.00000    4.40199
  68.50000    4.40367
  69.00000    4.40534
  69.50000    4.40702
  70.00000    4.40870
  70.50000    4.41038
  71.00000    4.41206
  71.50000    4.41378
  72.00000    4.41555
  72.50000    4.41732
  73.00000    4.41909
  73.50000    4.42086
  74.00000    4.42263
  74.50000    4.42440
  75.00000    4.42617
  75.50000    4.42795
  76.00000    4.42973
  76.50000    4.43151
  77.00000    4.43329
  77.50000    4.43508
  78.00000    4.43686
  78.50000    4.43864
  79.00000    4.44042
  79.50000    4.44221
  80.00000    4.44398
  80.50000    4.44573
  81.00000    4.44748
  81.50000    4.44923
  82.00000    4.45097
  82.50000    4.45272
  83.00000    4.45447
  83.50000    4.45622
  84.00000    4.45797
  84.50000    4.45962
  85.00000    4.46124
  85.50000    4.46286
  86.00000    4.46448
  86.50000    4.46610
  87.00000    4.46772
  87.50000    4.46934
  88.00000    4.47096
  88.50000    4.47256
  89.00000    4.47402
  89.50000    4.47548
  90.00000    4.47693
  90.50000    4.47839
  91.00000    4.47985
  91.50000    4.48130
  92.00000    4.48276
  92.50000    4.48422
  93.00000    4.48558
  93.50000    4.48686
  94.00000    4.48814
  94.50000    4.48943
  95.00000    4.49071
  95.50000    4.49199
  96.00000    4.49327
  96.50000    4.49455
  97.00000    4.49584
  97.50000    4.49696
  98.00000    4.49808
  98.50000    4.49920
  99.00000    4.50032
  99.50000    4.50144
 100.00000    4.50256
 100.50000    4.50367
 101.00000    4.50479
 101.50000    4.50586
 102.00000    4.50684
 102.50000    4.50782
 103.00000    4.50880
 103.50000    4.50978
 104.00000    4.51076
 104.50000    4.51173
 105.00000    4.51271
 105.50000    4.51369
 106.00000    4.51456
 106.50000    4.51540
 107.00000    4.51624
 107.50000    4.51708
 108.00000    4.51792
 108.50000    4.51876
 109.00000    4.51959
 109.50000    4.52043
 110.00000    4.52125
 110.50000    4.52197
 111.00000    4.52269
 111.50000    4.52342
 112.00000    4.52414
 112.50000    4.52486
 113.00000    4.52558
 113.50000    4.52631
 114.00000    4.52703
 114.50000    4.52769
 115.00000    4.52830
 115.50000    4.52892
 116.00000    4.52954
 116.50000    4.53016
 117.00000    4.53077
 117.50000    4.53139
 118.00000    4.53201
 118.50000    4.53262
 119.00000    4.53314
 119.50000    4.53365
 120.00000    4.53416
 120.50000    4.53467
 121.00000    4.53519
 121.50000    4.53570
 122.00000    4.53621
 122.50000    4.53672
 123.00000    4.53720
 123.50000    4.53765
 124.00000    4.53809
 124.50000    4.53853
 125.00000    4.53898
 125.50000    4.53942
 126.00000    4.53986
 126.50000    4.54030
 127.00000    4.54075
 127.50000    4.54112
 128.00000    4.54148
 128.50000    4.54184
 129.00000    4.54220
 129.50000    4.54256
 130.00000    4.54292
 130.50000    4.54329
 131.00000    4.54365
 131.50000    4.54399
 132.00000    4.54429
 132.50000    4.54460
 133.00000    4.54490
 133.50000    4.54520
 134.00000    4.54551
 134.50000    4.54581
 135.00000    4.54611
 135.50000    4.54641
 136.00000    4.54669
 136.50000    4.54696
 137.00000    4.54723
 137.50000    4.54750
 138.00000    4.54776
 138.50000    4.54803
 139.00000    4.54830
 139.50000    4.54857
 140.00000    4.54883
 140.50000    4.54907
 141.00000    4.54930
 141.50000    4.54953
 142.00000    4.54976
 142.50000    4.55000
 143.00000    4.55023
 143.50000    4.55046
 144.00000    4.55070
 144.50000    4.55092
 145.00000    4.55113
 145.50000    4.55134
 146.00000    4.55155
 146.50000    4.55176
 147.00000    4.55197
 147.50000    4.55218
 148.00000    4.55238
 148.50000    4.55259
 149.00000    4.55279
 149.50000    4.55299
 150.00000    4.55319
