   0.00000    1.14110
   0.50000    3.10010
   1.00000    3.12873
   1.50000    3.15609
   2.00000    3.18271
   2.50000    3.20818
   3.00000    3.23272
   3.50000    3.25633
   4.00000    3.27890
   4.50000    3.30071
   5.00000    3.32135
   5.50000    3.34146
   6.00000    3.36042
   6.50000    3.37897
   7.00000    3.39625
   7.50000    3.41329
   8.00000    3.42907
   8.50000    3.44473
   9.00000    3.45912
   9.50000    3.47351
  10.00000    3.48664
  10.50000    3.49978
  11.00000    3.51180
  11.50000    3.52374
  12.00000    3.53477
  12.50000    3.54565
  13.00000    3.55578
  13.50000    3.56569
  14.00000    3.57507
  14.50000    3.58421
  15.00000    3.59291
  15.50000    3.60133
  16.00000    3.60942
  16.50000    3.61721
  17.00000    3.62481
  17.50000    3.63217
  18.00000    3.63939
  18.50000    3.64637
  19.00000    3.65328
  19.50000    3.66007
  20.00000    3.66681
  20.50000    3.67340
  21.00000    3.68001
  21.50000    3.68665
  22.00000    3.69329
  22.50000    3.69998
  23.00000    3.70667
  23.50000    3.71360
  24.00000    3.72053
  24.50000    3.72777
  25.00000    3.73504
  25.50000    3.74271
  26.00000    3.75046
  26.50000    3.75861
  27.00000    3.76689
  27.50000    3.77562
  28.00000    3.78458
  28.50000    3.79402
  29.00000    3.80379
  29.50000    3.81402
  30.00000    3.82466
  30.50000    4.35933
  31.00000    4.35738
  31.50000    4.35544
  32.00000    4.35350
  32.50000    4.35156
  33.00000    4.34962
  33.50000    4.34768
  34.00000    4.34573
  34.50000    4.34379
  35.00000    4.34203
  35.50000    4.34033
  36.00000    4.33863
  36.50000    4.33693
  37.00000    4.33523
  37.50000    4.33353
  38.00000    4.33183
  38.50000    4.33013
  39.00000    4.32844
  39.50000    4.32699
  40.00000    4.32554
  40.50000    4.32410
  41.00000    4.32265
  41.50000    4.32120
  42.00000    4.31975
  42.50000    4.31830
  43.00000    4.31686
  43.50000    4.31550
  44.00000    4.31432
  44.50000    4.31313
  45.00000    4.31195
  45.50000    4.31077
  46.00000    4.30958
  46.50000    4.30840
  47.00000    4.30722
  47.50000    4.30603
  48.00000    4.30500
  48.50000    4.30406
  49.00000    4.30312
  49.50000    4.30218
  50.00000    4.30123
  50.50000    4.30029
  51.00000    4.29935
  51.50000    4.29841
  52.00000    4.29746
  52.50000    4.29675
  53.00000    4.29605
  53.50000    4.29535
  54.00000    4.29464
  54.50000    4.29394
  55.00000    4.29324
  55.50000    4.29254
  56.00000    4.29184
  56.50000    4.29120
  57.00000    4.29074
  57.50000    4.29028
  58.00000    4.28982
  58.50000    4.28936
  59.00000    4.28890
  59.50000    4.28844
  60.00000    4.28798
  60.50000    4.28752
  61.00000    4.28718
  61.50000    4.28695
  62.00000    4.28672
  62.50000    4.28649
  63.00000    4.28626
  63.50000    4.28603
  64.00000    4.28580
  64.50000    4.28557
  65.00000    4.28534
  65.50000    4.28530
  66.00000    4.28530
  66.50000    4.28530
  67.00000    4.28530
  67.50000    4.28530
  68.00000    4.28530
  68.50000    4.28530
  69.00000    4.28530
  69.50000    4.28533
  70.00000    4.28556
  70.50000    4.28579
  71.00000    4.28602
  71.50000    4.28625
  72.00000    4.28648
  72.50000    4.28671
  73.00000    4.28694
  73.50000    4.28716
  74.00000    4.28748
  74.50000    4.28793
  75.00000    4.28838
  75.50000    4.28883
  76.00000    4.28928
  76.50000    4.28973
  77.00000    4.29017
  77.50000    4.29062
  78.00000    4.29107
  78.50000    4.29167
  79.00000    4.29234
  79.50000    4.29300
  80.00000    4.29367
  80.50000    4.29434
  81.00000    4.29500
  81.50000    4.29567
  82.00000    4.29634
  82.50000    4.29700
  83.00000    4.29788
  83.50000    4.29875
  84.00000    4.29962
  84.50000    4.30050
  85.00000    4.30137
  85.50000    4.30224
  86.00000    4.30312
  86.50000    4.30399
  87.00000    4.30492
  87.50000    4.30600
  88.00000    4.30708
  88.50000    4.30816
  89.00000    4.30924
  89.50000    4.31032
  90.00000    4.31140
  90.50000    4.31248
  91.00000    4.31356
  91.50000    4.31475
  92.00000    4.31602
  92.50000    4.31728
  93.00000    4.31855
  93.50000    4.31981
  94.00000    4.32107
  94.50000    4.32234
  95.00000    4.32360
  95.50000    4.32486
  96.00000    4.32627
  96.50000    4.32770
  97.00000    4.32912
  97.50000    4.33055
  98.00000    4.33197
  98.50000    4.33340
  99.00000    4.33482
  99.50000    4.33624
 100.00000    4.33770
 100.50000    4.33929
 101.00000    4.34087
 101.50000    4.34246
 102.00000    4.34404
 102.50000    4.34563
 103.00000    4.34721
 103.50000    4.34880
 104.00000    4.35038
 104.50000    4.35203
 105.00000    4.35373
 105.50000    4.35543
 106.00000    4.35713
 106.50000    4.35883
 107.00000    4.36053
 107.50000    4.36223
 108.00000    4.36393
 108.50000    4.36563
 109.00000    4.36741
 109.50000    4.36921
 110.00000    4.37102
 110.50000    4.37282
 111.00000    4.37463
 111.50000    4.37643
 112.00000    4.37823
 112.50000    4.38004
 113.00000    4.38185
 113.50000    4.38374
 114.00000    4.38564
 114.50000    4.38753
 115.00000    4.38943
 115.50000    4.39133
 116.00000    4.39322
 116.50000    4.39512
 117.00000    4.39701
 117.50000    4.39893
 118.00000    4.40088
 118.50000    4.40284
 119.00000    4.40479
 119.50000    4.40674
 120.00000    4.40870
 120.50000    4.41065
 121.00000    4.41260
 121.50000    4.41456
 122.00000    4.41654
 122.50000    4.41854
 123.00000    4.42054
 123.50000    4.42254
 124.00000    4.42454
 124.50000    4.42653
 125.00000    4.42853
 125.50000    4.43053
 126.00000    4.43253
 126.50000    4.43456
 127.00000    4.43660
 127.50000    4.43863
 128.00000    4.44067
 128.50000    4.44270
 129.00000    4.44473
 129.50000    4.44677
 130.00000    4.44880
 130.50000    4.45083
 131.00000    4.45287
 131.50000    4.45490
 132.00000    4.45693
 132.50000    4.45897
 133.00000    4.46100
 133.50000    4.46303
 134.00000    4.46507
 134.50000    4.46710
 135.00000    4.46912
 135.50000    4.47113
 136.00000    4.47314
 136.50000    4.47515
 137.00000    4.47716
 137.50000    4.47917
 138.00000    4.48119
 138.50000    4.48320
 139.00000    4.48521
 139.50000    4.48719
 140.00000    4.48916
 140.50000    4.49114
 141.00000    4.49312
 141.50000    4.49509
 142.00000    4.49707
 142.50000    4.49904
 143.00000    4.50102
 143.50000    4.50299
 144.00000    4.50491
 144.50000    4.50683
 145.00000    4.50874
 145.50000    4.51066
 146.00000    4.51258
 146.50000    4.51450
 147.00000    4.51642
 147.50000    4.51834
 148.00000    4.52022
 148.50000    4.52206
 149.00000    4.52390
 149.50000    4.52573
 150.00000    4.52757
