   0.00000    1.02890
   0.50000    1.42437
   1.00000    1.81983
   1.50000    2.21530
   2.00000    2.61077
   2.50000    3.55703
   3.00000    3.56937
   3.50000    3.58171
   4.00000    3.59343
   4.50000    3.60440
   5.00000    3.61536
   5.50000    3.62543
   6.00000    3.63506
   6.50000    3.64469
   7.00000    3.65321
   7.50000    3.66162
   8.00000    3.66988
   8.50000    3.67716
   9.00000    3.68445
   9.50000    3.69137
  10.00000    3.69765
  10.50000    3.70393
  11.00000    3.70967
  11.50000    3.71505
  12.00000    3.72042
  12.50000    3.72518
  13.00000    3.72979
  13.50000    3.73438
  14.00000    3.73828
  14.50000    3.74217
  15.00000    3.74591
  15.50000    3.74923
  16.00000    3.75255
  16.50000    3.75561
  17.00000    3.75843
  17.50000    3.76124
  18.00000    3.76379
  18.50000    3.76624
  19.00000    3.76870
  19.50000    3.77091
  20.00000    3.77311
  20.50000    3.77528
  21.00000    3.77730
  21.50000    3.77932
  22.00000    3.78132
  22.50000    3.78331
  23.00000    3.78529
  23.50000    3.78730
  24.00000    3.78932
  24.50000    3.79134
  25.00000    3.79348
  25.50000    3.79565
  26.00000    3.79784
  26.50000    3.80029
  27.00000    3.80275
  27.50000    3.80531
  28.00000    3.80808
  28.50000    3.81086
  29.00000    3.81392
  29.50000    3.81720
  30.00000    3.82049
  30.50000    3.82422
  31.00000    3.82808
  31.50000    3.83195
  32.00000    3.83649
  32.50000    3.84104
  33.00000    3.84577
  33.50000    3.85111
  34.00000    3.85645
  34.50000    3.86221
  35.00000    3.86845
  35.50000    3.87469
  36.00000    3.88161
  36.50000    3.88883
  37.00000    3.89604
  37.50000    3.90432
  38.00000    3.91269
  38.50000    3.92124
  39.00000    3.93080
  39.50000    3.94036
  40.00000    3.95041
  40.50000    3.96127
  41.00000    3.97213
  41.50000    3.98382
  42.00000    3.99605
  42.50000    4.00828
  43.00000    4.55648
  43.50000    4.55417
  44.00000    4.55187
  44.50000    4.54956
  45.00000    4.54726
  45.50000    4.54496
  46.00000    4.54265
  46.50000    4.54035
  47.00000    4.53854
  47.50000    4.53690
  48.00000    4.53525
  48.50000    4.53360
  49.00000    4.53195
  49.50000    4.53031
  50.00000    4.52866
  50.50000    4.52701
  51.00000    4.52578
  51.50000    4.52474
  52.00000    4.52370
  52.50000    4.52266
  53.00000    4.52162
  53.50000    4.52058
  54.00000    4.51954
  54.50000    4.51850
  55.00000    4.51779
  55.50000    4.51728
  56.00000    4.51677
  56.50000    4.51626
  57.00000    4.51576
  57.50000    4.51525
  58.00000    4.51474
  58.50000    4.51423
  59.00000    4.51397
  59.50000    4.51392
  60.00000    4.51387
  60.50000    4.51382
  61.00000    4.51377
  61.50000    4.51373
  62.00000    4.51368
  62.50000    4.51363
  63.00000    4.51377
  63.50000    4.51413
  64.00000    4.51449
  64.50000    4.51485
  65.00000    4.51521
  65.50000    4.51557
  66.00000    4.51592
  66.50000    4.51628
  67.00000    4.51677
  67.50000    4.51745
  68.00000    4.51813
  68.50000    4.51882
  69.00000    4.51950
  69.50000    4.52018
  70.00000    4.52086
  70.50000    4.52154
  71.00000    4.52230
  71.50000    4.52323
  72.00000    4.52416
  72.50000    4.52509
  73.00000    4.52602
  73.50000    4.52695
  74.00000    4.52788
  74.50000    4.52881
  75.00000    4.52978
  75.50000    4.53090
  76.00000    4.53201
  76.50000    4.53313
  77.00000    4.53424
  77.50000    4.53536
  78.00000    4.53647
  78.50000    4.53759
  79.00000    4.53872
  79.50000    4.53996
  80.00000    4.54120
  80.50000    4.54244
  81.00000    4.54368
  81.50000    4.54492
  82.00000    4.54616
  82.50000    4.54740
  83.00000    4.54864
  83.50000    4.54991
  84.00000    4.55119
  84.50000    4.55247
  85.00000    4.55374
  85.50000    4.55502
  86.00000    4.55629
  86.50000    4.55757
  87.00000    4.55884
  87.50000    4.56008
  88.00000    4.56132
  88.50000    4.56256
  89.00000    4.56380
  89.50000    4.56504
  90.00000    4.56628
  90.50000    4.56752
  91.00000    4.56875
  91.50000    4.56991
  92.00000    4.57106
  92.50000    4.57221
  93.00000    4.57337
  93.50000    4.57452
  94.00000    4.57567
  94.50000    4.57682
  95.00000    4.57797
  95.50000    4.57899
  96.00000    4.58000
  96.50000    4.58100
  97.00000    4.58200
  97.50000    4.58301
  98.00000    4.58401
  98.50000    4.58501
  99.00000    4.58602
  99.50000    4.58689
 100.00000    4.58773
 100.50000    4.58857
 101.00000    4.58942
 101.50000    4.59026
 102.00000    4.59110
 102.50000    4.59194
 103.00000    4.59278
 103.50000    4.59352
 104.00000    4.59421
 104.50000    4.59490
 105.00000    4.59560
 105.50000    4.59629
 106.00000    4.59698
 106.50000    4.59768
 107.00000    4.59837
 107.50000    4.59897
 108.00000    4.59951
 108.50000    4.60006
 109.00000    4.60060
 109.50000    4.60115
 110.00000    4.60169
 110.50000    4.60224
 111.00000    4.60278
 111.50000    4.60326
 112.00000    4.60369
 112.50000    4.60413
 113.00000    4.60456
 113.50000    4.60499
 114.00000    4.60543
 114.50000    4.60586
 115.00000    4.60629
 115.50000    4.60666
 116.00000    4.60697
 116.50000    4.60728
 117.00000    4.60759
 117.50000    4.60790
 118.00000    4.60821
 118.50000    4.60852
 119.00000    4.60883
 119.50000    4.60908
 120.00000    4.60927
 120.50000    4.60946
 121.00000    4.60964
 121.50000    4.60983
 122.00000    4.61001
 122.50000    4.61020
 123.00000    4.61039
 123.50000    4.61054
 124.00000    4.61064
 124.50000    4.61074
 125.00000    4.61084
 125.50000    4.61093
 126.00000    4.61103
 126.50000    4.61113
 127.00000    4.61123
 127.50000    4.61130
 128.00000    4.61132
 128.50000    4.61133
 129.00000    4.61134
 129.50000    4.61135
 130.00000    4.61137
 130.50000    4.61138
 131.00000    4.61139
 131.50000    4.61138
 132.00000    4.61131
 132.50000    4.61123
 133.00000    4.61116
 133.50000    4.61109
 134.00000    4.61101
 134.50000    4.61094
 135.00000    4.61086
 135.50000    4.61078
 136.00000    4.61063
 136.50000    4.61048
 137.00000    4.61033
 137.50000    4.61018
 138.00000    4.61003
 138.50000    4.60988
 139.00000    4.60974
 139.50000    4.60958
 140.00000    4.60937
 140.50000    4.60916
 141.00000    4.60895
 141.50000    4.60874
 142.00000    4.60853
 142.50000    4.60832
 143.00000    4.60811
 143.50000    4.60790
 144.00000    4.60765
 144.50000    4.60740
 145.00000    4.60715
 145.50000    4.60690
 146.00000    4.60666
 146.50000    4.60641
 147.00000    4.60616
 147.50000    4.60591
 148.00000    4.60561
 148.50000    4.60530
 149.00000    4.60499
 149.50000    4.60468
 150.00000    4.60437
