   0.00000    0.97360
   0.50000    1.42092
   1.00000    1.86825
   1.50000    2.31557
   2.00000    2.76289
   2.50000    3.56512
   3.00000    3.57510
   3.50000    3.58509
   4.00000    3.59422
   4.50000    3.60326
   5.00000    3.61225
   5.50000    3.62034
   6.00000    3.62843
   6.50000    3.63637
   7.00000    3.64365
   7.50000    3.65094
   8.00000    3.65796
   8.50000    3.66448
   9.00000    3.67100
   9.50000    3.67721
  10.00000    3.68309
  10.50000    3.68898
  11.00000    3.69448
  11.50000    3.69978
  12.00000    3.70507
  12.50000    3.70997
  13.00000    3.71477
  13.50000    3.71957
  14.00000    3.72398
  14.50000    3.72836
  15.00000    3.73272
  15.50000    3.73682
  16.00000    3.74092
  16.50000    3.74497
  17.00000    3.74886
  17.50000    3.75275
  18.00000    3.75659
  18.50000    3.76034
  19.00000    3.76409
  19.50000    3.76780
  20.00000    3.77148
  20.50000    3.77516
  21.00000    3.77889
  21.50000    3.78263
  22.00000    3.78638
  22.50000    3.79025
  23.00000    3.79414
  23.50000    3.79803
  24.00000    3.80212
  24.50000    3.80622
  25.00000    3.81035
  25.50000    3.81476
  26.00000    3.81918
  26.50000    3.82369
  27.00000    3.82849
  27.50000    3.83329
  28.00000    3.83828
  28.50000    3.84357
  29.00000    3.84886
  29.50000    3.85448
  30.00000    3.86036
  30.50000    3.86625
  31.00000    3.87257
  31.50000    3.87909
  32.00000    3.88561
  32.50000    3.89276
  33.00000    3.90005
  33.50000    3.90734
  34.00000    3.91545
  34.50000    3.92358
  35.00000    3.93183
  35.50000    3.94090
  36.00000    3.94998
  36.50000    3.95932
  37.00000    3.96938
  37.50000    3.97943
  38.00000    3.98996
  38.50000    4.00114
  39.00000    4.01231
  39.50000    4.02418
  40.00000    4.03659
  40.50000    4.04899
  41.00000    4.06226
  41.50000    4.07590
  42.00000    4.08953
  42.50000    4.10430
  43.00000    4.11926
  43.50000    4.48670
  44.00000    4.48668
  44.50000    4.48665
  45.00000    4.48663
  45.50000    4.48660
  46.00000    4.48658
  46.50000    4.48655
  47.00000    4.48653
  47.50000    4.48650
  48.00000    4.48677
  48.50000    4.48704
  49.00000    4.48732
  49.50000    4.48759
  50.00000    4.48786
  50.50000    4.48814
  51.00000    4.48841
  51.50000    4.48869
  52.00000    4.48924
  52.50000    4.48982
  53.00000    4.49039
  53.50000    4.49096
  54.00000    4.49154
  54.50000    4.49211
  55.00000    4.49268
  55.50000    4.49326
  56.00000    4.49404
  56.50000    4.49483
  57.00000    4.49563
  57.50000    4.49643
  58.00000    4.49723
  58.50000    4.49802
  59.00000    4.49882
  59.50000    4.49962
  60.00000    4.50060
  60.50000    4.50159
  61.00000    4.50259
  61.50000    4.50359
  62.00000    4.50458
  62.50000    4.50558
  63.00000    4.50658
  63.50000    4.50757
  64.00000    4.50872
  64.50000    4.50989
  65.00000    4.51106
  65.50000    4.51224
  66.00000    4.51341
  66.50000    4.51458
  67.00000    4.51575
  67.50000    4.51692
  68.00000    4.51819
  68.50000    4.51947
  69.00000    4.52075
  69.50000    4.52204
  70.00000    4.52332
  70.50000    4.52460
  71.00000    4.52589
  71.50000    4.52717
  72.00000    4.52853
  72.50000    4.52990
  73.00000    4.53127
  73.50000    4.53264
  74.00000    4.53401
  74.50000    4.53538
  75.00000    4.53675
  75.50000    4.53812
  76.00000    4.53952
  76.50000    4.54093
  77.00000    4.54234
  77.50000    4.54374
  78.00000    4.54515
  78.50000    4.54656
  79.00000    4.54797
  79.50000    4.54938
  80.00000    4.55078
  80.50000    4.55219
  81.00000    4.55360
  81.50000    4.55501
  82.00000    4.55642
  82.50000    4.55782
  83.00000    4.55923
  83.50000    4.56064
  84.00000    4.56203
  84.50000    4.56341
  85.00000    4.56480
  85.50000    4.56618
  86.00000    4.56756
  86.50000    4.56894
  87.00000    4.57033
  87.50000    4.57171
  88.00000    4.57303
  88.50000    4.57433
  89.00000    4.57562
  89.50000    4.57692
  90.00000    4.57821
  90.50000    4.57951
  91.00000    4.58081
  91.50000    4.58210
  92.00000    4.58332
  92.50000    4.58450
  93.00000    4.58569
  93.50000    4.58687
  94.00000    4.58806
  94.50000    4.58924
  95.00000    4.59042
  95.50000    4.59161
  96.00000    4.59270
  96.50000    4.59375
  97.00000    4.59479
  97.50000    4.59584
  98.00000    4.59689
  98.50000    4.59793
  99.00000    4.59898
  99.50000    4.60002
 100.00000    4.60097
 100.50000    4.60185
 101.00000    4.60274
 101.50000    4.60362
 102.00000    4.60451
 102.50000    4.60539
 103.00000    4.60628
 103.50000    4.60716
 104.00000    4.60796
 104.50000    4.60871
 105.00000    4.60946
 105.50000    4.61020
 106.00000    4.61095
 106.50000    4.61170
 107.00000    4.61245
 107.50000    4.61319
 108.00000    4.61387
 108.50000    4.61449
 109.00000    4.61511
 109.50000    4.61574
 110.00000    4.61636
 110.50000    4.61698
 111.00000    4.61761
 111.50000    4.61823
 112.00000    4.61877
 112.50000    4.61924
 113.00000    4.61971
 113.50000    4.62019
 114.00000    4.62066
 114.50000    4.62113
 115.00000    4.62161
 115.50000    4.62208
 116.00000    4.62249
 116.50000    4.62284
 117.00000    4.62319
 117.50000    4.62353
 118.00000    4.62388
 118.50000    4.62423
 119.00000    4.62458
 119.50000    4.62493
 120.00000    4.62522
 120.50000    4.62546
 121.00000    4.62570
 121.50000    4.62593
 122.00000    4.62617
 122.50000    4.62641
 123.00000    4.62664
 123.50000    4.62688
 124.00000    4.62706
 124.50000    4.62719
 125.00000    4.62731
 125.50000    4.62743
 126.00000    4.62756
 126.50000    4.62768
 127.00000    4.62781
 127.50000    4.62793
 128.00000    4.62801
 128.50000    4.62802
 129.00000    4.62803
 129.50000    4.62804
 130.00000    4.62806
 130.50000    4.62807
 131.00000    4.62808
 131.50000    4.62809
 132.00000    4.62806
 132.50000    4.62797
 133.00000    4.62789
 133.50000    4.62780
 134.00000    4.62771
 134.50000    4.62763
 135.00000    4.62754
 135.50000    4.62745
 136.00000    4.62732
 136.50000    4.62714
 137.00000    4.62695
 137.50000    4.62676
 138.00000    4.62658
 138.50000    4.62639
 139.00000    4.62620
 139.50000    4.62602
 140.00000    4.62579
 140.50000    4.62552
 141.00000    4.62525
 141.50000    4.62497
 142.00000    4.62470
 142.50000    4.62442
 143.00000    4.62415
 143.50000    4.62388
 144.00000    4.62357
 144.50000    4.62321
 145.00000    4.62285
 145.50000    4.62249
 146.00000    4.62212
 146.50000    4.62176
 147.00000    4.62140
 147.50000    4.62104
 148.00000    4.62065
 148.50000    4.62022
 149.00000    4.61978
 149.50000    4.61935
 150.00000    4.61891
