   0.00000    0.69540
   0.50000    1.09836
   1.00000    1.50132
   1.50000    1.90429
   2.00000    2.30725
   2.50000    2.71021
   3.00000    3.53857
   3.50000    3.54908
   4.00000    3.55959
   4.50000    3.56960
   5.00000    3.57911
   5.50000    3.58863
   6.00000    3.59764
   6.50000    3.60616
   7.00000    3.61468
   7.50000    3.62278
   8.00000    3.63047
   8.50000    3.63815
   9.00000    3.64543
   9.50000    3.65228
  10.00000    3.65914
  10.50000    3.66567
  11.00000    3.67186
  11.50000    3.67805
  12.00000    3.68393
  12.50000    3.68949
  13.00000    3.69504
  13.50000    3.70037
  14.00000    3.70542
  14.50000    3.71048
  15.00000    3.71534
  15.50000    3.71996
  16.00000    3.72458
  16.50000    3.72906
  17.00000    3.73335
  17.50000    3.73764
  18.00000    3.74181
  18.50000    3.74584
  19.00000    3.74986
  19.50000    3.75381
  20.00000    3.75767
  20.50000    3.76153
  21.00000    3.76536
  21.50000    3.76915
  22.00000    3.77294
  22.50000    3.77675
  23.00000    3.78058
  23.50000    3.78440
  24.00000    3.78827
  24.50000    3.79220
  25.00000    3.79612
  25.50000    3.80012
  26.00000    3.80421
  26.50000    3.80830
  27.00000    3.81253
  27.50000    3.81695
  28.00000    3.82138
  28.50000    3.82594
  29.00000    3.83070
  29.50000    3.83545
  30.00000    3.84041
  30.50000    3.84567
  31.00000    3.85092
  31.50000    3.85639
  32.00000    3.86218
  32.50000    3.86796
  33.00000    3.87401
  33.50000    3.88047
  34.00000    3.88692
  34.50000    3.89365
  35.00000    3.90084
  35.50000    3.90802
  36.00000    3.91551
  36.50000    3.92350
  37.00000    3.93148
  37.50000    3.93982
  38.00000    3.94877
  38.50000    3.95772
  39.00000    3.96702
  39.50000    3.97693
  40.00000    3.98685
  40.50000    3.99715
  41.00000    4.00816
  41.50000    4.01918
  42.00000    4.03060
  42.50000    4.04277
  43.00000    4.05495
  43.50000    4.06757
  44.00000    4.08105
  44.50000    4.09452
  45.00000    4.10842
  45.50000    4.12316
  46.00000    4.13790
  46.50000    4.56486
  47.00000    4.56446
  47.50000    4.56405
  48.00000    4.56365
  48.50000    4.56324
  49.00000    4.56283
  49.50000    4.56243
  50.00000    4.56202
  50.50000    4.56173
  51.00000    4.56156
  51.50000    4.56140
  52.00000    4.56123
  52.50000    4.56107
  53.00000    4.56090
  53.50000    4.56074
  54.00000    4.56057
  54.50000    4.56054
  55.00000    4.56060
  55.50000    4.56066
  56.00000    4.56073
  56.50000    4.56079
  57.00000    4.56085
  57.50000    4.56092
  58.00000    4.56098
  58.50000    4.56119
  59.00000    4.56147
  59.50000    4.56175
  60.00000    4.56203
  60.50000    4.56231
  61.00000    4.56259
  61.50000    4.56287
  62.00000    4.56315
  62.50000    4.56356
  63.00000    4.56401
  63.50000    4.56445
  64.00000    4.56489
  64.50000    4.56534
  65.00000    4.56578
  65.50000    4.56623
  66.00000    4.56667
  66.50000    4.56727
  67.00000    4.56788
  67.50000    4.56849
  68.00000    4.56910
  68.50000    4.56970
  69.00000    4.57031
  69.50000    4.57092
  70.00000    4.57154
  70.50000    4.57225
  71.00000    4.57296
  71.50000    4.57367
  72.00000    4.57438
  72.50000    4.57509
  73.00000    4.57580
  73.50000    4.57651
  74.00000    4.57724
  74.50000    4.57807
  75.00000    4.57889
  75.50000    4.57972
  76.00000    4.58054
  76.50000    4.58137
  77.00000    4.58219
  77.50000    4.58302
  78.00000    4.58386
  78.50000    4.58473
  79.00000    4.58561
  79.50000    4.58648
  80.00000    4.58736
  80.50000    4.58823
  81.00000    4.58911
  81.50000    4.58998
  82.00000    4.59088
  82.50000    4.59181
  83.00000    4.59273
  83.50000    4.59366
  84.00000    4.59459
  84.50000    4.59551
  85.00000    4.59644
  85.50000    4.59737
  86.00000    4.59830
  86.50000    4.59924
  87.00000    4.60018
  87.50000    4.60112
  88.00000    4.60205
  88.50000    4.60299
  89.00000    4.60393
  89.50000    4.60487
  90.00000    4.60579
  90.50000    4.60671
  91.00000    4.60762
  91.50000    4.60854
  92.00000    4.60945
  92.50000    4.61036
  93.00000    4.61128
  93.50000    4.61219
  94.00000    4.61308
  94.50000    4.61397
  95.00000    4.61486
  95.50000    4.61575
  96.00000    4.61664
  96.50000    4.61753
  97.00000    4.61841
  97.50000    4.61930
  98.00000    4.62012
  98.50000    4.62094
  99.00000    4.62175
  99.50000    4.62256
 100.00000    4.62337
 100.50000    4.62418
 101.00000    4.62500
 101.50000    4.62581
 102.00000    4.62656
 102.50000    4.62730
 103.00000    4.62805
 103.50000    4.62880
 104.00000    4.62955
 104.50000    4.63030
 105.00000    4.63105
 105.50000    4.63179
 106.00000    4.63247
 106.50000    4.63316
 107.00000    4.63384
 107.50000    4.63453
 108.00000    4.63522
 108.50000    4.63590
 109.00000    4.63659
 109.50000    4.63725
 110.00000    4.63786
 110.50000    4.63847
 111.00000    4.63908
 111.50000    4.63969
 112.00000    4.64030
 112.50000    4.64091
 113.00000    4.64152
 113.50000    4.64210
 114.00000    4.64263
 114.50000    4.64316
 115.00000    4.64370
 115.50000    4.64423
 116.00000    4.64476
 116.50000    4.64529
 117.00000    4.64583
 117.50000    4.64632
 118.00000    4.64678
 118.50000    4.64724
 119.00000    4.64769
 119.50000    4.64815
 120.00000    4.64861
 120.50000    4.64906
 121.00000    4.64952
 121.50000    4.64994
 122.00000    4.65033
 122.50000    4.65073
 123.00000    4.65112
 123.50000    4.65151
 124.00000    4.65191
 124.50000    4.65230
 125.00000    4.65269
 125.50000    4.65302
 126.00000    4.65333
 126.50000    4.65363
 127.00000    4.65394
 127.50000    4.65424
 128.00000    4.65454
 128.50000    4.65485
 129.00000    4.65515
 129.50000    4.65539
 130.00000    4.65562
 130.50000    4.65585
 131.00000    4.65608
 131.50000    4.65631
 132.00000    4.65654
 132.50000    4.65676
 133.00000    4.65699
 133.50000    4.65716
 134.00000    4.65732
 134.50000    4.65749
 135.00000    4.65765
 135.50000    4.65782
 136.00000    4.65798
 136.50000    4.65815
 137.00000    4.65831
 137.50000    4.65838
 138.00000    4.65846
 138.50000    4.65853
 139.00000    4.65861
 139.50000    4.65869
 140.00000    4.65876
 140.50000    4.65884
 141.00000    4.65890
 141.50000    4.65888
 142.00000    4.65887
 142.50000    4.65886
 143.00000    4.65885
 143.50000    4.65883
 144.00000    4.65882
 144.50000    4.65881
 145.00000    4.65878
 145.50000    4.65870
 146.00000    4.65862
 146.50000    4.65855
 147.00000    4.65847
 147.50000    4.65839
 148.00000    4.65832
 148.50000    4.65824
 149.00000    4.65812
 149.50000    4.65794
 150.00000    4.65777
