   0.00000    0.53430
   0.50000    0.93189
   1.00000    1.32948
   1.50000    1.72706
   2.00000    2.12465
   2.50000    2.52224
   3.00000    3.34331
   3.50000    3.36149
   4.00000    3.37968
   4.50000    3.39786
   5.00000    3.41493
   5.50000    3.43174
   6.00000    3.44854
   6.50000    3.46478
   7.00000    3.48018
   7.50000    3.49558
   8.00000    3.51098
   8.50000    3.52507
   9.00000    3.53915
   9.50000    3.55322
  10.00000    3.56658
  10.50000    3.57943
  11.00000    3.59228
  11.50000    3.60493
  12.00000    3.61663
  12.50000    3.62833
  13.00000    3.64004
  13.50000    3.65093
  14.00000    3.66158
  14.50000    3.67223
  15.00000    3.68253
  15.50000    3.69221
  16.00000    3.70189
  16.50000    3.71157
  17.00000    3.72042
  17.50000    3.72921
  18.00000    3.73801
  18.50000    3.74639
  19.00000    3.75440
  19.50000    3.76240
  20.00000    3.77032
  20.50000    3.77763
  21.00000    3.78493
  21.50000    3.79223
  22.00000    3.79909
  22.50000    3.80578
  23.00000    3.81247
  23.50000    3.81899
  24.00000    3.82515
  24.50000    3.83131
  25.00000    3.83747
  25.50000    3.84326
  26.00000    3.84901
  26.50000    3.85476
  27.00000    3.86032
  27.50000    3.86569
  28.00000    3.87106
  28.50000    3.87640
  29.00000    3.88151
  29.50000    3.88661
  30.00000    3.89171
  30.50000    3.89670
  31.00000    3.90163
  31.50000    3.90655
  32.00000    3.91146
  32.50000    3.91630
  33.00000    3.92114
  33.50000    3.92598
  34.00000    3.93082
  34.50000    3.93566
  35.00000    3.94050
  35.50000    3.94537
  36.00000    3.95030
  36.50000    3.95523
  37.00000    3.96016
  37.50000    3.96527
  38.00000    3.97037
  38.50000    3.97547
  39.00000    3.98074
  39.50000    3.98611
  40.00000    3.99148
  40.50000    3.99692
  41.00000    4.00264
  41.50000    4.00836
  42.00000    4.01408
  42.50000    4.02015
  43.00000    4.02631
  43.50000    4.03247
  44.00000    4.03884
  44.50000    4.04552
  45.00000    4.05221
  45.50000    4.05890
  46.00000    4.06619
  46.50000    4.07350
  47.00000    4.08080
  47.50000    4.08851
  48.00000    4.09651
  48.50000    4.10452
  49.00000    4.11265
  49.50000    4.12142
  50.00000    4.13019
  50.50000    4.13896
  51.00000    4.14838
  51.50000    4.15800
  52.00000    4.16762
  52.50000    4.56750
  53.00000    4.57213
  53.50000    4.57675
  54.00000    4.58138
  54.50000    4.58600
  55.00000    4.59063
  55.50000    4.59525
  56.00000    4.59988
  56.50000    4.60450
  57.00000    4.60913
  57.50000    4.61358
  58.00000    4.61713
  58.50000    4.62069
  59.00000    4.62424
  59.50000    4.62780
  60.00000    4.63135
  60.50000    4.63490
  61.00000    4.63846
  61.50000    4.64201
  62.00000    4.64557
  62.50000    4.64912
  63.00000    4.65172
  63.50000    4.65429
  64.00000    4.65686
  64.50000    4.65943
  65.00000    4.66201
  65.50000    4.66458
  66.00000    4.66715
  66.50000    4.66972
  67.00000    4.67230
  67.50000    4.67487
  68.00000    4.67676
  68.50000    4.67848
  69.00000    4.68020
  69.50000    4.68192
  70.00000    4.68364
  70.50000    4.68536
  71.00000    4.68707
  71.50000    4.68879
  72.00000    4.69051
  72.50000    4.69223
  73.00000    4.69350
  73.50000    4.69450
  74.00000    4.69549
  74.50000    4.69648
  75.00000    4.69747
  75.50000    4.69846
  76.00000    4.69945
  76.50000    4.70045
  77.00000    4.70144
  77.50000    4.70243
  78.00000    4.70316
  78.50000    4.70355
  79.00000    4.70393
  79.50000    4.70431
  80.00000    4.70469
  80.50000    4.70508
  81.00000    4.70546
  81.50000    4.70584
  82.00000    4.70623
  82.50000    4.70661
  83.00000    4.70687
  83.50000    4.70675
  84.00000    4.70664
  84.50000    4.70652
  85.00000    4.70640
  85.50000    4.70628
  86.00000    4.70616
  86.50000    4.70605
  87.00000    4.70593
  87.50000    4.70581
  88.00000    4.70567
  88.50000    4.70520
  89.00000    4.70473
  89.50000    4.70426
  90.00000    4.70379
  90.50000    4.70332
  91.00000    4.70285
  91.50000    4.70237
  92.00000    4.70190
  92.50000    4.70143
  93.00000    4.70096
  93.50000    4.70027
  94.00000    4.69954
  94.50000    4.69881
  95.00000    4.69809
  95.50000    4.69736
  96.00000    4.69663
  96.50000    4.69591
  97.00000    4.69518
  97.50000    4.69445
  98.00000    4.69373
  98.50000    4.69292
  99.00000    4.69208
  99.50000    4.69123
 100.00000    4.69039
 100.50000    4.68954
 101.00000    4.68870
 101.50000    4.68785
 102.00000    4.68701
 102.50000    4.68616
 103.00000    4.68532
 103.50000    4.68446
 104.00000    4.68357
 104.50000    4.68269
 105.00000    4.68181
 105.50000    4.68092
 106.00000    4.68004
 106.50000    4.67915
 107.00000    4.67827
 107.50000    4.67739
 108.00000    4.67650
 108.50000    4.67561
 109.00000    4.67470
 109.50000    4.67378
 110.00000    4.67287
 110.50000    4.67196
 111.00000    4.67104
 111.50000    4.67013
 112.00000    4.66922
 112.50000    4.66830
 113.00000    4.66739
 113.50000    4.66648
 114.00000    4.66556
 114.50000    4.66465
 115.00000    4.66374
 115.50000    4.66282
 116.00000    4.66191
 116.50000    4.66100
 117.00000    4.66009
 117.50000    4.65917
 118.00000    4.65826
 118.50000    4.65735
 119.00000    4.65642
 119.50000    4.65550
 120.00000    4.65458
 120.50000    4.65365
 121.00000    4.65273
 121.50000    4.65181
 122.00000    4.65089
 122.50000    4.64996
 123.00000    4.64904
 123.50000    4.64812
 124.00000    4.64721
 124.50000    4.64630
 125.00000    4.64540
 125.50000    4.64450
 126.00000    4.64360
 126.50000    4.64269
 127.00000    4.64179
 127.50000    4.64089
 128.00000    4.63998
 128.50000    4.63908
 129.00000    4.63819
 129.50000    4.63732
 130.00000    4.63645
 130.50000    4.63557
 131.00000    4.63470
 131.50000    4.63382
 132.00000    4.63295
 132.50000    4.63208
 133.00000    4.63120
 133.50000    4.63033
 134.00000    4.62947
 134.50000    4.62863
 135.00000    4.62780
 135.50000    4.62697
 136.00000    4.62613
 136.50000    4.62530
 137.00000    4.62446
 137.50000    4.62363
 138.00000    4.62279
 138.50000    4.62196
 139.00000    4.62113
 139.50000    4.62035
 140.00000    4.61956
 140.50000    4.61878
 141.00000    4.61799
 141.50000    4.61721
 142.00000    4.61642
 142.50000    4.61563
 143.00000    4.61485
 143.50000    4.61406
 144.00000    4.61328
 144.50000    4.61256
 145.00000    4.61185
 145.50000    4.61113
 146.00000    4.61041
 146.50000    4.60970
 147.00000    4.60898
 147.50000    4.60826
 148.00000    4.60755
 148.50000    4.60683
 149.00000    4.60611
 149.50000    4.60546
 150.00000    4.60482
