   0.00000    1.33100
   0.50000    3.39259
   1.00000    3.40057
   1.50000    3.40850
   2.00000    3.41616
   2.50000    3.42381
   3.00000    3.43124
   3.50000    3.43858
   4.00000    3.44585
   4.50000    3.45289
   5.00000    3.45994
   5.50000    3.46687
   6.00000    3.47376
   6.50000    3.48058
   7.00000    3.48727
   7.50000    3.49395
   8.00000    3.50054
   8.50000    3.50710
   9.00000    3.51365
   9.50000    3.52017
  10.00000    3.52669
  10.50000    3.53321
  11.00000    3.53974
  11.50000    3.54629
  12.00000    3.55289
  12.50000    3.55950
  13.00000    3.56617
  13.50000    3.57286
  14.00000    3.57960
  14.50000    3.58640
  15.00000    3.59321
  15.50000    3.60030
  16.00000    3.60739
  16.50000    3.61461
  17.00000    3.62194
  17.50000    3.62929
  18.00000    3.63690
  18.50000    3.64452
  19.00000    3.65238
  19.50000    3.66040
  20.00000    3.66847
  20.50000    3.67694
  21.00000    3.68541
  21.50000    3.69417
  22.00000    3.70308
  22.50000    3.71210
  23.00000    3.72158
  23.50000    3.73105
  24.00000    3.74094
  24.50000    3.75099
  25.00000    3.76120
  25.50000    3.77189
  26.00000    3.78259
  26.50000    3.79385
  27.00000    3.80527
  27.50000    3.81691
  28.00000    3.82903
  28.50000    3.84114
  29.00000    3.85397
  29.50000    3.86693
  30.00000    3.88022
  30.50000    3.89403
  31.00000    3.90784
  31.50000    3.92250
  32.00000    3.93725
  32.50000    3.95240
  33.00000    3.96808
  33.50000    3.98375
  34.00000    4.00042
  34.50000    4.01711
  35.00000    4.03430
  35.50000    4.05200
  36.00000    4.46594
  36.50000    4.46412
  37.00000    4.46230
  37.50000    4.46048
  38.00000    4.45866
  38.50000    4.45684
  39.00000    4.45502
  39.50000    4.45320
  40.00000    4.45139
  40.50000    4.44960
  41.00000    4.44784
  41.50000    4.44608
  42.00000    4.44432
  42.50000    4.44257
  43.00000    4.44081
  43.50000    4.43905
  44.00000    4.43729
  44.50000    4.43554
  45.00000    4.43387
  45.50000    4.43219
  46.00000    4.43052
  46.50000    4.42884
  47.00000    4.42716
  47.50000    4.42549
  48.00000    4.42381
  48.50000    4.42213
  49.00000    4.42052
  49.50000    4.41893
  50.00000    4.41734
  50.50000    4.41574
  51.00000    4.41415
  51.50000    4.41256
  52.00000    4.41097
  52.50000    4.40937
  53.00000    4.40782
  53.50000    4.40633
  54.00000    4.40485
  54.50000    4.40336
  55.00000    4.40188
  55.50000    4.40039
  56.00000    4.39890
  56.50000    4.39742
  57.00000    4.39593
  57.50000    4.39455
  58.00000    4.39317
  58.50000    4.39179
  59.00000    4.39041
  59.50000    4.38903
  60.00000    4.38765
  60.50000    4.38628
  61.00000    4.38490
  61.50000    4.38358
  62.00000    4.38232
  62.50000    4.38106
  63.00000    4.37980
  63.50000    4.37854
  64.00000    4.37728
  64.50000    4.37602
  65.00000    4.37476
  65.50000    4.37353
  66.00000    4.37241
  66.50000    4.37129
  67.00000    4.37017
  67.50000    4.36905
  68.00000    4.36794
  68.50000    4.36682
  69.00000    4.36570
  69.50000    4.36458
  70.00000    4.36357
  70.50000    4.36260
  71.00000    4.36162
  71.50000    4.36065
  72.00000    4.35967
  72.50000    4.35870
  73.00000    4.35772
  73.50000    4.35675
  74.00000    4.35582
  74.50000    4.35499
  75.00000    4.35416
  75.50000    4.35333
  76.00000    4.35249
  76.50000    4.35166
  77.00000    4.35083
  77.50000    4.35000
  78.00000    4.34916
  78.50000    4.34850
  79.00000    4.34784
  79.50000    4.34719
  80.00000    4.34653
  80.50000    4.34588
  81.00000    4.34523
  81.50000    4.34457
  82.00000    4.34392
  82.50000    4.34335
  83.00000    4.34286
  83.50000    4.34238
  84.00000    4.34189
  84.50000    4.34140
  85.00000    4.34091
  85.50000    4.34043
  86.00000    4.33994
  86.50000    4.33947
  87.00000    4.33917
  87.50000    4.33888
  88.00000    4.33858
  88.50000    4.33828
  89.00000    4.33798
  89.50000    4.33769
  90.00000    4.33739
  90.50000    4.33709
  91.00000    4.33693
  91.50000    4.33682
  92.00000    4.33671
  92.50000    4.33661
  93.00000    4.33650
  93.50000    4.33639
  94.00000    4.33628
  94.50000    4.33618
  95.00000    4.33612
  95.50000    4.33621
  96.00000    4.33629
  96.50000    4.33637
  97.00000    4.33646
  97.50000    4.33654
  98.00000    4.33662
  98.50000    4.33671
  99.00000    4.33679
  99.50000    4.33702
 100.00000    4.33727
 100.50000    4.33752
 101.00000    4.33777
 101.50000    4.33802
 102.00000    4.33826
 102.50000    4.33851
 103.00000    4.33876
 103.50000    4.33910
 104.00000    4.33952
 104.50000    4.33995
 105.00000    4.34038
 105.50000    4.34081
 106.00000    4.34124
 106.50000    4.34166
 107.00000    4.34209
 107.50000    4.34253
 108.00000    4.34312
 108.50000    4.34372
 109.00000    4.34431
 109.50000    4.34490
 110.00000    4.34550
 110.50000    4.34609
 111.00000    4.34669
 111.50000    4.34728
 112.00000    4.34796
 112.50000    4.34868
 113.00000    4.34941
 113.50000    4.35014
 114.00000    4.35086
 114.50000    4.35159
 115.00000    4.35231
 115.50000    4.35304
 116.00000    4.35380
 116.50000    4.35468
 117.00000    4.35556
 117.50000    4.35644
 118.00000    4.35731
 118.50000    4.35819
 119.00000    4.35907
 119.50000    4.35995
 120.00000    4.36083
 120.50000    4.36181
 121.00000    4.36281
 121.50000    4.36381
 122.00000    4.36481
 122.50000    4.36581
 123.00000    4.36680
 123.50000    4.36780
 124.00000    4.36880
 124.50000    4.36985
 125.00000    4.37098
 125.50000    4.37211
 126.00000    4.37324
 126.50000    4.37437
 127.00000    4.37550
 127.50000    4.37663
 128.00000    4.37776
 128.50000    4.37889
 129.00000    4.38012
 129.50000    4.38136
 130.00000    4.38260
 130.50000    4.38383
 131.00000    4.38507
 131.50000    4.38631
 132.00000    4.38754
 132.50000    4.38878
 133.00000    4.39008
 133.50000    4.39142
 134.00000    4.39276
 134.50000    4.39411
 135.00000    4.39545
 135.50000    4.39679
 136.00000    4.39814
 136.50000    4.39948
 137.00000    4.40084
 137.50000    4.40228
 138.00000    4.40372
 138.50000    4.40516
 139.00000    4.40660
 139.50000    4.40803
 140.00000    4.40947
 140.50000    4.41091
 141.00000    4.41235
 141.50000    4.41384
 142.00000    4.41535
 142.50000    4.41686
 143.00000    4.41837
 143.50000    4.41988
 144.00000    4.42139
 144.50000    4.42290
 145.00000    4.42441
 145.50000    4.42595
 146.00000    4.42756
 146.50000    4.42916
 147.00000    4.43077
 147.50000    4.43237
 148.00000    4.43398
 148.50000    4.43558
 149.00000    4.43719
 149.50000    4.43879
 150.00000    4.44044
