   0.00000    1.31770
   0.50000    3.20691
   1.00000    3.22835
   1.50000    3.24957
   2.00000    3.26895
   2.50000    3.28833
   3.00000    3.30643
   3.50000    3.32380
   4.00000    3.34087
   4.50000    3.35637
   5.00000    3.37188
   5.50000    3.38623
   6.00000    3.40004
   6.50000    3.41353
   7.00000    3.42581
   7.50000    3.43808
   8.00000    3.44942
   8.50000    3.46040
   9.00000    3.47108
   9.50000    3.48085
  10.00000    3.49062
  10.50000    3.49964
  11.00000    3.50844
  11.50000    3.51699
  12.00000    3.52495
  12.50000    3.53290
  13.00000    3.54032
  13.50000    3.54763
  14.00000    3.55477
  14.50000    3.56160
  15.00000    3.56842
  15.50000    3.57497
  16.00000    3.58147
  16.50000    3.58790
  17.00000    3.59424
  17.50000    3.60058
  18.00000    3.60696
  18.50000    3.61334
  19.00000    3.61981
  19.50000    3.62639
  20.00000    3.63297
  20.50000    3.63991
  21.00000    3.64685
  21.50000    3.65408
  22.00000    3.66159
  22.50000    3.66910
  23.00000    3.67726
  23.50000    3.68542
  24.00000    3.69407
  24.50000    3.70316
  25.00000    3.71231
  25.50000    3.72244
  26.00000    3.73258
  26.50000    3.74342
  27.00000    3.75477
  27.50000    3.76627
  28.00000    3.77903
  28.50000    3.79179
  29.00000    3.80552
  29.50000    3.81981
  30.00000    3.83438
  30.50000    3.85041
  31.00000    3.86644
  31.50000    3.88378
  32.00000    3.90175
  32.50000    3.92014
  33.00000    3.94017
  33.50000    3.96020
  34.00000    3.98187
  34.50000    4.00416
  35.00000    4.02700
  35.50000    4.05151
  36.00000    4.07602
  36.50000    4.36205
  37.00000    4.35746
  37.50000    4.35287
  38.00000    4.34827
  38.50000    4.34368
  39.00000    4.33909
  39.50000    4.33450
  40.00000    4.32990
  40.50000    4.32564
  41.00000    4.32195
  41.50000    4.31827
  42.00000    4.31458
  42.50000    4.31089
  43.00000    4.30720
  43.50000    4.30351
  44.00000    4.29982
  44.50000    4.29613
  45.00000    4.29329
  45.50000    4.29049
  46.00000    4.28768
  46.50000    4.28487
  47.00000    4.28206
  47.50000    4.27925
  48.00000    4.27645
  48.50000    4.27364
  49.00000    4.27128
  49.50000    4.26928
  50.00000    4.26728
  50.50000    4.26529
  51.00000    4.26329
  51.50000    4.26129
  52.00000    4.25929
  52.50000    4.25729
  53.00000    4.25540
  53.50000    4.25414
  54.00000    4.25288
  54.50000    4.25162
  55.00000    4.25036
  55.50000    4.24910
  56.00000    4.24784
  56.50000    4.24658
  57.00000    4.24531
  57.50000    4.24455
  58.00000    4.24396
  58.50000    4.24336
  59.00000    4.24277
  59.50000    4.24217
  60.00000    4.24158
  60.50000    4.24098
  61.00000    4.24039
  61.50000    4.24000
  62.00000    4.23998
  62.50000    4.23997
  63.00000    4.23996
  63.50000    4.23995
  64.00000    4.23994
  64.50000    4.23992
  65.00000    4.23991
  65.50000    4.23990
  66.00000    4.24039
  66.50000    4.24092
  67.00000    4.24144
  67.50000    4.24196
  68.00000    4.24249
  68.50000    4.24301
  69.00000    4.24353
  69.50000    4.24406
  70.00000    4.24482
  70.50000    4.24578
  71.00000    4.24675
  71.50000    4.24771
  72.00000    4.24867
  72.50000    4.24964
  73.00000    4.25060
  73.50000    4.25156
  74.00000    4.25258
  74.50000    4.25392
  75.00000    4.25527
  75.50000    4.25661
  76.00000    4.25796
  76.50000    4.25930
  77.00000    4.26065
  77.50000    4.26199
  78.00000    4.26333
  78.50000    4.26490
  79.00000    4.26656
  79.50000    4.26821
  80.00000    4.26987
  80.50000    4.27152
  81.00000    4.27317
  81.50000    4.27483
  82.00000    4.27648
  82.50000    4.27821
  83.00000    4.28010
  83.50000    4.28200
  84.00000    4.28389
  84.50000    4.28578
  85.00000    4.28767
  85.50000    4.28956
  86.00000    4.29146
  86.50000    4.29335
  87.00000    4.29539
  87.50000    4.29745
  88.00000    4.29951
  88.50000    4.30157
  89.00000    4.30363
  89.50000    4.30568
  90.00000    4.30774
  90.50000    4.30980
  91.00000    4.31191
  91.50000    4.31406
  92.00000    4.31622
  92.50000    4.31837
  93.00000    4.32052
  93.50000    4.32268
  94.00000    4.32483
  94.50000    4.32698
  95.00000    4.32915
  95.50000    4.33137
  96.00000    4.33360
  96.50000    4.33582
  97.00000    4.33805
  97.50000    4.34027
  98.00000    4.34250
  98.50000    4.34472
  99.00000    4.34695
  99.50000    4.34921
 100.00000    4.35150
 100.50000    4.35378
 101.00000    4.35607
 101.50000    4.35835
 102.00000    4.36064
 102.50000    4.36292
 103.00000    4.36521
 103.50000    4.36750
 104.00000    4.36981
 104.50000    4.37211
 105.00000    4.37442
 105.50000    4.37673
 106.00000    4.37904
 106.50000    4.38135
 107.00000    4.38366
 107.50000    4.38596
 108.00000    4.38829
 108.50000    4.39063
 109.00000    4.39296
 109.50000    4.39529
 110.00000    4.39762
 110.50000    4.39996
 111.00000    4.40229
 111.50000    4.40462
 112.00000    4.40695
 112.50000    4.40927
 113.00000    4.41159
 113.50000    4.41391
 114.00000    4.41623
 114.50000    4.41854
 115.00000    4.42086
 115.50000    4.42318
 116.00000    4.42550
 116.50000    4.42781
 117.00000    4.43012
 117.50000    4.43243
 118.00000    4.43474
 118.50000    4.43705
 119.00000    4.43935
 119.50000    4.44166
 120.00000    4.44397
 120.50000    4.44624
 121.00000    4.44849
 121.50000    4.45074
 122.00000    4.45299
 122.50000    4.45523
 123.00000    4.45748
 123.50000    4.45973
 124.00000    4.46198
 124.50000    4.46421
 125.00000    4.46640
 125.50000    4.46859
 126.00000    4.47078
 126.50000    4.47297
 127.00000    4.47516
 127.50000    4.47735
 128.00000    4.47954
 128.50000    4.48173
 129.00000    4.48383
 129.50000    4.48593
 130.00000    4.48802
 130.50000    4.49012
 131.00000    4.49221
 131.50000    4.49430
 132.00000    4.49640
 132.50000    4.49849
 133.00000    4.50054
 133.50000    4.50254
 134.00000    4.50454
 134.50000    4.50654
 135.00000    4.50854
 135.50000    4.51053
 136.00000    4.51253
 136.50000    4.51453
 137.00000    4.51652
 137.50000    4.51840
 138.00000    4.52028
 138.50000    4.52216
 139.00000    4.52404
 139.50000    4.52592
 140.00000    4.52780
 140.50000    4.52968
 141.00000    4.53156
 141.50000    4.53334
 142.00000    4.53507
 142.50000    4.53679
 143.00000    4.53852
 143.50000    4.54024
 144.00000    4.54197
 144.50000    4.54369
 145.00000    4.54542
 145.50000    4.54710
 146.00000    4.54866
 146.50000    4.55022
 147.00000    4.55178
 147.50000    4.55334
 148.00000    4.55490
 148.50000    4.55645
 149.00000    4.55801
 149.50000    4.55957
 150.00000    4.56098
