   8.00000    3.17700    2.96400
  10.00000    3.23400    2.91800
  12.00000    3.31000    2.90000
  14.00000    3.39100    2.90500
  16.00000    3.46500    2.93500
  18.00000    3.54300    3.01400
  20.00000    3.61300    3.12000
  22.00000    3.66100    3.25700
  24.00000    3.70200    3.37300
  26.00000    3.73000    3.44900
  28.00000    3.74000    3.51200
  30.00000    3.76100    3.57600
  32.00000    3.77900    3.64500
  35.00000    3.79800    3.70600
  40.00000    3.81300    3.78300
  45.00000    3.81800    3.85300
  50.00000    3.82300    3.92400
