   8.00000    3.17300    2.96400
  10.00000    3.23600    2.91500
  12.00000    3.31700    2.90400
  14.00000    3.40400    2.88600
  16.00000    3.47800    2.91900
  18.00000    3.55500    3.01700
  20.00000    3.62200    3.14000
  22.00000    3.67300    3.26300
  24.00000    3.71000    3.37900
  26.00000    3.74100    3.45200
  28.00000    3.75700    3.51800
  30.00000    3.77600    3.58400
  32.00000    3.79000    3.64900
  35.00000    3.81100    3.70500
  40.00000    3.82100    3.78900
  45.00000    3.82700    3.87000
  50.00000    3.83300    3.95100
