   8.00000    3.15800    2.95900
  10.00000    3.22900    2.92500
  12.00000    3.29600    2.88300
  14.00000    3.37400    2.89000
  16.00000    3.44300    2.91700
  18.00000    3.51900    2.97900
  20.00000    3.58400    3.07500
  22.00000    3.63600    3.19800
  24.00000    3.67300    3.33900
  26.00000    3.70900    3.42600
  28.00000    3.71600    3.48900
  30.00000    3.74400    3.54800
  32.00000    3.75800    3.60500
  35.00000    3.77000    3.66300
  40.00000    3.78600    3.73900
  45.00000    3.79300    3.81000
  50.00000    3.80100    3.88100
