   8.00000    3.06000    2.84600
  10.00000    3.13200    2.85100
  12.00000    3.19000    2.81700
  14.00000    3.27100    2.80300
  16.00000    3.35700    2.79800
  18.00000    3.44600    2.85500
  20.00000    3.52200    2.97700
  22.00000    3.58100    3.09700
  24.00000    3.63400    3.20000
  26.00000    3.66600    3.31200
  28.00000    3.68600    3.39900
  30.00000    3.71000    3.45700
  32.00000    3.72900    3.51800
  35.00000    3.75200    3.58000
  40.00000    3.77700    3.66600
  45.00000    3.78900    3.74700
  50.00000    3.80100    3.82800
