   8.00000    3.21700    3.04700
  10.00000    3.25100    3.07400
  12.00000    3.28500    3.07000
  14.00000    3.32100    3.01000
  16.00000    3.36200    2.99700
  18.00000    3.41100    2.99200
  20.00000    3.46400    2.98900
  22.00000    3.50900    3.01000
  24.00000    3.55500    3.05800
  26.00000    3.60300    3.12300
  28.00000    3.65000    3.21700
  30.00000    3.67000    3.29800
  32.00000    3.69300    3.39600
  35.00000    3.71900    3.46400
  40.00000    3.75500    3.55800
  45.00000    3.76300    3.64700
  50.00000    3.77000    3.73600
