   8.00000    3.16700    2.95500
  10.00000    3.22300    2.92800
  12.00000    3.28600    2.89800
  14.00000    3.36000    2.90400
  16.00000    3.43500    2.92500
  18.00000    3.50600    2.96100
  20.00000    3.56900    3.08900
  22.00000    3.61900    3.23100
  24.00000    3.65700    3.37100
  26.00000    3.69300    3.47600
  28.00000    3.72700    3.55500
  30.00000    3.73800    3.59500
  32.00000    3.75800    3.59800
  35.00000    3.77800    3.62600
  40.00000    3.79700    3.69600
  45.00000    3.80400    3.77200
  50.00000    3.81100    3.84700
