   8.00000    3.04600    2.81400
  10.00000    3.14800    2.87100
  12.00000    3.22500    2.82900
  14.00000    3.30400    2.82100
  16.00000    3.37600    2.81000
  18.00000    3.44600    2.83400
  20.00000    3.52600    2.88400
  22.00000    3.59800    2.96600
  24.00000    3.65900    3.09300
  26.00000    3.70800    3.26400
  28.00000    3.75200    3.42100
  30.00000    3.77300    3.52900
  32.00000    3.79200    3.57300
  35.00000    3.81600    3.61100
  40.00000    3.85100    3.63500
  45.00000    3.85800    3.65000
  50.00000    3.86600    3.66400
