   8.00000    3.08900    2.86800
  10.00000    3.14600    2.92000
  12.00000    3.18700    2.96500
  14.00000    3.22100    2.93200
  16.00000    3.25600    2.90600
  18.00000    3.30300    2.88100
  20.00000    3.35600    2.89700
  22.00000    3.40700    2.93900
  24.00000    3.44700    2.99100
  26.00000    3.49100    3.03000
  28.00000    3.53800    3.06000
  30.00000    3.57700    3.10000
  32.00000    3.60600    3.16800
  35.00000    3.64000    3.28500
  40.00000    3.68800    3.43500
  45.00000    3.70600    3.57300
  50.00000    3.72300    3.71200
