   8.00000    3.10800    2.91300
  10.00000    3.17200    2.98000
  12.00000    3.21200    3.00200
  14.00000    3.24600    2.98100
  16.00000    3.28300    2.95200
  18.00000    3.33100    2.92200
  20.00000    3.37900    2.92900
  22.00000    3.42800    2.96800
  24.00000    3.47200    3.00100
  26.00000    3.51300    3.03400
  28.00000    3.55000    3.06700
  30.00000    3.58500    3.10900
  32.00000    3.62100    3.17700
  35.00000    3.64600    3.29300
  40.00000    3.69700    3.44200
  45.00000    3.72100    3.58000
  50.00000    3.74600    3.71800
