   8.00000    3.21000    3.01500
  10.00000    3.25700    3.07100
  12.00000    3.29200    3.10500
  14.00000    3.32600    3.09100
  16.00000    3.37100    3.04200
  18.00000    3.41200    3.03300
  20.00000    3.45700    3.04300
  22.00000    3.50000    3.05200
  24.00000    3.54600    3.07800
  26.00000    3.58700    3.12800
  28.00000    3.63300    3.19700
  30.00000    3.65500    3.26800
  32.00000    3.68400    3.33400
  35.00000    3.70500    3.40600
  40.00000    3.74700    3.50700
  45.00000    3.76200    3.60300
  50.00000    3.77700    3.70000
