   8.00000    3.13200    2.93700
  10.00000    3.20600    2.92200
  12.00000    3.27700    2.84600
  14.00000    3.36100    2.84200
  16.00000    3.44800    2.88900
  18.00000    3.53300    2.99400
  20.00000    3.59400    3.10800
  22.00000    3.64900    3.23000
  24.00000    3.68500    3.34800
  26.00000    3.71100    3.46000
  28.00000    3.75600    3.51600
  30.00000    3.75900    3.56700
  32.00000    3.77700    3.61900
  35.00000    3.78600    3.70000
  40.00000    3.79400    3.75500
  45.00000    3.80400    3.79000
  50.00000    3.81400    3.82500
