   8.00000    3.19300    3.10100
  10.00000    3.21500    3.12600
  12.00000    3.24200    3.09200
  14.00000    3.27200    3.02300
  16.00000    3.31500    2.92900
  18.00000    3.36800    2.89200
  20.00000    3.43000    2.89800
  22.00000    3.49300    2.94700
  24.00000    3.54700    3.03600
  26.00000    3.58500    3.13500
  28.00000    3.62300    3.19400
  30.00000    3.65200    3.27200
  32.00000    3.67000    3.33900
  35.00000    3.69200    3.43200
  40.00000    3.72700    3.54100
  45.00000    3.73800    3.63900
  50.00000    3.74900    3.73700
