   8.00000    3.19300    3.01100
  10.00000    3.24900    3.00700
  12.00000    3.29100    3.08100
  14.00000    3.33700    3.07300
  16.00000    3.38300    3.07900
  18.00000    3.43000    3.06200
  20.00000    3.48100    3.06600
  22.00000    3.53000    3.06100
  24.00000    3.57400    3.08600
  26.00000    3.61100    3.14900
  28.00000    3.64700    3.23300
  30.00000    3.68100    3.31500
  32.00000    3.71000    3.37200
  35.00000    3.73700    3.43800
  40.00000    3.76900    3.52800
  45.00000    3.78700    3.61300
  50.00000    3.80600    3.69900
