   8.00000    3.08000    2.91200
  10.00000    3.15500    2.92200
  12.00000    3.23400    2.88100
  14.00000    3.31800    2.84100
  16.00000    3.40200    2.85100
  18.00000    3.47600    2.90300
  20.00000    3.54100    3.01200
  22.00000    3.58800    3.15800
  24.00000    3.62300    3.26700
  26.00000    3.65500    3.37700
  28.00000    3.68800    3.47000
  30.00000    3.69900    3.51800
  32.00000    3.71200    3.54100
  35.00000    3.73100    3.56400
  40.00000    3.74200    3.62300
  45.00000    3.75900    3.68700
  50.00000    3.77700    3.75100
