   8.00000    3.08200    2.90600
  10.00000    3.13500    2.86400
  12.00000    3.20200    2.82600
  14.00000    3.27000    2.83600
  16.00000    3.35900    2.85200
  18.00000    3.42700    2.91300
  20.00000    3.48900    3.07400
  22.00000    3.54000    3.23200
  24.00000    3.58300    3.34300
  26.00000    3.62700    3.40500
  28.00000    3.67000    3.47700
  30.00000    3.69700    3.53700
  32.00000    3.71600    3.60900
  35.00000    3.73700    3.68300
  40.00000    3.75900    3.73400
  45.00000    3.78200    3.76700
  50.00000    3.80500    3.80000
