   8.00000    3.08000    2.91300
  10.00000    3.13800    2.90100
  12.00000    3.20800    2.84200
  14.00000    3.28100    2.81500
  16.00000    3.36200    2.82400
  18.00000    3.43400    2.87300
  20.00000    3.48700    3.00600
  22.00000    3.53200    3.15600
  24.00000    3.57000    3.26400
  26.00000    3.60000    3.34500
  28.00000    3.65300    3.42000
  30.00000    3.68600    3.46100
  32.00000    3.71100    3.52000
  35.00000    3.73400    3.59300
  40.00000    3.75500    3.66100
  45.00000    3.76900    3.71500
  50.00000    3.78300    3.76800
