   8.00000    3.12400    2.95400
  10.00000    3.17300    3.00100
  12.00000    3.22800    3.00100
  14.00000    3.28100    3.00200
  16.00000    3.33600    3.00600
  18.00000    3.39100    3.01000
  20.00000    3.44600    3.00800
  22.00000    3.50100    3.02300
  24.00000    3.55200    3.06700
  26.00000    3.59700    3.11700
  28.00000    3.64800    3.17600
  30.00000    3.68300    3.23200
  32.00000    3.70300    3.29600
  35.00000    3.72900    3.39500
  40.00000    3.77600    3.55400
  45.00000    3.81000    3.71000
  50.00000    3.84300    3.86500
