   8.00000    3.17600    2.97300
  10.00000    3.22400    3.02100
  12.00000    3.26800    3.04100
  14.00000    3.31000    3.08600
  16.00000    3.35900    3.05800
  18.00000    3.40300    3.03700
  20.00000    3.45500    3.02700
  22.00000    3.50600    3.05300
  24.00000    3.55500    3.11000
  26.00000    3.59700    3.17000
  28.00000    3.63500    3.21100
  30.00000    3.66700    3.25500
  32.00000    3.69200    3.29700
  35.00000    3.72200    3.36200
  40.00000    3.76200    3.47500
  45.00000    3.78300    3.58900
  50.00000    3.80400    3.70400
