   8.00000    3.08500    2.79600
  10.00000    3.15700    2.86300
  12.00000    3.20900    2.92200
  14.00000    3.25200    2.91600
  16.00000    3.29400    2.93000
  18.00000    3.34200    2.96700
  20.00000    3.39800    2.96300
  22.00000    3.45200    2.97500
  24.00000    3.50100    3.00700
  26.00000    3.54600    3.05200
  28.00000    3.58400    3.11900
  30.00000    3.62300    3.19500
  32.00000    3.65800    3.26000
  35.00000    3.69900    3.36300
  40.00000    3.74500    3.52200
  45.00000    3.77400    3.67800
  50.00000    3.80400    3.83400
