   8.00000    3.20100    3.07600
  10.00000    3.23800    3.08700
  12.00000    3.27500    3.06100
  14.00000    3.31600    3.05600
  16.00000    3.35100    3.08000
  18.00000    3.39700    3.10300
  20.00000    3.44400    3.11400
  22.00000    3.49600    3.11500
  24.00000    3.53500    3.12700
  26.00000    3.57300    3.14700
  28.00000    3.60000    3.20500
  30.00000    3.63100    3.25400
  32.00000    3.65300    3.29300
  35.00000    3.67900    3.37100
  40.00000    3.71000    3.46500
  45.00000    3.73800    3.55000
  50.00000    3.76700    3.63500
