   8.00000    3.14100    2.96300
  10.00000    3.18200    2.95300
  12.00000    3.23000    2.93900
  14.00000    3.28300    2.90800
  16.00000    3.34400    2.85300
  18.00000    3.41300    2.83200
  20.00000    3.47700    2.89600
  22.00000    3.54000    2.99900
  24.00000    3.59300    3.12200
  26.00000    3.62800    3.25700
  28.00000    3.66100    3.35900
  30.00000    3.68800    3.44000
  32.00000    3.70700    3.48300
  35.00000    3.72900    3.52800
  40.00000    3.74400    3.59600
  45.00000    3.76200    3.66300
  50.00000    3.78000    3.73000
