   8.00000    3.12200    2.93600
  10.00000    3.17300    2.97300
  12.00000    3.22100    2.99700
  14.00000    3.27600    2.98900
  16.00000    3.32900    2.99200
  18.00000    3.38400    2.98500
  20.00000    3.43800    2.98100
  22.00000    3.49200    3.00200
  24.00000    3.54300    3.05800
  26.00000    3.58400    3.10900
  28.00000    3.64100    3.16800
  30.00000    3.67800    3.22800
  32.00000    3.70300    3.29300
  35.00000    3.73100    3.39900
  40.00000    3.78600    3.56400
  45.00000    3.82300    3.72500
  50.00000    3.85900    3.88700
