   8.00000    3.21300    3.03000
  10.00000    3.26300    3.09500
  12.00000    3.29900    3.11000
  14.00000    3.33800    3.09300
  16.00000    3.37500    3.05700
  18.00000    3.41900    3.03500
  20.00000    3.45600    2.99200
  22.00000    3.50600    2.99900
  24.00000    3.55400    3.07500
  26.00000    3.59500    3.17800
  28.00000    3.63200    3.26900
  30.00000    3.66500    3.32800
  32.00000    3.66800    3.39500
  35.00000    3.69900    3.46700
  40.00000    3.73800    3.52000
  45.00000    3.74300    3.55600
  50.00000    3.74900    3.59300
