   8.00000    3.05300    2.78800
  10.00000    3.12900    2.88500
  12.00000    3.17600    2.90800
  14.00000    3.22200    2.91100
  16.00000    3.26900    2.91100
  18.00000    3.31700    2.92200
  20.00000    3.36700    2.93200
  22.00000    3.41800    2.96400
  24.00000    3.46800    2.99900
  26.00000    3.51300    3.03300
  28.00000    3.54100    3.08100
  30.00000    3.58500    3.12600
  32.00000    3.62500    3.17600
  35.00000    3.66800    3.27800
  40.00000    3.72000    3.42000
  45.00000    3.74600    3.55600
  50.00000    3.77100    3.69200
