   8.00000    3.15600    2.90600
  10.00000    3.21200    2.98700
  12.00000    3.26100    2.98500
  14.00000    3.30300    2.95100
  16.00000    3.34700    2.98800
  18.00000    3.39100    2.99400
  20.00000    3.43700    2.99500
  22.00000    3.48300    2.99700
  24.00000    3.53400    3.04000
  26.00000    3.57800    3.09900
  28.00000    3.61000    3.17400
  30.00000    3.65400    3.25100
  32.00000    3.68600    3.31200
  35.00000    3.70800    3.41300
  40.00000    3.76000    3.54300
  45.00000    3.78900    3.66200
  50.00000    3.81700    3.78200
