   8.00000    3.17400    2.94200
  10.00000    3.22200    3.00600
  12.00000    3.26500    3.01300
  14.00000    3.30200    3.01100
  16.00000    3.34600    3.00600
  18.00000    3.39900    3.00900
  20.00000    3.45000    3.01000
  22.00000    3.50300    3.00800
  24.00000    3.55000    3.03100
  26.00000    3.59400    3.07800
  28.00000    3.62800    3.13300
  30.00000    3.67900    3.20100
  32.00000    3.70900    3.26200
  35.00000    3.74600    3.36700
  40.00000    3.78100    3.50800
  45.00000    3.81000    3.63900
  50.00000    3.84000    3.77100
