   8.00000    3.07700    2.87300
  10.00000    3.12700    2.91100
  12.00000    3.17400    2.93600
  14.00000    3.23200    2.89800
  16.00000    3.29600    2.86800
  18.00000    3.37000    2.84000
  20.00000    3.43600    2.87100
  22.00000    3.49300    2.94600
  24.00000    3.54900    3.03100
  26.00000    3.59300    3.13700
  28.00000    3.63600    3.22600
  30.00000    3.66100    3.29300
  32.00000    3.67100    3.36100
  35.00000    3.69600    3.48000
  40.00000    3.73200    3.60200
  45.00000    3.75200    3.70500
  50.00000    3.77200    3.80800
