   8.00000    3.15900    2.95600
  10.00000    3.22300    3.01700
  12.00000    3.25900    3.10300
  14.00000    3.29500    3.08600
  16.00000    3.32900    3.02200
  18.00000    3.37100    3.03100
  20.00000    3.42000    3.04500
  22.00000    3.46300    3.09700
  24.00000    3.50700    3.17800
  26.00000    3.54800    3.22300
  28.00000    3.57800    3.22400
  30.00000    3.61400    3.25600
  32.00000    3.63600    3.29900
  35.00000    3.66200    3.38200
  40.00000    3.69800    3.46000
  45.00000    3.71200    3.52400
  50.00000    3.72600    3.58800
