   8.00000    3.03400    2.81800
  10.00000    3.08200    2.83300
  12.00000    3.14000    2.82500
  14.00000    3.19700    2.79300
  16.00000    3.26700    2.76500
  18.00000    3.33800    2.78400
  20.00000    3.41100    2.82100
  22.00000    3.47200    2.89400
  24.00000    3.54100    2.99500
  26.00000    3.59400    3.11200
  28.00000    3.63600    3.23700
  30.00000    3.66000    3.33700
  32.00000    3.68500    3.40000
  35.00000    3.70300    3.45900
  40.00000    3.73400    3.54700
  45.00000    3.75100    3.63200
  50.00000    3.76800    3.71700
