   8.00000    3.06900    2.87600
  10.00000    3.12800    2.89100
  12.00000    3.18900    2.89900
  14.00000    3.23600    2.88300
  16.00000    3.29000    2.85200
  18.00000    3.35400    2.83600
  20.00000    3.42500    2.89000
  22.00000    3.48800    2.95600
  24.00000    3.54400    3.03200
  26.00000    3.58700    3.13700
  28.00000    3.60200    3.23400
  30.00000    3.64500    3.30600
  32.00000    3.67700    3.36100
  35.00000    3.69600    3.46500
  40.00000    3.71700    3.58200
  45.00000    3.73800    3.68500
  50.00000    3.75900    3.78800
