   8.00000    3.17800    2.94800
  10.00000    3.23400    2.98400
  12.00000    3.27700    3.01600
  14.00000    3.31900    3.05000
  16.00000    3.36500    3.05800
  18.00000    3.41600    3.04700
  20.00000    3.47100    3.03900
  22.00000    3.52400    3.04400
  24.00000    3.57800    3.07000
  26.00000    3.62200    3.12200
  28.00000    3.66600    3.19700
  30.00000    3.68100    3.27900
  32.00000    3.72600    3.32500
  35.00000    3.76500    3.41800
  40.00000    3.81900    3.51800
  45.00000    3.85200    3.60500
  50.00000    3.88400    3.69100
