   8.00000    3.03200    2.68300
  10.00000    3.08900    2.80900
  12.00000    3.14300    2.89300
  14.00000    3.19700    2.95200
  16.00000    3.25000    2.94000
  18.00000    3.30000    2.90300
  20.00000    3.35300    2.91000
  22.00000    3.40100    2.92200
  24.00000    3.44600    2.94900
  26.00000    3.49700    2.99700
  28.00000    3.52100    3.05400
  30.00000    3.56700    3.11600
  32.00000    3.60900    3.17500
  35.00000    3.64900    3.25800
  40.00000    3.70800    3.38300
  45.00000    3.73600    3.50400
  50.00000    3.76500    3.62600
