   8.00000    3.06900    2.86400
  10.00000    3.11800    2.85600
  12.00000    3.17300    2.86400
  14.00000    3.23500    2.78800
  16.00000    3.30400    2.77100
  18.00000    3.38200    2.83300
  20.00000    3.45000    2.90700
  22.00000    3.51500    2.98200
  24.00000    3.56200    3.07200
  26.00000    3.59400    3.15800
  28.00000    3.63400    3.24300
  30.00000    3.66600    3.33900
  32.00000    3.67500    3.39400
  35.00000    3.69700    3.46900
  40.00000    3.72500    3.56900
  45.00000    3.74200    3.66300
  50.00000    3.75900    3.75700
