   8.00000    2.99200    2.70100
  10.00000    3.04100    2.80100
  12.00000    3.08900    2.84300
  14.00000    3.13600    2.88500
  16.00000    3.18200    2.85300
  18.00000    3.22900    2.82100
  20.00000    3.27900    2.80700
  22.00000    3.33300    2.81900
  24.00000    3.38800    2.86200
  26.00000    3.44100    2.94800
  28.00000    3.48300    3.02400
  30.00000    3.52200    3.10200
  32.00000    3.54600    3.16600
  35.00000    3.59100    3.22500
  40.00000    3.64700    3.35900
  45.00000    3.67600    3.50300
  50.00000    3.70400    3.64600
