   8.00000    3.04400    2.82400
  10.00000    3.11300    2.87100
  12.00000    3.16500    2.87200
  14.00000    3.22800    2.87100
  16.00000    3.29400    2.84600
  18.00000    3.36700    2.84400
  20.00000    3.43400    2.89000
  22.00000    3.49800    2.94800
  24.00000    3.54700    3.03600
  26.00000    3.58800    3.11300
  28.00000    3.64300    3.17800
  30.00000    3.66400    3.25700
  32.00000    3.68400    3.35100
  35.00000    3.70300    3.47500
  40.00000    3.73500    3.55400
  45.00000    3.75500    3.60100
  50.00000    3.77500    3.64800
