   8.00000    2.99800    2.78400
  10.00000    3.05200    2.84800
  12.00000    3.10000    2.86300
  14.00000    3.14900    2.86600
  16.00000    3.19800    2.85200
  18.00000    3.25000    2.83700
  20.00000    3.30100    2.82600
  22.00000    3.35500    2.86000
  24.00000    3.41000    2.91800
  26.00000    3.45200    2.99300
  28.00000    3.49400    3.06400
  30.00000    3.52100    3.12300
  32.00000    3.52600    3.17800
  35.00000    3.56900    3.24800
  40.00000    3.61400    3.33100
  45.00000    3.64700    3.40500
  50.00000    3.67900    3.47900
