   8.00000    3.01600    2.72300
  10.00000    3.09600    2.84600
  12.00000    3.14300    2.92100
  14.00000    3.18600    2.94200
  16.00000    3.22400    2.93800
  18.00000    3.27200    2.92700
  20.00000    3.32500    2.92500
  22.00000    3.37300    2.94400
  24.00000    3.41700    2.98900
  26.00000    3.45700    3.02800
  28.00000    3.46300    3.07300
  30.00000    3.51400    3.11600
  32.00000    3.54500    3.14800
  35.00000    3.59000    3.23400
  40.00000    3.63800    3.34900
  45.00000    3.66000    3.45600
  50.00000    3.68100    3.56400
