   8.00000    3.10900    2.95400
  10.00000    3.16400    2.92600
  12.00000    3.21800    2.89900
  14.00000    3.27600    2.87600
  16.00000    3.34200    2.87000
  18.00000    3.41200    2.89800
  20.00000    3.48000    2.95500
  22.00000    3.54000    3.03700
  24.00000    3.59600    3.12500
  26.00000    3.62900    3.20300
  28.00000    3.64600    3.27900
  30.00000    3.67900    3.35000
  32.00000    3.72800    3.42300
  35.00000    3.74000    3.53700
  40.00000    3.76200    3.65800
  45.00000    3.78200    3.76400
  50.00000    3.80200    3.86900
