   8.00000    3.07100    2.84900
  10.00000    3.12400    2.85500
  12.00000    3.18100    2.82400
  14.00000    3.25300    2.78700
  16.00000    3.33600    2.79700
  18.00000    3.41900    2.85700
  20.00000    3.49300    2.91900
  22.00000    3.56100    3.01900
  24.00000    3.60700    3.13700
  26.00000    3.64200    3.23800
  28.00000    3.66700    3.31600
  30.00000    3.69700    3.40300
  32.00000    3.71000    3.47900
  35.00000    3.73100    3.56400
  40.00000    3.74100    3.65000
  45.00000    3.75500    3.72200
  50.00000    3.76900    3.79300
