   8.00000    3.03000    2.79000
  10.00000    3.09000    2.77900
  12.00000    3.16400    2.75300
  14.00000    3.23500    2.72600
  16.00000    3.31600    2.74900
  18.00000    3.40500    2.82500
  20.00000    3.48200    2.92900
  22.00000    3.54300    3.03100
  24.00000    3.59200    3.14100
  26.00000    3.62800    3.24500
  28.00000    3.65200    3.32500
  30.00000    3.66900    3.38900
  32.00000    3.67500    3.46800
  35.00000    3.68200    3.52200
  40.00000    3.70600    3.58500
  45.00000    3.73500    3.64100
  50.00000    3.76300    3.69700
