   8.00000    3.03600    2.81100
  10.00000    3.09500    2.79100
  12.00000    3.16400    2.76600
  14.00000    3.24200    2.73800
  16.00000    3.31500    2.74500
  18.00000    3.39900    2.81200
  20.00000    3.46800    2.92500
  22.00000    3.53400    3.02500
  24.00000    3.59000    3.11100
  26.00000    3.62100    3.21300
  28.00000    3.65300    3.30400
  30.00000    3.68100    3.38800
  32.00000    3.70000    3.46400
  35.00000    3.71100    3.51400
  40.00000    3.72800    3.58600
  45.00000    3.74400    3.65400
  50.00000    3.76000    3.72300
