   8.00000    3.08300    2.78700
  10.00000    3.16900    2.84000
  12.00000    3.24200    2.81500
  14.00000    3.32900    2.82100
  16.00000    3.40900    2.86600
  18.00000    3.47900    2.95200
  20.00000    3.53100    3.06500
  22.00000    3.57000    3.15100
  24.00000    3.60400    3.26800
  26.00000    3.62700    3.36500
  28.00000    3.65900    3.43200
  30.00000    3.66100    3.48700
  32.00000    3.68400    3.53400
  35.00000    3.69700    3.57100
  40.00000    3.71900    3.59700
  45.00000    3.74900    3.61300
  50.00000    3.78000    3.63000
