   8.00000    2.99700    2.63100
  10.00000    3.08500    2.80800
  12.00000    3.14600    2.91700
  14.00000    3.19300    2.92700
  16.00000    3.22600    2.94600
  18.00000    3.26200    2.96900
  20.00000    3.30800    2.94800
  22.00000    3.35200    2.91900
  24.00000    3.39400    2.92200
  26.00000    3.44000    2.92300
  28.00000    3.49300    2.93700
  30.00000    3.53600    2.97400
  32.00000    3.59100    3.01900
  35.00000    3.64100    3.09000
  40.00000    3.72800    3.22200
  45.00000    3.79100    3.35700
  50.00000    3.85300    3.49200
