   8.00000    3.05400    2.79800
  10.00000    3.11600    2.83300
  12.00000    3.18600    2.79600
  14.00000    3.25700    2.77100
  16.00000    3.34100    2.79800
  18.00000    3.42200    2.86700
  20.00000    3.49300    2.96200
  22.00000    3.54800    3.08000
  24.00000    3.58900    3.20700
  26.00000    3.62300    3.31300
  28.00000    3.66700    3.38700
  30.00000    3.65700    3.44600
  32.00000    3.67000    3.48100
  35.00000    3.67300    3.53000
  40.00000    3.70000    3.58900
  45.00000    3.72300    3.64200
  50.00000    3.74600    3.69500
