   8.00000    3.07600    2.81900
  10.00000    3.13700    2.83000
  12.00000    3.19700    2.81900
  14.00000    3.26600    2.79600
  16.00000    3.33900    2.80800
  18.00000    3.41000    2.86000
  20.00000    3.48100    2.92200
  22.00000    3.54400    3.02700
  24.00000    3.59600    3.14400
  26.00000    3.63700    3.25100
  28.00000    3.66000    3.34900
  30.00000    3.70700    3.43400
  32.00000    3.70500    3.50700
  35.00000    3.71900    3.58200
  40.00000    3.73500    3.65500
  45.00000    3.75800    3.71500
  50.00000    3.78000    3.77500
