   8.00000    3.08600    2.84100
  10.00000    3.16100    2.79200
  12.00000    3.24800    2.80400
  14.00000    3.33000    2.86200
  16.00000    3.39600    2.90900
  18.00000    3.46700    2.98000
  20.00000    3.52500    3.08400
  22.00000    3.57100    3.19800
  24.00000    3.60300    3.30600
  26.00000    3.62800    3.37600
  28.00000    3.66700    3.42200
  30.00000    3.68300    3.46300
  32.00000    3.70100    3.48900
  35.00000    3.72400    3.52800
  40.00000    3.75300    3.59500
  45.00000    3.77400    3.66400
  50.00000    3.79500    3.73200
