   8.00000    2.88800    2.32800
  10.00000    3.02200    2.58000
  12.00000    3.11800    2.71200
  14.00000    3.19100    2.75900
  16.00000    3.26300    2.80000
  18.00000    3.32100    2.85000
  20.00000    3.39600    2.86800
  22.00000    3.46700    2.91800
  24.00000    3.52800    2.96900
  26.00000    3.58500    3.01300
  28.00000    3.63400    3.04700
  30.00000    3.68700    3.10600
  32.00000    3.73600    3.18200
  35.00000    3.79300    3.31700
  40.00000    3.84000    3.48700
  45.00000    3.88100    3.64300
  50.00000    3.92200    3.79900
