   8.00000    2.91400    2.41900
  10.00000    3.02100    2.63000
  12.00000    3.10600    2.76700
  14.00000    3.17200    2.80200
  16.00000    3.23800    2.81700
  18.00000    3.31400    2.81900
  20.00000    3.38800    2.83400
  22.00000    3.46400    2.87600
  24.00000    3.53400    2.93000
  26.00000    3.59600    2.98800
  28.00000    3.65600    3.03000
  30.00000    3.68600    3.11000
  32.00000    3.71500    3.21100
  35.00000    3.76000    3.33000
  40.00000    3.80300    3.46700
  45.00000    3.83300    3.58800
  50.00000    3.86200    3.70800
