   8.00000    3.10600    2.81800
  10.00000    3.17400    2.86100
  12.00000    3.24100    2.89400
  14.00000    3.30900    2.89000
  16.00000    3.37100    2.90100
  18.00000    3.43300    2.94700
  20.00000    3.49300    3.02500
  22.00000    3.54700    3.12700
  24.00000    3.58100    3.24000
  26.00000    3.61100    3.33000
  28.00000    3.65600    3.40500
  30.00000    3.65900    3.44500
  32.00000    3.66900    3.48700
  35.00000    3.68000    3.53500
  40.00000    3.70000    3.59300
  45.00000    3.71900    3.64500
  50.00000    3.73800    3.69700
