   8.00000    2.99100    2.63600
  10.00000    3.08800    2.80300
  12.00000    3.15300    2.87200
  14.00000    3.21300    2.88600
  16.00000    3.27300    2.88800
  18.00000    3.33500    2.89000
  20.00000    3.39900    2.90700
  22.00000    3.45600    2.93900
  24.00000    3.51000    2.99700
  26.00000    3.55500    3.03800
  28.00000    3.61100    3.08800
  30.00000    3.64400    3.14200
  32.00000    3.67900    3.20800
  35.00000    3.71800    3.30000
  40.00000    3.76700    3.42400
  45.00000    3.81000    3.54200
  50.00000    3.85300    3.66000
