   8.00000    2.87900    2.32000
  10.00000    3.00100    2.57700
  12.00000    3.09200    2.69500
  14.00000    3.16600    2.71900
  16.00000    3.23000    2.73400
  18.00000    3.29800    2.76800
  20.00000    3.35800    2.80000
  22.00000    3.42500    2.83400
  24.00000    3.49500    2.86900
  26.00000    3.56200    2.90700
  28.00000    3.64300    2.94800
  30.00000    3.68500    3.01300
  32.00000    3.72800    3.11900
  35.00000    3.77900    3.26500
  40.00000    3.87200    3.44500
  45.00000    3.92000    3.61000
  50.00000    3.96700    3.77400
