   8.00000    3.13000    2.82800
  10.00000    3.20000    2.94300
  12.00000    3.25400    2.99600
  14.00000    3.30300    3.00000
  16.00000    3.35100    3.04100
  18.00000    3.39200    3.06900
  20.00000    3.43500    3.11000
  22.00000    3.47600    3.14500
  24.00000    3.50800    3.20100
  26.00000    3.53800    3.25500
  28.00000    3.57600    3.30200
  30.00000    3.58400    3.35400
  32.00000    3.59900    3.38600
  35.00000    3.62900    3.45300
  40.00000    3.65600    3.52000
  45.00000    3.67500    3.57600
  50.00000    3.69400    3.63200
