   8.00000    2.91200    2.38800
  10.00000    3.02700    2.59900
  12.00000    3.10800    2.67300
  14.00000    3.18300    2.78500
  16.00000    3.25900    2.83100
  18.00000    3.32500    2.87500
  20.00000    3.38700    2.91400
  22.00000    3.44900    2.94000
  24.00000    3.50000    2.95900
  26.00000    3.55900    2.97000
  28.00000    3.62400    2.98500
  30.00000    3.67300    3.03300
  32.00000    3.70600    3.11200
  35.00000    3.76400    3.22000
  40.00000    3.86600    3.37100
  45.00000    3.92700    3.51400
  50.00000    3.98800    3.65800
