   8.00000    3.01800    2.72800
  10.00000    3.09100    2.78700
  12.00000    3.16100    2.84400
  14.00000    3.22600    2.83100
  16.00000    3.28500    2.84500
  18.00000    3.34300    2.86400
  20.00000    3.40600    2.90500
  22.00000    3.46400    2.99300
  24.00000    3.51300    3.08600
  26.00000    3.55300    3.13000
  28.00000    3.62200    3.17100
  30.00000    3.61500    3.21400
  32.00000    3.66200    3.25800
  35.00000    3.68500    3.34300
  40.00000    3.72700    3.45100
  45.00000    3.77000    3.55100
  50.00000    3.81300    3.65000
