   8.00000    3.10800    2.81200
  10.00000    3.19000    2.85900
  12.00000    3.24400    2.90500
  14.00000    3.29700    3.00900
  16.00000    3.35000    3.02200
  18.00000    3.41100    3.02200
  20.00000    3.45900    3.03500
  22.00000    3.50700    3.09200
  24.00000    3.54900    3.15600
  26.00000    3.58000    3.19100
  28.00000    3.60000    3.26800
  30.00000    3.61600    3.33300
  32.00000    3.64000    3.38400
  35.00000    3.65300    3.46500
  40.00000    3.67400    3.52500
  45.00000    3.69100    3.56600
  50.00000    3.70700    3.60700
