   8.00000    2.97500    2.52000
  10.00000    3.07500    2.65800
  12.00000    3.15400    2.75100
  14.00000    3.22800    2.81100
  16.00000    3.29300    2.85800
  18.00000    3.33800    2.91100
  20.00000    3.39200    2.97600
  22.00000    3.44700    3.01500
  24.00000    3.50200    3.03100
  26.00000    3.55100    3.01800
  28.00000    3.63000    3.04100
  30.00000    3.67400    3.07600
  32.00000    3.71200    3.14300
  35.00000    3.76500    3.21700
  40.00000    3.85000    3.34900
  45.00000    3.89900    3.48400
  50.00000    3.94900    3.61900
