   8.00000    3.06700    2.75600
  10.00000    3.14800    2.85600
  12.00000    3.20500    2.91600
  14.00000    3.24500    2.94400
  16.00000    3.28700    2.95800
  18.00000    3.32600    2.97200
  20.00000    3.36500    2.99300
  22.00000    3.40100    3.04500
  24.00000    3.43400    3.09100
  26.00000    3.46400    3.15300
  28.00000    3.46600    3.20400
  30.00000    3.50300    3.26400
  32.00000    3.52900    3.31500
  35.00000    3.55800    3.36000
  40.00000    3.59500    3.41400
  45.00000    3.60900    3.46200
  50.00000    3.62300    3.51000
