   8.00000    3.04900    2.72000
  10.00000    3.12800    2.87100
  12.00000    3.18700    2.96000
  14.00000    3.24100    2.94300
  16.00000    3.28100    2.96100
  18.00000    3.31800    3.01400
  20.00000    3.35100    3.01900
  22.00000    3.38500    3.04400
  24.00000    3.41700    3.09600
  26.00000    3.45400    3.14500
  28.00000    3.47400    3.17800
  30.00000    3.50300    3.22400
  32.00000    3.52600    3.27800
  35.00000    3.55400    3.31800
  40.00000    3.59300    3.37500
  45.00000    3.62400    3.43000
  50.00000    3.65400    3.48500
