   8.00000    3.03500    2.68200
  10.00000    3.12200    2.82600
  12.00000    3.16500    2.86300
  14.00000    3.21700    2.93000
  16.00000    3.26500    2.95400
  18.00000    3.29400    2.97000
  20.00000    3.33100    2.97900
  22.00000    3.37400    3.02400
  24.00000    3.41000    3.09200
  26.00000    3.43800    3.14200
  28.00000    3.48900    3.16900
  30.00000    3.51900    3.18500
  32.00000    3.54400    3.20400
  35.00000    3.58000    3.23900
  40.00000    3.63100    3.29600
  45.00000    3.67300    3.35200
  50.00000    3.71500    3.40800
