   8.00000    3.07800    2.88300
  10.00000    3.13400    2.93700
  12.00000    3.18500    2.94600
  14.00000    3.23100    2.95100
  16.00000    3.28300    2.94300
  18.00000    3.33800    2.92800
  20.00000    3.39300    2.94700
  22.00000    3.44100    2.99600
  24.00000    3.48000    3.05100
  26.00000    3.51600    3.12000
  28.00000    3.53400    3.17300
  30.00000    3.56000    3.23400
  32.00000    3.58800    3.28800
  35.00000    3.61100    3.36700
  40.00000    3.64400    3.43900
  45.00000    3.65800    3.49500
  50.00000    3.67100    3.55100
