   8.00000    3.08100    2.92300
  10.00000    3.12900    2.96700
  12.00000    3.17200    2.96200
  14.00000    3.22300    2.95700
  16.00000    3.26800    2.93400
  18.00000    3.32900    2.92100
  20.00000    3.38900    2.95500
  22.00000    3.44000    3.00700
  24.00000    3.48100    3.05800
  26.00000    3.52400    3.11700
  28.00000    3.53600    3.15800
  30.00000    3.57800    3.21800
  32.00000    3.60400    3.28100
  35.00000    3.63200    3.37900
  40.00000    3.66800    3.46000
  45.00000    3.67800    3.52000
  50.00000    3.68800    3.58000
