   8.00000    3.03500    2.76500
  10.00000    3.10500    2.82600
  12.00000    3.15800    2.83500
  14.00000    3.20300    2.83500
  16.00000    3.22700    2.93200
  18.00000    3.26800    2.89900
  20.00000    3.30200    2.85800
  22.00000    3.33100    2.87800
  24.00000    3.36800    2.89100
  26.00000    3.41100    2.92600
  28.00000    3.46200    2.97400
  30.00000    3.49400    3.05600
  32.00000    3.51200    3.13500
  35.00000    3.55600    3.16300
  40.00000    3.63300    3.17900
  45.00000    3.68800    3.18800
  50.00000    3.74300    3.19700
