   8.00000    3.04500    2.73700
  10.00000    3.10800    2.83600
  12.00000    3.15400    2.83900
  14.00000    3.17500    2.86100
  16.00000    3.21800    2.88300
  18.00000    3.25800    2.92700
  20.00000    3.29300    2.95000
  22.00000    3.32900    2.97400
  24.00000    3.36700    2.99400
  26.00000    3.40600    3.01800
  28.00000    3.47500    3.02800
  30.00000    3.49500    3.05200
  32.00000    3.52200    3.08300
  35.00000    3.55600    3.14400
  40.00000    3.61600    3.23900
  45.00000    3.66600    3.33100
  50.00000    3.71600    3.42300
