   8.00000    3.07500    2.76700
  10.00000    3.13200    2.91800
  12.00000    3.17800    2.92600
  14.00000    3.22100    2.93900
  16.00000    3.26700    2.95000
  18.00000    3.30300    2.93900
  20.00000    3.34400    2.96300
  22.00000    3.38400    3.02900
  24.00000    3.42300    3.10100
  26.00000    3.45700    3.13900
  28.00000    3.50400    3.16700
  30.00000    3.52000    3.18700
  32.00000    3.55100    3.22800
  35.00000    3.58300    3.29900
  40.00000    3.63000    3.37700
  45.00000    3.66600    3.44500
  50.00000    3.70300    3.51200
