   8.00000    3.11000    2.87000
  10.00000    3.17100    2.93300
  12.00000    3.22600    2.93500
  14.00000    3.28500    2.87300
  16.00000    3.34600    2.86600
  18.00000    3.41700    2.93100
  20.00000    3.48900    3.00700
  22.00000    3.54300    3.08700
  24.00000    3.59100    3.16100
  26.00000    3.62900    3.24400
  28.00000    3.66100    3.32400
  30.00000    3.69000    3.39000
  32.00000    3.70300    3.44100
  35.00000    3.72500    3.49100
  40.00000    3.73900    3.57200
  45.00000    3.77200    3.65200
  50.00000    3.80500    3.73200
