   8.00000    3.06300    2.75300
  10.00000    3.12200    2.91700
  12.00000    3.17200    2.93300
  14.00000    3.21400    2.95200
  16.00000    3.25800    2.95800
  18.00000    3.29300    2.95500
  20.00000    3.33000    2.98600
  22.00000    3.36900    3.05200
  24.00000    3.40500    3.11300
  26.00000    3.43900    3.13500
  28.00000    3.48100    3.15300
  30.00000    3.51400    3.16400
  32.00000    3.54700    3.19500
  35.00000    3.57500    3.26600
  40.00000    3.62400    3.34700
  45.00000    3.66200    3.42000
  50.00000    3.70000    3.49200
