   8.00000    3.13600    2.93500
  10.00000    3.19500    3.01200
  12.00000    3.24100    2.99900
  14.00000    3.29900    2.92500
  16.00000    3.35700    2.90300
  18.00000    3.42600    2.95700
  20.00000    3.49400    3.00900
  22.00000    3.55200    3.07400
  24.00000    3.60700    3.13600
  26.00000    3.64200    3.22000
  28.00000    3.66500    3.30800
  30.00000    3.69400    3.37500
  32.00000    3.71100    3.43000
  35.00000    3.73400    3.49100
  40.00000    3.75700    3.59400
  45.00000    3.78600    3.69700
  50.00000    3.81600    3.80000
