   8.00000    3.08800    2.91000
  10.00000    3.13000    2.93500
  12.00000    3.16900    2.94600
  14.00000    3.23000    2.91500
  16.00000    3.28500    2.91200
  18.00000    3.34800    2.87400
  20.00000    3.41700    2.83500
  22.00000    3.48300    2.87800
  24.00000    3.55200    2.98100
  26.00000    3.60400    3.08400
  28.00000    3.63900    3.18600
  30.00000    3.66800    3.29000
  32.00000    3.69400    3.37200
  35.00000    3.72900    3.44500
  40.00000    3.77800    3.55600
  45.00000    3.80500    3.66400
  50.00000    3.83200    3.77200
