  0.00 1.5348 
  0.50 2.0899 
  1.00 3.2268 
  1.50 3.2461 
  2.00 3.2655 
  2.50 3.2834 
  3.00 3.3007 
  3.50 3.3180 
  4.00 3.3335 
  4.50 3.3487 
  5.00 3.3637 
  5.50 3.3771 
  6.00 3.3905 
  6.50 3.4033 
  7.00 3.4149 
  7.50 3.4266 
  8.00 3.4373 
  8.50 3.4474 
  9.00 3.4575 
  9.50 3.4664 
 10.00 3.4751 
 10.50 3.4838 
 11.00 3.4912 
 11.50 3.4986 
 12.00 3.5058 
 12.50 3.5121 
 13.00 3.5185 
 13.50 3.5243 
 14.00 3.5297 
 14.50 3.5351 
 15.00 3.5399 
 15.50 3.5445 
 16.00 3.5491 
 16.50 3.5532 
 17.00 3.5572 
 17.50 3.5611 
 18.00 3.5646 
 18.50 3.5681 
 19.00 3.5715 
 19.50 3.5747 
 20.00 3.5780 
 20.50 3.5811 
 21.00 3.5841 
 21.50 3.5871 
 22.00 3.5902 
 22.50 3.5933 
 23.00 3.5963 
 23.50 3.5995 
 24.00 3.6028 
 24.50 3.6061 
 25.00 3.6096 
 25.50 3.6131 
 26.00 3.6169 
 26.50 3.6209 
 27.00 3.6249 
 27.50 3.6293 
 28.00 3.6340 
 28.50 3.6386 
 29.00 3.6440 
 29.50 3.6494 
 30.00 3.6550 
 30.50 3.6613 
 31.00 3.6677 
 31.50 3.6745 
 32.00 3.6820 
 32.50 3.6894 
 33.00 3.6977 
 33.50 3.7064 
 34.00 3.7151 
 34.50 3.7250 
 35.00 3.7351 
 35.50 3.7454 
 36.00 3.7571 
 36.50 3.7688 
 37.00 3.7810 
 37.50 3.7944 
 38.00 3.8078 
 38.50 3.8222 
 39.00 3.8375 
 39.50 3.8528 
 40.00 3.8695 
 40.50 3.8868 
 41.00 3.9040 
 41.50 4.3313 
 42.00 4.3295 
 42.50 4.3277 
 43.00 4.3259 
 43.50 4.3240 
 44.00 4.3222 
 44.50 4.3204 
 45.00 4.3186 
 45.50 4.3172 
 46.00 4.3160 
 46.50 4.3147 
 47.00 4.3135 
 47.50 4.3122 
 48.00 4.3110 
 48.50 4.3098 
 49.00 4.3085 
 49.50 4.3076 
 50.00 4.3069 
 50.50 4.3062 
 51.00 4.3055 
 51.50 4.3048 
 52.00 4.3041 
 52.50 4.3034 
 53.00 4.3027 
 53.50 4.3023 
 54.00 4.3021 
 54.50 4.3019 
 55.00 4.3017 
 55.50 4.3015 
 56.00 4.3012 
 56.50 4.3010 
 57.00 4.3008 
 57.50 4.3008 
 58.00 4.3010 
 58.50 4.3012 
 59.00 4.3014 
 59.50 4.3016 
 60.00 4.3018 
 60.50 4.3020 
 61.00 4.3022 
 61.50 4.3025 
 62.00 4.3031 
 62.50 4.3036 
 63.00 4.3042 
 63.50 4.3048 
 64.00 4.3053 
 64.50 4.3059 
 65.00 4.3065 
 65.50 4.3070 
 66.00 4.3079 
 66.50 4.3088 
 67.00 4.3097 
 67.50 4.3105 
 68.00 4.3114 
 68.50 4.3123 
 69.00 4.3131 
 69.50 4.3140 
 70.00 4.3151 
 70.50 4.3162 
 71.00 4.3173 
 71.50 4.3184 
 72.00 4.3196 
 72.50 4.3207 
 73.00 4.3218 
 73.50 4.3229 
 74.00 4.3242 
 74.50 4.3254 
 75.00 4.3267 
 75.50 4.3280 
 76.00 4.3293 
 76.50 4.3306 
 77.00 4.3319 
 77.50 4.3332 
 78.00 4.3345 
 78.50 4.3359 
 79.00 4.3373 
 79.50 4.3388 
 80.00 4.3402 
 80.50 4.3416 
 81.00 4.3430 
 81.50 4.3444 
 82.00 4.3458 
 82.50 4.3473 
 83.00 4.3488 
 83.50 4.3502 
 84.00 4.3517 
 84.50 4.3532 
 85.00 4.3547 
 85.50 4.3561 
 86.00 4.3576 
 86.50 4.3591 
 87.00 4.3605 
 87.50 4.3620 
 88.00 4.3635 
 88.50 4.3649 
 89.00 4.3664 
 89.50 4.3678 
 90.00 4.3693 
 90.50 4.3707 
 91.00 4.3721 
 91.50 4.3735 
 92.00 4.3749 
 92.50 4.3763 
 93.00 4.3777 
 93.50 4.3791 
 94.00 4.3805 
 94.50 4.3818 
 95.00 4.3830 
 95.50 4.3843 
 96.00 4.3856 
 96.50 4.3869 
 97.00 4.3882 
 97.50 4.3895 
 98.00 4.3908 
 98.50 4.3920 
 99.00 4.3931 
 99.50 4.3943 
100.00 4.3955 
100.50 4.3966 
101.00 4.3978 
101.50 4.3990 
102.00 4.4001 
102.50 4.4012 
103.00 4.4023 
103.50 4.4033 
104.00 4.4044 
104.50 4.4055 
105.00 4.4066 
105.50 4.4076 
106.00 4.4087 
106.50 4.4097 
107.00 4.4107 
107.50 4.4116 
108.00 4.4126 
108.50 4.4136 
109.00 4.4146 
109.50 4.4155 
110.00 4.4165 
110.50 4.4174 
111.00 4.4183 
111.50 4.4192 
112.00 4.4201 
112.50 4.4210 
113.00 4.4218 
113.50 4.4227 
114.00 4.4236 
114.50 4.4245 
115.00 4.4253 
115.50 4.4261 
116.00 4.4269 
116.50 4.4278 
117.00 4.4286 
117.50 4.4294 
118.00 4.4302 
118.50 4.4310 
119.00 4.4318 
119.50 4.4326 
120.00 4.4333 
120.50 4.4341 
121.00 4.4348 
121.50 4.4356 
122.00 4.4364 
122.50 4.4371 
123.00 4.4378 
123.50 4.4386 
124.00 4.4393 
124.50 4.4400 
125.00 4.4407 
125.50 4.4414 
126.00 4.4421 
126.50 4.4428 
127.00 4.4435 
127.50 4.4442 
128.00 4.4449 
128.50 4.4455 
129.00 4.4462 
129.50 4.4469 
130.00 4.4475 
130.50 4.4482 
131.00 4.4489 
131.50 4.4495 
132.00 4.4502 
132.50 4.4508 
133.00 4.4515 
133.50 4.4521 
134.00 4.4528 
134.50 4.4534 
135.00 4.4541 
135.50 4.4547 
136.00 4.4553 
136.50 4.4560 
137.00 4.4566 
137.50 4.4572 
138.00 4.4578 
138.50 4.4585 
139.00 4.4591 
139.50 4.4597 
140.00 4.4604 
140.50 4.4610 
141.00 4.4616 
141.50 4.4623 
142.00 4.4629 
142.50 4.4635 
143.00 4.4642 
143.50 4.4648 
144.00 4.4654 
144.50 4.4661 
145.00 4.4667 
145.50 4.4673 
146.00 4.4679 
146.50 4.4686 
147.00 4.4692 
147.50 4.4699 
148.00 4.4705 
148.50 4.4712 
149.00 4.4718 
149.50 4.4725 
150.00 4.4732 
