  0.00 1.6706 
  0.50 2.1359 
  1.00 2.6012 
  1.50 3.3538 
  2.00 3.3675 
  2.50 3.3807 
  3.00 3.3927 
  3.50 3.4041 
  4.00 3.4145 
  4.50 3.4244 
  5.00 3.4333 
  5.50 3.4418 
  6.00 3.4494 
  6.50 3.4566 
  7.00 3.4630 
  7.50 3.4691 
  8.00 3.4745 
  8.50 3.4796 
  9.00 3.4841 
  9.50 3.4884 
 10.00 3.4922 
 10.50 3.4958 
 11.00 3.4990 
 11.50 3.5021 
 12.00 3.5048 
 12.50 3.5075 
 13.00 3.5101 
 13.50 3.5126 
 14.00 3.5150 
 14.50 3.5174 
 15.00 3.5198 
 15.50 3.5223 
 16.00 3.5249 
 16.50 3.5275 
 17.00 3.5305 
 17.50 3.5335 
 18.00 3.5369 
 18.50 3.5404 
 19.00 3.5445 
 19.50 3.5487 
 20.00 3.5535 
 20.50 3.5585 
 21.00 3.5642 
 21.50 3.5702 
 22.00 3.5770 
 22.50 3.5841 
 23.00 3.5922 
 23.50 3.6005 
 24.00 3.6100 
 24.50 3.6197 
 25.00 3.6307 
 25.50 3.6420 
 26.00 3.6547 
 26.50 3.6676 
 27.00 3.6822 
 27.50 3.6969 
 28.00 3.7135 
 28.50 3.7303 
 29.00 3.7490 
 29.50 3.7679 
 30.00 3.7887 
 30.50 4.3810 
 31.00 4.3787 
 31.50 4.3764 
 32.00 4.3741 
 32.50 4.3718 
 33.00 4.3696 
 33.50 4.3673 
 34.00 4.3650 
 34.50 4.3627 
 35.00 4.3605 
 35.50 4.3584 
 36.00 4.3563 
 36.50 4.3543 
 37.00 4.3522 
 37.50 4.3501 
 38.00 4.3481 
 38.50 4.3460 
 39.00 4.3439 
 39.50 4.3420 
 40.00 4.3402 
 40.50 4.3383 
 41.00 4.3365 
 41.50 4.3346 
 42.00 4.3327 
 42.50 4.3309 
 43.00 4.3290 
 43.50 4.3272 
 44.00 4.3255 
 44.50 4.3239 
 45.00 4.3223 
 45.50 4.3206 
 46.00 4.3190 
 46.50 4.3173 
 47.00 4.3157 
 47.50 4.3140 
 48.00 4.3125 
 48.50 4.3110 
 49.00 4.3095 
 49.50 4.3081 
 50.00 4.3067 
 50.50 4.3052 
 51.00 4.3037 
 51.50 4.3023 
 52.00 4.3009 
 52.50 4.2995 
 53.00 4.2983 
 53.50 4.2970 
 54.00 4.2957 
 54.50 4.2945 
 55.00 4.2932 
 55.50 4.2919 
 56.00 4.2907 
 56.50 4.2894 
 57.00 4.2883 
 57.50 4.2872 
 58.00 4.2861 
 58.50 4.2850 
 59.00 4.2839 
 59.50 4.2828 
 60.00 4.2817 
 60.50 4.2805 
 61.00 4.2795 
 61.50 4.2786 
 62.00 4.2776 
 62.50 4.2767 
 63.00 4.2758 
 63.50 4.2748 
 64.00 4.2739 
 64.50 4.2730 
 65.00 4.2720 
 65.50 4.2712 
 66.00 4.2704 
 66.50 4.2696 
 67.00 4.2688 
 67.50 4.2680 
 68.00 4.2672 
 68.50 4.2664 
 69.00 4.2656 
 69.50 4.2648 
 70.00 4.2641 
 70.50 4.2635 
 71.00 4.2628 
 71.50 4.2621 
 72.00 4.2615 
 72.50 4.2608 
 73.00 4.2601 
 73.50 4.2595 
 74.00 4.2588 
 74.50 4.2583 
 75.00 4.2577 
 75.50 4.2572 
 76.00 4.2567 
 76.50 4.2561 
 77.00 4.2556 
 77.50 4.2550 
 78.00 4.2545 
 78.50 4.2540 
 79.00 4.2536 
 79.50 4.2531 
 80.00 4.2527 
 80.50 4.2523 
 81.00 4.2518 
 81.50 4.2514 
 82.00 4.2509 
 82.50 4.2505 
 83.00 4.2501 
 83.50 4.2498 
 84.00 4.2495 
 84.50 4.2492 
 85.00 4.2488 
 85.50 4.2485 
 86.00 4.2481 
 86.50 4.2478 
 87.00 4.2475 
 87.50 4.2472 
 88.00 4.2470 
 88.50 4.2467 
 89.00 4.2465 
 89.50 4.2462 
 90.00 4.2460 
 90.50 4.2457 
 91.00 4.2455 
 91.50 4.2452 
 92.00 4.2451 
 92.50 4.2449 
 93.00 4.2448 
 93.50 4.2446 
 94.00 4.2444 
 94.50 4.2443 
 95.00 4.2441 
 95.50 4.2439 
 96.00 4.2439 
 96.50 4.2438 
 97.00 4.2438 
 97.50 4.2437 
 98.00 4.2436 
 98.50 4.2436 
 99.00 4.2435 
 99.50 4.2435 
100.00 4.2434 
100.50 4.2434 
101.00 4.2435 
101.50 4.2435 
102.00 4.2435 
102.50 4.2436 
103.00 4.2436 
103.50 4.2436 
104.00 4.2437 
104.50 4.2437 
105.00 4.2439 
105.50 4.2440 
106.00 4.2442 
106.50 4.2443 
107.00 4.2444 
107.50 4.2446 
108.00 4.2447 
108.50 4.2448 
109.00 4.2450 
109.50 4.2453 
110.00 4.2455 
110.50 4.2458 
111.00 4.2461 
111.50 4.2463 
112.00 4.2466 
112.50 4.2468 
113.00 4.2471 
113.50 4.2474 
114.00 4.2478 
114.50 4.2482 
115.00 4.2485 
115.50 4.2489 
116.00 4.2493 
116.50 4.2496 
117.00 4.2500 
117.50 4.2504 
118.00 4.2509 
118.50 4.2514 
119.00 4.2519 
119.50 4.2524 
120.00 4.2529 
120.50 4.2534 
121.00 4.2539 
121.50 4.2543 
122.00 4.2549 
122.50 4.2555 
123.00 4.2561 
123.50 4.2568 
124.00 4.2574 
124.50 4.2580 
125.00 4.2586 
125.50 4.2593 
126.00 4.2599 
126.50 4.2606 
127.00 4.2614 
127.50 4.2621 
128.00 4.2629 
128.50 4.2636 
129.00 4.2643 
129.50 4.2651 
130.00 4.2658 
130.50 4.2666 
131.00 4.2675 
131.50 4.2684 
132.00 4.2693 
132.50 4.2702 
133.00 4.2711 
133.50 4.2720 
134.00 4.2729 
134.50 4.2738 
135.00 4.2747 
135.50 4.2758 
136.00 4.2768 
136.50 4.2778 
137.00 4.2789 
137.50 4.2799 
138.00 4.2809 
138.50 4.2820 
139.00 4.2830 
139.50 4.2842 
140.00 4.2854 
140.50 4.2866 
141.00 4.2877 
141.50 4.2889 
142.00 4.2901 
142.50 4.2913 
143.00 4.2925 
143.50 4.2937 
144.00 4.2951 
144.50 4.2964 
145.00 4.2977 
145.50 4.2991 
146.00 4.3004 
146.50 4.3018 
147.00 4.3031 
147.50 4.3044 
148.00 4.3058 
148.50 4.3073 
149.00 4.3088 
149.50 4.3103 
150.00 4.3118 
