  0.00 1.8504 
  0.50 2.0661 
  1.00 2.2817 
  1.50 2.4974 
  2.00 2.7131 
  2.50 3.4925 
  3.00 3.5006 
  3.50 3.5087 
  4.00 3.5168 
  4.50 3.5244 
  5.00 3.5320 
  5.50 3.5397 
  6.00 3.5467 
  6.50 3.5538 
  7.00 3.5609 
  7.50 3.5676 
  8.00 3.5743 
  8.50 3.5809 
  9.00 3.5873 
  9.50 3.5936 
 10.00 3.5998 
 10.50 3.6059 
 11.00 3.6118 
 11.50 3.6177 
 12.00 3.6235 
 12.50 3.6292 
 13.00 3.6348 
 13.50 3.6404 
 14.00 3.6458 
 14.50 3.6512 
 15.00 3.6566 
 15.50 3.6619 
 16.00 3.6672 
 16.50 3.6725 
 17.00 3.6776 
 17.50 3.6828 
 18.00 3.6880 
 18.50 3.6932 
 19.00 3.6983 
 19.50 3.7035 
 20.00 3.7087 
 20.50 3.7138 
 21.00 3.7190 
 21.50 3.7243 
 22.00 3.7295 
 22.50 3.7348 
 23.00 3.7401 
 23.50 3.7455 
 24.00 3.7508 
 24.50 3.7563 
 25.00 3.7619 
 25.50 3.7675 
 26.00 3.7732 
 26.50 3.7791 
 27.00 3.7849 
 27.50 3.7908 
 28.00 3.7970 
 28.50 3.8031 
 29.00 3.8093 
 29.50 3.8159 
 30.00 3.8225 
 30.50 3.8290 
 31.00 3.8360 
 31.50 3.8429 
 32.00 3.8498 
 32.50 3.8573 
 33.00 3.8647 
 33.50 3.8722 
 34.00 3.8801 
 34.50 3.8881 
 35.00 3.8961 
 35.50 3.9045 
 36.00 3.9131 
 36.50 3.9218 
 37.00 3.9308 
 37.50 3.9401 
 38.00 3.9494 
 38.50 3.9590 
 39.00 3.9690 
 39.50 3.9790 
 40.00 3.9892 
 40.50 4.0000 
 41.00 4.0109 
 41.50 4.0218 
 42.00 4.0335 
 42.50 4.0451 
 43.00 4.0568 
 43.50 4.0694 
 44.00 4.0819 
 44.50 4.0945 
 45.00 4.1079 
 45.50 4.1215 
 46.00 4.1350 
 46.50 4.1493 
 47.00 4.1638 
 47.50 4.1782 
 48.00 4.5229 
 48.50 4.5278 
 49.00 4.5328 
 49.50 4.5377 
 50.00 4.5427 
 50.50 4.5476 
 51.00 4.5526 
 51.50 4.5575 
 52.00 4.5617 
 52.50 4.5657 
 53.00 4.5697 
 53.50 4.5736 
 54.00 4.5776 
 54.50 4.5816 
 55.00 4.5856 
 55.50 4.5896 
 56.00 4.5927 
 56.50 4.5957 
 57.00 4.5988 
 57.50 4.6019 
 58.00 4.6049 
 58.50 4.6080 
 59.00 4.6111 
 59.50 4.6140 
 60.00 4.6163 
 60.50 4.6185 
 61.00 4.6208 
 61.50 4.6230 
 62.00 4.6253 
 62.50 4.6275 
 63.00 4.6298 
 63.50 4.6318 
 64.00 4.6333 
 64.50 4.6349 
 65.00 4.6364 
 65.50 4.6380 
 66.00 4.6395 
 66.50 4.6411 
 67.00 4.6426 
 67.50 4.6438 
 68.00 4.6448 
 68.50 4.6457 
 69.00 4.6467 
 69.50 4.6476 
 70.00 4.6486 
 70.50 4.6495 
 71.00 4.6505 
 71.50 4.6510 
 72.00 4.6515 
 72.50 4.6520 
 73.00 4.6524 
 73.50 4.6529 
 74.00 4.6533 
 74.50 4.6538 
 75.00 4.6543 
 75.50 4.6544 
 76.00 4.6544 
 76.50 4.6545 
 77.00 4.6546 
 77.50 4.6546 
 78.00 4.6547 
 78.50 4.6547 
 79.00 4.6548 
 79.50 4.6545 
 80.00 4.6543 
 80.50 4.6541 
 81.00 4.6539 
 81.50 4.6536 
 82.00 4.6534 
 82.50 4.6532 
 83.00 4.6529 
 83.50 4.6525 
 84.00 4.6521 
 84.50 4.6516 
 85.00 4.6512 
 85.50 4.6508 
 86.00 4.6504 
 86.50 4.6500 
 87.00 4.6495 
 87.50 4.6491 
 88.00 4.6486 
 88.50 4.6481 
 89.00 4.6476 
 89.50 4.6471 
 90.00 4.6466 
 90.50 4.6461 
 91.00 4.6457 
 91.50 4.6452 
 92.00 4.6448 
 92.50 4.6443 
 93.00 4.6439 
 93.50 4.6434 
 94.00 4.6430 
 94.50 4.6425 
 95.00 4.6422 
 95.50 4.6419 
 96.00 4.6415 
 96.50 4.6412 
 97.00 4.6409 
 97.50 4.6405 
 98.00 4.6402 
 98.50 4.6399 
 99.00 4.6398 
 99.50 4.6397 
100.00 4.6396 
100.50 4.6395 
101.00 4.6394 
101.50 4.6393 
102.00 4.6392 
102.50 4.6391 
103.00 4.6392 
103.50 4.6393 
104.00 4.6394 
104.50 4.6395 
105.00 4.6396 
105.50 4.6397 
106.00 4.6398 
106.50 4.6399 
107.00 4.6402 
107.50 4.6405 
108.00 4.6407 
108.50 4.6410 
109.00 4.6413 
109.50 4.6415 
110.00 4.6418 
110.50 4.6422 
111.00 4.6426 
111.50 4.6430 
112.00 4.6434 
112.50 4.6439 
113.00 4.6443 
113.50 4.6447 
114.00 4.6451 
114.50 4.6456 
115.00 4.6462 
115.50 4.6467 
116.00 4.6472 
116.50 4.6477 
117.00 4.6483 
117.50 4.6488 
118.00 4.6493 
118.50 4.6499 
119.00 4.6505 
119.50 4.6511 
120.00 4.6517 
120.50 4.6523 
121.00 4.6529 
121.50 4.6535 
122.00 4.6541 
122.50 4.6548 
123.00 4.6555 
123.50 4.6561 
124.00 4.6567 
124.50 4.6574 
125.00 4.6581 
125.50 4.6587 
126.00 4.6594 
126.50 4.6601 
127.00 4.6607 
127.50 4.6614 
128.00 4.6621 
128.50 4.6628 
129.00 4.6634 
129.50 4.6641 
130.00 4.6648 
130.50 4.6655 
131.00 4.6661 
131.50 4.6668 
132.00 4.6675 
132.50 4.6681 
133.00 4.6688 
133.50 4.6695 
134.00 4.6701 
134.50 4.6707 
135.00 4.6713 
135.50 4.6719 
136.00 4.6725 
136.50 4.6731 
137.00 4.6737 
137.50 4.6743 
138.00 4.6748 
138.50 4.6754 
139.00 4.6759 
139.50 4.6765 
140.00 4.6770 
140.50 4.6776 
141.00 4.6781 
141.50 4.6787 
142.00 4.6791 
142.50 4.6795 
143.00 4.6799 
143.50 4.6804 
144.00 4.6808 
144.50 4.6812 
145.00 4.6816 
145.50 4.6820 
146.00 4.6823 
146.50 4.6826 
147.00 4.6829 
147.50 4.6832 
148.00 4.6835 
148.50 4.6838 
149.00 4.6841 
149.50 4.6843 
150.00 4.6844 
