  0.00 1.2635 
  0.50 1.5190 
  1.00 1.7745 
  1.50 2.0300 
  2.00 2.2855 
  2.50 3.2571 
  3.00 3.2774 
  3.50 3.2976 
  4.00 3.3164 
  4.50 3.3346 
  5.00 3.3522 
  5.50 3.3685 
  6.00 3.3847 
  6.50 3.3992 
  7.00 3.4136 
  7.50 3.4270 
  8.00 3.4398 
  8.50 3.4522 
  9.00 3.4634 
  9.50 3.4746 
 10.00 3.4847 
 10.50 3.4945 
 11.00 3.5039 
 11.50 3.5125 
 12.00 3.5211 
 12.50 3.5285 
 13.00 3.5360 
 13.50 3.5429 
 14.00 3.5495 
 14.50 3.5559 
 15.00 3.5617 
 15.50 3.5676 
 16.00 3.5728 
 16.50 3.5780 
 17.00 3.5829 
 17.50 3.5877 
 18.00 3.5924 
 18.50 3.5968 
 19.00 3.6011 
 19.50 3.6054 
 20.00 3.6096 
 20.50 3.6138 
 21.00 3.6180 
 21.50 3.6222 
 22.00 3.6265 
 22.50 3.6309 
 23.00 3.6353 
 23.50 3.6400 
 24.00 3.6446 
 24.50 3.6497 
 25.00 3.6547 
 25.50 3.6602 
 26.00 3.6658 
 26.50 3.6717 
 27.00 3.6781 
 27.50 3.6845 
 28.00 3.6918 
 28.50 3.6990 
 29.00 3.7069 
 29.50 3.7152 
 30.00 3.7237 
 30.50 3.7332 
 31.00 3.7427 
 31.50 3.7533 
 32.00 3.7642 
 32.50 3.7757 
 33.00 3.7880 
 33.50 3.8004 
 34.00 3.8144 
 34.50 3.8284 
 35.00 3.8436 
 35.50 3.8593 
 36.00 3.8756 
 36.50 3.8932 
 37.00 3.9108 
 37.50 4.4361 
 38.00 4.4295 
 38.50 4.4229 
 39.00 4.4163 
 39.50 4.4096 
 40.00 4.4030 
 40.50 4.3964 
 41.00 4.3898 
 41.50 4.3838 
 42.00 4.3782 
 42.50 4.3727 
 43.00 4.3672 
 43.50 4.3617 
 44.00 4.3561 
 44.50 4.3506 
 45.00 4.3451 
 45.50 4.3398 
 46.00 4.3353 
 46.50 4.3308 
 47.00 4.3264 
 47.50 4.3219 
 48.00 4.3174 
 48.50 4.3129 
 49.00 4.3085 
 49.50 4.3040 
 50.00 4.3004 
 50.50 4.2969 
 51.00 4.2934 
 51.50 4.2899 
 52.00 4.2864 
 52.50 4.2829 
 53.00 4.2794 
 53.50 4.2759 
 54.00 4.2729 
 54.50 4.2702 
 55.00 4.2676 
 55.50 4.2649 
 56.00 4.2623 
 56.50 4.2597 
 57.00 4.2571 
 57.50 4.2544 
 58.00 4.2519 
 58.50 4.2501 
 59.00 4.2482 
 59.50 4.2463 
 60.00 4.2445 
 60.50 4.2426 
 61.00 4.2408 
 61.50 4.2389 
 62.00 4.2371 
 62.50 4.2358 
 63.00 4.2346 
 63.50 4.2335 
 64.00 4.2323 
 64.50 4.2311 
 65.00 4.2300 
 65.50 4.2288 
 66.00 4.2276 
 66.50 4.2267 
 67.00 4.2262 
 67.50 4.2256 
 68.00 4.2250 
 68.50 4.2244 
 69.00 4.2238 
 69.50 4.2232 
 70.00 4.2226 
 70.50 4.2221 
 71.00 4.2220 
 71.50 4.2219 
 72.00 4.2218 
 72.50 4.2218 
 73.00 4.2217 
 73.50 4.2216 
 74.00 4.2215 
 74.50 4.2214 
 75.00 4.2216 
 75.50 4.2219 
 76.00 4.2222 
 76.50 4.2226 
 77.00 4.2229 
 77.50 4.2232 
 78.00 4.2235 
 78.50 4.2238 
 79.00 4.2242 
 79.50 4.2248 
 80.00 4.2254 
 80.50 4.2260 
 81.00 4.2267 
 81.50 4.2273 
 82.00 4.2279 
 82.50 4.2285 
 83.00 4.2291 
 83.50 4.2299 
 84.00 4.2308 
 84.50 4.2316 
 85.00 4.2324 
 85.50 4.2332 
 86.00 4.2341 
 86.50 4.2349 
 87.00 4.2357 
 87.50 4.2366 
 88.00 4.2375 
 88.50 4.2385 
 89.00 4.2394 
 89.50 4.2403 
 90.00 4.2413 
 90.50 4.2422 
 91.00 4.2431 
 91.50 4.2441 
 92.00 4.2450 
 92.50 4.2460 
 93.00 4.2470 
 93.50 4.2480 
 94.00 4.2489 
 94.50 4.2499 
 95.00 4.2509 
 95.50 4.2518 
 96.00 4.2528 
 96.50 4.2538 
 97.00 4.2548 
 97.50 4.2558 
 98.00 4.2567 
 98.50 4.2577 
 99.00 4.2587 
 99.50 4.2597 
100.00 4.2607 
100.50 4.2617 
101.00 4.2627 
101.50 4.2637 
102.00 4.2647 
102.50 4.2657 
103.00 4.2667 
103.50 4.2677 
104.00 4.2687 
104.50 4.2697 
105.00 4.2708 
105.50 4.2718 
106.00 4.2728 
106.50 4.2738 
107.00 4.2748 
107.50 4.2758 
108.00 4.2769 
108.50 4.2779 
109.00 4.2789 
109.50 4.2799 
110.00 4.2809 
110.50 4.2820 
111.00 4.2830 
111.50 4.2840 
112.00 4.2850 
112.50 4.2860 
113.00 4.2871 
113.50 4.2881 
114.00 4.2892 
114.50 4.2902 
115.00 4.2912 
115.50 4.2923 
116.00 4.2933 
116.50 4.2944 
117.00 4.2954 
117.50 4.2965 
118.00 4.2975 
118.50 4.2986 
119.00 4.2996 
119.50 4.3007 
120.00 4.3017 
120.50 4.3028 
121.00 4.3038 
121.50 4.3049 
122.00 4.3059 
122.50 4.3070 
123.00 4.3080 
123.50 4.3091 
124.00 4.3102 
124.50 4.3112 
125.00 4.3123 
125.50 4.3133 
126.00 4.3144 
126.50 4.3155 
127.00 4.3165 
127.50 4.3176 
128.00 4.3186 
128.50 4.3197 
129.00 4.3208 
129.50 4.3219 
130.00 4.3229 
130.50 4.3240 
131.00 4.3250 
131.50 4.3261 
132.00 4.3272 
132.50 4.3282 
133.00 4.3293 
133.50 4.3304 
134.00 4.3314 
134.50 4.3325 
135.00 4.3336 
135.50 4.3346 
136.00 4.3357 
136.50 4.3368 
137.00 4.3378 
137.50 4.3389 
138.00 4.3400 
138.50 4.3410 
139.00 4.3421 
139.50 4.3432 
140.00 4.3443 
140.50 4.3453 
141.00 4.3464 
141.50 4.3475 
142.00 4.3486 
142.50 4.3496 
143.00 4.3507 
143.50 4.3518 
144.00 4.3528 
144.50 4.3539 
145.00 4.3550 
145.50 4.3560 
146.00 4.3571 
146.50 4.3582 
147.00 4.3592 
147.50 4.3603 
148.00 4.3613 
148.50 4.3624 
149.00 4.3635 
149.50 4.3645 
150.00 4.3656 
