  0.00 1.1135 
  0.50 3.3176 
  1.00 3.3394 
  1.50 3.3584 
  2.00 3.3770 
  2.50 3.3927 
  3.00 3.4080 
  3.50 3.4208 
  4.00 3.4332 
  4.50 3.4435 
  5.00 3.4533 
  5.50 3.4615 
  6.00 3.4690 
  6.50 3.4754 
  7.00 3.4810 
  7.50 3.4858 
  8.00 3.4899 
  8.50 3.4934 
  9.00 3.4964 
  9.50 3.4989 
 10.00 3.5011 
 10.50 3.5031 
 11.00 3.5048 
 11.50 3.5064 
 12.00 3.5080 
 12.50 3.5097 
 13.00 3.5116 
 13.50 3.5136 
 14.00 3.5161 
 14.50 3.5188 
 15.00 3.5222 
 15.50 3.5259 
 16.00 3.5304 
 16.50 3.5356 
 17.00 3.5417 
 17.50 3.5488 
 18.00 3.5566 
 18.50 3.5658 
 19.00 3.5757 
 19.50 3.5874 
 20.00 3.5998 
 20.50 3.6144 
 21.00 3.6294 
 21.50 3.6472 
 22.00 3.6654 
 22.50 3.6867 
 23.00 3.7085 
 23.50 3.7335 
 24.00 3.7594 
 24.50 3.7883 
 25.00 3.8186 
 25.50 3.8517 
 26.00 3.8867 
 26.50 3.9244 
 27.00 3.9644 
 27.50 4.0067 
 28.00 4.3938 
 28.50 4.3947 
 29.00 4.3956 
 29.50 4.3964 
 30.00 4.3973 
 30.50 4.3981 
 31.00 4.3990 
 31.50 4.3998 
 32.00 4.4007 
 32.50 4.4012 
 33.00 4.4017 
 33.50 4.4021 
 34.00 4.4025 
 34.50 4.4029 
 35.00 4.4033 
 35.50 4.4037 
 36.00 4.4042 
 36.50 4.4046 
 37.00 4.4046 
 37.50 4.4046 
 38.00 4.4046 
 38.50 4.4046 
 39.00 4.4047 
 39.50 4.4047 
 40.00 4.4047 
 40.50 4.4047 
 41.00 4.4047 
 41.50 4.4043 
 42.00 4.4040 
 42.50 4.4036 
 43.00 4.4033 
 43.50 4.4029 
 44.00 4.4026 
 44.50 4.4022 
 45.00 4.4018 
 45.50 4.4014 
 46.00 4.4007 
 46.50 4.4001 
 47.00 4.3994 
 47.50 4.3987 
 48.00 4.3980 
 48.50 4.3973 
 49.00 4.3967 
 49.50 4.3960 
 50.00 4.3952 
 50.50 4.3942 
 51.00 4.3933 
 51.50 4.3923 
 52.00 4.3914 
 52.50 4.3904 
 53.00 4.3895 
 53.50 4.3885 
 54.00 4.3876 
 54.50 4.3865 
 55.00 4.3853 
 55.50 4.3841 
 56.00 4.3829 
 56.50 4.3817 
 57.00 4.3805 
 57.50 4.3793 
 58.00 4.3781 
 58.50 4.3769 
 59.00 4.3755 
 59.50 4.3741 
 60.00 4.3727 
 60.50 4.3713 
 61.00 4.3699 
 61.50 4.3685 
 62.00 4.3671 
 62.50 4.3657 
 63.00 4.3643 
 63.50 4.3628 
 64.00 4.3612 
 64.50 4.3597 
 65.00 4.3581 
 65.50 4.3566 
 66.00 4.3550 
 66.50 4.3535 
 67.00 4.3519 
 67.50 4.3503 
 68.00 4.3487 
 68.50 4.3470 
 69.00 4.3454 
 69.50 4.3437 
 70.00 4.3420 
 70.50 4.3404 
 71.00 4.3387 
 71.50 4.3370 
 72.00 4.3354 
 72.50 4.3336 
 73.00 4.3319 
 73.50 4.3302 
 74.00 4.3284 
 74.50 4.3267 
 75.00 4.3250 
 75.50 4.3232 
 76.00 4.3215 
 76.50 4.3198 
 77.00 4.3180 
 77.50 4.3162 
 78.00 4.3145 
 78.50 4.3127 
 79.00 4.3109 
 79.50 4.3092 
 80.00 4.3074 
 80.50 4.3056 
 81.00 4.3039 
 81.50 4.3021 
 82.00 4.3004 
 82.50 4.2986 
 83.00 4.2969 
 83.50 4.2951 
 84.00 4.2934 
 84.50 4.2916 
 85.00 4.2898 
 85.50 4.2881 
 86.00 4.2864 
 86.50 4.2847 
 87.00 4.2830 
 87.50 4.2813 
 88.00 4.2796 
 88.50 4.2779 
 89.00 4.2762 
 89.50 4.2744 
 90.00 4.2728 
 90.50 4.2712 
 91.00 4.2696 
 91.50 4.2679 
 92.00 4.2663 
 92.50 4.2647 
 93.00 4.2630 
 93.50 4.2614 
 94.00 4.2598 
 94.50 4.2583 
 95.00 4.2568 
 95.50 4.2552 
 96.00 4.2537 
 96.50 4.2522 
 97.00 4.2507 
 97.50 4.2492 
 98.00 4.2477 
 98.50 4.2462 
 99.00 4.2448 
 99.50 4.2434 
100.00 4.2420 
100.50 4.2406 
101.00 4.2392 
101.50 4.2378 
102.00 4.2364 
102.50 4.2350 
103.00 4.2337 
103.50 4.2325 
104.00 4.2312 
104.50 4.2300 
105.00 4.2287 
105.50 4.2275 
106.00 4.2262 
106.50 4.2250 
107.00 4.2237 
107.50 4.2226 
108.00 4.2215 
108.50 4.2204 
109.00 4.2194 
109.50 4.2183 
110.00 4.2172 
110.50 4.2161 
111.00 4.2151 
111.50 4.2140 
112.00 4.2131 
112.50 4.2122 
113.00 4.2113 
113.50 4.2104 
114.00 4.2096 
114.50 4.2087 
115.00 4.2078 
115.50 4.2070 
116.00 4.2061 
116.50 4.2054 
117.00 4.2048 
117.50 4.2041 
118.00 4.2035 
118.50 4.2028 
119.00 4.2022 
119.50 4.2016 
120.00 4.2009 
120.50 4.2003 
121.00 4.1999 
121.50 4.1995 
122.00 4.1991 
122.50 4.1987 
123.00 4.1983 
123.50 4.1979 
124.00 4.1975 
124.50 4.1971 
125.00 4.1968 
125.50 4.1966 
126.00 4.1965 
126.50 4.1964 
127.00 4.1962 
127.50 4.1961 
128.00 4.1960 
128.50 4.1958 
129.00 4.1957 
129.50 4.1957 
130.00 4.1958 
130.50 4.1960 
131.00 4.1962 
131.50 4.1963 
132.00 4.1965 
132.50 4.1967 
133.00 4.1969 
133.50 4.1970 
134.00 4.1974 
134.50 4.1978 
135.00 4.1983 
135.50 4.1988 
136.00 4.1993 
136.50 4.1998 
137.00 4.2003 
137.50 4.2008 
138.00 4.2013 
138.50 4.2020 
139.00 4.2028 
139.50 4.2037 
140.00 4.2045 
140.50 4.2053 
141.00 4.2062 
141.50 4.2070 
142.00 4.2079 
142.50 4.2087 
143.00 4.2099 
143.50 4.2111 
144.00 4.2123 
144.50 4.2134 
145.00 4.2146 
145.50 4.2158 
146.00 4.2171 
146.50 4.2183 
147.00 4.2195 
147.50 4.2210 
148.00 4.2226 
148.50 4.2242 
149.00 4.2258 
149.50 4.2274 
150.00 4.2290 
