  0.00 1.9730 
  0.50 2.0422 
  1.00 2.1114 
  1.50 2.1806 
  2.00 2.2497 
  2.50 2.3189 
  3.00 2.3881 
  3.50 2.4573 
  4.00 2.5265 
  4.50 2.5956 
  5.00 3.4365 
  5.50 3.4508 
  6.00 3.4650 
  6.50 3.4781 
  7.00 3.4912 
  7.50 3.5042 
  8.00 3.5162 
  8.50 3.5283 
  9.00 3.5400 
  9.50 3.5510 
 10.00 3.5620 
 10.50 3.5725 
 11.00 3.5826 
 11.50 3.5926 
 12.00 3.6021 
 12.50 3.6113 
 13.00 3.6205 
 13.50 3.6291 
 14.00 3.6374 
 14.50 3.6458 
 15.00 3.6536 
 15.50 3.6612 
 16.00 3.6689 
 16.50 3.6759 
 17.00 3.6829 
 17.50 3.6898 
 18.00 3.6962 
 18.50 3.7026 
 19.00 3.7088 
 19.50 3.7148 
 20.00 3.7207 
 20.50 3.7265 
 21.00 3.7320 
 21.50 3.7376 
 22.00 3.7429 
 22.50 3.7481 
 23.00 3.7532 
 23.50 3.7582 
 24.00 3.7632 
 24.50 3.7681 
 25.00 3.7729 
 25.50 3.7777 
 26.00 3.7824 
 26.50 3.7871 
 27.00 3.7917 
 27.50 3.7964 
 28.00 3.8010 
 28.50 3.8056 
 29.00 3.8102 
 29.50 3.8149 
 30.00 3.8196 
 30.50 3.8243 
 31.00 3.8291 
 31.50 3.8338 
 32.00 3.8388 
 32.50 3.8438 
 33.00 3.8488 
 33.50 3.8540 
 34.00 3.8593 
 34.50 3.8645 
 35.00 3.8701 
 35.50 3.8758 
 36.00 3.8814 
 36.50 3.8875 
 37.00 3.8936 
 37.50 3.8997 
 38.00 3.9063 
 38.50 3.9129 
 39.00 3.9196 
 39.50 3.9268 
 40.00 3.9340 
 40.50 3.9415 
 41.00 3.9493 
 41.50 3.9572 
 42.00 3.9655 
 42.50 3.9740 
 43.00 3.9826 
 43.50 3.9918 
 44.00 4.0012 
 44.50 4.0106 
 45.00 4.0207 
 45.50 4.0310 
 46.00 4.0412 
 46.50 4.3748 
 47.00 4.3767 
 47.50 4.3787 
 48.00 4.3807 
 48.50 4.3827 
 49.00 4.3846 
 49.50 4.3866 
 50.00 4.3886 
 50.50 4.3903 
 51.00 4.3921 
 51.50 4.3939 
 52.00 4.3957 
 52.50 4.3974 
 53.00 4.3992 
 53.50 4.4010 
 54.00 4.4027 
 54.50 4.4042 
 55.00 4.4058 
 55.50 4.4073 
 56.00 4.4088 
 56.50 4.4104 
 57.00 4.4119 
 57.50 4.4134 
 58.00 4.4149 
 58.50 4.4163 
 59.00 4.4176 
 59.50 4.4190 
 60.00 4.4203 
 60.50 4.4217 
 61.00 4.4230 
 61.50 4.4244 
 62.00 4.4257 
 62.50 4.4268 
 63.00 4.4280 
 63.50 4.4292 
 64.00 4.4303 
 64.50 4.4315 
 65.00 4.4327 
 65.50 4.4338 
 66.00 4.4349 
 66.50 4.4359 
 67.00 4.4369 
 67.50 4.4379 
 68.00 4.4389 
 68.50 4.4399 
 69.00 4.4409 
 69.50 4.4419 
 70.00 4.4428 
 70.50 4.4437 
 71.00 4.4445 
 71.50 4.4454 
 72.00 4.4462 
 72.50 4.4471 
 73.00 4.4479 
 73.50 4.4488 
 74.00 4.4495 
 74.50 4.4503 
 75.00 4.4510 
 75.50 4.4517 
 76.00 4.4525 
 76.50 4.4532 
 77.00 4.4539 
 77.50 4.4547 
 78.00 4.4553 
 78.50 4.4559 
 79.00 4.4566 
 79.50 4.4572 
 80.00 4.4578 
 80.50 4.4584 
 81.00 4.4590 
 81.50 4.4596 
 82.00 4.4602 
 82.50 4.4607 
 83.00 4.4612 
 83.50 4.4618 
 84.00 4.4623 
 84.50 4.4629 
 85.00 4.4634 
 85.50 4.4639 
 86.00 4.4644 
 86.50 4.4648 
 87.00 4.4653 
 87.50 4.4657 
 88.00 4.4662 
 88.50 4.4666 
 89.00 4.4671 
 89.50 4.4676 
 90.00 4.4680 
 90.50 4.4684 
 91.00 4.4688 
 91.50 4.4692 
 92.00 4.4696 
 92.50 4.4700 
 93.00 4.4704 
 93.50 4.4708 
 94.00 4.4711 
 94.50 4.4715 
 95.00 4.4719 
 95.50 4.4722 
 96.00 4.4726 
 96.50 4.4730 
 97.00 4.4733 
 97.50 4.4737 
 98.00 4.4741 
 98.50 4.4744 
 99.00 4.4747 
 99.50 4.4751 
100.00 4.4754 
100.50 4.4758 
101.00 4.4761 
101.50 4.4764 
102.00 4.4768 
102.50 4.4771 
103.00 4.4774 
103.50 4.4778 
104.00 4.4781 
104.50 4.4784 
105.00 4.4787 
105.50 4.4791 
106.00 4.4794 
106.50 4.4797 
107.00 4.4801 
107.50 4.4804 
108.00 4.4807 
108.50 4.4810 
109.00 4.4814 
109.50 4.4817 
110.00 4.4820 
110.50 4.4823 
111.00 4.4826 
111.50 4.4830 
112.00 4.4833 
112.50 4.4836 
113.00 4.4839 
113.50 4.4842 
114.00 4.4846 
114.50 4.4849 
115.00 4.4852 
115.50 4.4856 
116.00 4.4859 
116.50 4.4862 
117.00 4.4866 
117.50 4.4869 
118.00 4.4872 
118.50 4.4876 
119.00 4.4879 
119.50 4.4883 
120.00 4.4886 
120.50 4.4889 
121.00 4.4893 
121.50 4.4896 
122.00 4.4900 
122.50 4.4903 
123.00 4.4907 
123.50 4.4911 
124.00 4.4914 
124.50 4.4918 
125.00 4.4921 
125.50 4.4925 
126.00 4.4928 
126.50 4.4932 
127.00 4.4936 
127.50 4.4939 
128.00 4.4943 
128.50 4.4947 
129.00 4.4951 
129.50 4.4955 
130.00 4.4959 
130.50 4.4963 
131.00 4.4967 
131.50 4.4971 
132.00 4.4975 
132.50 4.4979 
133.00 4.4983 
133.50 4.4988 
134.00 4.4992 
134.50 4.4996 
135.00 4.5001 
135.50 4.5005 
136.00 4.5010 
136.50 4.5014 
137.00 4.5019 
137.50 4.5023 
138.00 4.5028 
138.50 4.5033 
139.00 4.5037 
139.50 4.5042 
140.00 4.5047 
140.50 4.5052 
141.00 4.5056 
141.50 4.5062 
142.00 4.5067 
142.50 4.5072 
143.00 4.5077 
143.50 4.5082 
144.00 4.5088 
144.50 4.5093 
145.00 4.5098 
145.50 4.5104 
146.00 4.5110 
146.50 4.5115 
147.00 4.5121 
147.50 4.5127 
148.00 4.5132 
148.50 4.5138 
149.00 4.5144 
149.50 4.5150 
150.00 4.5156 
