  0.00 2.0263 
  0.50 2.1081 
  1.00 2.1899 
  1.50 2.2717 
  2.00 2.3535 
  2.50 2.4353 
  3.00 2.5171 
  3.50 2.5989 
  4.00 3.3799 
  4.50 3.3957 
  5.00 3.4115 
  5.50 3.4272 
  6.00 3.4419 
  6.50 3.4565 
  7.00 3.4709 
  7.50 3.4843 
  8.00 3.4978 
  8.50 3.5109 
  9.00 3.5232 
  9.50 3.5356 
 10.00 3.5474 
 10.50 3.5587 
 11.00 3.5701 
 11.50 3.5808 
 12.00 3.5912 
 12.50 3.6016 
 13.00 3.6113 
 13.50 3.6208 
 14.00 3.6303 
 14.50 3.6392 
 15.00 3.6479 
 15.50 3.6566 
 16.00 3.6647 
 16.50 3.6728 
 17.00 3.6808 
 17.50 3.6882 
 18.00 3.6956 
 18.50 3.7029 
 19.00 3.7098 
 19.50 3.7167 
 20.00 3.7234 
 20.50 3.7298 
 21.00 3.7363 
 21.50 3.7426 
 22.00 3.7487 
 22.50 3.7548 
 23.00 3.7608 
 23.50 3.7666 
 24.00 3.7724 
 24.50 3.7781 
 25.00 3.7837 
 25.50 3.7893 
 26.00 3.7949 
 26.50 3.8004 
 27.00 3.8060 
 27.50 3.8114 
 28.00 3.8169 
 28.50 3.8224 
 29.00 3.8280 
 29.50 3.8335 
 30.00 3.8391 
 30.50 3.8448 
 31.00 3.8506 
 31.50 3.8563 
 32.00 3.8622 
 32.50 3.8681 
 33.00 3.8742 
 33.50 3.8804 
 34.00 3.8867 
 34.50 3.8931 
 35.00 3.8998 
 35.50 3.9065 
 36.00 3.9134 
 36.50 3.9205 
 37.00 3.9277 
 37.50 3.9352 
 38.00 3.9429 
 38.50 3.9506 
 39.00 3.9588 
 39.50 3.9671 
 40.00 3.9755 
 40.50 3.9845 
 41.00 3.9936 
 41.50 4.0028 
 42.00 4.0126 
 42.50 4.0225 
 43.00 4.0325 
 43.50 4.0434 
 44.00 4.0542 
 44.50 4.0652 
 45.00 4.0770 
 45.50 4.0887 
 46.00 4.3759 
 46.50 4.3811 
 47.00 4.3864 
 47.50 4.3917 
 48.00 4.3969 
 48.50 4.4022 
 49.00 4.4074 
 49.50 4.4127 
 50.00 4.4177 
 50.50 4.4221 
 51.00 4.4266 
 51.50 4.4311 
 52.00 4.4355 
 52.50 4.4400 
 53.00 4.4445 
 53.50 4.4489 
 54.00 4.4530 
 54.50 4.4568 
 55.00 4.4604 
 55.50 4.4642 
 56.00 4.4679 
 56.50 4.4716 
 57.00 4.4753 
 57.50 4.4790 
 58.00 4.4823 
 58.50 4.4853 
 59.00 4.4883 
 59.50 4.4913 
 60.00 4.4943 
 60.50 4.4973 
 61.00 4.5003 
 61.50 4.5033 
 62.00 4.5059 
 62.50 4.5083 
 63.00 4.5107 
 63.50 4.5130 
 64.00 4.5154 
 64.50 4.5178 
 65.00 4.5202 
 65.50 4.5226 
 66.00 4.5246 
 66.50 4.5264 
 67.00 4.5283 
 67.50 4.5301 
 68.00 4.5320 
 68.50 4.5338 
 69.00 4.5357 
 69.50 4.5375 
 70.00 4.5390 
 70.50 4.5404 
 71.00 4.5418 
 71.50 4.5432 
 72.00 4.5446 
 72.50 4.5459 
 73.00 4.5473 
 73.50 4.5487 
 74.00 4.5497 
 74.50 4.5507 
 75.00 4.5517 
 75.50 4.5527 
 76.00 4.5537 
 76.50 4.5547 
 77.00 4.5557 
 77.50 4.5566 
 78.00 4.5573 
 78.50 4.5580 
 79.00 4.5587 
 79.50 4.5594 
 80.00 4.5600 
 80.50 4.5607 
 81.00 4.5614 
 81.50 4.5621 
 82.00 4.5625 
 82.50 4.5629 
 83.00 4.5634 
 83.50 4.5638 
 84.00 4.5643 
 84.50 4.5647 
 85.00 4.5652 
 85.50 4.5656 
 86.00 4.5659 
 86.50 4.5662 
 87.00 4.5664 
 87.50 4.5667 
 88.00 4.5670 
 88.50 4.5673 
 89.00 4.5676 
 89.50 4.5679 
 90.00 4.5681 
 90.50 4.5682 
 91.00 4.5684 
 91.50 4.5686 
 92.00 4.5688 
 92.50 4.5690 
 93.00 4.5692 
 93.50 4.5694 
 94.00 4.5696 
 94.50 4.5698 
 95.00 4.5700 
 95.50 4.5701 
 96.00 4.5703 
 96.50 4.5705 
 97.00 4.5707 
 97.50 4.5709 
 98.00 4.5712 
 98.50 4.5714 
 99.00 4.5716 
 99.50 4.5718 
100.00 4.5721 
100.50 4.5723 
101.00 4.5725 
101.50 4.5728 
102.00 4.5731 
102.50 4.5734 
103.00 4.5737 
103.50 4.5740 
104.00 4.5743 
104.50 4.5746 
105.00 4.5749 
105.50 4.5752 
106.00 4.5756 
106.50 4.5759 
107.00 4.5763 
107.50 4.5766 
108.00 4.5770 
108.50 4.5773 
109.00 4.5776 
109.50 4.5780 
110.00 4.5784 
110.50 4.5788 
111.00 4.5792 
111.50 4.5796 
112.00 4.5800 
112.50 4.5804 
113.00 4.5808 
113.50 4.5812 
114.00 4.5816 
114.50 4.5821 
115.00 4.5825 
115.50 4.5830 
116.00 4.5834 
116.50 4.5839 
117.00 4.5843 
117.50 4.5848 
118.00 4.5852 
118.50 4.5857 
119.00 4.5862 
119.50 4.5866 
120.00 4.5871 
120.50 4.5876 
121.00 4.5880 
121.50 4.5885 
122.00 4.5890 
122.50 4.5895 
123.00 4.5900 
123.50 4.5904 
124.00 4.5909 
124.50 4.5914 
125.00 4.5919 
125.50 4.5924 
126.00 4.5929 
126.50 4.5934 
127.00 4.5940 
127.50 4.5945 
128.00 4.5950 
128.50 4.5955 
129.00 4.5960 
129.50 4.5966 
130.00 4.5971 
130.50 4.5976 
131.00 4.5982 
131.50 4.5987 
132.00 4.5992 
132.50 4.5998 
133.00 4.6003 
133.50 4.6008 
134.00 4.6014 
134.50 4.6019 
135.00 4.6024 
135.50 4.6030 
136.00 4.6035 
136.50 4.6040 
137.00 4.6045 
137.50 4.6051 
138.00 4.6056 
138.50 4.6062 
139.00 4.6067 
139.50 4.6072 
140.00 4.6077 
140.50 4.6083 
141.00 4.6088 
141.50 4.6093 
142.00 4.6099 
142.50 4.6104 
143.00 4.6109 
143.50 4.6115 
144.00 4.6120 
144.50 4.6125 
145.00 4.6130 
145.50 4.6136 
146.00 4.6141 
146.50 4.6146 
147.00 4.6151 
147.50 4.6156 
148.00 4.6162 
148.50 4.6167 
149.00 4.6172 
149.50 4.6177 
150.00 4.6182 
