  0.00 2.0040 
  0.50 2.0797 
  1.00 2.1553 
  1.50 2.2310 
  2.00 2.3067 
  2.50 2.3824 
  3.00 2.4581 
  3.50 2.5337 
  4.00 2.6094 
  4.50 3.5451 
  5.00 3.5540 
  5.50 3.5629 
  6.00 3.5713 
  6.50 3.5796 
  7.00 3.5878 
  7.50 3.5957 
  8.00 3.6033 
  8.50 3.6110 
  9.00 3.6183 
  9.50 3.6254 
 10.00 3.6324 
 10.50 3.6392 
 11.00 3.6458 
 11.50 3.6523 
 12.00 3.6586 
 12.50 3.6646 
 13.00 3.6706 
 13.50 3.6765 
 14.00 3.6821 
 14.50 3.6878 
 15.00 3.6933 
 15.50 3.6985 
 16.00 3.7038 
 16.50 3.7090 
 17.00 3.7139 
 17.50 3.7189 
 18.00 3.7237 
 18.50 3.7284 
 19.00 3.7331 
 19.50 3.7377 
 20.00 3.7421 
 20.50 3.7466 
 21.00 3.7510 
 21.50 3.7553 
 22.00 3.7596 
 22.50 3.7639 
 23.00 3.7681 
 23.50 3.7723 
 24.00 3.7765 
 24.50 3.7806 
 25.00 3.7847 
 25.50 3.7888 
 26.00 3.7929 
 26.50 3.7970 
 27.00 3.8011 
 27.50 3.8053 
 28.00 3.8094 
 28.50 3.8136 
 29.00 3.8178 
 29.50 3.8221 
 30.00 3.8264 
 30.50 3.8307 
 31.00 3.8351 
 31.50 3.8395 
 32.00 3.8441 
 32.50 3.8487 
 33.00 3.8533 
 33.50 3.8581 
 34.00 3.8629 
 34.50 3.8677 
 35.00 3.8727 
 35.50 3.8779 
 36.00 3.8831 
 36.50 3.8885 
 37.00 3.8940 
 37.50 3.8995 
 38.00 3.9052 
 38.50 3.9111 
 39.00 3.9170 
 39.50 3.9231 
 40.00 3.9295 
 40.50 3.9358 
 41.00 3.9424 
 41.50 3.9493 
 42.00 3.9562 
 42.50 3.9633 
 43.00 3.9707 
 43.50 3.9782 
 44.00 3.9858 
 44.50 3.9938 
 45.00 4.0019 
 45.50 4.0101 
 46.00 4.0188 
 46.50 4.0275 
 47.00 4.0364 
 47.50 4.0457 
 48.00 4.0550 
 48.50 4.4106 
 49.00 4.4177 
 49.50 4.4249 
 50.00 4.4320 
 50.50 4.4392 
 51.00 4.4463 
 51.50 4.4535 
 52.00 4.4606 
 52.50 4.4672 
 53.00 4.4728 
 53.50 4.4784 
 54.00 4.4841 
 54.50 4.4897 
 55.00 4.4954 
 55.50 4.5010 
 56.00 4.5067 
 56.50 4.5114 
 57.00 4.5157 
 57.50 4.5200 
 58.00 4.5243 
 58.50 4.5285 
 59.00 4.5328 
 59.50 4.5371 
 60.00 4.5413 
 60.50 4.5445 
 61.00 4.5476 
 61.50 4.5506 
 62.00 4.5536 
 62.50 4.5567 
 63.00 4.5597 
 63.50 4.5628 
 64.00 4.5657 
 64.50 4.5676 
 65.00 4.5696 
 65.50 4.5716 
 66.00 4.5735 
 66.50 4.5755 
 67.00 4.5774 
 67.50 4.5794 
 68.00 4.5810 
 68.50 4.5821 
 69.00 4.5831 
 69.50 4.5842 
 70.00 4.5852 
 70.50 4.5862 
 71.00 4.5873 
 71.50 4.5883 
 72.00 4.5889 
 72.50 4.5892 
 73.00 4.5895 
 73.50 4.5897 
 74.00 4.5900 
 74.50 4.5902 
 75.00 4.5905 
 75.50 4.5907 
 76.00 4.5905 
 76.50 4.5902 
 77.00 4.5899 
 77.50 4.5895 
 78.00 4.5892 
 78.50 4.5889 
 79.00 4.5885 
 79.50 4.5882 
 80.00 4.5874 
 80.50 4.5866 
 81.00 4.5858 
 81.50 4.5850 
 82.00 4.5842 
 82.50 4.5834 
 83.00 4.5826 
 83.50 4.5818 
 84.00 4.5807 
 84.50 4.5796 
 85.00 4.5785 
 85.50 4.5774 
 86.00 4.5763 
 86.50 4.5752 
 87.00 4.5741 
 87.50 4.5729 
 88.00 4.5717 
 88.50 4.5705 
 89.00 4.5692 
 89.50 4.5680 
 90.00 4.5668 
 90.50 4.5655 
 91.00 4.5643 
 91.50 4.5631 
 92.00 4.5618 
 92.50 4.5606 
 93.00 4.5594 
 93.50 4.5581 
 94.00 4.5569 
 94.50 4.5557 
 95.00 4.5544 
 95.50 4.5534 
 96.00 4.5523 
 96.50 4.5512 
 97.00 4.5502 
 97.50 4.5491 
 98.00 4.5481 
 98.50 4.5470 
 99.00 4.5460 
 99.50 4.5452 
100.00 4.5445 
100.50 4.5437 
101.00 4.5430 
101.50 4.5422 
102.00 4.5415 
102.50 4.5407 
103.00 4.5400 
103.50 4.5396 
104.00 4.5391 
104.50 4.5386 
105.00 4.5381 
105.50 4.5377 
106.00 4.5372 
106.50 4.5367 
107.00 4.5364 
107.50 4.5362 
108.00 4.5360 
108.50 4.5358 
109.00 4.5356 
109.50 4.5354 
110.00 4.5351 
110.50 4.5349 
111.00 4.5349 
111.50 4.5350 
112.00 4.5350 
112.50 4.5350 
113.00 4.5350 
113.50 4.5351 
114.00 4.5351 
114.50 4.5351 
115.00 4.5353 
115.50 4.5356 
116.00 4.5358 
116.50 4.5360 
117.00 4.5363 
117.50 4.5365 
118.00 4.5367 
118.50 4.5370 
119.00 4.5374 
119.50 4.5378 
120.00 4.5382 
120.50 4.5386 
121.00 4.5390 
121.50 4.5394 
122.00 4.5398 
122.50 4.5403 
123.00 4.5408 
123.50 4.5413 
124.00 4.5419 
124.50 4.5424 
125.00 4.5430 
125.50 4.5435 
126.00 4.5440 
126.50 4.5447 
127.00 4.5453 
127.50 4.5460 
128.00 4.5466 
128.50 4.5473 
129.00 4.5479 
129.50 4.5486 
130.00 4.5493 
130.50 4.5500 
131.00 4.5507 
131.50 4.5514 
132.00 4.5522 
132.50 4.5529 
133.00 4.5537 
133.50 4.5544 
134.00 4.5551 
134.50 4.5559 
135.00 4.5567 
135.50 4.5575 
136.00 4.5583 
136.50 4.5591 
137.00 4.5598 
137.50 4.5606 
138.00 4.5614 
138.50 4.5622 
139.00 4.5630 
139.50 4.5638 
140.00 4.5647 
140.50 4.5655 
141.00 4.5663 
141.50 4.5671 
142.00 4.5679 
142.50 4.5687 
143.00 4.5694 
143.50 4.5702 
144.00 4.5710 
144.50 4.5718 
145.00 4.5726 
145.50 4.5734 
146.00 4.5741 
146.50 4.5749 
147.00 4.5757 
147.50 4.5764 
148.00 4.5772 
148.50 4.5779 
149.00 4.5787 
149.50 4.5794 
150.00 4.5801 
