  0.00 1.3368 
  0.50 1.6089 
  1.00 1.8810 
  1.50 2.1531 
  2.00 2.4252 
  2.50 3.2092 
  3.00 3.2326 
  3.50 3.2550 
  4.00 3.2760 
  4.50 3.2968 
  5.00 3.3155 
  5.50 3.3341 
  6.00 3.3512 
  6.50 3.3678 
  7.00 3.3836 
  7.50 3.3981 
  8.00 3.4126 
  8.50 3.4254 
  9.00 3.4381 
  9.50 3.4497 
 10.00 3.4608 
 10.50 3.4714 
 11.00 3.4809 
 11.50 3.4905 
 12.00 3.4988 
 12.50 3.5071 
 13.00 3.5147 
 13.50 3.5218 
 14.00 3.5286 
 14.50 3.5347 
 15.00 3.5408 
 15.50 3.5463 
 16.00 3.5516 
 16.50 3.5566 
 17.00 3.5612 
 17.50 3.5658 
 18.00 3.5700 
 18.50 3.5742 
 19.00 3.5781 
 19.50 3.5820 
 20.00 3.5858 
 20.50 3.5896 
 21.00 3.5934 
 21.50 3.5971 
 22.00 3.6009 
 22.50 3.6048 
 23.00 3.6088 
 23.50 3.6129 
 24.00 3.6172 
 24.50 3.6216 
 25.00 3.6265 
 25.50 3.6314 
 26.00 3.6368 
 26.50 3.6424 
 27.00 3.6482 
 27.50 3.6546 
 28.00 3.6611 
 28.50 3.6685 
 29.00 3.6761 
 29.50 3.6843 
 30.00 3.6930 
 30.50 3.7021 
 31.00 3.7122 
 31.50 3.7223 
 32.00 3.7338 
 32.50 3.7454 
 33.00 3.7579 
 33.50 3.7713 
 34.00 3.7850 
 34.50 3.8002 
 35.00 3.8155 
 35.50 3.8323 
 36.00 3.8495 
 36.50 4.4412 
 37.00 4.4345 
 37.50 4.4278 
 38.00 4.4211 
 38.50 4.4144 
 39.00 4.4076 
 39.50 4.4009 
 40.00 4.3942 
 40.50 4.3875 
 41.00 4.3819 
 41.50 4.3762 
 42.00 4.3706 
 42.50 4.3649 
 43.00 4.3593 
 43.50 4.3536 
 44.00 4.3480 
 44.50 4.3423 
 45.00 4.3373 
 45.50 4.3328 
 46.00 4.3282 
 46.50 4.3236 
 47.00 4.3190 
 47.50 4.3144 
 48.00 4.3098 
 48.50 4.3053 
 49.00 4.3009 
 49.50 4.2973 
 50.00 4.2936 
 50.50 4.2900 
 51.00 4.2864 
 51.50 4.2828 
 52.00 4.2791 
 52.50 4.2755 
 53.00 4.2719 
 53.50 4.2690 
 54.00 4.2663 
 54.50 4.2635 
 55.00 4.2608 
 55.50 4.2580 
 56.00 4.2553 
 56.50 4.2525 
 57.00 4.2497 
 57.50 4.2473 
 58.00 4.2454 
 58.50 4.2434 
 59.00 4.2415 
 59.50 4.2395 
 60.00 4.2375 
 60.50 4.2355 
 61.00 4.2336 
 61.50 4.2317 
 62.00 4.2304 
 62.50 4.2291 
 63.00 4.2278 
 63.50 4.2265 
 64.00 4.2253 
 64.50 4.2240 
 65.00 4.2227 
 65.50 4.2214 
 66.00 4.2206 
 66.50 4.2199 
 67.00 4.2192 
 67.50 4.2186 
 68.00 4.2179 
 68.50 4.2172 
 69.00 4.2166 
 69.50 4.2159 
 70.00 4.2154 
 70.50 4.2152 
 71.00 4.2151 
 71.50 4.2149 
 72.00 4.2148 
 72.50 4.2146 
 73.00 4.2145 
 73.50 4.2144 
 74.00 4.2142 
 74.50 4.2144 
 75.00 4.2147 
 75.50 4.2150 
 76.00 4.2153 
 76.50 4.2155 
 77.00 4.2158 
 77.50 4.2161 
 78.00 4.2164 
 78.50 4.2168 
 79.00 4.2174 
 79.50 4.2180 
 80.00 4.2186 
 80.50 4.2193 
 81.00 4.2199 
 81.50 4.2205 
 82.00 4.2211 
 82.50 4.2218 
 83.00 4.2226 
 83.50 4.2235 
 84.00 4.2243 
 84.50 4.2252 
 85.00 4.2260 
 85.50 4.2269 
 86.00 4.2278 
 86.50 4.2286 
 87.00 4.2296 
 87.50 4.2306 
 88.00 4.2316 
 88.50 4.2327 
 89.00 4.2337 
 89.50 4.2347 
 90.00 4.2357 
 90.50 4.2368 
 91.00 4.2378 
 91.50 4.2389 
 92.00 4.2401 
 92.50 4.2412 
 93.00 4.2423 
 93.50 4.2434 
 94.00 4.2445 
 94.50 4.2457 
 95.00 4.2468 
 95.50 4.2479 
 96.00 4.2491 
 96.50 4.2503 
 97.00 4.2514 
 97.50 4.2526 
 98.00 4.2538 
 98.50 4.2549 
 99.00 4.2561 
 99.50 4.2573 
100.00 4.2585 
100.50 4.2597 
101.00 4.2609 
101.50 4.2622 
102.00 4.2634 
102.50 4.2646 
103.00 4.2658 
103.50 4.2670 
104.00 4.2683 
104.50 4.2695 
105.00 4.2708 
105.50 4.2721 
106.00 4.2733 
106.50 4.2746 
107.00 4.2759 
107.50 4.2771 
108.00 4.2784 
108.50 4.2797 
109.00 4.2810 
109.50 4.2823 
110.00 4.2836 
110.50 4.2849 
111.00 4.2862 
111.50 4.2875 
112.00 4.2888 
112.50 4.2901 
113.00 4.2914 
113.50 4.2927 
114.00 4.2940 
114.50 4.2953 
115.00 4.2966 
115.50 4.2980 
116.00 4.2993 
116.50 4.3006 
117.00 4.3019 
117.50 4.3032 
118.00 4.3046 
118.50 4.3059 
119.00 4.3072 
119.50 4.3085 
120.00 4.3098 
120.50 4.3112 
121.00 4.3125 
121.50 4.3138 
122.00 4.3151 
122.50 4.3165 
123.00 4.3178 
123.50 4.3191 
124.00 4.3204 
124.50 4.3217 
125.00 4.3231 
125.50 4.3244 
126.00 4.3257 
126.50 4.3270 
127.00 4.3283 
127.50 4.3296 
128.00 4.3309 
128.50 4.3322 
129.00 4.3335 
129.50 4.3348 
130.00 4.3361 
130.50 4.3374 
131.00 4.3387 
131.50 4.3400 
132.00 4.3413 
132.50 4.3426 
133.00 4.3439 
133.50 4.3452 
134.00 4.3464 
134.50 4.3477 
135.00 4.3490 
135.50 4.3502 
136.00 4.3515 
136.50 4.3528 
137.00 4.3540 
137.50 4.3552 
138.00 4.3565 
138.50 4.3577 
139.00 4.3589 
139.50 4.3601 
140.00 4.3614 
140.50 4.3626 
141.00 4.3638 
141.50 4.3650 
142.00 4.3662 
142.50 4.3674 
143.00 4.3685 
143.50 4.3697 
144.00 4.3709 
144.50 4.3720 
145.00 4.3732 
145.50 4.3743 
146.00 4.3755 
146.50 4.3766 
147.00 4.3777 
147.50 4.3788 
148.00 4.3800 
148.50 4.3811 
149.00 4.3822 
149.50 4.3833 
150.00 4.3844 
