  0.00 2.0332 
  0.50 2.0978 
  1.00 2.1623 
  1.50 2.2269 
  2.00 2.2914 
  2.50 2.3560 
  3.00 2.4205 
  3.50 2.4851 
  4.00 2.5497 
  4.50 3.5166 
  5.00 3.5268 
  5.50 3.5369 
  6.00 3.5462 
  6.50 3.5556 
  7.00 3.5648 
  7.50 3.5734 
  8.00 3.5819 
  8.50 3.5902 
  9.00 3.5981 
  9.50 3.6059 
 10.00 3.6135 
 10.50 3.6207 
 11.00 3.6279 
 11.50 3.6347 
 12.00 3.6413 
 12.50 3.6479 
 13.00 3.6541 
 13.50 3.6603 
 14.00 3.6663 
 14.50 3.6721 
 15.00 3.6777 
 15.50 3.6833 
 16.00 3.6886 
 16.50 3.6938 
 17.00 3.6990 
 17.50 3.7040 
 18.00 3.7089 
 18.50 3.7138 
 19.00 3.7185 
 19.50 3.7232 
 20.00 3.7278 
 20.50 3.7323 
 21.00 3.7368 
 21.50 3.7413 
 22.00 3.7457 
 22.50 3.7502 
 23.00 3.7545 
 23.50 3.7589 
 24.00 3.7633 
 24.50 3.7676 
 25.00 3.7720 
 25.50 3.7764 
 26.00 3.7809 
 26.50 3.7854 
 27.00 3.7899 
 27.50 3.7946 
 28.00 3.7992 
 28.50 3.8039 
 29.00 3.8088 
 29.50 3.8137 
 30.00 3.8186 
 30.50 3.8239 
 31.00 3.8290 
 31.50 3.8344 
 32.00 3.8399 
 32.50 3.8454 
 33.00 3.8512 
 33.50 3.8572 
 34.00 3.8632 
 34.50 3.8696 
 35.00 3.8761 
 35.50 3.8825 
 36.00 3.8895 
 36.50 3.8966 
 37.00 3.9036 
 37.50 3.9113 
 38.00 3.9190 
 38.50 3.9267 
 39.00 3.9351 
 39.50 3.9435 
 40.00 3.9521 
 40.50 3.9613 
 41.00 3.9705 
 41.50 3.9800 
 42.00 3.9900 
 42.50 4.0000 
 43.00 4.0105 
 43.50 4.0214 
 44.00 4.0323 
 44.50 4.0438 
 45.00 4.0557 
 45.50 4.0675 
 46.00 4.5131 
 46.50 4.5147 
 47.00 4.5163 
 47.50 4.5178 
 48.00 4.5194 
 48.50 4.5210 
 49.00 4.5226 
 49.50 4.5242 
 50.00 4.5255 
 50.50 4.5267 
 51.00 4.5280 
 51.50 4.5293 
 52.00 4.5305 
 52.50 4.5317 
 53.00 4.5330 
 53.50 4.5343 
 54.00 4.5352 
 54.50 4.5361 
 55.00 4.5370 
 55.50 4.5379 
 56.00 4.5388 
 56.50 4.5397 
 57.00 4.5406 
 57.50 4.5415 
 58.00 4.5422 
 58.50 4.5428 
 59.00 4.5434 
 59.50 4.5441 
 60.00 4.5447 
 60.50 4.5453 
 61.00 4.5460 
 61.50 4.5465 
 62.00 4.5469 
 62.50 4.5473 
 63.00 4.5477 
 63.50 4.5481 
 64.00 4.5484 
 64.50 4.5488 
 65.00 4.5492 
 65.50 4.5495 
 66.00 4.5497 
 66.50 4.5499 
 67.00 4.5501 
 67.50 4.5502 
 68.00 4.5504 
 68.50 4.5506 
 69.00 4.5508 
 69.50 4.5509 
 70.00 4.5509 
 70.50 4.5509 
 71.00 4.5509 
 71.50 4.5510 
 72.00 4.5510 
 72.50 4.5510 
 73.00 4.5510 
 73.50 4.5510 
 74.00 4.5508 
 74.50 4.5507 
 75.00 4.5506 
 75.50 4.5504 
 76.00 4.5503 
 76.50 4.5502 
 77.00 4.5501 
 77.50 4.5499 
 78.00 4.5497 
 78.50 4.5495 
 79.00 4.5493 
 79.50 4.5491 
 80.00 4.5489 
 80.50 4.5487 
 81.00 4.5485 
 81.50 4.5483 
 82.00 4.5480 
 82.50 4.5477 
 83.00 4.5475 
 83.50 4.5472 
 84.00 4.5469 
 84.50 4.5467 
 85.00 4.5464 
 85.50 4.5461 
 86.00 4.5458 
 86.50 4.5456 
 87.00 4.5453 
 87.50 4.5450 
 88.00 4.5447 
 88.50 4.5445 
 89.00 4.5442 
 89.50 4.5439 
 90.00 4.5437 
 90.50 4.5434 
 91.00 4.5432 
 91.50 4.5430 
 92.00 4.5427 
 92.50 4.5425 
 93.00 4.5423 
 93.50 4.5421 
 94.00 4.5419 
 94.50 4.5417 
 95.00 4.5415 
 95.50 4.5414 
 96.00 4.5412 
 96.50 4.5410 
 97.00 4.5408 
 97.50 4.5407 
 98.00 4.5407 
 98.50 4.5406 
 99.00 4.5405 
 99.50 4.5404 
100.00 4.5404 
100.50 4.5403 
101.00 4.5402 
101.50 4.5402 
102.00 4.5402 
102.50 4.5402 
103.00 4.5403 
103.50 4.5403 
104.00 4.5403 
104.50 4.5403 
105.00 4.5403 
105.50 4.5404 
106.00 4.5405 
106.50 4.5406 
107.00 4.5408 
107.50 4.5409 
108.00 4.5410 
108.50 4.5411 
109.00 4.5412 
109.50 4.5414 
110.00 4.5416 
110.50 4.5418 
111.00 4.5419 
111.50 4.5421 
112.00 4.5423 
112.50 4.5425 
113.00 4.5427 
113.50 4.5429 
114.00 4.5431 
114.50 4.5434 
115.00 4.5436 
115.50 4.5438 
116.00 4.5441 
116.50 4.5443 
117.00 4.5446 
117.50 4.5449 
118.00 4.5452 
118.50 4.5455 
119.00 4.5458 
119.50 4.5461 
120.00 4.5464 
120.50 4.5467 
121.00 4.5470 
121.50 4.5474 
122.00 4.5477 
122.50 4.5480 
123.00 4.5484 
123.50 4.5487 
124.00 4.5491 
124.50 4.5494 
125.00 4.5498 
125.50 4.5502 
126.00 4.5505 
126.50 4.5509 
127.00 4.5513 
127.50 4.5517 
128.00 4.5520 
128.50 4.5524 
129.00 4.5528 
129.50 4.5532 
130.00 4.5536 
130.50 4.5540 
131.00 4.5544 
131.50 4.5548 
132.00 4.5552 
132.50 4.5556 
133.00 4.5560 
133.50 4.5564 
134.00 4.5568 
134.50 4.5573 
135.00 4.5577 
135.50 4.5581 
136.00 4.5585 
136.50 4.5589 
137.00 4.5593 
137.50 4.5597 
138.00 4.5601 
138.50 4.5605 
139.00 4.5610 
139.50 4.5614 
140.00 4.5618 
140.50 4.5622 
141.00 4.5626 
141.50 4.5630 
142.00 4.5634 
142.50 4.5638 
143.00 4.5642 
143.50 4.5646 
144.00 4.5649 
144.50 4.5653 
145.00 4.5657 
145.50 4.5661 
146.00 4.5665 
146.50 4.5669 
147.00 4.5673 
147.50 4.5677 
148.00 4.5681 
148.50 4.5685 
149.00 4.5688 
149.50 4.5692 
150.00 4.5695 
