  0.00 0.7348 
  0.50 1.5848 
  1.00 3.0756 
  1.50 3.1133 
  2.00 3.1482 
  2.50 3.1819 
  3.00 3.2138 
  3.50 3.2437 
  4.00 3.2726 
  4.50 3.2991 
  5.00 3.3247 
  5.50 3.3488 
  6.00 3.3712 
  6.50 3.3928 
  7.00 3.4126 
  7.50 3.4316 
  8.00 3.4494 
  8.50 3.4660 
  9.00 3.4820 
  9.50 3.4966 
 10.00 3.5106 
 10.50 3.5239 
 11.00 3.5362 
 11.50 3.5481 
 12.00 3.5591 
 12.50 3.5698 
 13.00 3.5800 
 13.50 3.5897 
 14.00 3.5992 
 14.50 3.6083 
 15.00 3.6172 
 15.50 3.6261 
 16.00 3.6347 
 16.50 3.6433 
 17.00 3.6521 
 17.50 3.6610 
 18.00 3.6700 
 18.50 3.6793 
 19.00 3.6888 
 19.50 3.6987 
 20.00 3.7091 
 20.50 3.7199 
 21.00 3.7315 
 21.50 3.7434 
 22.00 3.7562 
 22.50 3.7697 
 23.00 3.7838 
 23.50 3.7992 
 24.00 3.8152 
 24.50 3.8323 
 25.00 4.3271 
 25.50 4.3297 
 26.00 4.3324 
 26.50 4.3350 
 27.00 4.3377 
 27.50 4.3404 
 28.00 4.3430 
 28.50 4.3457 
 29.00 4.3483 
 29.50 4.3505 
 30.00 4.3523 
 30.50 4.3542 
 31.00 4.3561 
 31.50 4.3579 
 32.00 4.3598 
 32.50 4.3616 
 33.00 4.3635 
 33.50 4.3654 
 34.00 4.3667 
 34.50 4.3678 
 35.00 4.3689 
 35.50 4.3701 
 36.00 4.3712 
 36.50 4.3723 
 37.00 4.3734 
 37.50 4.3745 
 38.00 4.3756 
 38.50 4.3763 
 39.00 4.3767 
 39.50 4.3772 
 40.00 4.3776 
 40.50 4.3781 
 41.00 4.3785 
 41.50 4.3790 
 42.00 4.3794 
 42.50 4.3799 
 43.00 4.3799 
 43.50 4.3798 
 44.00 4.3796 
 44.50 4.3795 
 45.00 4.3794 
 45.50 4.3792 
 46.00 4.3791 
 46.50 4.3790 
 47.00 4.3788 
 47.50 4.3784 
 48.00 4.3777 
 48.50 4.3771 
 49.00 4.3764 
 49.50 4.3758 
 50.00 4.3751 
 50.50 4.3745 
 51.00 4.3739 
 51.50 4.3732 
 52.00 4.3723 
 52.50 4.3712 
 53.00 4.3701 
 53.50 4.3691 
 54.00 4.3680 
 54.50 4.3669 
 55.00 4.3659 
 55.50 4.3648 
 56.00 4.3637 
 56.50 4.3624 
 57.00 4.3610 
 57.50 4.3596 
 58.00 4.3582 
 58.50 4.3568 
 59.00 4.3553 
 59.50 4.3539 
 60.00 4.3525 
 60.50 4.3511 
 61.00 4.3495 
 61.50 4.3479 
 62.00 4.3462 
 62.50 4.3445 
 63.00 4.3429 
 63.50 4.3412 
 64.00 4.3395 
 64.50 4.3379 
 65.00 4.3362 
 65.50 4.3344 
 66.00 4.3325 
 66.50 4.3306 
 67.00 4.3288 
 67.50 4.3269 
 68.00 4.3250 
 68.50 4.3232 
 69.00 4.3213 
 69.50 4.3194 
 70.00 4.3175 
 70.50 4.3155 
 71.00 4.3135 
 71.50 4.3116 
 72.00 4.3096 
 72.50 4.3076 
 73.00 4.3057 
 73.50 4.3037 
 74.00 4.3017 
 74.50 4.2997 
 75.00 4.2977 
 75.50 4.2958 
 76.00 4.2938 
 76.50 4.2918 
 77.00 4.2898 
 77.50 4.2878 
 78.00 4.2858 
 78.50 4.2838 
 79.00 4.2819 
 79.50 4.2799 
 80.00 4.2780 
 80.50 4.2761 
 81.00 4.2741 
 81.50 4.2722 
 82.00 4.2702 
 82.50 4.2683 
 83.00 4.2664 
 83.50 4.2645 
 84.00 4.2627 
 84.50 4.2609 
 85.00 4.2591 
 85.50 4.2573 
 86.00 4.2555 
 86.50 4.2537 
 87.00 4.2518 
 87.50 4.2500 
 88.00 4.2483 
 88.50 4.2467 
 89.00 4.2450 
 89.50 4.2434 
 90.00 4.2417 
 90.50 4.2401 
 91.00 4.2384 
 91.50 4.2367 
 92.00 4.2351 
 92.50 4.2335 
 93.00 4.2320 
 93.50 4.2305 
 94.00 4.2290 
 94.50 4.2275 
 95.00 4.2260 
 95.50 4.2245 
 96.00 4.2230 
 96.50 4.2215 
 97.00 4.2202 
 97.50 4.2188 
 98.00 4.2175 
 98.50 4.2162 
 99.00 4.2149 
 99.50 4.2135 
100.00 4.2122 
100.50 4.2109 
101.00 4.2096 
101.50 4.2084 
102.00 4.2073 
102.50 4.2062 
103.00 4.2050 
103.50 4.2039 
104.00 4.2028 
104.50 4.2017 
105.00 4.2005 
105.50 4.1994 
106.00 4.1985 
106.50 4.1976 
107.00 4.1966 
107.50 4.1957 
108.00 4.1948 
108.50 4.1939 
109.00 4.1930 
109.50 4.1921 
110.00 4.1912 
110.50 4.1904 
111.00 4.1898 
111.50 4.1891 
112.00 4.1884 
112.50 4.1877 
113.00 4.1870 
113.50 4.1863 
114.00 4.1856 
114.50 4.1849 
115.00 4.1844 
115.50 4.1840 
116.00 4.1836 
116.50 4.1831 
117.00 4.1827 
117.50 4.1822 
118.00 4.1818 
118.50 4.1813 
119.00 4.1809 
119.50 4.1806 
120.00 4.1804 
120.50 4.1802 
121.00 4.1800 
121.50 4.1798 
122.00 4.1796 
122.50 4.1794 
123.00 4.1792 
123.50 4.1790 
124.00 4.1791 
124.50 4.1791 
125.00 4.1792 
125.50 4.1793 
126.00 4.1794 
126.50 4.1795 
127.00 4.1795 
127.50 4.1796 
128.00 4.1797 
128.50 4.1800 
129.00 4.1804 
129.50 4.1807 
130.00 4.1811 
130.50 4.1814 
131.00 4.1818 
131.50 4.1821 
132.00 4.1825 
132.50 4.1829 
133.00 4.1835 
133.50 4.1841 
134.00 4.1848 
134.50 4.1854 
135.00 4.1861 
135.50 4.1867 
136.00 4.1874 
136.50 4.1881 
137.00 4.1887 
137.50 4.1897 
138.00 4.1906 
138.50 4.1916 
139.00 4.1926 
139.50 4.1936 
140.00 4.1945 
140.50 4.1955 
141.00 4.1965 
141.50 4.1975 
142.00 4.1987 
142.50 4.2000 
143.00 4.2013 
143.50 4.2026 
144.00 4.2039 
144.50 4.2053 
145.00 4.2066 
145.50 4.2078 
146.00 4.2092 
146.50 4.2108 
147.00 4.2124 
147.50 4.2141 
148.00 4.2157 
148.50 4.2173 
149.00 4.2190 
149.50 4.2206 
150.00 4.2223 
