  0.00 1.3655 
  0.50 3.1655 
  1.00 3.1837 
  1.50 3.2013 
  2.00 3.2178 
  2.50 3.2341 
  3.00 3.2492 
  3.50 3.2642 
  4.00 3.2778 
  4.50 3.2913 
  5.00 3.3039 
  5.50 3.3163 
  6.00 3.3279 
  6.50 3.3392 
  7.00 3.3499 
  7.50 3.3601 
  8.00 3.3701 
  8.50 3.3795 
  9.00 3.3888 
  9.50 3.3975 
 10.00 3.4062 
 10.50 3.4143 
 11.00 3.4225 
 11.50 3.4303 
 12.00 3.4380 
 12.50 3.4456 
 13.00 3.4530 
 13.50 3.4604 
 14.00 3.4676 
 14.50 3.4749 
 15.00 3.4822 
 15.50 3.4895 
 16.00 3.4970 
 16.50 3.5044 
 17.00 3.5121 
 17.50 3.5198 
 18.00 3.5279 
 18.50 3.5360 
 19.00 3.5445 
 19.50 3.5532 
 20.00 3.5622 
 20.50 3.5716 
 21.00 3.5812 
 21.50 3.5915 
 22.00 3.6018 
 22.50 3.6130 
 23.00 3.6242 
 23.50 3.6365 
 24.00 3.6489 
 24.50 3.6622 
 25.00 3.6758 
 25.50 3.6902 
 26.00 3.7052 
 26.50 3.7208 
 27.00 3.7374 
 27.50 3.7544 
 28.00 3.7726 
 28.50 3.7910 
 29.00 3.8110 
 29.50 3.8311 
 30.00 3.8529 
 30.50 3.8749 
 31.00 3.8984 
 31.50 3.9224 
 32.00 4.2711 
 32.50 4.2710 
 33.00 4.2708 
 33.50 4.2707 
 34.00 4.2706 
 34.50 4.2704 
 35.00 4.2703 
 35.50 4.2702 
 36.00 4.2700 
 36.50 4.2698 
 37.00 4.2696 
 37.50 4.2694 
 38.00 4.2691 
 38.50 4.2689 
 39.00 4.2687 
 39.50 4.2685 
 40.00 4.2683 
 40.50 4.2680 
 41.00 4.2677 
 41.50 4.2674 
 42.00 4.2671 
 42.50 4.2668 
 43.00 4.2666 
 43.50 4.2663 
 44.00 4.2660 
 44.50 4.2657 
 45.00 4.2654 
 45.50 4.2650 
 46.00 4.2647 
 46.50 4.2644 
 47.00 4.2640 
 47.50 4.2637 
 48.00 4.2633 
 48.50 4.2630 
 49.00 4.2627 
 49.50 4.2623 
 50.00 4.2620 
 50.50 4.2617 
 51.00 4.2613 
 51.50 4.2610 
 52.00 4.2607 
 52.50 4.2603 
 53.00 4.2600 
 53.50 4.2597 
 54.00 4.2593 
 54.50 4.2590 
 55.00 4.2587 
 55.50 4.2583 
 56.00 4.2580 
 56.50 4.2576 
 57.00 4.2573 
 57.50 4.2570 
 58.00 4.2566 
 58.50 4.2563 
 59.00 4.2560 
 59.50 4.2557 
 60.00 4.2554 
 60.50 4.2551 
 61.00 4.2548 
 61.50 4.2545 
 62.00 4.2542 
 62.50 4.2539 
 63.00 4.2537 
 63.50 4.2534 
 64.00 4.2532 
 64.50 4.2529 
 65.00 4.2527 
 65.50 4.2525 
 66.00 4.2522 
 66.50 4.2520 
 67.00 4.2518 
 67.50 4.2516 
 68.00 4.2514 
 68.50 4.2513 
 69.00 4.2511 
 69.50 4.2509 
 70.00 4.2507 
 70.50 4.2505 
 71.00 4.2504 
 71.50 4.2504 
 72.00 4.2503 
 72.50 4.2502 
 73.00 4.2502 
 73.50 4.2501 
 74.00 4.2500 
 74.50 4.2500 
 75.00 4.2499 
 75.50 4.2499 
 76.00 4.2500 
 76.50 4.2500 
 77.00 4.2500 
 77.50 4.2501 
 78.00 4.2501 
 78.50 4.2501 
 79.00 4.2502 
 79.50 4.2503 
 80.00 4.2505 
 80.50 4.2507 
 81.00 4.2509 
 81.50 4.2511 
 82.00 4.2513 
 82.50 4.2515 
 83.00 4.2517 
 83.50 4.2519 
 84.00 4.2523 
 84.50 4.2526 
 85.00 4.2530 
 85.50 4.2533 
 86.00 4.2536 
 86.50 4.2540 
 87.00 4.2543 
 87.50 4.2547 
 88.00 4.2551 
 88.50 4.2557 
 89.00 4.2562 
 89.50 4.2568 
 90.00 4.2573 
 90.50 4.2578 
 91.00 4.2584 
 91.50 4.2589 
 92.00 4.2595 
 92.50 4.2601 
 93.00 4.2608 
 93.50 4.2615 
 94.00 4.2623 
 94.50 4.2630 
 95.00 4.2637 
 95.50 4.2644 
 96.00 4.2651 
 96.50 4.2658 
 97.00 4.2667 
 97.50 4.2675 
 98.00 4.2684 
 98.50 4.2693 
 99.00 4.2702 
 99.50 4.2710 
100.00 4.2719 
100.50 4.2728 
101.00 4.2737 
101.50 4.2747 
102.00 4.2757 
102.50 4.2767 
103.00 4.2777 
103.50 4.2787 
104.00 4.2797 
104.50 4.2808 
105.00 4.2818 
105.50 4.2829 
106.00 4.2840 
106.50 4.2851 
107.00 4.2862 
107.50 4.2874 
108.00 4.2885 
108.50 4.2896 
109.00 4.2907 
109.50 4.2919 
110.00 4.2931 
110.50 4.2943 
111.00 4.2955 
111.50 4.2968 
112.00 4.2980 
112.50 4.2992 
113.00 4.3004 
113.50 4.3016 
114.00 4.3029 
114.50 4.3042 
115.00 4.3055 
115.50 4.3068 
116.00 4.3081 
116.50 4.3094 
117.00 4.3107 
117.50 4.3120 
118.00 4.3133 
118.50 4.3146 
119.00 4.3160 
119.50 4.3174 
120.00 4.3187 
120.50 4.3201 
121.00 4.3215 
121.50 4.3228 
122.00 4.3242 
122.50 4.3256 
123.00 4.3270 
123.50 4.3284 
124.00 4.3298 
124.50 4.3312 
125.00 4.3327 
125.50 4.3341 
126.00 4.3355 
126.50 4.3369 
127.00 4.3383 
127.50 4.3398 
128.00 4.3412 
128.50 4.3426 
129.00 4.3441 
129.50 4.3455 
130.00 4.3469 
130.50 4.3484 
131.00 4.3498 
131.50 4.3513 
132.00 4.3527 
132.50 4.3541 
133.00 4.3556 
133.50 4.3570 
134.00 4.3584 
134.50 4.3599 
135.00 4.3613 
135.50 4.3628 
136.00 4.3642 
136.50 4.3656 
137.00 4.3671 
137.50 4.3685 
138.00 4.3699 
138.50 4.3714 
139.00 4.3728 
139.50 4.3742 
140.00 4.3757 
140.50 4.3771 
141.00 4.3785 
141.50 4.3799 
142.00 4.3813 
142.50 4.3827 
143.00 4.3841 
143.50 4.3855 
144.00 4.3869 
144.50 4.3882 
145.00 4.3896 
145.50 4.3910 
146.00 4.3923 
146.50 4.3937 
147.00 4.3951 
147.50 4.3964 
148.00 4.3978 
148.50 4.3991 
149.00 4.4004 
149.50 4.4017 
150.00 4.4030 
