  0.00 1.9656 
  0.50 2.0486 
  1.00 2.1316 
  1.50 2.2146 
  2.00 2.2976 
  2.50 2.3806 
  3.00 2.4636 
  3.50 2.5466 
  4.00 3.5080 
  4.50 3.5187 
  5.00 3.5293 
  5.50 3.5394 
  6.00 3.5492 
  6.50 3.5589 
  7.00 3.5680 
  7.50 3.5768 
  8.00 3.5856 
  8.50 3.5938 
  9.00 3.6018 
  9.50 3.6097 
 10.00 3.6171 
 10.50 3.6243 
 11.00 3.6315 
 11.50 3.6382 
 12.00 3.6447 
 12.50 3.6512 
 13.00 3.6572 
 13.50 3.6631 
 14.00 3.6690 
 14.50 3.6745 
 15.00 3.6799 
 15.50 3.6852 
 16.00 3.6902 
 16.50 3.6952 
 17.00 3.7001 
 17.50 3.7047 
 18.00 3.7093 
 18.50 3.7139 
 19.00 3.7182 
 19.50 3.7225 
 20.00 3.7268 
 20.50 3.7309 
 21.00 3.7350 
 21.50 3.7391 
 22.00 3.7431 
 22.50 3.7471 
 23.00 3.7511 
 23.50 3.7551 
 24.00 3.7590 
 24.50 3.7630 
 25.00 3.7670 
 25.50 3.7710 
 26.00 3.7750 
 26.50 3.7792 
 27.00 3.7833 
 27.50 3.7875 
 28.00 3.7919 
 28.50 3.7962 
 29.00 3.8006 
 29.50 3.8053 
 30.00 3.8099 
 30.50 3.8146 
 31.00 3.8196 
 31.50 3.8246 
 32.00 3.8298 
 32.50 3.8352 
 33.00 3.8407 
 33.50 3.8464 
 34.00 3.8524 
 34.50 3.8584 
 35.00 3.8647 
 35.50 3.8713 
 36.00 3.8779 
 36.50 3.8849 
 37.00 3.8922 
 37.50 3.8994 
 38.00 3.9072 
 38.50 3.9153 
 39.00 3.9234 
 39.50 3.9320 
 40.00 3.9409 
 40.50 3.9498 
 41.00 3.9594 
 41.50 3.9693 
 42.00 3.9791 
 42.50 3.9898 
 43.00 4.0007 
 43.50 4.0116 
 44.00 4.0234 
 44.50 4.0353 
 45.00 4.0472 
 45.50 4.0602 
 46.00 4.0733 
 46.50 4.0863 
 47.00 4.5103 
 47.50 4.5166 
 48.00 4.5229 
 48.50 4.5293 
 49.00 4.5356 
 49.50 4.5419 
 50.00 4.5483 
 50.50 4.5545 
 51.00 4.5595 
 51.50 4.5645 
 52.00 4.5695 
 52.50 4.5745 
 53.00 4.5795 
 53.50 4.5845 
 54.00 4.5895 
 54.50 4.5943 
 55.00 4.5980 
 55.50 4.6018 
 56.00 4.6055 
 56.50 4.6093 
 57.00 4.6131 
 57.50 4.6168 
 58.00 4.6206 
 58.50 4.6239 
 59.00 4.6266 
 59.50 4.6292 
 60.00 4.6319 
 60.50 4.6345 
 61.00 4.6372 
 61.50 4.6398 
 62.00 4.6424 
 62.50 4.6446 
 63.00 4.6463 
 63.50 4.6480 
 64.00 4.6497 
 64.50 4.6513 
 65.00 4.6530 
 65.50 4.6547 
 66.00 4.6564 
 66.50 4.6575 
 67.00 4.6584 
 67.50 4.6592 
 68.00 4.6601 
 68.50 4.6609 
 69.00 4.6618 
 69.50 4.6626 
 70.00 4.6635 
 70.50 4.6638 
 71.00 4.6640 
 71.50 4.6641 
 72.00 4.6643 
 72.50 4.6644 
 73.00 4.6646 
 73.50 4.6647 
 74.00 4.6649 
 74.50 4.6645 
 75.00 4.6641 
 75.50 4.6637 
 76.00 4.6633 
 76.50 4.6629 
 77.00 4.6625 
 77.50 4.6621 
 78.00 4.6617 
 78.50 4.6609 
 79.00 4.6601 
 79.50 4.6593 
 80.00 4.6585 
 80.50 4.6577 
 81.00 4.6569 
 81.50 4.6561 
 82.00 4.6553 
 82.50 4.6542 
 83.00 4.6531 
 83.50 4.6520 
 84.00 4.6509 
 84.50 4.6499 
 85.00 4.6488 
 85.50 4.6477 
 86.00 4.6466 
 86.50 4.6454 
 87.00 4.6442 
 87.50 4.6430 
 88.00 4.6418 
 88.50 4.6406 
 89.00 4.6393 
 89.50 4.6381 
 90.00 4.6369 
 90.50 4.6357 
 91.00 4.6345 
 91.50 4.6333 
 92.00 4.6321 
 92.50 4.6309 
 93.00 4.6297 
 93.50 4.6285 
 94.00 4.6274 
 94.50 4.6263 
 95.00 4.6253 
 95.50 4.6242 
 96.00 4.6232 
 96.50 4.6222 
 97.00 4.6211 
 97.50 4.6201 
 98.00 4.6192 
 98.50 4.6184 
 99.00 4.6176 
 99.50 4.6168 
100.00 4.6160 
100.50 4.6152 
101.00 4.6145 
101.50 4.6137 
102.00 4.6131 
102.50 4.6125 
103.00 4.6120 
103.50 4.6115 
104.00 4.6109 
104.50 4.6104 
105.00 4.6099 
105.50 4.6094 
106.00 4.6090 
106.50 4.6087 
107.00 4.6085 
107.50 4.6082 
108.00 4.6079 
108.50 4.6076 
109.00 4.6073 
109.50 4.6070 
110.00 4.6069 
110.50 4.6068 
111.00 4.6068 
111.50 4.6067 
112.00 4.6066 
112.50 4.6065 
113.00 4.6065 
113.50 4.6064 
114.00 4.6065 
114.50 4.6066 
115.00 4.6067 
115.50 4.6068 
116.00 4.6069 
116.50 4.6070 
117.00 4.6070 
117.50 4.6072 
118.00 4.6074 
118.50 4.6076 
119.00 4.6079 
119.50 4.6081 
120.00 4.6084 
120.50 4.6086 
121.00 4.6089 
121.50 4.6091 
122.00 4.6095 
122.50 4.6099 
123.00 4.6102 
123.50 4.6106 
124.00 4.6109 
124.50 4.6113 
125.00 4.6116 
125.50 4.6121 
126.00 4.6125 
126.50 4.6130 
127.00 4.6135 
127.50 4.6139 
128.00 4.6144 
128.50 4.6149 
129.00 4.6154 
129.50 4.6159 
130.00 4.6164 
130.50 4.6169 
131.00 4.6174 
131.50 4.6179 
132.00 4.6185 
132.50 4.6190 
133.00 4.6195 
133.50 4.6200 
134.00 4.6206 
134.50 4.6212 
135.00 4.6217 
135.50 4.6223 
136.00 4.6228 
136.50 4.6234 
137.00 4.6240 
137.50 4.6245 
138.00 4.6251 
138.50 4.6256 
139.00 4.6262 
139.50 4.6268 
140.00 4.6273 
140.50 4.6279 
141.00 4.6284 
141.50 4.6290 
142.00 4.6296 
142.50 4.6301 
143.00 4.6307 
143.50 4.6312 
144.00 4.6318 
144.50 4.6323 
145.00 4.6329 
145.50 4.6334 
146.00 4.6339 
146.50 4.6344 
147.00 4.6349 
147.50 4.6354 
148.00 4.6359 
148.50 4.6364 
149.00 4.6368 
149.50 4.6373 
150.00 4.6377 
