  0.00 1.8606 
  0.50 1.9768 
  1.00 2.0931 
  1.50 2.2093 
  2.00 2.3256 
  2.50 2.4418 
  3.00 2.5581 
  3.50 2.6743 
  4.00 2.7906 
  4.50 3.3864 
  5.00 3.4055 
  5.50 3.4246 
  6.00 3.4431 
  6.50 3.4604 
  7.00 3.4777 
  7.50 3.4946 
  8.00 3.5101 
  8.50 3.5256 
  9.00 3.5408 
  9.50 3.5546 
 10.00 3.5684 
 10.50 3.5820 
 11.00 3.5943 
 11.50 3.6066 
 12.00 3.6187 
 12.50 3.6296 
 13.00 3.6404 
 13.50 3.6512 
 14.00 3.6607 
 14.50 3.6702 
 15.00 3.6797 
 15.50 3.6881 
 16.00 3.6964 
 16.50 3.7047 
 17.00 3.7120 
 17.50 3.7193 
 18.00 3.7265 
 18.50 3.7329 
 19.00 3.7392 
 19.50 3.7456 
 20.00 3.7512 
 20.50 3.7567 
 21.00 3.7621 
 21.50 3.7670 
 22.00 3.7718 
 22.50 3.7765 
 23.00 3.7809 
 23.50 3.7851 
 24.00 3.7893 
 24.50 3.7931 
 25.00 3.7968 
 25.50 3.8005 
 26.00 3.8040 
 26.50 3.8074 
 27.00 3.8108 
 27.50 3.8140 
 28.00 3.8172 
 28.50 3.8203 
 29.00 3.8234 
 29.50 3.8264 
 30.00 3.8295 
 30.50 3.8325 
 31.00 3.8356 
 31.50 3.8387 
 32.00 3.8418 
 32.50 3.8450 
 33.00 3.8482 
 33.50 3.8515 
 34.00 3.8550 
 34.50 3.8585 
 35.00 3.8620 
 35.50 3.8659 
 36.00 3.8698 
 36.50 3.8737 
 37.00 3.8781 
 37.50 3.8824 
 38.00 3.8869 
 38.50 3.8919 
 39.00 3.8969 
 39.50 3.9020 
 40.00 3.9077 
 40.50 3.9135 
 41.00 3.9192 
 41.50 3.9259 
 42.00 3.9325 
 42.50 3.9391 
 43.00 3.9467 
 43.50 3.9543 
 44.00 3.9620 
 44.50 3.9706 
 45.00 3.9793 
 45.50 3.9880 
 46.00 3.9978 
 46.50 4.0078 
 47.00 4.0177 
 47.50 4.0288 
 48.00 4.0400 
 48.50 4.0513 
 49.00 4.5606 
 49.50 4.5631 
 50.00 4.5657 
 50.50 4.5682 
 51.00 4.5708 
 51.50 4.5733 
 52.00 4.5759 
 52.50 4.5784 
 53.00 4.5804 
 53.50 4.5824 
 54.00 4.5843 
 54.50 4.5863 
 55.00 4.5883 
 55.50 4.5903 
 56.00 4.5922 
 56.50 4.5941 
 57.00 4.5955 
 57.50 4.5969 
 58.00 4.5983 
 58.50 4.5997 
 59.00 4.6011 
 59.50 4.6026 
 60.00 4.6040 
 60.50 4.6052 
 61.00 4.6061 
 61.50 4.6071 
 62.00 4.6080 
 62.50 4.6090 
 63.00 4.6099 
 63.50 4.6109 
 64.00 4.6118 
 64.50 4.6125 
 65.00 4.6130 
 65.50 4.6135 
 66.00 4.6140 
 66.50 4.6145 
 67.00 4.6151 
 67.50 4.6156 
 68.00 4.6161 
 68.50 4.6162 
 69.00 4.6164 
 69.50 4.6166 
 70.00 4.6167 
 70.50 4.6169 
 71.00 4.6170 
 71.50 4.6172 
 72.00 4.6173 
 72.50 4.6171 
 73.00 4.6170 
 73.50 4.6168 
 74.00 4.6166 
 74.50 4.6165 
 75.00 4.6163 
 75.50 4.6162 
 76.00 4.6159 
 76.50 4.6155 
 77.00 4.6151 
 77.50 4.6147 
 78.00 4.6143 
 78.50 4.6139 
 79.00 4.6135 
 79.50 4.6131 
 80.00 4.6126 
 80.50 4.6120 
 81.00 4.6114 
 81.50 4.6109 
 82.00 4.6103 
 82.50 4.6097 
 83.00 4.6091 
 83.50 4.6086 
 84.00 4.6079 
 84.50 4.6071 
 85.00 4.6064 
 85.50 4.6057 
 86.00 4.6050 
 86.50 4.6043 
 87.00 4.6036 
 87.50 4.6029 
 88.00 4.6021 
 88.50 4.6013 
 89.00 4.6006 
 89.50 4.5998 
 90.00 4.5990 
 90.50 4.5983 
 91.00 4.5975 
 91.50 4.5967 
 92.00 4.5959 
 92.50 4.5951 
 93.00 4.5944 
 93.50 4.5936 
 94.00 4.5928 
 94.50 4.5920 
 95.00 4.5912 
 95.50 4.5904 
 96.00 4.5897 
 96.50 4.5890 
 97.00 4.5883 
 97.50 4.5875 
 98.00 4.5868 
 98.50 4.5860 
 99.00 4.5853 
 99.50 4.5847 
100.00 4.5841 
100.50 4.5834 
101.00 4.5828 
101.50 4.5822 
102.00 4.5816 
102.50 4.5810 
103.00 4.5804 
103.50 4.5798 
104.00 4.5793 
104.50 4.5788 
105.00 4.5782 
105.50 4.5777 
106.00 4.5772 
106.50 4.5767 
107.00 4.5762 
107.50 4.5758 
108.00 4.5753 
108.50 4.5749 
109.00 4.5745 
109.50 4.5741 
110.00 4.5737 
110.50 4.5733 
111.00 4.5729 
111.50 4.5726 
112.00 4.5723 
112.50 4.5720 
113.00 4.5717 
113.50 4.5714 
114.00 4.5711 
114.50 4.5708 
115.00 4.5705 
115.50 4.5703 
116.00 4.5701 
116.50 4.5699 
117.00 4.5697 
117.50 4.5694 
118.00 4.5692 
118.50 4.5690 
119.00 4.5689 
119.50 4.5688 
120.00 4.5686 
120.50 4.5685 
121.00 4.5684 
121.50 4.5683 
122.00 4.5682 
122.50 4.5681 
123.00 4.5681 
123.50 4.5680 
124.00 4.5680 
124.50 4.5680 
125.00 4.5680 
125.50 4.5679 
126.00 4.5679 
126.50 4.5679 
127.00 4.5680 
127.50 4.5681 
128.00 4.5681 
128.50 4.5682 
129.00 4.5682 
129.50 4.5683 
130.00 4.5684 
130.50 4.5685 
131.00 4.5686 
131.50 4.5688 
132.00 4.5689 
132.50 4.5691 
133.00 4.5692 
133.50 4.5694 
134.00 4.5695 
134.50 4.5697 
135.00 4.5700 
135.50 4.5702 
136.00 4.5704 
136.50 4.5706 
137.00 4.5709 
137.50 4.5711 
138.00 4.5714 
138.50 4.5717 
139.00 4.5720 
139.50 4.5723 
140.00 4.5725 
140.50 4.5728 
141.00 4.5731 
141.50 4.5734 
142.00 4.5738 
142.50 4.5742 
143.00 4.5746 
143.50 4.5749 
144.00 4.5753 
144.50 4.5757 
145.00 4.5761 
145.50 4.5765 
146.00 4.5769 
146.50 4.5774 
147.00 4.5778 
147.50 4.5783 
148.00 4.5787 
148.50 4.5792 
149.00 4.5796 
149.50 4.5801 
150.00 4.5806 
