  0.00 1.5910 
  0.50 2.0958 
  1.00 3.2489 
  1.50 3.2687 
  2.00 3.2886 
  2.50 3.3067 
  3.00 3.3244 
  3.50 3.3418 
  4.00 3.3575 
  4.50 3.3733 
  5.00 3.3880 
  5.50 3.4018 
  6.00 3.4156 
  6.50 3.4278 
  7.00 3.4400 
  7.50 3.4516 
  8.00 3.4622 
  8.50 3.4727 
  9.00 3.4822 
  9.50 3.4913 
 10.00 3.5003 
 10.50 3.5081 
 11.00 3.5159 
 11.50 3.5232 
 12.00 3.5299 
 12.50 3.5366 
 13.00 3.5424 
 13.50 3.5480 
 14.00 3.5535 
 14.50 3.5583 
 15.00 3.5631 
 15.50 3.5675 
 16.00 3.5716 
 16.50 3.5756 
 17.00 3.5792 
 17.50 3.5828 
 18.00 3.5862 
 18.50 3.5893 
 19.00 3.5924 
 19.50 3.5953 
 20.00 3.5982 
 20.50 3.6011 
 21.00 3.6038 
 21.50 3.6065 
 22.00 3.6093 
 22.50 3.6121 
 23.00 3.6149 
 23.50 3.6178 
 24.00 3.6207 
 24.50 3.6237 
 25.00 3.6270 
 25.50 3.6302 
 26.00 3.6338 
 26.50 3.6375 
 27.00 3.6412 
 27.50 3.6456 
 28.00 3.6499 
 28.50 3.6545 
 29.00 3.6596 
 29.50 3.6647 
 30.00 3.6704 
 30.50 3.6765 
 31.00 3.6826 
 31.50 3.6896 
 32.00 3.6967 
 32.50 3.7043 
 33.00 3.7126 
 33.50 3.7208 
 34.00 3.7302 
 34.50 3.7399 
 35.00 3.7498 
 35.50 3.7609 
 36.00 3.7720 
 36.50 3.7841 
 37.00 3.7969 
 37.50 3.8096 
 38.00 3.8240 
 38.50 3.8384 
 39.00 4.3432 
 39.50 4.3405 
 40.00 4.3378 
 40.50 4.3351 
 41.00 4.3324 
 41.50 4.3298 
 42.00 4.3271 
 42.50 4.3244 
 43.00 4.3217 
 43.50 4.3192 
 44.00 4.3166 
 44.50 4.3141 
 45.00 4.3115 
 45.50 4.3090 
 46.00 4.3064 
 46.50 4.3038 
 47.00 4.3013 
 47.50 4.2989 
 48.00 4.2965 
 48.50 4.2941 
 49.00 4.2917 
 49.50 4.2893 
 50.00 4.2869 
 50.50 4.2845 
 51.00 4.2821 
 51.50 4.2798 
 52.00 4.2776 
 52.50 4.2754 
 53.00 4.2732 
 53.50 4.2710 
 54.00 4.2687 
 54.50 4.2665 
 55.00 4.2643 
 55.50 4.2622 
 56.00 4.2602 
 56.50 4.2581 
 57.00 4.2561 
 57.50 4.2541 
 58.00 4.2521 
 58.50 4.2500 
 59.00 4.2480 
 59.50 4.2460 
 60.00 4.2442 
 60.50 4.2424 
 61.00 4.2405 
 61.50 4.2387 
 62.00 4.2369 
 62.50 4.2351 
 63.00 4.2332 
 63.50 4.2314 
 64.00 4.2298 
 64.50 4.2282 
 65.00 4.2266 
 65.50 4.2250 
 66.00 4.2234 
 66.50 4.2218 
 67.00 4.2203 
 67.50 4.2187 
 68.00 4.2172 
 68.50 4.2158 
 69.00 4.2145 
 69.50 4.2131 
 70.00 4.2117 
 70.50 4.2104 
 71.00 4.2090 
 71.50 4.2076 
 72.00 4.2063 
 72.50 4.2052 
 73.00 4.2041 
 73.50 4.2030 
 74.00 4.2019 
 74.50 4.2008 
 75.00 4.1997 
 75.50 4.1985 
 76.00 4.1974 
 76.50 4.1966 
 77.00 4.1957 
 77.50 4.1949 
 78.00 4.1940 
 78.50 4.1932 
 79.00 4.1923 
 79.50 4.1915 
 80.00 4.1906 
 80.50 4.1900 
 81.00 4.1894 
 81.50 4.1889 
 82.00 4.1883 
 82.50 4.1877 
 83.00 4.1871 
 83.50 4.1866 
 84.00 4.1860 
 84.50 4.1856 
 85.00 4.1853 
 85.50 4.1850 
 86.00 4.1847 
 86.50 4.1845 
 87.00 4.1842 
 87.50 4.1839 
 88.00 4.1836 
 88.50 4.1834 
 89.00 4.1834 
 89.50 4.1835 
 90.00 4.1835 
 90.50 4.1836 
 91.00 4.1836 
 91.50 4.1836 
 92.00 4.1837 
 92.50 4.1837 
 93.00 4.1840 
 93.50 4.1844 
 94.00 4.1847 
 94.50 4.1850 
 95.00 4.1854 
 95.50 4.1857 
 96.00 4.1860 
 96.50 4.1864 
 97.00 4.1869 
 97.50 4.1876 
 98.00 4.1882 
 98.50 4.1889 
 99.00 4.1895 
 99.50 4.1902 
100.00 4.1909 
100.50 4.1915 
101.00 4.1923 
101.50 4.1932 
102.00 4.1941 
102.50 4.1951 
103.00 4.1960 
103.50 4.1969 
104.00 4.1978 
104.50 4.1988 
105.00 4.1997 
105.50 4.2009 
106.00 4.2021 
106.50 4.2033 
107.00 4.2045 
107.50 4.2057 
108.00 4.2069 
108.50 4.2081 
109.00 4.2093 
109.50 4.2107 
110.00 4.2122 
110.50 4.2136 
111.00 4.2150 
111.50 4.2165 
112.00 4.2179 
112.50 4.2194 
113.00 4.2208 
113.50 4.2224 
114.00 4.2240 
114.50 4.2257 
115.00 4.2274 
115.50 4.2290 
116.00 4.2307 
116.50 4.2323 
117.00 4.2340 
117.50 4.2357 
118.00 4.2376 
118.50 4.2394 
119.00 4.2413 
119.50 4.2431 
120.00 4.2450 
120.50 4.2469 
121.00 4.2487 
121.50 4.2506 
122.00 4.2527 
122.50 4.2547 
123.00 4.2568 
123.50 4.2588 
124.00 4.2609 
124.50 4.2630 
125.00 4.2650 
125.50 4.2671 
126.00 4.2692 
126.50 4.2715 
127.00 4.2737 
127.50 4.2759 
128.00 4.2781 
128.50 4.2803 
129.00 4.2825 
129.50 4.2847 
130.00 4.2870 
130.50 4.2894 
131.00 4.2918 
131.50 4.2941 
132.00 4.2965 
132.50 4.2988 
133.00 4.3012 
133.50 4.3035 
134.00 4.3059 
134.50 4.3084 
135.00 4.3109 
135.50 4.3134 
136.00 4.3159 
136.50 4.3183 
137.00 4.3208 
137.50 4.3233 
138.00 4.3258 
138.50 4.3284 
139.00 4.3309 
139.50 4.3335 
140.00 4.3361 
140.50 4.3387 
141.00 4.3413 
141.50 4.3439 
142.00 4.3465 
142.50 4.3491 
143.00 4.3518 
143.50 4.3545 
144.00 4.3572 
144.50 4.3598 
145.00 4.3625 
145.50 4.3652 
146.00 4.3678 
146.50 4.3705 
147.00 4.3733 
147.50 4.3760 
148.00 4.3788 
148.50 4.3815 
149.00 4.3842 
149.50 4.3870 
150.00 4.3897 
