  0.00 1.0045 
  0.50 1.3667 
  1.00 2.8537 
  1.50 2.8971 
  2.00 2.9398 
  2.50 2.9819 
  3.00 3.0234 
  3.50 3.0640 
  4.00 3.1040 
  4.50 3.1435 
  5.00 3.1824 
  5.50 3.2206 
  6.00 3.2584 
  6.50 3.2958 
  7.00 3.3326 
  7.50 3.3690 
  8.00 3.4050 
  8.50 3.4406 
  9.00 3.4759 
  9.50 3.5109 
 10.00 3.5457 
 10.50 3.5802 
 11.00 3.6144 
 11.50 3.6486 
 12.00 3.6825 
 12.50 3.7164 
 13.00 3.7501 
 13.50 3.7837 
 14.00 3.8175 
 14.50 3.8511 
 15.00 3.8848 
 15.50 3.9186 
 16.00 3.9525 
 16.50 3.9865 
 17.00 4.0207 
 17.50 4.0551 
 18.00 4.0897 
 18.50 4.1246 
 19.00 4.1597 
 19.50 4.1952 
 20.00 4.2310 
 20.50 4.2671 
 21.00 4.3036 
 21.50 4.7637 
 22.00 4.7632 
 22.50 4.7626 
 23.00 4.7619 
 23.50 4.7614 
 24.00 4.7608 
 24.50 4.7602 
 25.00 4.7596 
 25.50 4.7590 
 26.00 4.7580 
 26.50 4.7566 
 27.00 4.7551 
 27.50 4.7537 
 28.00 4.7523 
 28.50 4.7508 
 29.00 4.7494 
 29.50 4.7479 
 30.00 4.7465 
 30.50 4.7449 
 31.00 4.7427 
 31.50 4.7405 
 32.00 4.7384 
 32.50 4.7362 
 33.00 4.7340 
 33.50 4.7319 
 34.00 4.7297 
 34.50 4.7275 
 35.00 4.7253 
 35.50 4.7225 
 36.00 4.7197 
 36.50 4.7169 
 37.00 4.7141 
 37.50 4.7113 
 38.00 4.7085 
 38.50 4.7057 
 39.00 4.7029 
 39.50 4.7001 
 40.00 4.6968 
 40.50 4.6934 
 41.00 4.6900 
 41.50 4.6867 
 42.00 4.6833 
 42.50 4.6799 
 43.00 4.6765 
 43.50 4.6732 
 44.00 4.6698 
 44.50 4.6661 
 45.00 4.6623 
 45.50 4.6585 
 46.00 4.6547 
 46.50 4.6508 
 47.00 4.6470 
 47.50 4.6432 
 48.00 4.6394 
 48.50 4.6356 
 49.00 4.6315 
 49.50 4.6273 
 50.00 4.6231 
 50.50 4.6189 
 51.00 4.6147 
 51.50 4.6105 
 52.00 4.6063 
 52.50 4.6021 
 53.00 4.5979 
 53.50 4.5936 
 54.00 4.5892 
 54.50 4.5847 
 55.00 4.5802 
 55.50 4.5757 
 56.00 4.5713 
 56.50 4.5668 
 57.00 4.5623 
 57.50 4.5579 
 58.00 4.5533 
 58.50 4.5487 
 59.00 4.5440 
 59.50 4.5394 
 60.00 4.5347 
 60.50 4.5301 
 61.00 4.5254 
 61.50 4.5207 
 62.00 4.5161 
 62.50 4.5114 
 63.00 4.5067 
 63.50 4.5019 
 64.00 4.4971 
 64.50 4.4924 
 65.00 4.4876 
 65.50 4.4828 
 66.00 4.4781 
 66.50 4.4733 
 67.00 4.4685 
 67.50 4.4638 
 68.00 4.4590 
 68.50 4.4542 
 69.00 4.4495 
 69.50 4.4447 
 70.00 4.4399 
 70.50 4.4352 
 71.00 4.4304 
 71.50 4.4256 
 72.00 4.4209 
 72.50 4.4162 
 73.00 4.4116 
 73.50 4.4069 
 74.00 4.4022 
 74.50 4.3975 
 75.00 4.3929 
 75.50 4.3882 
 76.00 4.3835 
 76.50 4.3789 
 77.00 4.3744 
 77.50 4.3699 
 78.00 4.3654 
 78.50 4.3609 
 79.00 4.3564 
 79.50 4.3520 
 80.00 4.3475 
 80.50 4.3430 
 81.00 4.3386 
 81.50 4.3343 
 82.00 4.3301 
 82.50 4.3258 
 83.00 4.3216 
 83.50 4.3173 
 84.00 4.3130 
 84.50 4.3088 
 85.00 4.3045 
 85.50 4.3003 
 86.00 4.2964 
 86.50 4.2924 
 87.00 4.2884 
 87.50 4.2845 
 88.00 4.2805 
 88.50 4.2765 
 89.00 4.2725 
 89.50 4.2686 
 90.00 4.2646 
 90.50 4.2610 
 91.00 4.2573 
 91.50 4.2536 
 92.00 4.2500 
 92.50 4.2463 
 93.00 4.2426 
 93.50 4.2390 
 94.00 4.2353 
 94.50 4.2317 
 95.00 4.2283 
 95.50 4.2249 
 96.00 4.2215 
 96.50 4.2182 
 97.00 4.2148 
 97.50 4.2115 
 98.00 4.2081 
 98.50 4.2047 
 99.00 4.2014 
 99.50 4.1983 
100.00 4.1952 
100.50 4.1922 
101.00 4.1892 
101.50 4.1862 
102.00 4.1832 
102.50 4.1801 
103.00 4.1771 
103.50 4.1741 
104.00 4.1712 
104.50 4.1686 
105.00 4.1659 
105.50 4.1632 
106.00 4.1605 
106.50 4.1578 
107.00 4.1551 
107.50 4.1525 
108.00 4.1498 
108.50 4.1472 
109.00 4.1449 
109.50 4.1426 
110.00 4.1403 
110.50 4.1379 
111.00 4.1356 
111.50 4.1333 
112.00 4.1310 
112.50 4.1287 
113.00 4.1264 
113.50 4.1245 
114.00 4.1225 
114.50 4.1205 
115.00 4.1186 
115.50 4.1166 
116.00 4.1147 
116.50 4.1127 
117.00 4.1108 
117.50 4.1088 
118.00 4.1073 
118.50 4.1057 
119.00 4.1042 
119.50 4.1026 
120.00 4.1010 
120.50 4.0995 
121.00 4.0979 
121.50 4.0964 
122.00 4.0948 
122.50 4.0936 
123.00 4.0925 
123.50 4.0913 
124.00 4.0902 
124.50 4.0890 
125.00 4.0879 
125.50 4.0867 
126.00 4.0856 
126.50 4.0845 
127.00 4.0836 
127.50 4.0829 
128.00 4.0821 
128.50 4.0814 
129.00 4.0807 
129.50 4.0799 
130.00 4.0792 
130.50 4.0785 
131.00 4.0777 
131.50 4.0772 
132.00 4.0770 
132.50 4.0767 
133.00 4.0764 
133.50 4.0761 
134.00 4.0758 
134.50 4.0755 
135.00 4.0752 
135.50 4.0749 
136.00 4.0747 
136.50 4.0749 
137.00 4.0751 
137.50 4.0752 
138.00 4.0754 
138.50 4.0755 
139.00 4.0757 
139.50 4.0758 
140.00 4.0760 
140.50 4.0762 
141.00 4.0769 
141.50 4.0775 
142.00 4.0781 
142.50 4.0788 
143.00 4.0794 
143.50 4.0800 
144.00 4.0807 
144.50 4.0813 
145.00 4.0819 
145.50 4.0830 
146.00 4.0841 
146.50 4.0852 
147.00 4.0863 
147.50 4.0874 
148.00 4.0885 
148.50 4.0896 
149.00 4.0907 
149.50 4.0918 
150.00 4.0934 
