  0.00 1.4529 
  0.50 1.7555 
  1.00 2.0582 
  1.50 2.3609 
  2.00 2.6635 
  2.50 3.3597 
  3.00 3.3747 
  3.50 3.3898 
  4.00 3.4048 
  4.50 3.4186 
  5.00 3.4324 
  5.50 3.4461 
  6.00 3.4590 
  6.50 3.4716 
  7.00 3.4841 
  7.50 3.4962 
  8.00 3.5075 
  8.50 3.5189 
  9.00 3.5301 
  9.50 3.5405 
 10.00 3.5508 
 10.50 3.5611 
 11.00 3.5706 
 11.50 3.5800 
 12.00 3.5894 
 12.50 3.5983 
 13.00 3.6069 
 13.50 3.6155 
 14.00 3.6239 
 14.50 3.6317 
 15.00 3.6396 
 15.50 3.6474 
 16.00 3.6546 
 16.50 3.6619 
 17.00 3.6691 
 17.50 3.6760 
 18.00 3.6827 
 18.50 3.6894 
 19.00 3.6960 
 19.50 3.7023 
 20.00 3.7087 
 20.50 3.7150 
 21.00 3.7210 
 21.50 3.7271 
 22.00 3.7331 
 22.50 3.7390 
 23.00 3.7449 
 23.50 3.7507 
 24.00 3.7565 
 24.50 3.7623 
 25.00 3.7681 
 25.50 3.7740 
 26.00 3.7798 
 26.50 3.7856 
 27.00 3.7915 
 27.50 3.7974 
 28.00 3.8034 
 28.50 3.8093 
 29.00 3.8155 
 29.50 3.8217 
 30.00 3.8279 
 30.50 3.8343 
 31.00 3.8409 
 31.50 3.8475 
 32.00 3.8542 
 32.50 3.8612 
 33.00 3.8682 
 33.50 3.8752 
 34.00 3.8828 
 34.50 3.8904 
 35.00 3.8980 
 35.50 3.9061 
 36.00 3.9144 
 36.50 3.9226 
 37.00 3.9313 
 37.50 3.9403 
 38.00 3.9494 
 38.50 3.9586 
 39.00 3.9686 
 39.50 3.9786 
 40.00 3.9886 
 40.50 3.9994 
 41.00 4.0103 
 41.50 4.0212 
 42.00 4.0329 
 42.50 4.0450 
 43.00 4.0571 
 43.50 4.0695 
 44.00 4.0828 
 44.50 4.0961 
 45.00 4.1094 
 45.50 4.1241 
 46.00 4.1386 
 46.50 4.1532 
 47.00 4.1689 
 47.50 4.1850 
 48.00 4.2010 
 48.50 4.2178 
 49.00 4.2352 
 49.50 4.2527 
 50.00 4.5146 
 50.50 4.5190 
 51.00 4.5233 
 51.50 4.5277 
 52.00 4.5321 
 52.50 4.5365 
 53.00 4.5409 
 53.50 4.5452 
 54.00 4.5493 
 54.50 4.5531 
 55.00 4.5570 
 55.50 4.5608 
 56.00 4.5646 
 56.50 4.5684 
 57.00 4.5722 
 57.50 4.5761 
 58.00 4.5794 
 58.50 4.5827 
 59.00 4.5860 
 59.50 4.5892 
 60.00 4.5925 
 60.50 4.5958 
 61.00 4.5991 
 61.50 4.6023 
 62.00 4.6050 
 62.50 4.6077 
 63.00 4.6105 
 63.50 4.6132 
 64.00 4.6160 
 64.50 4.6187 
 65.00 4.6215 
 65.50 4.6240 
 66.00 4.6262 
 66.50 4.6284 
 67.00 4.6307 
 67.50 4.6329 
 68.00 4.6351 
 68.50 4.6374 
 69.00 4.6396 
 69.50 4.6415 
 70.00 4.6432 
 70.50 4.6450 
 71.00 4.6467 
 71.50 4.6485 
 72.00 4.6503 
 72.50 4.6520 
 73.00 4.6537 
 73.50 4.6551 
 74.00 4.6564 
 74.50 4.6577 
 75.00 4.6590 
 75.50 4.6603 
 76.00 4.6616 
 76.50 4.6629 
 77.00 4.6641 
 77.50 4.6650 
 78.00 4.6659 
 78.50 4.6668 
 79.00 4.6677 
 79.50 4.6686 
 80.00 4.6695 
 80.50 4.6704 
 81.00 4.6710 
 81.50 4.6715 
 82.00 4.6720 
 82.50 4.6725 
 83.00 4.6730 
 83.50 4.6735 
 84.00 4.6740 
 84.50 4.6745 
 85.00 4.6746 
 85.50 4.6748 
 86.00 4.6749 
 86.50 4.6750 
 87.00 4.6751 
 87.50 4.6753 
 88.00 4.6754 
 88.50 4.6754 
 89.00 4.6752 
 89.50 4.6750 
 90.00 4.6748 
 90.50 4.6746 
 91.00 4.6744 
 91.50 4.6742 
 92.00 4.6740 
 92.50 4.6736 
 93.00 4.6731 
 93.50 4.6726 
 94.00 4.6721 
 94.50 4.6716 
 95.00 4.6711 
 95.50 4.6706 
 96.00 4.6701 
 96.50 4.6693 
 97.00 4.6685 
 97.50 4.6677 
 98.00 4.6669 
 98.50 4.6662 
 99.00 4.6654 
 99.50 4.6646 
100.00 4.6637 
100.50 4.6627 
101.00 4.6616 
101.50 4.6606 
102.00 4.6595 
102.50 4.6585 
103.00 4.6574 
103.50 4.6564 
104.00 4.6552 
104.50 4.6540 
105.00 4.6527 
105.50 4.6514 
106.00 4.6501 
106.50 4.6489 
107.00 4.6476 
107.50 4.6463 
108.00 4.6449 
108.50 4.6434 
109.00 4.6420 
109.50 4.6405 
110.00 4.6391 
110.50 4.6376 
111.00 4.6362 
111.50 4.6347 
112.00 4.6331 
112.50 4.6315 
113.00 4.6299 
113.50 4.6283 
114.00 4.6267 
114.50 4.6250 
115.00 4.6234 
115.50 4.6218 
116.00 4.6201 
116.50 4.6184 
117.00 4.6166 
117.50 4.6149 
118.00 4.6132 
118.50 4.6115 
119.00 4.6098 
119.50 4.6080 
120.00 4.6062 
120.50 4.6044 
121.00 4.6026 
121.50 4.6009 
122.00 4.5991 
122.50 4.5973 
123.00 4.5955 
123.50 4.5936 
124.00 4.5918 
124.50 4.5900 
125.00 4.5881 
125.50 4.5863 
126.00 4.5845 
126.50 4.5827 
127.00 4.5808 
127.50 4.5790 
128.00 4.5771 
128.50 4.5753 
129.00 4.5734 
129.50 4.5716 
130.00 4.5697 
130.50 4.5679 
131.00 4.5661 
131.50 4.5643 
132.00 4.5624 
132.50 4.5606 
133.00 4.5588 
133.50 4.5570 
134.00 4.5552 
134.50 4.5533 
135.00 4.5516 
135.50 4.5498 
136.00 4.5481 
136.50 4.5463 
137.00 4.5446 
137.50 4.5428 
138.00 4.5411 
138.50 4.5393 
139.00 4.5377 
139.50 4.5360 
140.00 4.5344 
140.50 4.5327 
141.00 4.5311 
141.50 4.5294 
142.00 4.5278 
142.50 4.5262 
143.00 4.5247 
143.50 4.5231 
144.00 4.5216 
144.50 4.5201 
145.00 4.5186 
145.50 4.5171 
146.00 4.5155 
146.50 4.5142 
147.00 4.5128 
147.50 4.5115 
148.00 4.5102 
148.50 4.5088 
149.00 4.5075 
149.50 4.5061 
150.00 4.5048 
