  0.00 1.0996 
  0.50 3.2005 
  1.00 3.2241 
  1.50 3.2460 
  2.00 3.2667 
  2.50 3.2856 
  3.00 3.3035 
  3.50 3.3194 
  4.00 3.3348 
  4.50 3.3481 
  5.00 3.3612 
  5.50 3.3723 
  6.00 3.3831 
  6.50 3.3923 
  7.00 3.4011 
  7.50 3.4088 
  8.00 3.4160 
  8.50 3.4222 
  9.00 3.4280 
  9.50 3.4332 
 10.00 3.4379 
 10.50 3.4422 
 11.00 3.4461 
 11.50 3.4497 
 12.00 3.4531 
 12.50 3.4564 
 13.00 3.4595 
 13.50 3.4626 
 14.00 3.4658 
 14.50 3.4691 
 15.00 3.4726 
 15.50 3.4763 
 16.00 3.4803 
 16.50 3.4847 
 17.00 3.4896 
 17.50 3.4949 
 18.00 3.5008 
 18.50 3.5074 
 19.00 3.5145 
 19.50 3.5227 
 20.00 3.5313 
 20.50 3.5415 
 21.00 3.5518 
 21.50 3.5641 
 22.00 3.5765 
 22.50 3.5911 
 23.00 3.6061 
 23.50 3.6231 
 24.00 3.6409 
 24.50 3.6605 
 25.00 3.6814 
 25.50 3.7040 
 26.00 3.7283 
 26.50 3.7540 
 27.00 3.7818 
 27.50 3.8108 
 28.00 4.3007 
 28.50 4.2991 
 29.00 4.2974 
 29.50 4.2957 
 30.00 4.2940 
 30.50 4.2924 
 31.00 4.2907 
 31.50 4.2890 
 32.00 4.2873 
 32.50 4.2861 
 33.00 4.2849 
 33.50 4.2837 
 34.00 4.2825 
 34.50 4.2814 
 35.00 4.2802 
 35.50 4.2790 
 36.00 4.2778 
 36.50 4.2766 
 37.00 4.2759 
 37.50 4.2752 
 38.00 4.2744 
 38.50 4.2737 
 39.00 4.2729 
 39.50 4.2722 
 40.00 4.2714 
 40.50 4.2707 
 41.00 4.2700 
 41.50 4.2696 
 42.00 4.2693 
 42.50 4.2689 
 43.00 4.2685 
 43.50 4.2682 
 44.00 4.2678 
 44.50 4.2674 
 45.00 4.2670 
 45.50 4.2668 
 46.00 4.2667 
 46.50 4.2667 
 47.00 4.2667 
 47.50 4.2666 
 48.00 4.2666 
 48.50 4.2665 
 49.00 4.2665 
 49.50 4.2664 
 50.00 4.2665 
 50.50 4.2667 
 51.00 4.2669 
 51.50 4.2671 
 52.00 4.2673 
 52.50 4.2675 
 53.00 4.2677 
 53.50 4.2679 
 54.00 4.2681 
 54.50 4.2685 
 55.00 4.2689 
 55.50 4.2692 
 56.00 4.2696 
 56.50 4.2700 
 57.00 4.2704 
 57.50 4.2708 
 58.00 4.2712 
 58.50 4.2716 
 59.00 4.2721 
 59.50 4.2726 
 60.00 4.2731 
 60.50 4.2737 
 61.00 4.2742 
 61.50 4.2747 
 62.00 4.2753 
 62.50 4.2758 
 63.00 4.2763 
 63.50 4.2769 
 64.00 4.2775 
 64.50 4.2781 
 65.00 4.2787 
 65.50 4.2793 
 66.00 4.2798 
 66.50 4.2804 
 67.00 4.2810 
 67.50 4.2816 
 68.00 4.2822 
 68.50 4.2828 
 69.00 4.2834 
 69.50 4.2840 
 70.00 4.2846 
 70.50 4.2852 
 71.00 4.2858 
 71.50 4.2864 
 72.00 4.2870 
 72.50 4.2875 
 73.00 4.2881 
 73.50 4.2886 
 74.00 4.2892 
 74.50 4.2897 
 75.00 4.2903 
 75.50 4.2908 
 76.00 4.2913 
 76.50 4.2918 
 77.00 4.2922 
 77.50 4.2927 
 78.00 4.2931 
 78.50 4.2935 
 79.00 4.2939 
 79.50 4.2943 
 80.00 4.2947 
 80.50 4.2952 
 81.00 4.2955 
 81.50 4.2957 
 82.00 4.2960 
 82.50 4.2962 
 83.00 4.2965 
 83.50 4.2967 
 84.00 4.2970 
 84.50 4.2972 
 85.00 4.2975 
 85.50 4.2975 
 86.00 4.2975 
 86.50 4.2975 
 87.00 4.2975 
 87.50 4.2976 
 88.00 4.2976 
 88.50 4.2976 
 89.00 4.2976 
 89.50 4.2976 
 90.00 4.2974 
 90.50 4.2972 
 91.00 4.2971 
 91.50 4.2969 
 92.00 4.2967 
 92.50 4.2965 
 93.00 4.2963 
 93.50 4.2961 
 94.00 4.2959 
 94.50 4.2956 
 95.00 4.2952 
 95.50 4.2949 
 96.00 4.2945 
 96.50 4.2941 
 97.00 4.2938 
 97.50 4.2934 
 98.00 4.2931 
 98.50 4.2926 
 99.00 4.2921 
 99.50 4.2916 
100.00 4.2912 
100.50 4.2907 
101.00 4.2901 
101.50 4.2897 
102.00 4.2892 
102.50 4.2887 
103.00 4.2881 
103.50 4.2875 
104.00 4.2869 
104.50 4.2864 
105.00 4.2858 
105.50 4.2852 
106.00 4.2846 
106.50 4.2840 
107.00 4.2834 
107.50 4.2828 
108.00 4.2821 
108.50 4.2815 
109.00 4.2809 
109.50 4.2802 
110.00 4.2796 
110.50 4.2789 
111.00 4.2783 
111.50 4.2776 
112.00 4.2770 
112.50 4.2763 
113.00 4.2756 
113.50 4.2749 
114.00 4.2742 
114.50 4.2736 
115.00 4.2729 
115.50 4.2722 
116.00 4.2715 
116.50 4.2709 
117.00 4.2702 
117.50 4.2696 
118.00 4.2689 
118.50 4.2683 
119.00 4.2676 
119.50 4.2669 
120.00 4.2663 
120.50 4.2656 
121.00 4.2650 
121.50 4.2644 
122.00 4.2638 
122.50 4.2632 
123.00 4.2626 
123.50 4.2620 
124.00 4.2614 
124.50 4.2607 
125.00 4.2602 
125.50 4.2596 
126.00 4.2591 
126.50 4.2586 
127.00 4.2581 
127.50 4.2576 
128.00 4.2570 
128.50 4.2565 
129.00 4.2560 
129.50 4.2555 
130.00 4.2551 
130.50 4.2547 
131.00 4.2543 
131.50 4.2539 
132.00 4.2535 
132.50 4.2531 
133.00 4.2528 
133.50 4.2524 
134.00 4.2520 
134.50 4.2518 
135.00 4.2515 
135.50 4.2513 
136.00 4.2511 
136.50 4.2508 
137.00 4.2506 
137.50 4.2503 
138.00 4.2501 
138.50 4.2500 
139.00 4.2499 
139.50 4.2499 
140.00 4.2498 
140.50 4.2498 
141.00 4.2497 
141.50 4.2497 
142.00 4.2496 
142.50 4.2496 
143.00 4.2498 
143.50 4.2500 
144.00 4.2502 
144.50 4.2504 
145.00 4.2505 
145.50 4.2507 
146.00 4.2509 
146.50 4.2511 
147.00 4.2513 
147.50 4.2518 
148.00 4.2522 
148.50 4.2527 
149.00 4.2531 
149.50 4.2536 
150.00 4.2541 
