  0.00 1.7887 
  0.50 1.9550 
  1.00 2.1214 
  1.50 2.2877 
  2.00 2.4541 
  2.50 2.6204 
  3.00 2.7867 
  3.50 3.4104 
  4.00 3.4207 
  4.50 3.4311 
  5.00 3.4409 
  5.50 3.4506 
  6.00 3.4603 
  6.50 3.4695 
  7.00 3.4786 
  7.50 3.4876 
  8.00 3.4963 
  8.50 3.5048 
  9.00 3.5133 
  9.50 3.5215 
 10.00 3.5295 
 10.50 3.5375 
 11.00 3.5452 
 11.50 3.5528 
 12.00 3.5604 
 12.50 3.5678 
 13.00 3.5750 
 13.50 3.5822 
 14.00 3.5893 
 14.50 3.5962 
 15.00 3.6032 
 15.50 3.6100 
 16.00 3.6167 
 16.50 3.6235 
 17.00 3.6301 
 17.50 3.6367 
 18.00 3.6433 
 18.50 3.6499 
 19.00 3.6564 
 19.50 3.6630 
 20.00 3.6695 
 20.50 3.6760 
 21.00 3.6825 
 21.50 3.6891 
 22.00 3.6957 
 22.50 3.7023 
 23.00 3.7090 
 23.50 3.7158 
 24.00 3.7225 
 24.50 3.7294 
 25.00 3.7363 
 25.50 3.7433 
 26.00 3.7503 
 26.50 3.7576 
 27.00 3.7649 
 27.50 3.7723 
 28.00 3.7799 
 28.50 3.7875 
 29.00 3.7952 
 29.50 3.8032 
 30.00 3.8113 
 30.50 3.8195 
 31.00 3.8280 
 31.50 3.8365 
 32.00 3.8452 
 32.50 3.8544 
 33.00 3.8635 
 33.50 3.8728 
 34.00 3.8825 
 34.50 3.8923 
 35.00 3.9022 
 35.50 3.9126 
 36.00 3.9231 
 36.50 3.9337 
 37.00 3.9449 
 37.50 3.9562 
 38.00 3.9676 
 38.50 3.9796 
 39.00 3.9917 
 39.50 4.0039 
 40.00 4.0169 
 40.50 4.0299 
 41.00 4.0431 
 41.50 4.0571 
 42.00 4.0711 
 42.50 4.0853 
 43.00 4.1003 
 43.50 4.1154 
 44.00 4.1306 
 44.50 4.1467 
 45.00 4.1629 
 45.50 4.1792 
 46.00 4.1965 
 46.50 4.2138 
 47.00 4.4048 
 47.50 4.4156 
 48.00 4.4265 
 48.50 4.4374 
 49.00 4.4482 
 49.50 4.4591 
 50.00 4.4700 
 50.50 4.4809 
 51.00 4.4913 
 51.50 4.5000 
 52.00 4.5087 
 52.50 4.5173 
 53.00 4.5260 
 53.50 4.5347 
 54.00 4.5434 
 54.50 4.5520 
 55.00 4.5600 
 55.50 4.5667 
 56.00 4.5733 
 56.50 4.5799 
 57.00 4.5866 
 57.50 4.5932 
 58.00 4.5998 
 58.50 4.6065 
 59.00 4.6122 
 59.50 4.6170 
 60.00 4.6218 
 60.50 4.6266 
 61.00 4.6314 
 61.50 4.6362 
 62.00 4.6410 
 62.50 4.6457 
 63.00 4.6495 
 63.50 4.6527 
 64.00 4.6558 
 64.50 4.6590 
 65.00 4.6622 
 65.50 4.6653 
 66.00 4.6685 
 66.50 4.6717 
 67.00 4.6737 
 67.50 4.6755 
 68.00 4.6773 
 68.50 4.6790 
 69.00 4.6808 
 69.50 4.6826 
 70.00 4.6844 
 70.50 4.6861 
 71.00 4.6867 
 71.50 4.6873 
 72.00 4.6879 
 72.50 4.6885 
 73.00 4.6890 
 73.50 4.6896 
 74.00 4.6902 
 74.50 4.6906 
 75.00 4.6902 
 75.50 4.6898 
 76.00 4.6894 
 76.50 4.6890 
 77.00 4.6886 
 77.50 4.6882 
 78.00 4.6878 
 78.50 4.6872 
 79.00 4.6860 
 79.50 4.6848 
 80.00 4.6837 
 80.50 4.6825 
 81.00 4.6813 
 81.50 4.6802 
 82.00 4.6790 
 82.50 4.6776 
 83.00 4.6758 
 83.50 4.6741 
 84.00 4.6724 
 84.50 4.6706 
 85.00 4.6689 
 85.50 4.6672 
 86.00 4.6654 
 86.50 4.6635 
 87.00 4.6615 
 87.50 4.6594 
 88.00 4.6574 
 88.50 4.6553 
 89.00 4.6533 
 89.50 4.6512 
 90.00 4.6492 
 90.50 4.6470 
 91.00 4.6448 
 91.50 4.6426 
 92.00 4.6404 
 92.50 4.6383 
 93.00 4.6361 
 93.50 4.6339 
 94.00 4.6317 
 94.50 4.6296 
 95.00 4.6275 
 95.50 4.6254 
 96.00 4.6233 
 96.50 4.6212 
 97.00 4.6191 
 97.50 4.6170 
 98.00 4.6150 
 98.50 4.6131 
 99.00 4.6113 
 99.50 4.6095 
100.00 4.6077 
100.50 4.6058 
101.00 4.6040 
101.50 4.6022 
102.00 4.6004 
102.50 4.5989 
103.00 4.5974 
103.50 4.5958 
104.00 4.5943 
104.50 4.5928 
105.00 4.5912 
105.50 4.5897 
106.00 4.5883 
106.50 4.5870 
107.00 4.5858 
107.50 4.5845 
108.00 4.5832 
108.50 4.5820 
109.00 4.5807 
109.50 4.5794 
110.00 4.5783 
110.50 4.5773 
111.00 4.5763 
111.50 4.5753 
112.00 4.5743 
112.50 4.5733 
113.00 4.5724 
113.50 4.5714 
114.00 4.5705 
114.50 4.5697 
115.00 4.5690 
115.50 4.5682 
116.00 4.5675 
116.50 4.5667 
117.00 4.5659 
117.50 4.5652 
118.00 4.5646 
118.50 4.5640 
119.00 4.5635 
119.50 4.5629 
120.00 4.5624 
120.50 4.5618 
121.00 4.5613 
121.50 4.5607 
122.00 4.5604 
122.50 4.5601 
123.00 4.5598 
123.50 4.5594 
124.00 4.5591 
124.50 4.5588 
125.00 4.5585 
125.50 4.5582 
126.00 4.5580 
126.50 4.5579 
127.00 4.5577 
127.50 4.5576 
128.00 4.5574 
128.50 4.5573 
129.00 4.5571 
129.50 4.5570 
130.00 4.5571 
130.50 4.5571 
131.00 4.5571 
131.50 4.5572 
132.00 4.5572 
132.50 4.5572 
133.00 4.5573 
133.50 4.5574 
134.00 4.5575 
134.50 4.5577 
135.00 4.5579 
135.50 4.5581 
136.00 4.5583 
136.50 4.5584 
137.00 4.5586 
137.50 4.5589 
138.00 4.5592 
138.50 4.5595 
139.00 4.5599 
139.50 4.5602 
140.00 4.5605 
140.50 4.5609 
141.00 4.5612 
141.50 4.5616 
142.00 4.5621 
142.50 4.5625 
143.00 4.5629 
143.50 4.5634 
144.00 4.5639 
144.50 4.5643 
145.00 4.5647 
145.50 4.5653 
146.00 4.5658 
146.50 4.5664 
147.00 4.5670 
147.50 4.5675 
148.00 4.5681 
148.50 4.5686 
149.00 4.5692 
149.50 4.5699 
150.00 4.5705 
