  0.00 1.4915 
  0.50 1.6835 
  1.00 1.8754 
  1.50 2.0674 
  2.00 2.2593 
  2.50 2.4513 
  3.00 2.6433 
  3.50 2.8352 
  4.00 3.1801 
  4.50 3.2027 
  5.00 3.2252 
  5.50 3.2475 
  6.00 3.2697 
  6.50 3.2917 
  7.00 3.3134 
  7.50 3.3349 
  8.00 3.3563 
  8.50 3.3773 
  9.00 3.3983 
  9.50 3.4191 
 10.00 3.4396 
 10.50 3.4598 
 11.00 3.4799 
 11.50 3.4998 
 12.00 3.5194 
 12.50 3.5389 
 13.00 3.5581 
 13.50 3.5771 
 14.00 3.5959 
 14.50 3.6145 
 15.00 3.6329 
 15.50 3.6510 
 16.00 3.6690 
 16.50 3.6867 
 17.00 3.7041 
 17.50 3.7214 
 18.00 3.7385 
 18.50 3.7553 
 19.00 3.7718 
 19.50 3.7882 
 20.00 3.8043 
 20.50 3.8203 
 21.00 3.8359 
 21.50 3.8513 
 22.00 3.8666 
 22.50 3.8815 
 23.00 3.8962 
 23.50 3.9108 
 24.00 3.9249 
 24.50 4.1416 
 25.00 4.1575 
 25.50 4.1734 
 26.00 4.1893 
 26.50 4.2052 
 27.00 4.2211 
 27.50 4.2370 
 28.00 4.2529 
 28.50 4.2688 
 29.00 4.2823 
 29.50 4.2949 
 30.00 4.3075 
 30.50 4.3202 
 31.00 4.3328 
 31.50 4.3454 
 32.00 4.3581 
 32.50 4.3707 
 33.00 4.3833 
 33.50 4.3937 
 34.00 4.4032 
 34.50 4.4127 
 35.00 4.4222 
 35.50 4.4317 
 36.00 4.4412 
 36.50 4.4507 
 37.00 4.4602 
 37.50 4.4697 
 38.00 4.4773 
 38.50 4.4840 
 39.00 4.4907 
 39.50 4.4974 
 40.00 4.5042 
 40.50 4.5109 
 41.00 4.5176 
 41.50 4.5243 
 42.00 4.5310 
 42.50 4.5361 
 43.00 4.5403 
 43.50 4.5445 
 44.00 4.5487 
 44.50 4.5529 
 45.00 4.5571 
 45.50 4.5613 
 46.00 4.5655 
 46.50 4.5697 
 47.00 4.5724 
 47.50 4.5745 
 48.00 4.5765 
 48.50 4.5785 
 49.00 4.5805 
 49.50 4.5826 
 50.00 4.5846 
 50.50 4.5866 
 51.00 4.5887 
 51.50 4.5895 
 52.00 4.5896 
 52.50 4.5898 
 53.00 4.5899 
 53.50 4.5901 
 54.00 4.5902 
 54.50 4.5904 
 55.00 4.5905 
 55.50 4.5907 
 56.00 4.5898 
 56.50 4.5884 
 57.00 4.5869 
 57.50 4.5855 
 58.00 4.5840 
 58.50 4.5826 
 59.00 4.5812 
 59.50 4.5797 
 60.00 4.5783 
 60.50 4.5761 
 61.00 4.5734 
 61.50 4.5707 
 62.00 4.5680 
 62.50 4.5653 
 63.00 4.5626 
 63.50 4.5599 
 64.00 4.5572 
 64.50 4.5545 
 65.00 4.5513 
 65.50 4.5476 
 66.00 4.5440 
 66.50 4.5403 
 67.00 4.5367 
 67.50 4.5330 
 68.00 4.5294 
 68.50 4.5258 
 69.00 4.5221 
 69.50 4.5181 
 70.00 4.5138 
 70.50 4.5095 
 71.00 4.5051 
 71.50 4.5008 
 72.00 4.4965 
 72.50 4.4922 
 73.00 4.4879 
 73.50 4.4836 
 74.00 4.4791 
 74.50 4.4744 
 75.00 4.4698 
 75.50 4.4652 
 76.00 4.4605 
 76.50 4.4559 
 77.00 4.4512 
 77.50 4.4466 
 78.00 4.4419 
 78.50 4.4372 
 79.00 4.4326 
 79.50 4.4279 
 80.00 4.4232 
 80.50 4.4185 
 81.00 4.4138 
 81.50 4.4091 
 82.00 4.4044 
 82.50 4.3997 
 83.00 4.3952 
 83.50 4.3907 
 84.00 4.3862 
 84.50 4.3818 
 85.00 4.3773 
 85.50 4.3729 
 86.00 4.3684 
 86.50 4.3640 
 87.00 4.3595 
 87.50 4.3552 
 88.00 4.3510 
 88.50 4.3468 
 89.00 4.3427 
 89.50 4.3385 
 90.00 4.3343 
 90.50 4.3302 
 91.00 4.3260 
 91.50 4.3218 
 92.00 4.3178 
 92.50 4.3140 
 93.00 4.3101 
 93.50 4.3062 
 94.00 4.3024 
 94.50 4.2985 
 95.00 4.2947 
 95.50 4.2908 
 96.00 4.2869 
 96.50 4.2832 
 97.00 4.2797 
 97.50 4.2762 
 98.00 4.2726 
 98.50 4.2691 
 99.00 4.2655 
 99.50 4.2620 
100.00 4.2585 
100.50 4.2549 
101.00 4.2515 
101.50 4.2484 
102.00 4.2452 
102.50 4.2420 
103.00 4.2388 
103.50 4.2356 
104.00 4.2325 
104.50 4.2293 
105.00 4.2261 
105.50 4.2231 
106.00 4.2202 
106.50 4.2174 
107.00 4.2146 
107.50 4.2118 
108.00 4.2090 
108.50 4.2062 
109.00 4.2033 
109.50 4.2005 
110.00 4.1978 
110.50 4.1954 
111.00 4.1929 
111.50 4.1905 
112.00 4.1880 
112.50 4.1856 
113.00 4.1832 
113.50 4.1807 
114.00 4.1783 
114.50 4.1760 
115.00 4.1739 
115.50 4.1719 
116.00 4.1699 
116.50 4.1678 
117.00 4.1658 
117.50 4.1638 
118.00 4.1617 
118.50 4.1597 
119.00 4.1578 
119.50 4.1562 
120.00 4.1546 
120.50 4.1529 
121.00 4.1513 
121.50 4.1497 
122.00 4.1480 
122.50 4.1464 
123.00 4.1448 
123.50 4.1433 
124.00 4.1421 
124.50 4.1410 
125.00 4.1398 
125.50 4.1386 
126.00 4.1374 
126.50 4.1363 
127.00 4.1351 
127.50 4.1339 
128.00 4.1329 
128.50 4.1322 
129.00 4.1314 
129.50 4.1307 
130.00 4.1300 
130.50 4.1293 
131.00 4.1285 
131.50 4.1278 
132.00 4.1271 
132.50 4.1265 
133.00 4.1263 
133.50 4.1260 
134.00 4.1258 
134.50 4.1255 
135.00 4.1253 
135.50 4.1250 
136.00 4.1247 
136.50 4.1245 
137.00 4.1244 
137.50 4.1246 
138.00 4.1249 
138.50 4.1251 
139.00 4.1253 
139.50 4.1256 
140.00 4.1258 
140.50 4.1261 
141.00 4.1263 
141.50 4.1267 
142.00 4.1274 
142.50 4.1282 
143.00 4.1289 
143.50 4.1297 
144.00 4.1305 
144.50 4.1312 
145.00 4.1320 
145.50 4.1327 
146.00 4.1336 
146.50 4.1349 
147.00 4.1361 
147.50 4.1374 
148.00 4.1387 
148.50 4.1400 
149.00 4.1413 
149.50 4.1425 
150.00 4.1438 
