  0.00 1.0503 
  0.50 3.1334 
  1.00 3.1578 
  1.50 3.1819 
  2.00 3.2042 
  2.50 3.2260 
  3.00 3.2461 
  3.50 3.2658 
  4.00 3.2837 
  4.50 3.3013 
  5.00 3.3173 
  5.50 3.3329 
  6.00 3.3470 
  6.50 3.3608 
  7.00 3.3733 
  7.50 3.3854 
  8.00 3.3962 
  8.50 3.4068 
  9.00 3.4163 
  9.50 3.4255 
 10.00 3.4337 
 10.50 3.4416 
 11.00 3.4486 
 11.50 3.4554 
 12.00 3.4613 
 12.50 3.4671 
 13.00 3.4722 
 13.50 3.4771 
 14.00 3.4815 
 14.50 3.4857 
 15.00 3.4894 
 15.50 3.4930 
 16.00 3.4963 
 16.50 3.4994 
 17.00 3.5023 
 17.50 3.5052 
 18.00 3.5079 
 18.50 3.5106 
 19.00 3.5132 
 19.50 3.5158 
 20.00 3.5185 
 20.50 3.5212 
 21.00 3.5240 
 21.50 3.5270 
 22.00 3.5301 
 22.50 3.5335 
 23.00 3.5371 
 23.50 3.5409 
 24.00 3.5452 
 24.50 3.5496 
 25.00 3.5546 
 25.50 3.5599 
 26.00 3.5657 
 26.50 3.5718 
 27.00 3.5786 
 27.50 3.5858 
 28.00 3.5938 
 28.50 3.6021 
 29.00 3.6113 
 29.50 4.4298 
 30.00 4.4256 
 30.50 4.4215 
 31.00 4.4174 
 31.50 4.4132 
 32.00 4.4091 
 32.50 4.4050 
 33.00 4.4009 
 33.50 4.3967 
 34.00 4.3929 
 34.50 4.3893 
 35.00 4.3857 
 35.50 4.3821 
 36.00 4.3785 
 36.50 4.3749 
 37.00 4.3713 
 37.50 4.3677 
 38.00 4.3640 
 38.50 4.3609 
 39.00 4.3578 
 39.50 4.3547 
 40.00 4.3516 
 40.50 4.3485 
 41.00 4.3454 
 41.50 4.3423 
 42.00 4.3393 
 42.50 4.3362 
 43.00 4.3336 
 43.50 4.3310 
 44.00 4.3284 
 44.50 4.3258 
 45.00 4.3232 
 45.50 4.3206 
 46.00 4.3181 
 46.50 4.3155 
 47.00 4.3130 
 47.50 4.3109 
 48.00 4.3087 
 48.50 4.3065 
 49.00 4.3044 
 49.50 4.3022 
 50.00 4.3000 
 50.50 4.2979 
 51.00 4.2957 
 51.50 4.2938 
 52.00 4.2921 
 52.50 4.2904 
 53.00 4.2886 
 53.50 4.2869 
 54.00 4.2852 
 54.50 4.2835 
 55.00 4.2817 
 55.50 4.2800 
 56.00 4.2786 
 56.50 4.2772 
 57.00 4.2759 
 57.50 4.2745 
 58.00 4.2732 
 58.50 4.2718 
 59.00 4.2704 
 59.50 4.2691 
 60.00 4.2677 
 60.50 4.2667 
 61.00 4.2657 
 61.50 4.2647 
 62.00 4.2637 
 62.50 4.2626 
 63.00 4.2616 
 63.50 4.2606 
 64.00 4.2596 
 64.50 4.2587 
 65.00 4.2580 
 65.50 4.2573 
 66.00 4.2566 
 66.50 4.2559 
 67.00 4.2552 
 67.50 4.2545 
 68.00 4.2538 
 68.50 4.2531 
 69.00 4.2526 
 69.50 4.2521 
 70.00 4.2517 
 70.50 4.2512 
 71.00 4.2508 
 71.50 4.2504 
 72.00 4.2500 
 72.50 4.2495 
 73.00 4.2491 
 73.50 4.2488 
 74.00 4.2486 
 74.50 4.2485 
 75.00 4.2483 
 75.50 4.2481 
 76.00 4.2479 
 76.50 4.2477 
 77.00 4.2475 
 77.50 4.2473 
 78.00 4.2473 
 78.50 4.2473 
 79.00 4.2474 
 79.50 4.2474 
 80.00 4.2474 
 80.50 4.2474 
 81.00 4.2475 
 81.50 4.2475 
 82.00 4.2476 
 82.50 4.2477 
 83.00 4.2479 
 83.50 4.2481 
 84.00 4.2482 
 84.50 4.2484 
 85.00 4.2486 
 85.50 4.2488 
 86.00 4.2489 
 86.50 4.2492 
 87.00 4.2495 
 87.50 4.2498 
 88.00 4.2501 
 88.50 4.2505 
 89.00 4.2508 
 89.50 4.2511 
 90.00 4.2514 
 90.50 4.2517 
 91.00 4.2522 
 91.50 4.2526 
 92.00 4.2530 
 92.50 4.2535 
 93.00 4.2539 
 93.50 4.2544 
 94.00 4.2548 
 94.50 4.2553 
 95.00 4.2557 
 95.50 4.2563 
 96.00 4.2568 
 96.50 4.2574 
 97.00 4.2579 
 97.50 4.2585 
 98.00 4.2590 
 98.50 4.2596 
 99.00 4.2601 
 99.50 4.2607 
100.00 4.2614 
100.50 4.2621 
101.00 4.2627 
101.50 4.2634 
102.00 4.2641 
102.50 4.2647 
103.00 4.2654 
103.50 4.2661 
104.00 4.2668 
104.50 4.2676 
105.00 4.2683 
105.50 4.2691 
106.00 4.2699 
106.50 4.2706 
107.00 4.2714 
107.50 4.2722 
108.00 4.2729 
108.50 4.2738 
109.00 4.2747 
109.50 4.2755 
110.00 4.2764 
110.50 4.2773 
111.00 4.2781 
111.50 4.2790 
112.00 4.2799 
112.50 4.2807 
113.00 4.2817 
113.50 4.2826 
114.00 4.2836 
114.50 4.2845 
115.00 4.2855 
115.50 4.2864 
116.00 4.2874 
116.50 4.2883 
117.00 4.2893 
117.50 4.2903 
118.00 4.2914 
118.50 4.2924 
119.00 4.2934 
119.50 4.2944 
120.00 4.2955 
120.50 4.2965 
121.00 4.2975 
121.50 4.2986 
122.00 4.2997 
122.50 4.3008 
123.00 4.3019 
123.50 4.3030 
124.00 4.3041 
124.50 4.3052 
125.00 4.3063 
125.50 4.3074 
126.00 4.3085 
126.50 4.3097 
127.00 4.3108 
127.50 4.3120 
128.00 4.3132 
128.50 4.3143 
129.00 4.3155 
129.50 4.3167 
130.00 4.3178 
130.50 4.3191 
131.00 4.3203 
131.50 4.3215 
132.00 4.3227 
132.50 4.3239 
133.00 4.3252 
133.50 4.3264 
134.00 4.3276 
134.50 4.3289 
135.00 4.3301 
135.50 4.3314 
136.00 4.3327 
136.50 4.3340 
137.00 4.3353 
137.50 4.3365 
138.00 4.3378 
138.50 4.3391 
139.00 4.3404 
139.50 4.3417 
140.00 4.3430 
140.50 4.3443 
141.00 4.3457 
141.50 4.3470 
142.00 4.3483 
142.50 4.3496 
143.00 4.3509 
143.50 4.3522 
144.00 4.3536 
144.50 4.3549 
145.00 4.3563 
145.50 4.3576 
146.00 4.3590 
146.50 4.3603 
147.00 4.3617 
147.50 4.3630 
148.00 4.3644 
148.50 4.3658 
149.00 4.3671 
149.50 4.3685 
150.00 4.3699 
