  0.00 1.6357 
  0.50 1.8973 
  1.00 2.1588 
  1.50 2.4204 
  2.00 2.6820 
  2.50 3.3767 
  3.00 3.3915 
  3.50 3.4062 
  4.00 3.4209 
  4.50 3.4345 
  5.00 3.4477 
  5.50 3.4609 
  6.00 3.4735 
  6.50 3.4853 
  7.00 3.4971 
  7.50 3.5086 
  8.00 3.5191 
  8.50 3.5296 
  9.00 3.5401 
  9.50 3.5496 
 10.00 3.5589 
 10.50 3.5682 
 11.00 3.5770 
 11.50 3.5852 
 12.00 3.5935 
 12.50 3.6016 
 13.00 3.6089 
 13.50 3.6163 
 14.00 3.6236 
 14.50 3.6303 
 15.00 3.6369 
 15.50 3.6435 
 16.00 3.6496 
 16.50 3.6555 
 17.00 3.6615 
 17.50 3.6672 
 18.00 3.6726 
 18.50 3.6781 
 19.00 3.6835 
 19.50 3.6885 
 20.00 3.6935 
 20.50 3.6985 
 21.00 3.7034 
 21.50 3.7081 
 22.00 3.7129 
 22.50 3.7176 
 23.00 3.7223 
 23.50 3.7270 
 24.00 3.7316 
 24.50 3.7363 
 25.00 3.7410 
 25.50 3.7457 
 26.00 3.7505 
 26.50 3.7553 
 27.00 3.7601 
 27.50 3.7650 
 28.00 3.7701 
 28.50 3.7752 
 29.00 3.7803 
 29.50 3.7858 
 30.00 3.7913 
 30.50 3.7968 
 31.00 3.8028 
 31.50 3.8088 
 32.00 3.8149 
 32.50 3.8213 
 33.00 3.8280 
 33.50 3.8347 
 34.00 3.8416 
 34.50 3.8491 
 35.00 3.8566 
 35.50 3.8641 
 36.00 3.8725 
 36.50 3.8810 
 37.00 3.8894 
 37.50 3.8986 
 38.00 3.9080 
 38.50 3.9175 
 39.00 3.9274 
 39.50 3.9381 
 40.00 3.9489 
 40.50 3.9596 
 41.00 3.9717 
 41.50 3.9838 
 42.00 3.9958 
 42.50 4.0089 
 43.00 4.0224 
 43.50 4.0359 
 44.00 4.0501 
 44.50 4.0651 
 45.00 4.0802 
 45.50 4.0955 
 46.00 4.1123 
 46.50 4.1292 
 47.00 4.1460 
 47.50 4.1643 
 48.00 4.1830 
 48.50 4.2017 
 49.00 4.2213 
 49.50 4.2419 
 50.00 4.2624 
 50.50 4.5879 
 51.00 4.5928 
 51.50 4.5978 
 52.00 4.6027 
 52.50 4.6076 
 53.00 4.6125 
 53.50 4.6174 
 54.00 4.6224 
 54.50 4.6273 
 55.00 4.6322 
 55.50 4.6372 
 56.00 4.6410 
 56.50 4.6445 
 57.00 4.6481 
 57.50 4.6517 
 58.00 4.6553 
 58.50 4.6589 
 59.00 4.6625 
 59.50 4.6661 
 60.00 4.6697 
 60.50 4.6733 
 61.00 4.6763 
 61.50 4.6787 
 62.00 4.6811 
 62.50 4.6835 
 63.00 4.6859 
 63.50 4.6883 
 64.00 4.6906 
 64.50 4.6930 
 65.00 4.6954 
 65.50 4.6978 
 66.00 4.7000 
 66.50 4.7013 
 67.00 4.7026 
 67.50 4.7039 
 68.00 4.7052 
 68.50 4.7065 
 69.00 4.7078 
 69.50 4.7091 
 70.00 4.7104 
 70.50 4.7118 
 71.00 4.7131 
 71.50 4.7135 
 72.00 4.7139 
 72.50 4.7143 
 73.00 4.7147 
 73.50 4.7151 
 74.00 4.7155 
 74.50 4.7159 
 75.00 4.7163 
 75.50 4.7166 
 76.00 4.7170 
 76.50 4.7170 
 77.00 4.7165 
 77.50 4.7161 
 78.00 4.7157 
 78.50 4.7153 
 79.00 4.7149 
 79.50 4.7145 
 80.00 4.7140 
 80.50 4.7136 
 81.00 4.7132 
 81.50 4.7126 
 82.00 4.7115 
 82.50 4.7105 
 83.00 4.7094 
 83.50 4.7084 
 84.00 4.7073 
 84.50 4.7062 
 85.00 4.7051 
 85.50 4.7041 
 86.00 4.7030 
 86.50 4.7020 
 87.00 4.7004 
 87.50 4.6988 
 88.00 4.6972 
 88.50 4.6956 
 89.00 4.6940 
 89.50 4.6924 
 90.00 4.6908 
 90.50 4.6892 
 91.00 4.6876 
 91.50 4.6860 
 92.00 4.6841 
 92.50 4.6822 
 93.00 4.6802 
 93.50 4.6783 
 94.00 4.6763 
 94.50 4.6743 
 95.00 4.6723 
 95.50 4.6704 
 96.00 4.6684 
 96.50 4.6664 
 97.00 4.6644 
 97.50 4.6622 
 98.00 4.6600 
 98.50 4.6577 
 99.00 4.6555 
 99.50 4.6533 
100.00 4.6511 
100.50 4.6489 
101.00 4.6466 
101.50 4.6444 
102.00 4.6422 
102.50 4.6398 
103.00 4.6375 
103.50 4.6351 
104.00 4.6328 
104.50 4.6304 
105.00 4.6281 
105.50 4.6257 
106.00 4.6234 
106.50 4.6210 
107.00 4.6186 
107.50 4.6162 
108.00 4.6138 
108.50 4.6114 
109.00 4.6089 
109.50 4.6065 
110.00 4.6041 
110.50 4.6016 
111.00 4.5992 
111.50 4.5968 
112.00 4.5943 
112.50 4.5919 
113.00 4.5894 
113.50 4.5869 
114.00 4.5845 
114.50 4.5820 
115.00 4.5795 
115.50 4.5770 
116.00 4.5746 
116.50 4.5721 
117.00 4.5696 
117.50 4.5672 
118.00 4.5647 
118.50 4.5623 
119.00 4.5599 
119.50 4.5574 
120.00 4.5550 
120.50 4.5526 
121.00 4.5501 
121.50 4.5477 
122.00 4.5453 
122.50 4.5428 
123.00 4.5404 
123.50 4.5381 
124.00 4.5357 
124.50 4.5333 
125.00 4.5309 
125.50 4.5286 
126.00 4.5262 
126.50 4.5238 
127.00 4.5214 
127.50 4.5191 
128.00 4.5168 
128.50 4.5145 
129.00 4.5123 
129.50 4.5100 
130.00 4.5078 
130.50 4.5056 
131.00 4.5033 
131.50 4.5011 
132.00 4.4988 
132.50 4.4966 
133.00 4.4944 
133.50 4.4923 
134.00 4.4903 
134.50 4.4882 
135.00 4.4862 
135.50 4.4841 
136.00 4.4821 
136.50 4.4800 
137.00 4.4779 
137.50 4.4759 
138.00 4.4738 
138.50 4.4719 
139.00 4.4701 
139.50 4.4683 
140.00 4.4665 
140.50 4.4646 
141.00 4.4628 
141.50 4.4610 
142.00 4.4591 
142.50 4.4573 
143.00 4.4555 
143.50 4.4538 
144.00 4.4522 
144.50 4.4507 
145.00 4.4491 
145.50 4.4476 
146.00 4.4461 
146.50 4.4445 
147.00 4.4430 
147.50 4.4414 
148.00 4.4399 
148.50 4.4384 
149.00 4.4372 
149.50 4.4360 
150.00 4.4348 
