  0.00 1.2078 
  0.50 3.2732 
  1.00 3.2913 
  1.50 3.3078 
  2.00 3.3236 
  2.50 3.3380 
  3.00 3.3517 
  3.50 3.3641 
  4.00 3.3758 
  4.50 3.3864 
  5.00 3.3964 
  5.50 3.4053 
  6.00 3.4137 
  6.50 3.4211 
  7.00 3.4280 
  7.50 3.4341 
  8.00 3.4398 
  8.50 3.4448 
  9.00 3.4495 
  9.50 3.4535 
 10.00 3.4573 
 10.50 3.4606 
 11.00 3.4636 
 11.50 3.4663 
 12.00 3.4688 
 12.50 3.4711 
 13.00 3.4732 
 13.50 3.4752 
 14.00 3.4773 
 14.50 3.4792 
 15.00 3.4812 
 15.50 3.4833 
 16.00 3.4855 
 16.50 3.4878 
 17.00 3.4903 
 17.50 3.4932 
 18.00 3.4963 
 18.50 3.4998 
 19.00 3.5036 
 19.50 3.5079 
 20.00 3.5125 
 20.50 3.5178 
 21.00 3.5236 
 21.50 3.5301 
 22.00 3.5371 
 22.50 3.5449 
 23.00 3.5533 
 23.50 3.5627 
 24.00 3.5727 
 24.50 3.5838 
 25.00 3.5956 
 25.50 3.6086 
 26.00 3.6223 
 26.50 3.6373 
 27.00 3.6532 
 27.50 3.6705 
 28.00 3.6887 
 28.50 3.7083 
 29.00 3.7290 
 29.50 4.2301 
 30.00 4.2322 
 30.50 4.2344 
 31.00 4.2365 
 31.50 4.2386 
 32.00 4.2408 
 32.50 4.2429 
 33.00 4.2450 
 33.50 4.2472 
 34.00 4.2490 
 34.50 4.2508 
 35.00 4.2526 
 35.50 4.2544 
 36.00 4.2561 
 36.50 4.2579 
 37.00 4.2597 
 37.50 4.2615 
 38.00 4.2633 
 38.50 4.2647 
 39.00 4.2661 
 39.50 4.2675 
 40.00 4.2689 
 40.50 4.2703 
 41.00 4.2717 
 41.50 4.2732 
 42.00 4.2746 
 42.50 4.2759 
 43.00 4.2770 
 43.50 4.2781 
 44.00 4.2792 
 44.50 4.2803 
 45.00 4.2814 
 45.50 4.2825 
 46.00 4.2836 
 46.50 4.2847 
 47.00 4.2856 
 47.50 4.2864 
 48.00 4.2872 
 48.50 4.2880 
 49.00 4.2888 
 49.50 4.2896 
 50.00 4.2903 
 50.50 4.2911 
 51.00 4.2919 
 51.50 4.2925 
 52.00 4.2930 
 52.50 4.2935 
 53.00 4.2940 
 53.50 4.2946 
 54.00 4.2951 
 54.50 4.2956 
 55.00 4.2961 
 55.50 4.2966 
 56.00 4.2969 
 56.50 4.2971 
 57.00 4.2974 
 57.50 4.2976 
 58.00 4.2979 
 58.50 4.2981 
 59.00 4.2984 
 59.50 4.2986 
 60.00 4.2988 
 60.50 4.2988 
 61.00 4.2989 
 61.50 4.2989 
 62.00 4.2989 
 62.50 4.2990 
 63.00 4.2990 
 63.50 4.2991 
 64.00 4.2991 
 64.50 4.2990 
 65.00 4.2988 
 65.50 4.2986 
 66.00 4.2985 
 66.50 4.2983 
 67.00 4.2981 
 67.50 4.2979 
 68.00 4.2977 
 68.50 4.2976 
 69.00 4.2973 
 69.50 4.2969 
 70.00 4.2966 
 70.50 4.2962 
 71.00 4.2959 
 71.50 4.2955 
 72.00 4.2952 
 72.50 4.2949 
 73.00 4.2945 
 73.50 4.2940 
 74.00 4.2935 
 74.50 4.2930 
 75.00 4.2925 
 75.50 4.2920 
 76.00 4.2915 
 76.50 4.2910 
 77.00 4.2905 
 77.50 4.2900 
 78.00 4.2893 
 78.50 4.2887 
 79.00 4.2881 
 79.50 4.2874 
 80.00 4.2868 
 80.50 4.2862 
 81.00 4.2856 
 81.50 4.2849 
 82.00 4.2843 
 82.50 4.2835 
 83.00 4.2828 
 83.50 4.2821 
 84.00 4.2813 
 84.50 4.2806 
 85.00 4.2799 
 85.50 4.2791 
 86.00 4.2784 
 86.50 4.2776 
 87.00 4.2768 
 87.50 4.2760 
 88.00 4.2752 
 88.50 4.2744 
 89.00 4.2736 
 89.50 4.2728 
 90.00 4.2720 
 90.50 4.2711 
 91.00 4.2703 
 91.50 4.2695 
 92.00 4.2686 
 92.50 4.2678 
 93.00 4.2669 
 93.50 4.2661 
 94.00 4.2652 
 94.50 4.2644 
 95.00 4.2635 
 95.50 4.2627 
 96.00 4.2618 
 96.50 4.2609 
 97.00 4.2600 
 97.50 4.2591 
 98.00 4.2583 
 98.50 4.2574 
 99.00 4.2565 
 99.50 4.2556 
100.00 4.2548 
100.50 4.2539 
101.00 4.2530 
101.50 4.2522 
102.00 4.2513 
102.50 4.2504 
103.00 4.2496 
103.50 4.2487 
104.00 4.2478 
104.50 4.2470 
105.00 4.2462 
105.50 4.2453 
106.00 4.2445 
106.50 4.2437 
107.00 4.2428 
107.50 4.2420 
108.00 4.2412 
108.50 4.2404 
109.00 4.2396 
109.50 4.2389 
110.00 4.2381 
110.50 4.2373 
111.00 4.2366 
111.50 4.2358 
112.00 4.2351 
112.50 4.2343 
113.00 4.2336 
113.50 4.2329 
114.00 4.2322 
114.50 4.2316 
115.00 4.2309 
115.50 4.2302 
116.00 4.2295 
116.50 4.2288 
117.00 4.2282 
117.50 4.2276 
118.00 4.2270 
118.50 4.2265 
119.00 4.2259 
119.50 4.2253 
120.00 4.2248 
120.50 4.2242 
121.00 4.2236 
121.50 4.2231 
122.00 4.2227 
122.50 4.2223 
123.00 4.2219 
123.50 4.2214 
124.00 4.2210 
124.50 4.2206 
125.00 4.2202 
125.50 4.2198 
126.00 4.2195 
126.50 4.2192 
127.00 4.2189 
127.50 4.2187 
128.00 4.2184 
128.50 4.2182 
129.00 4.2179 
129.50 4.2176 
130.00 4.2174 
130.50 4.2173 
131.00 4.2173 
131.50 4.2172 
132.00 4.2172 
132.50 4.2171 
133.00 4.2171 
133.50 4.2170 
134.00 4.2169 
134.50 4.2170 
135.00 4.2171 
135.50 4.2173 
136.00 4.2175 
136.50 4.2176 
137.00 4.2178 
137.50 4.2180 
138.00 4.2182 
138.50 4.2183 
139.00 4.2187 
139.50 4.2191 
140.00 4.2195 
140.50 4.2199 
141.00 4.2203 
141.50 4.2208 
142.00 4.2212 
142.50 4.2216 
143.00 4.2220 
143.50 4.2227 
144.00 4.2234 
144.50 4.2241 
145.00 4.2248 
145.50 4.2255 
146.00 4.2262 
146.50 4.2269 
147.00 4.2276 
147.50 4.2283 
148.00 4.2293 
148.50 4.2303 
149.00 4.2313 
149.50 4.2323 
150.00 4.2333 
