  0.00 1.2567 
  0.50 1.8772 
  1.00 3.1616 
  1.50 3.1817 
  2.00 3.2011 
  2.50 3.2190 
  3.00 3.2368 
  3.50 3.2529 
  4.00 3.2685 
  4.50 3.2836 
  5.00 3.2972 
  5.50 3.3108 
  6.00 3.3229 
  6.50 3.3346 
  7.00 3.3459 
  7.50 3.3559 
  8.00 3.3659 
  8.50 3.3747 
  9.00 3.3832 
  9.50 3.3913 
 10.00 3.3984 
 10.50 3.4054 
 11.00 3.4116 
 11.50 3.4174 
 12.00 3.4230 
 12.50 3.4278 
 13.00 3.4326 
 13.50 3.4367 
 14.00 3.4406 
 14.50 3.4443 
 15.00 3.4475 
 15.50 3.4506 
 16.00 3.4534 
 16.50 3.4559 
 17.00 3.4584 
 17.50 3.4606 
 18.00 3.4628 
 18.50 3.4648 
 19.00 3.4667 
 19.50 3.4686 
 20.00 3.4705 
 20.50 3.4724 
 21.00 3.4743 
 21.50 3.4762 
 22.00 3.4782 
 22.50 3.4804 
 23.00 3.4826 
 23.50 3.4850 
 24.00 3.4876 
 24.50 3.4903 
 25.00 3.4934 
 25.50 3.4966 
 26.00 3.5002 
 26.50 3.5042 
 27.00 3.5082 
 27.50 3.5130 
 28.00 3.5179 
 28.50 3.5232 
 29.00 3.5291 
 29.50 3.5351 
 30.00 3.5422 
 30.50 3.5494 
 31.00 3.5572 
 31.50 3.5657 
 32.00 3.5743 
 32.50 3.5844 
 33.00 3.5945 
 33.50 3.6054 
 34.00 3.6172 
 34.50 3.6291 
 35.00 3.6427 
 35.50 3.6565 
 36.00 3.6710 
 36.50 3.6868 
 37.00 3.7025 
 37.50 4.5087 
 38.00 4.5011 
 38.50 4.4935 
 39.00 4.4859 
 39.50 4.4783 
 40.00 4.4706 
 40.50 4.4630 
 41.00 4.4554 
 41.50 4.4483 
 42.00 4.4417 
 42.50 4.4350 
 43.00 4.4284 
 43.50 4.4217 
 44.00 4.4151 
 44.50 4.4085 
 45.00 4.4018 
 45.50 4.3953 
 46.00 4.3896 
 46.50 4.3840 
 47.00 4.3783 
 47.50 4.3726 
 48.00 4.3670 
 48.50 4.3613 
 49.00 4.3556 
 49.50 4.3499 
 50.00 4.3450 
 50.50 4.3402 
 51.00 4.3354 
 51.50 4.3306 
 52.00 4.3258 
 52.50 4.3210 
 53.00 4.3162 
 53.50 4.3114 
 54.00 4.3069 
 54.50 4.3029 
 55.00 4.2989 
 55.50 4.2949 
 56.00 4.2909 
 56.50 4.2869 
 57.00 4.2829 
 57.50 4.2789 
 58.00 4.2750 
 58.50 4.2717 
 59.00 4.2684 
 59.50 4.2652 
 60.00 4.2619 
 60.50 4.2586 
 61.00 4.2553 
 61.50 4.2520 
 62.00 4.2488 
 62.50 4.2460 
 63.00 4.2433 
 63.50 4.2407 
 64.00 4.2380 
 64.50 4.2354 
 65.00 4.2327 
 65.50 4.2301 
 66.00 4.2274 
 66.50 4.2250 
 67.00 4.2229 
 67.50 4.2209 
 68.00 4.2188 
 68.50 4.2167 
 69.00 4.2146 
 69.50 4.2125 
 70.00 4.2104 
 70.50 4.2084 
 71.00 4.2068 
 71.50 4.2051 
 72.00 4.2035 
 72.50 4.2019 
 73.00 4.2003 
 73.50 4.1987 
 74.00 4.1970 
 74.50 4.1954 
 75.00 4.1941 
 75.50 4.1929 
 76.00 4.1916 
 76.50 4.1904 
 77.00 4.1892 
 77.50 4.1880 
 78.00 4.1868 
 78.50 4.1855 
 79.00 4.1844 
 79.50 4.1835 
 80.00 4.1826 
 80.50 4.1817 
 81.00 4.1808 
 81.50 4.1799 
 82.00 4.1790 
 82.50 4.1781 
 83.00 4.1772 
 83.50 4.1765 
 84.00 4.1759 
 84.50 4.1752 
 85.00 4.1745 
 85.50 4.1738 
 86.00 4.1731 
 86.50 4.1725 
 87.00 4.1718 
 87.50 4.1712 
 88.00 4.1707 
 88.50 4.1702 
 89.00 4.1696 
 89.50 4.1691 
 90.00 4.1686 
 90.50 4.1681 
 91.00 4.1676 
 91.50 4.1671 
 92.00 4.1666 
 92.50 4.1662 
 93.00 4.1658 
 93.50 4.1653 
 94.00 4.1649 
 94.50 4.1644 
 95.00 4.1640 
 95.50 4.1635 
 96.00 4.1632 
 96.50 4.1628 
 97.00 4.1625 
 97.50 4.1621 
 98.00 4.1618 
 98.50 4.1615 
 99.00 4.1611 
 99.50 4.1608 
100.00 4.1605 
100.50 4.1602 
101.00 4.1600 
101.50 4.1597 
102.00 4.1595 
102.50 4.1593 
103.00 4.1590 
103.50 4.1588 
104.00 4.1586 
104.50 4.1584 
105.00 4.1583 
105.50 4.1582 
106.00 4.1581 
106.50 4.1579 
107.00 4.1578 
107.50 4.1577 
108.00 4.1575 
108.50 4.1575 
109.00 4.1575 
109.50 4.1575 
110.00 4.1575 
110.50 4.1575 
111.00 4.1575 
111.50 4.1575 
112.00 4.1575 
112.50 4.1576 
113.00 4.1577 
113.50 4.1579 
114.00 4.1580 
114.50 4.1582 
115.00 4.1584 
115.50 4.1585 
116.00 4.1587 
116.50 4.1588 
117.00 4.1592 
117.50 4.1595 
118.00 4.1598 
118.50 4.1601 
119.00 4.1604 
119.50 4.1608 
120.00 4.1611 
120.50 4.1614 
121.00 4.1619 
121.50 4.1624 
122.00 4.1629 
122.50 4.1634 
123.00 4.1639 
123.50 4.1644 
124.00 4.1649 
124.50 4.1654 
125.00 4.1660 
125.50 4.1667 
126.00 4.1674 
126.50 4.1681 
127.00 4.1688 
127.50 4.1695 
128.00 4.1701 
128.50 4.1708 
129.00 4.1715 
129.50 4.1725 
130.00 4.1734 
130.50 4.1743 
131.00 4.1752 
131.50 4.1761 
132.00 4.1770 
132.50 4.1779 
133.00 4.1788 
133.50 4.1799 
134.00 4.1810 
134.50 4.1821 
135.00 4.1833 
135.50 4.1844 
136.00 4.1855 
136.50 4.1866 
137.00 4.1878 
137.50 4.1890 
138.00 4.1903 
138.50 4.1917 
139.00 4.1931 
139.50 4.1945 
140.00 4.1959 
140.50 4.1973 
141.00 4.1987 
141.50 4.2001 
142.00 4.2017 
142.50 4.2033 
143.00 4.2050 
143.50 4.2066 
144.00 4.2082 
144.50 4.2098 
145.00 4.2115 
145.50 4.2131 
146.00 4.2149 
146.50 4.2168 
147.00 4.2187 
147.50 4.2206 
148.00 4.2226 
148.50 4.2245 
149.00 4.2264 
149.50 4.2283 
150.00 4.2303 
