  0.00 1.7572 
  0.50 1.9752 
  1.00 2.1931 
  1.50 2.4111 
  2.00 2.6290 
  2.50 3.3663 
  3.00 3.3809 
  3.50 3.3955 
  4.00 3.4101 
  4.50 3.4235 
  5.00 3.4367 
  5.50 3.4500 
  6.00 3.4625 
  6.50 3.4745 
  7.00 3.4866 
  7.50 3.4981 
  8.00 3.5090 
  8.50 3.5199 
  9.00 3.5306 
  9.50 3.5404 
 10.00 3.5503 
 10.50 3.5602 
 11.00 3.5692 
 11.50 3.5781 
 12.00 3.5871 
 12.50 3.5955 
 13.00 3.6036 
 13.50 3.6117 
 14.00 3.6195 
 14.50 3.6269 
 15.00 3.6343 
 15.50 3.6416 
 16.00 3.6484 
 16.50 3.6552 
 17.00 3.6620 
 17.50 3.6683 
 18.00 3.6746 
 18.50 3.6808 
 19.00 3.6869 
 19.50 3.6928 
 20.00 3.6987 
 20.50 3.7045 
 21.00 3.7101 
 21.50 3.7157 
 22.00 3.7213 
 22.50 3.7267 
 23.00 3.7321 
 23.50 3.7375 
 24.00 3.7429 
 24.50 3.7482 
 25.00 3.7535 
 25.50 3.7589 
 26.00 3.7643 
 26.50 3.7697 
 27.00 3.7752 
 27.50 3.7806 
 28.00 3.7861 
 28.50 3.7917 
 29.00 3.7975 
 29.50 3.8032 
 30.00 3.8090 
 30.50 3.8151 
 31.00 3.8211 
 31.50 3.8272 
 32.00 3.8337 
 32.50 3.8403 
 33.00 3.8468 
 33.50 3.8537 
 34.00 3.8608 
 34.50 3.8678 
 35.00 3.8751 
 35.50 3.8829 
 36.00 3.8907 
 36.50 3.8985 
 37.00 3.9070 
 37.50 3.9156 
 38.00 3.9241 
 38.50 3.9334 
 39.00 3.9428 
 39.50 3.9522 
 40.00 3.9621 
 40.50 3.9725 
 41.00 3.9829 
 41.50 3.9937 
 42.00 4.0052 
 42.50 4.0167 
 43.00 4.0283 
 43.50 4.0409 
 44.00 4.0536 
 44.50 4.0663 
 45.00 4.0801 
 45.50 4.0941 
 46.00 4.1081 
 46.50 4.1229 
 47.00 4.1383 
 47.50 4.1536 
 48.00 4.1695 
 48.50 4.1863 
 49.00 4.2031 
 49.50 4.5109 
 50.00 4.5201 
 50.50 4.5293 
 51.00 4.5385 
 51.50 4.5476 
 52.00 4.5568 
 52.50 4.5660 
 53.00 4.5752 
 53.50 4.5837 
 54.00 4.5911 
 54.50 4.5986 
 55.00 4.6060 
 55.50 4.6135 
 56.00 4.6209 
 56.50 4.6284 
 57.00 4.6358 
 57.50 4.6422 
 58.00 4.6479 
 58.50 4.6537 
 59.00 4.6595 
 59.50 4.6653 
 60.00 4.6710 
 60.50 4.6768 
 61.00 4.6826 
 61.50 4.6869 
 62.00 4.6912 
 62.50 4.6955 
 63.00 4.6997 
 63.50 4.7040 
 64.00 4.7082 
 64.50 4.7125 
 65.00 4.7165 
 65.50 4.7194 
 66.00 4.7223 
 66.50 4.7252 
 67.00 4.7281 
 67.50 4.7310 
 68.00 4.7339 
 68.50 4.7368 
 69.00 4.7390 
 69.50 4.7407 
 70.00 4.7424 
 70.50 4.7441 
 71.00 4.7458 
 71.50 4.7475 
 72.00 4.7492 
 72.50 4.7508 
 73.00 4.7517 
 73.50 4.7523 
 74.00 4.7529 
 74.50 4.7535 
 75.00 4.7542 
 75.50 4.7548 
 76.00 4.7554 
 76.50 4.7560 
 77.00 4.7557 
 77.50 4.7554 
 78.00 4.7551 
 78.50 4.7548 
 79.00 4.7546 
 79.50 4.7543 
 80.00 4.7540 
 80.50 4.7534 
 81.00 4.7524 
 81.50 4.7514 
 82.00 4.7503 
 82.50 4.7493 
 83.00 4.7483 
 83.50 4.7472 
 84.00 4.7462 
 84.50 4.7448 
 85.00 4.7431 
 85.50 4.7415 
 86.00 4.7399 
 86.50 4.7383 
 87.00 4.7366 
 87.50 4.7350 
 88.00 4.7334 
 88.50 4.7313 
 89.00 4.7292 
 89.50 4.7271 
 90.00 4.7251 
 90.50 4.7230 
 91.00 4.7209 
 91.50 4.7188 
 92.00 4.7167 
 92.50 4.7143 
 93.00 4.7119 
 93.50 4.7095 
 94.00 4.7071 
 94.50 4.7047 
 95.00 4.7023 
 95.50 4.6999 
 96.00 4.6974 
 96.50 4.6949 
 97.00 4.6924 
 97.50 4.6899 
 98.00 4.6873 
 98.50 4.6848 
 99.00 4.6823 
 99.50 4.6798 
100.00 4.6772 
100.50 4.6747 
101.00 4.6722 
101.50 4.6696 
102.00 4.6671 
102.50 4.6645 
103.00 4.6620 
103.50 4.6594 
104.00 4.6569 
104.50 4.6544 
105.00 4.6519 
105.50 4.6494 
106.00 4.6468 
106.50 4.6443 
107.00 4.6418 
107.50 4.6393 
108.00 4.6368 
108.50 4.6343 
109.00 4.6318 
109.50 4.6294 
110.00 4.6269 
110.50 4.6244 
111.00 4.6220 
111.50 4.6195 
112.00 4.6171 
112.50 4.6147 
113.00 4.6122 
113.50 4.6098 
114.00 4.6074 
114.50 4.6050 
115.00 4.6025 
115.50 4.6002 
116.00 4.5979 
116.50 4.5955 
117.00 4.5932 
117.50 4.5908 
118.00 4.5885 
118.50 4.5861 
119.00 4.5838 
119.50 4.5815 
120.00 4.5793 
120.50 4.5770 
121.00 4.5748 
121.50 4.5725 
122.00 4.5703 
122.50 4.5680 
123.00 4.5658 
123.50 4.5637 
124.00 4.5615 
124.50 4.5594 
125.00 4.5572 
125.50 4.5551 
126.00 4.5529 
126.50 4.5508 
127.00 4.5487 
127.50 4.5467 
128.00 4.5447 
128.50 4.5426 
129.00 4.5406 
129.50 4.5386 
130.00 4.5366 
130.50 4.5346 
131.00 4.5327 
131.50 4.5308 
132.00 4.5289 
132.50 4.5270 
133.00 4.5252 
133.50 4.5233 
134.00 4.5214 
134.50 4.5196 
135.00 4.5178 
135.50 4.5161 
136.00 4.5144 
136.50 4.5127 
137.00 4.5110 
137.50 4.5092 
138.00 4.5075 
138.50 4.5059 
139.00 4.5043 
139.50 4.5028 
140.00 4.5012 
140.50 4.4997 
141.00 4.4981 
141.50 4.4966 
142.00 4.4950 
142.50 4.4936 
143.00 4.4923 
143.50 4.4909 
144.00 4.4896 
144.50 4.4882 
145.00 4.4869 
145.50 4.4855 
146.00 4.4842 
146.50 4.4830 
147.00 4.4819 
147.50 4.4807 
148.00 4.4796 
148.50 4.4784 
149.00 4.4773 
149.50 4.4761 
150.00 4.4751 
