  0.00 1.4574 
  0.50 1.8511 
  1.00 2.2447 
  1.50 2.6384 
  2.00 3.0132 
  2.50 3.0452 
  3.00 3.0757 
  3.50 3.1058 
  4.00 3.1344 
  4.50 3.1626 
  5.00 3.1893 
  5.50 3.2155 
  6.00 3.2405 
  6.50 3.2651 
  7.00 3.2883 
  7.50 3.3111 
  8.00 3.3327 
  8.50 3.3539 
  9.00 3.3740 
  9.50 3.3937 
 10.00 3.4124 
 10.50 3.4306 
 11.00 3.4480 
 11.50 3.4649 
 12.00 3.4810 
 12.50 3.4966 
 13.00 3.5115 
 13.50 3.5260 
 14.00 3.5398 
 14.50 3.5532 
 15.00 3.5659 
 15.50 3.5784 
 16.00 3.5902 
 16.50 3.6017 
 17.00 3.6127 
 17.50 3.6235 
 18.00 3.6338 
 18.50 3.6438 
 19.00 3.6534 
 19.50 3.6628 
 20.00 3.6718 
 20.50 3.6806 
 21.00 3.6892 
 21.50 3.6976 
 22.00 3.7057 
 22.50 3.7137 
 23.00 3.7216 
 23.50 3.7293 
 24.00 3.7370 
 24.50 3.7445 
 25.00 3.7519 
 25.50 3.7594 
 26.00 3.7668 
 26.50 3.7742 
 27.00 3.7817 
 27.50 3.7892 
 28.00 3.7968 
 28.50 3.8045 
 29.00 3.8123 
 29.50 3.8202 
 30.00 3.8283 
 30.50 3.8365 
 31.00 4.0864 
 31.50 4.1022 
 32.00 4.1181 
 32.50 4.1339 
 33.00 4.1497 
 33.50 4.1655 
 34.00 4.1814 
 34.50 4.1972 
 35.00 4.2130 
 35.50 4.2258 
 36.00 4.2384 
 36.50 4.2509 
 37.00 4.2635 
 37.50 4.2760 
 38.00 4.2886 
 38.50 4.3011 
 39.00 4.3137 
 39.50 4.3255 
 40.00 4.3350 
 40.50 4.3445 
 41.00 4.3539 
 41.50 4.3634 
 42.00 4.3729 
 42.50 4.3824 
 43.00 4.3919 
 43.50 4.4013 
 44.00 4.4093 
 44.50 4.4160 
 45.00 4.4227 
 45.50 4.4294 
 46.00 4.4361 
 46.50 4.4428 
 47.00 4.4495 
 47.50 4.4562 
 48.00 4.4629 
 48.50 4.4674 
 49.00 4.4717 
 49.50 4.4760 
 50.00 4.4802 
 50.50 4.4845 
 51.00 4.4887 
 51.50 4.4930 
 52.00 4.4973 
 52.50 4.5011 
 53.00 4.5032 
 53.50 4.5053 
 54.00 4.5075 
 54.50 4.5096 
 55.00 4.5117 
 55.50 4.5138 
 56.00 4.5160 
 56.50 4.5181 
 57.00 4.5193 
 57.50 4.5196 
 58.00 4.5199 
 58.50 4.5202 
 59.00 4.5205 
 59.50 4.5208 
 60.00 4.5211 
 60.50 4.5214 
 61.00 4.5217 
 61.50 4.5208 
 62.00 4.5196 
 62.50 4.5184 
 63.00 4.5172 
 63.50 4.5160 
 64.00 4.5148 
 64.50 4.5136 
 65.00 4.5124 
 65.50 4.5111 
 66.00 4.5087 
 66.50 4.5063 
 67.00 4.5040 
 67.50 4.5016 
 68.00 4.4992 
 68.50 4.4969 
 69.00 4.4945 
 69.50 4.4922 
 70.00 4.4894 
 70.50 4.4862 
 71.00 4.4829 
 71.50 4.4797 
 72.00 4.4764 
 72.50 4.4732 
 73.00 4.4700 
 73.50 4.4667 
 74.00 4.4635 
 74.50 4.4598 
 75.00 4.4561 
 75.50 4.4523 
 76.00 4.4485 
 76.50 4.4447 
 77.00 4.4409 
 77.50 4.4372 
 78.00 4.4334 
 78.50 4.4296 
 79.00 4.4256 
 79.50 4.4216 
 80.00 4.4176 
 80.50 4.4136 
 81.00 4.4096 
 81.50 4.4056 
 82.00 4.4016 
 82.50 4.3976 
 83.00 4.3937 
 83.50 4.3897 
 84.00 4.3858 
 84.50 4.3819 
 85.00 4.3780 
 85.50 4.3741 
 86.00 4.3702 
 86.50 4.3662 
 87.00 4.3623 
 87.50 4.3587 
 88.00 4.3551 
 88.50 4.3515 
 89.00 4.3480 
 89.50 4.3444 
 90.00 4.3409 
 90.50 4.3373 
 91.00 4.3338 
 91.50 4.3302 
 92.00 4.3270 
 92.50 4.3239 
 93.00 4.3207 
 93.50 4.3175 
 94.00 4.3144 
 94.50 4.3112 
 95.00 4.3080 
 95.50 4.3049 
 96.00 4.3019 
 96.50 4.2991 
 97.00 4.2964 
 97.50 4.2936 
 98.00 4.2909 
 98.50 4.2881 
 99.00 4.2854 
 99.50 4.2826 
100.00 4.2798 
100.50 4.2774 
101.00 4.2750 
101.50 4.2726 
102.00 4.2703 
102.50 4.2679 
103.00 4.2656 
103.50 4.2632 
104.00 4.2608 
104.50 4.2585 
105.00 4.2565 
105.50 4.2545 
106.00 4.2526 
106.50 4.2506 
107.00 4.2486 
107.50 4.2467 
108.00 4.2447 
108.50 4.2427 
109.00 4.2409 
109.50 4.2393 
110.00 4.2377 
110.50 4.2362 
111.00 4.2346 
111.50 4.2330 
112.00 4.2314 
112.50 4.2298 
113.00 4.2283 
113.50 4.2269 
114.00 4.2257 
114.50 4.2245 
115.00 4.2233 
115.50 4.2221 
116.00 4.2209 
116.50 4.2197 
117.00 4.2185 
117.50 4.2173 
118.00 4.2165 
118.50 4.2157 
119.00 4.2149 
119.50 4.2141 
120.00 4.2132 
120.50 4.2124 
121.00 4.2116 
121.50 4.2108 
122.00 4.2101 
122.50 4.2096 
123.00 4.2092 
123.50 4.2088 
124.00 4.2083 
124.50 4.2079 
125.00 4.2074 
125.50 4.2070 
126.00 4.2066 
126.50 4.2064 
127.00 4.2063 
127.50 4.2062 
128.00 4.2062 
128.50 4.2061 
129.00 4.2060 
129.50 4.2059 
130.00 4.2059 
130.50 4.2058 
131.00 4.2061 
131.50 4.2064 
132.00 4.2067 
132.50 4.2070 
133.00 4.2073 
133.50 4.2076 
134.00 4.2079 
134.50 4.2082 
135.00 4.2086 
135.50 4.2092 
136.00 4.2099 
136.50 4.2106 
137.00 4.2112 
137.50 4.2119 
138.00 4.2126 
138.50 4.2132 
139.00 4.2139 
139.50 4.2148 
140.00 4.2158 
140.50 4.2168 
141.00 4.2178 
141.50 4.2189 
142.00 4.2199 
142.50 4.2209 
143.00 4.2219 
143.50 4.2230 
144.00 4.2243 
144.50 4.2257 
145.00 4.2271 
145.50 4.2284 
146.00 4.2298 
146.50 4.2312 
147.00 4.2326 
147.50 4.2340 
148.00 4.2354 
148.50 4.2372 
149.00 4.2389 
149.50 4.2406 
150.00 4.2424 
