  0.00 1.6465 
  0.50 2.0371 
  1.00 2.4276 
  1.50 3.4348 
  2.00 3.4471 
  2.50 3.4595 
  3.00 3.4708 
  3.50 3.4819 
  4.00 3.4930 
  4.50 3.5031 
  5.00 3.5130 
  5.50 3.5229 
  6.00 3.5318 
  6.50 3.5406 
  7.00 3.5493 
  7.50 3.5571 
  8.00 3.5648 
  8.50 3.5725 
  9.00 3.5793 
  9.50 3.5860 
 10.00 3.5928 
 10.50 3.5987 
 11.00 3.6046 
 11.50 3.6105 
 12.00 3.6157 
 12.50 3.6208 
 13.00 3.6259 
 13.50 3.6304 
 14.00 3.6349 
 14.50 3.6393 
 15.00 3.6432 
 15.50 3.6471 
 16.00 3.6510 
 16.50 3.6544 
 17.00 3.6579 
 17.50 3.6613 
 18.00 3.6643 
 18.50 3.6674 
 19.00 3.6704 
 19.50 3.6732 
 20.00 3.6760 
 20.50 3.6788 
 21.00 3.6814 
 21.50 3.6840 
 22.00 3.6865 
 22.50 3.6891 
 23.00 3.6916 
 23.50 3.6941 
 24.00 3.6966 
 24.50 3.6992 
 25.00 3.7017 
 25.50 3.7044 
 26.00 3.7070 
 26.50 3.7097 
 27.00 3.7125 
 27.50 3.7153 
 28.00 3.7183 
 28.50 3.7214 
 29.00 3.7245 
 29.50 3.7278 
 30.00 3.7313 
 30.50 3.7348 
 31.00 3.7386 
 31.50 3.7426 
 32.00 3.7466 
 32.50 3.7508 
 33.00 3.7554 
 33.50 3.7600 
 34.00 3.7649 
 34.50 3.7702 
 35.00 3.7754 
 35.50 3.7811 
 36.00 3.7871 
 36.50 3.7931 
 37.00 3.7997 
 37.50 3.8066 
 38.00 3.8135 
 38.50 3.8209 
 39.00 3.8288 
 39.50 3.8366 
 40.00 3.8451 
 40.50 3.8541 
 41.00 3.8630 
 41.50 3.8727 
 42.00 3.8828 
 42.50 3.8929 
 43.00 3.9038 
 43.50 3.9150 
 44.00 3.9263 
 44.50 4.3212 
 45.00 4.3175 
 45.50 4.3137 
 46.00 4.3099 
 46.50 4.3061 
 47.00 4.3023 
 47.50 4.2986 
 48.00 4.2948 
 48.50 4.2915 
 49.00 4.2884 
 49.50 4.2852 
 50.00 4.2821 
 50.50 4.2790 
 51.00 4.2759 
 51.50 4.2728 
 52.00 4.2697 
 52.50 4.2670 
 53.00 4.2646 
 53.50 4.2621 
 54.00 4.2596 
 54.50 4.2572 
 55.00 4.2547 
 55.50 4.2522 
 56.00 4.2498 
 56.50 4.2477 
 57.00 4.2459 
 57.50 4.2440 
 58.00 4.2421 
 58.50 4.2403 
 59.00 4.2384 
 59.50 4.2366 
 60.00 4.2347 
 60.50 4.2332 
 61.00 4.2319 
 61.50 4.2306 
 62.00 4.2293 
 62.50 4.2280 
 63.00 4.2267 
 63.50 4.2254 
 64.00 4.2241 
 64.50 4.2232 
 65.00 4.2224 
 65.50 4.2216 
 66.00 4.2208 
 66.50 4.2200 
 67.00 4.2192 
 67.50 4.2184 
 68.00 4.2176 
 68.50 4.2172 
 69.00 4.2168 
 69.50 4.2165 
 70.00 4.2162 
 70.50 4.2158 
 71.00 4.2155 
 71.50 4.2152 
 72.00 4.2149 
 72.50 4.2149 
 73.00 4.2149 
 73.50 4.2150 
 74.00 4.2151 
 74.50 4.2152 
 75.00 4.2153 
 75.50 4.2154 
 76.00 4.2155 
 76.50 4.2158 
 77.00 4.2163 
 77.50 4.2168 
 78.00 4.2172 
 78.50 4.2177 
 79.00 4.2182 
 79.50 4.2186 
 80.00 4.2191 
 80.50 4.2198 
 81.00 4.2206 
 81.50 4.2214 
 82.00 4.2221 
 82.50 4.2229 
 83.00 4.2237 
 83.50 4.2245 
 84.00 4.2252 
 84.50 4.2262 
 85.00 4.2273 
 85.50 4.2284 
 86.00 4.2295 
 86.50 4.2306 
 87.00 4.2316 
 87.50 4.2327 
 88.00 4.2338 
 88.50 4.2350 
 89.00 4.2363 
 89.50 4.2376 
 90.00 4.2389 
 90.50 4.2402 
 91.00 4.2415 
 91.50 4.2428 
 92.00 4.2440 
 92.50 4.2455 
 93.00 4.2470 
 93.50 4.2485 
 94.00 4.2500 
 94.50 4.2514 
 95.00 4.2529 
 95.50 4.2544 
 96.00 4.2559 
 96.50 4.2575 
 97.00 4.2592 
 97.50 4.2608 
 98.00 4.2624 
 98.50 4.2641 
 99.00 4.2657 
 99.50 4.2674 
100.00 4.2690 
100.50 4.2707 
101.00 4.2725 
101.50 4.2742 
102.00 4.2760 
102.50 4.2777 
103.00 4.2795 
103.50 4.2812 
104.00 4.2830 
104.50 4.2848 
105.00 4.2867 
105.50 4.2885 
106.00 4.2904 
106.50 4.2922 
107.00 4.2941 
107.50 4.2959 
108.00 4.2978 
108.50 4.2997 
109.00 4.3016 
109.50 4.3036 
110.00 4.3055 
110.50 4.3075 
111.00 4.3094 
111.50 4.3113 
112.00 4.3133 
112.50 4.3153 
113.00 4.3173 
113.50 4.3193 
114.00 4.3213 
114.50 4.3233 
115.00 4.3253 
115.50 4.3273 
116.00 4.3293 
116.50 4.3313 
117.00 4.3334 
117.50 4.3354 
118.00 4.3374 
118.50 4.3395 
119.00 4.3415 
119.50 4.3435 
120.00 4.3456 
120.50 4.3477 
121.00 4.3497 
121.50 4.3518 
122.00 4.3539 
122.50 4.3560 
123.00 4.3581 
123.50 4.3601 
124.00 4.3622 
124.50 4.3643 
125.00 4.3663 
125.50 4.3684 
126.00 4.3705 
126.50 4.3725 
127.00 4.3746 
127.50 4.3766 
128.00 4.3787 
128.50 4.3808 
129.00 4.3828 
129.50 4.3849 
130.00 4.3869 
130.50 4.3890 
131.00 4.3910 
131.50 4.3931 
132.00 4.3951 
132.50 4.3972 
133.00 4.3992 
133.50 4.4012 
134.00 4.4032 
134.50 4.4052 
135.00 4.4072 
135.50 4.4092 
136.00 4.4113 
136.50 4.4132 
137.00 4.4152 
137.50 4.4172 
138.00 4.4191 
138.50 4.4211 
139.00 4.4230 
139.50 4.4250 
140.00 4.4270 
140.50 4.4289 
141.00 4.4307 
141.50 4.4326 
142.00 4.4345 
142.50 4.4364 
143.00 4.4383 
143.50 4.4401 
144.00 4.4420 
144.50 4.4438 
145.00 4.4456 
145.50 4.4474 
146.00 4.4492 
146.50 4.4510 
147.00 4.4528 
147.50 4.4546 
148.00 4.4564 
148.50 4.4581 
149.00 4.4598 
149.50 4.4614 
150.00 4.4631 
