  0.00 1.4385 
  0.50 3.2861 
  1.00 3.3049 
  1.50 3.3238 
  2.00 3.3426 
  2.50 3.3592 
  3.00 3.3758 
  3.50 3.3924 
  4.00 3.4071 
  4.50 3.4215 
  5.00 3.4360 
  5.50 3.4489 
  6.00 3.4614 
  6.50 3.4739 
  7.00 3.4853 
  7.50 3.4960 
  8.00 3.5067 
  8.50 3.5165 
  9.00 3.5256 
  9.50 3.5347 
 10.00 3.5433 
 10.50 3.5509 
 11.00 3.5586 
 11.50 3.5660 
 12.00 3.5724 
 12.50 3.5788 
 13.00 3.5851 
 13.50 3.5905 
 14.00 3.5959 
 14.50 3.6013 
 15.00 3.6058 
 15.50 3.6103 
 16.00 3.6148 
 16.50 3.6187 
 17.00 3.6225 
 17.50 3.6264 
 18.00 3.6299 
 18.50 3.6332 
 19.00 3.6366 
 19.50 3.6397 
 20.00 3.6428 
 20.50 3.6458 
 21.00 3.6488 
 21.50 3.6517 
 22.00 3.6547 
 22.50 3.6576 
 23.00 3.6606 
 23.50 3.6635 
 24.00 3.6666 
 24.50 3.6698 
 25.00 3.6730 
 25.50 3.6763 
 26.00 3.6799 
 26.50 3.6837 
 27.00 3.6873 
 27.50 3.6916 
 28.00 3.6959 
 28.50 3.7001 
 29.00 3.7051 
 29.50 3.7102 
 30.00 3.7153 
 30.50 3.7211 
 31.00 3.7272 
 31.50 3.7333 
 32.00 3.7400 
 32.50 3.7473 
 33.00 3.7545 
 33.50 3.7623 
 34.00 3.7710 
 34.50 3.7797 
 35.00 3.7887 
 35.50 3.7989 
 36.00 3.8091 
 36.50 3.8195 
 37.00 3.8315 
 37.50 3.8434 
 38.00 3.8553 
 38.50 3.8692 
 39.00 3.8830 
 39.50 3.8969 
 40.00 3.9126 
 40.50 3.9285 
 41.00 3.9445 
 41.50 3.9621 
 42.00 3.9804 
 42.50 3.9987 
 43.00 4.0184 
 43.50 4.0392 
 44.00 4.0600 
 44.50 4.0818 
 45.00 4.1052 
 45.50 4.1285 
 46.00 4.3373 
 46.50 4.3356 
 47.00 4.3339 
 47.50 4.3322 
 48.00 4.3305 
 48.50 4.3288 
 49.00 4.3271 
 49.50 4.3254 
 50.00 4.3238 
 50.50 4.3224 
 51.00 4.3210 
 51.50 4.3196 
 52.00 4.3182 
 52.50 4.3168 
 53.00 4.3154 
 53.50 4.3140 
 54.00 4.3128 
 54.50 4.3116 
 55.00 4.3105 
 55.50 4.3094 
 56.00 4.3083 
 56.50 4.3072 
 57.00 4.3061 
 57.50 4.3050 
 58.00 4.3040 
 58.50 4.3032 
 59.00 4.3023 
 59.50 4.3015 
 60.00 4.3007 
 60.50 4.2998 
 61.00 4.2990 
 61.50 4.2982 
 62.00 4.2975 
 62.50 4.2969 
 63.00 4.2964 
 63.50 4.2958 
 64.00 4.2952 
 64.50 4.2947 
 65.00 4.2941 
 65.50 4.2935 
 66.00 4.2931 
 66.50 4.2928 
 67.00 4.2925 
 67.50 4.2922 
 68.00 4.2919 
 68.50 4.2916 
 69.00 4.2913 
 69.50 4.2909 
 70.00 4.2908 
 70.50 4.2908 
 71.00 4.2907 
 71.50 4.2906 
 72.00 4.2905 
 72.50 4.2904 
 73.00 4.2904 
 73.50 4.2903 
 74.00 4.2905 
 74.50 4.2906 
 75.00 4.2908 
 75.50 4.2909 
 76.00 4.2911 
 76.50 4.2913 
 77.00 4.2915 
 77.50 4.2916 
 78.00 4.2920 
 78.50 4.2924 
 79.00 4.2928 
 79.50 4.2931 
 80.00 4.2935 
 80.50 4.2939 
 81.00 4.2943 
 81.50 4.2947 
 82.00 4.2953 
 82.50 4.2959 
 83.00 4.2965 
 83.50 4.2971 
 84.00 4.2977 
 84.50 4.2983 
 85.00 4.2988 
 85.50 4.2995 
 86.00 4.3003 
 86.50 4.3011 
 87.00 4.3018 
 87.50 4.3026 
 88.00 4.3034 
 88.50 4.3042 
 89.00 4.3050 
 89.50 4.3058 
 90.00 4.3068 
 90.50 4.3078 
 91.00 4.3088 
 91.50 4.3097 
 92.00 4.3107 
 92.50 4.3117 
 93.00 4.3126 
 93.50 4.3137 
 94.00 4.3149 
 94.50 4.3160 
 95.00 4.3172 
 95.50 4.3183 
 96.00 4.3195 
 96.50 4.3206 
 97.00 4.3218 
 97.50 4.3230 
 98.00 4.3243 
 98.50 4.3256 
 99.00 4.3269 
 99.50 4.3282 
100.00 4.3295 
100.50 4.3308 
101.00 4.3321 
101.50 4.3335 
102.00 4.3350 
102.50 4.3364 
103.00 4.3379 
103.50 4.3393 
104.00 4.3408 
104.50 4.3422 
105.00 4.3437 
105.50 4.3452 
106.00 4.3468 
106.50 4.3484 
107.00 4.3499 
107.50 4.3515 
108.00 4.3531 
108.50 4.3547 
109.00 4.3562 
109.50 4.3579 
110.00 4.3596 
110.50 4.3612 
111.00 4.3629 
111.50 4.3646 
112.00 4.3663 
112.50 4.3680 
113.00 4.3697 
113.50 4.3714 
114.00 4.3732 
114.50 4.3749 
115.00 4.3767 
115.50 4.3784 
116.00 4.3802 
116.50 4.3820 
117.00 4.3837 
117.50 4.3855 
118.00 4.3874 
118.50 4.3892 
119.00 4.3910 
119.50 4.3928 
120.00 4.3946 
120.50 4.3965 
121.00 4.3983 
121.50 4.4002 
122.00 4.4020 
122.50 4.4039 
123.00 4.4058 
123.50 4.4077 
124.00 4.4095 
124.50 4.4114 
125.00 4.4133 
125.50 4.4152 
126.00 4.4171 
126.50 4.4190 
127.00 4.4209 
127.50 4.4228 
128.00 4.4247 
128.50 4.4266 
129.00 4.4284 
129.50 4.4303 
130.00 4.4322 
130.50 4.4341 
131.00 4.4360 
131.50 4.4379 
132.00 4.4398 
132.50 4.4417 
133.00 4.4436 
133.50 4.4455 
134.00 4.4474 
134.50 4.4493 
135.00 4.4512 
135.50 4.4531 
136.00 4.4549 
136.50 4.4568 
137.00 4.4587 
137.50 4.4606 
138.00 4.4624 
138.50 4.4643 
139.00 4.4661 
139.50 4.4680 
140.00 4.4699 
140.50 4.4717 
141.00 4.4735 
141.50 4.4753 
142.00 4.4771 
142.50 4.4789 
143.00 4.4807 
143.50 4.4825 
144.00 4.4843 
144.50 4.4861 
145.00 4.4879 
145.50 4.4896 
146.00 4.4913 
146.50 4.4931 
147.00 4.4948 
147.50 4.4965 
148.00 4.4983 
148.50 4.5000 
149.00 4.5017 
149.50 4.5033 
150.00 4.5050 
