  0.00 1.1675 
  0.50 2.0451 
  1.00 3.3417 
  1.50 3.3579 
  2.00 3.3740 
  2.50 3.3887 
  3.00 3.4033 
  3.50 3.4176 
  4.00 3.4305 
  4.50 3.4434 
  5.00 3.4556 
  5.50 3.4670 
  6.00 3.4784 
  6.50 3.4889 
  7.00 3.4989 
  7.50 3.5089 
  8.00 3.5177 
  8.50 3.5265 
  9.00 3.5350 
  9.50 3.5426 
 10.00 3.5503 
 10.50 3.5574 
 11.00 3.5641 
 11.50 3.5708 
 12.00 3.5767 
 12.50 3.5825 
 13.00 3.5882 
 13.50 3.5933 
 14.00 3.5983 
 14.50 3.6032 
 15.00 3.6076 
 15.50 3.6121 
 16.00 3.6162 
 16.50 3.6201 
 17.00 3.6240 
 17.50 3.6276 
 18.00 3.6312 
 18.50 3.6347 
 19.00 3.6380 
 19.50 3.6413 
 20.00 3.6446 
 20.50 3.6477 
 21.00 3.6509 
 21.50 3.6541 
 22.00 3.6573 
 22.50 3.6605 
 23.00 3.6639 
 23.50 3.6672 
 24.00 3.6706 
 24.50 3.6742 
 25.00 3.6778 
 25.50 3.6817 
 26.00 3.6857 
 26.50 3.6897 
 27.00 3.6941 
 27.50 3.6986 
 28.00 3.7031 
 28.50 3.7083 
 29.00 3.7134 
 29.50 3.7188 
 30.00 3.7247 
 30.50 3.7306 
 31.00 3.7370 
 31.50 3.7438 
 32.00 3.7506 
 32.50 3.7583 
 33.00 3.7661 
 33.50 3.7742 
 34.00 3.7831 
 34.50 3.7919 
 35.00 3.8015 
 35.50 3.8117 
 36.00 3.8219 
 36.50 3.8331 
 37.00 3.8447 
 37.50 3.8563 
 38.00 3.8694 
 38.50 3.8825 
 39.00 3.8961 
 39.50 3.9107 
 40.00 3.9254 
 40.50 4.0856 
 41.00 4.0968 
 41.50 4.1079 
 42.00 4.1191 
 42.50 4.1303 
 43.00 4.1415 
 43.50 4.1527 
 44.00 4.1639 
 44.50 4.1740 
 45.00 4.1829 
 45.50 4.1917 
 46.00 4.2006 
 46.50 4.2094 
 47.00 4.2183 
 47.50 4.2271 
 48.00 4.2360 
 48.50 4.2443 
 49.00 4.2509 
 49.50 4.2575 
 50.00 4.2641 
 50.50 4.2707 
 51.00 4.2774 
 51.50 4.2840 
 52.00 4.2906 
 52.50 4.2972 
 53.00 4.3018 
 53.50 4.3064 
 54.00 4.3111 
 54.50 4.3157 
 55.00 4.3204 
 55.50 4.3250 
 56.00 4.3297 
 56.50 4.3343 
 57.00 4.3375 
 57.50 4.3404 
 58.00 4.3433 
 58.50 4.3462 
 59.00 4.3491 
 59.50 4.3520 
 60.00 4.3549 
 60.50 4.3578 
 61.00 4.3597 
 61.50 4.3611 
 62.00 4.3625 
 62.50 4.3639 
 63.00 4.3653 
 63.50 4.3667 
 64.00 4.3681 
 64.50 4.3695 
 65.00 4.3703 
 65.50 4.3704 
 66.00 4.3705 
 66.50 4.3706 
 67.00 4.3707 
 67.50 4.3709 
 68.00 4.3710 
 68.50 4.3711 
 69.00 4.3709 
 69.50 4.3700 
 70.00 4.3691 
 70.50 4.3682 
 71.00 4.3672 
 71.50 4.3663 
 72.00 4.3654 
 72.50 4.3645 
 73.00 4.3635 
 73.50 4.3617 
 74.00 4.3600 
 74.50 4.3583 
 75.00 4.3566 
 75.50 4.3549 
 76.00 4.3532 
 76.50 4.3514 
 77.00 4.3497 
 77.50 4.3475 
 78.00 4.3452 
 78.50 4.3429 
 79.00 4.3407 
 79.50 4.3384 
 80.00 4.3361 
 80.50 4.3338 
 81.00 4.3315 
 81.50 4.3290 
 82.00 4.3264 
 82.50 4.3238 
 83.00 4.3212 
 83.50 4.3186 
 84.00 4.3160 
 84.50 4.3133 
 85.00 4.3107 
 85.50 4.3081 
 86.00 4.3054 
 86.50 4.3026 
 87.00 4.2999 
 87.50 4.2972 
 88.00 4.2945 
 88.50 4.2918 
 89.00 4.2890 
 89.50 4.2864 
 90.00 4.2838 
 90.50 4.2812 
 91.00 4.2787 
 91.50 4.2761 
 92.00 4.2736 
 92.50 4.2710 
 93.00 4.2684 
 93.50 4.2659 
 94.00 4.2637 
 94.50 4.2614 
 95.00 4.2592 
 95.50 4.2570 
 96.00 4.2547 
 96.50 4.2525 
 97.00 4.2503 
 97.50 4.2480 
 98.00 4.2461 
 98.50 4.2443 
 99.00 4.2424 
 99.50 4.2406 
100.00 4.2387 
100.50 4.2369 
101.00 4.2350 
101.50 4.2332 
102.00 4.2315 
102.50 4.2300 
103.00 4.2285 
103.50 4.2270 
104.00 4.2255 
104.50 4.2240 
105.00 4.2225 
105.50 4.2210 
106.00 4.2196 
106.50 4.2184 
107.00 4.2173 
107.50 4.2161 
108.00 4.2149 
108.50 4.2138 
109.00 4.2126 
109.50 4.2114 
110.00 4.2103 
110.50 4.2095 
111.00 4.2087 
111.50 4.2078 
112.00 4.2070 
112.50 4.2062 
113.00 4.2054 
113.50 4.2045 
114.00 4.2037 
114.50 4.2032 
115.00 4.2027 
115.50 4.2022 
116.00 4.2016 
116.50 4.2011 
117.00 4.2006 
117.50 4.2001 
118.00 4.1995 
118.50 4.1993 
119.00 4.1991 
119.50 4.1989 
120.00 4.1987 
120.50 4.1985 
121.00 4.1983 
121.50 4.1981 
122.00 4.1979 
122.50 4.1979 
123.00 4.1979 
123.50 4.1980 
124.00 4.1981 
124.50 4.1982 
125.00 4.1983 
125.50 4.1984 
126.00 4.1985 
126.50 4.1987 
127.00 4.1991 
127.50 4.1995 
128.00 4.1998 
128.50 4.2002 
129.00 4.2006 
129.50 4.2010 
130.00 4.2013 
130.50 4.2018 
131.00 4.2024 
131.50 4.2031 
132.00 4.2037 
132.50 4.2043 
133.00 4.2050 
133.50 4.2056 
134.00 4.2062 
134.50 4.2069 
135.00 4.2078 
135.50 4.2087 
136.00 4.2096 
136.50 4.2105 
137.00 4.2114 
137.50 4.2123 
138.00 4.2132 
138.50 4.2141 
139.00 4.2153 
139.50 4.2165 
140.00 4.2176 
140.50 4.2188 
141.00 4.2199 
141.50 4.2211 
142.00 4.2222 
142.50 4.2234 
143.00 4.2247 
143.50 4.2261 
144.00 4.2275 
144.50 4.2289 
145.00 4.2303 
145.50 4.2317 
146.00 4.2331 
146.50 4.2345 
147.00 4.2360 
147.50 4.2376 
148.00 4.2392 
148.50 4.2408 
149.00 4.2424 
149.50 4.2440 
150.00 4.2456 
