  0.00 1.4573 
  0.50 1.7112 
  1.00 1.9651 
  1.50 2.2191 
  2.00 2.4730 
  2.50 3.3050 
  3.00 3.3187 
  3.50 3.3323 
  4.00 3.3460 
  4.50 3.3592 
  5.00 3.3723 
  5.50 3.3854 
  6.00 3.3982 
  6.50 3.4106 
  7.00 3.4231 
  7.50 3.4354 
  8.00 3.4473 
  8.50 3.4591 
  9.00 3.4709 
  9.50 3.4823 
 10.00 3.4936 
 10.50 3.5048 
 11.00 3.5159 
 11.50 3.5266 
 12.00 3.5374 
 12.50 3.5481 
 13.00 3.5583 
 13.50 3.5686 
 14.00 3.5788 
 14.50 3.5888 
 15.00 3.5986 
 15.50 3.6084 
 16.00 3.6181 
 16.50 3.6275 
 17.00 3.6369 
 17.50 3.6463 
 18.00 3.6554 
 18.50 3.6644 
 19.00 3.6734 
 19.50 3.6823 
 20.00 3.6910 
 20.50 3.6998 
 21.00 3.7084 
 21.50 3.7169 
 22.00 3.7253 
 22.50 3.7337 
 23.00 3.7420 
 23.50 3.7502 
 24.00 3.7584 
 24.50 3.7665 
 25.00 3.7745 
 25.50 3.7825 
 26.00 3.7905 
 26.50 3.7983 
 27.00 3.8062 
 27.50 3.8140 
 28.00 3.8217 
 28.50 3.8295 
 29.00 3.8372 
 29.50 3.8449 
 30.00 3.8526 
 30.50 3.8602 
 31.00 3.8679 
 31.50 3.8755 
 32.00 3.8831 
 32.50 3.8907 
 33.00 3.8983 
 33.50 3.9059 
 34.00 3.9135 
 34.50 3.9212 
 35.00 3.9289 
 35.50 3.9365 
 36.00 3.9442 
 36.50 3.9520 
 37.00 3.9597 
 37.50 3.9674 
 38.00 3.9753 
 38.50 3.9832 
 39.00 3.9911 
 39.50 3.9990 
 40.00 4.0070 
 40.50 4.0151 
 41.00 4.0231 
 41.50 4.0314 
 42.00 4.0396 
 42.50 4.0479 
 43.00 4.0563 
 43.50 4.0648 
 44.00 4.0732 
 44.50 4.0818 
 45.00 4.0906 
 45.50 4.0994 
 46.00 4.1082 
 46.50 4.1173 
 47.00 4.1264 
 47.50 4.1355 
 48.00 4.1448 
 48.50 4.1543 
 49.00 4.1638 
 49.50 4.1733 
 50.00 4.1832 
 50.50 4.1930 
 51.00 4.2029 
 51.50 4.5024 
 52.00 4.5064 
 52.50 4.5103 
 53.00 4.5143 
 53.50 4.5182 
 54.00 4.5222 
 54.50 4.5262 
 55.00 4.5301 
 55.50 4.5341 
 56.00 4.5380 
 56.50 4.5415 
 57.00 4.5445 
 57.50 4.5475 
 58.00 4.5505 
 58.50 4.5536 
 59.00 4.5566 
 59.50 4.5596 
 60.00 4.5627 
 60.50 4.5657 
 61.00 4.5687 
 61.50 4.5715 
 62.00 4.5737 
 62.50 4.5759 
 63.00 4.5781 
 63.50 4.5803 
 64.00 4.5825 
 64.50 4.5846 
 65.00 4.5869 
 65.50 4.5890 
 66.00 4.5912 
 66.50 4.5934 
 67.00 4.5949 
 67.50 4.5963 
 68.00 4.5977 
 68.50 4.5992 
 69.00 4.6006 
 69.50 4.6021 
 70.00 4.6035 
 70.50 4.6049 
 71.00 4.6064 
 71.50 4.6078 
 72.00 4.6088 
 72.50 4.6096 
 73.00 4.6104 
 73.50 4.6113 
 74.00 4.6121 
 74.50 4.6129 
 75.00 4.6137 
 75.50 4.6145 
 76.00 4.6154 
 76.50 4.6162 
 77.00 4.6167 
 77.50 4.6170 
 78.00 4.6173 
 78.50 4.6176 
 79.00 4.6179 
 79.50 4.6181 
 80.00 4.6184 
 80.50 4.6187 
 81.00 4.6190 
 81.50 4.6193 
 82.00 4.6195 
 82.50 4.6193 
 83.00 4.6192 
 83.50 4.6191 
 84.00 4.6189 
 84.50 4.6188 
 85.00 4.6186 
 85.50 4.6185 
 86.00 4.6184 
 86.50 4.6182 
 87.00 4.6181 
 87.50 4.6177 
 88.00 4.6172 
 88.50 4.6168 
 89.00 4.6163 
 89.50 4.6159 
 90.00 4.6154 
 90.50 4.6150 
 91.00 4.6146 
 91.50 4.6141 
 92.00 4.6136 
 92.50 4.6131 
 93.00 4.6124 
 93.50 4.6117 
 94.00 4.6110 
 94.50 4.6104 
 95.00 4.6097 
 95.50 4.6090 
 96.00 4.6083 
 96.50 4.6077 
 97.00 4.6070 
 97.50 4.6063 
 98.00 4.6055 
 98.50 4.6048 
 99.00 4.6040 
 99.50 4.6032 
100.00 4.6025 
100.50 4.6017 
101.00 4.6009 
101.50 4.6001 
102.00 4.5994 
102.50 4.5986 
103.00 4.5978 
103.50 4.5970 
104.00 4.5962 
104.50 4.5954 
105.00 4.5946 
105.50 4.5938 
106.00 4.5929 
106.50 4.5921 
107.00 4.5913 
107.50 4.5905 
108.00 4.5897 
108.50 4.5889 
109.00 4.5880 
109.50 4.5872 
110.00 4.5864 
110.50 4.5856 
111.00 4.5847 
111.50 4.5839 
112.00 4.5831 
112.50 4.5823 
113.00 4.5814 
113.50 4.5806 
114.00 4.5797 
114.50 4.5789 
115.00 4.5781 
115.50 4.5772 
116.00 4.5764 
116.50 4.5755 
117.00 4.5747 
117.50 4.5739 
118.00 4.5730 
118.50 4.5722 
119.00 4.5713 
119.50 4.5705 
120.00 4.5697 
120.50 4.5688 
121.00 4.5679 
121.50 4.5671 
122.00 4.5663 
122.50 4.5654 
123.00 4.5646 
123.50 4.5637 
124.00 4.5629 
124.50 4.5621 
125.00 4.5612 
125.50 4.5604 
126.00 4.5595 
126.50 4.5587 
127.00 4.5579 
127.50 4.5570 
128.00 4.5562 
128.50 4.5554 
129.00 4.5546 
129.50 4.5538 
130.00 4.5530 
130.50 4.5521 
131.00 4.5513 
131.50 4.5505 
132.00 4.5497 
132.50 4.5489 
133.00 4.5481 
133.50 4.5473 
134.00 4.5465 
134.50 4.5457 
135.00 4.5449 
135.50 4.5442 
136.00 4.5434 
136.50 4.5426 
137.00 4.5418 
137.50 4.5410 
138.00 4.5402 
138.50 4.5394 
139.00 4.5387 
139.50 4.5379 
140.00 4.5372 
140.50 4.5364 
141.00 4.5357 
141.50 4.5349 
142.00 4.5342 
142.50 4.5334 
143.00 4.5327 
143.50 4.5319 
144.00 4.5312 
144.50 4.5305 
145.00 4.5298 
145.50 4.5291 
146.00 4.5284 
146.50 4.5277 
147.00 4.5270 
147.50 4.5263 
148.00 4.5256 
148.50 4.5249 
149.00 4.5243 
149.50 4.5236 
150.00 4.5230 
