  0.00 1.0002 
  0.50 1.8695 
  1.00 3.0976 
  1.50 3.1259 
  2.00 3.1522 
  2.50 3.1778 
  3.00 3.2014 
  3.50 3.2243 
  4.00 3.2454 
  4.50 3.2657 
  5.00 3.2845 
  5.50 3.3025 
  6.00 3.3191 
  6.50 3.3348 
  7.00 3.3495 
  7.50 3.3632 
  8.00 3.3760 
  8.50 3.3879 
  9.00 3.3990 
  9.50 3.4091 
 10.00 3.4188 
 10.50 3.4274 
 11.00 3.4357 
 11.50 3.4431 
 12.00 3.4502 
 12.50 3.4565 
 13.00 3.4625 
 13.50 3.4678 
 14.00 3.4730 
 14.50 3.4775 
 15.00 3.4820 
 15.50 3.4860 
 16.00 3.4899 
 16.50 3.4935 
 17.00 3.4970 
 17.50 3.5003 
 18.00 3.5036 
 18.50 3.5069 
 19.00 3.5102 
 19.50 3.5136 
 20.00 3.5170 
 20.50 3.5207 
 21.00 3.5244 
 21.50 3.5285 
 22.00 3.5327 
 22.50 3.5375 
 23.00 3.5423 
 23.50 3.5479 
 24.00 3.5536 
 24.50 3.5600 
 25.00 3.5667 
 25.50 3.5743 
 26.00 3.5822 
 26.50 3.5910 
 27.00 3.6004 
 27.50 3.6106 
 28.00 3.6215 
 28.50 3.6333 
 29.00 3.6460 
 29.50 3.6595 
 30.00 3.6739 
 30.50 4.4524 
 31.00 4.4470 
 31.50 4.4417 
 32.00 4.4364 
 32.50 4.4311 
 33.00 4.4258 
 33.50 4.4205 
 34.00 4.4152 
 34.50 4.4099 
 35.00 4.4053 
 35.50 4.4010 
 36.00 4.3967 
 36.50 4.3923 
 37.00 4.3880 
 37.50 4.3837 
 38.00 4.3793 
 38.50 4.3750 
 39.00 4.3707 
 39.50 4.3673 
 40.00 4.3639 
 40.50 4.3605 
 41.00 4.3571 
 41.50 4.3537 
 42.00 4.3503 
 42.50 4.3469 
 43.00 4.3435 
 43.50 4.3404 
 44.00 4.3378 
 44.50 4.3353 
 45.00 4.3327 
 45.50 4.3301 
 46.00 4.3275 
 46.50 4.3250 
 47.00 4.3224 
 47.50 4.3198 
 48.00 4.3177 
 48.50 4.3159 
 49.00 4.3141 
 49.50 4.3122 
 50.00 4.3104 
 50.50 4.3086 
 51.00 4.3068 
 51.50 4.3049 
 52.00 4.3031 
 52.50 4.3019 
 53.00 4.3007 
 53.50 4.2995 
 54.00 4.2983 
 54.50 4.2971 
 55.00 4.2959 
 55.50 4.2947 
 56.00 4.2935 
 56.50 4.2924 
 57.00 4.2918 
 57.50 4.2911 
 58.00 4.2905 
 58.50 4.2898 
 59.00 4.2892 
 59.50 4.2885 
 60.00 4.2879 
 60.50 4.2872 
 61.00 4.2868 
 61.50 4.2866 
 62.00 4.2864 
 62.50 4.2862 
 63.00 4.2860 
 63.50 4.2858 
 64.00 4.2856 
 64.50 4.2854 
 65.00 4.2852 
 65.50 4.2853 
 66.00 4.2855 
 66.50 4.2857 
 67.00 4.2858 
 67.50 4.2860 
 68.00 4.2861 
 68.50 4.2863 
 69.00 4.2865 
 69.50 4.2866 
 70.00 4.2871 
 70.50 4.2875 
 71.00 4.2879 
 71.50 4.2883 
 72.00 4.2887 
 72.50 4.2891 
 73.00 4.2896 
 73.50 4.2900 
 74.00 4.2904 
 74.50 4.2910 
 75.00 4.2916 
 75.50 4.2922 
 76.00 4.2928 
 76.50 4.2934 
 77.00 4.2940 
 77.50 4.2946 
 78.00 4.2951 
 78.50 4.2958 
 79.00 4.2964 
 79.50 4.2970 
 80.00 4.2977 
 80.50 4.2983 
 81.00 4.2990 
 81.50 4.2996 
 82.00 4.3003 
 82.50 4.3009 
 83.00 4.3015 
 83.50 4.3022 
 84.00 4.3028 
 84.50 4.3034 
 85.00 4.3041 
 85.50 4.3047 
 86.00 4.3053 
 86.50 4.3060 
 87.00 4.3066 
 87.50 4.3071 
 88.00 4.3076 
 88.50 4.3081 
 89.00 4.3086 
 89.50 4.3091 
 90.00 4.3097 
 90.50 4.3102 
 91.00 4.3107 
 91.50 4.3112 
 92.00 4.3116 
 92.50 4.3120 
 93.00 4.3124 
 93.50 4.3129 
 94.00 4.3133 
 94.50 4.3137 
 95.00 4.3141 
 95.50 4.3146 
 96.00 4.3149 
 96.50 4.3152 
 97.00 4.3156 
 97.50 4.3159 
 98.00 4.3162 
 98.50 4.3166 
 99.00 4.3169 
 99.50 4.3172 
100.00 4.3176 
100.50 4.3178 
101.00 4.3181 
101.50 4.3184 
102.00 4.3187 
102.50 4.3190 
103.00 4.3193 
103.50 4.3196 
104.00 4.3198 
104.50 4.3201 
105.00 4.3204 
105.50 4.3206 
106.00 4.3208 
106.50 4.3211 
107.00 4.3213 
107.50 4.3216 
108.00 4.3218 
108.50 4.3220 
109.00 4.3223 
109.50 4.3225 
110.00 4.3227 
110.50 4.3229 
111.00 4.3232 
111.50 4.3234 
112.00 4.3236 
112.50 4.3238 
113.00 4.3240 
113.50 4.3243 
114.00 4.3245 
114.50 4.3247 
115.00 4.3249 
115.50 4.3252 
116.00 4.3254 
116.50 4.3256 
117.00 4.3259 
117.50 4.3261 
118.00 4.3263 
118.50 4.3266 
119.00 4.3269 
119.50 4.3271 
120.00 4.3274 
120.50 4.3276 
121.00 4.3279 
121.50 4.3281 
122.00 4.3284 
122.50 4.3287 
123.00 4.3290 
123.50 4.3293 
124.00 4.3295 
124.50 4.3298 
125.00 4.3301 
125.50 4.3304 
126.00 4.3307 
126.50 4.3311 
127.00 4.3314 
127.50 4.3318 
128.00 4.3322 
128.50 4.3325 
129.00 4.3329 
129.50 4.3333 
130.00 4.3336 
130.50 4.3340 
131.00 4.3345 
131.50 4.3349 
132.00 4.3354 
132.50 4.3358 
133.00 4.3363 
133.50 4.3367 
134.00 4.3372 
134.50 4.3376 
135.00 4.3381 
135.50 4.3387 
136.00 4.3392 
136.50 4.3398 
137.00 4.3403 
137.50 4.3409 
138.00 4.3414 
138.50 4.3420 
139.00 4.3425 
139.50 4.3432 
140.00 4.3439 
140.50 4.3445 
141.00 4.3452 
141.50 4.3459 
142.00 4.3466 
142.50 4.3472 
143.00 4.3479 
143.50 4.3486 
144.00 4.3495 
144.50 4.3503 
145.00 4.3511 
145.50 4.3520 
146.00 4.3528 
146.50 4.3537 
147.00 4.3545 
147.50 4.3553 
148.00 4.3563 
148.50 4.3572 
149.00 4.3582 
149.50 4.3593 
150.00 4.3602 
