  0.00 1.3260 
  0.50 2.9872 
  1.00 3.0267 
  1.50 3.0654 
  2.00 3.1006 
  2.50 3.1352 
  3.00 3.1662 
  3.50 3.1966 
  4.00 3.2238 
  4.50 3.2503 
  5.00 3.2740 
  5.50 3.2970 
  6.00 3.3174 
  6.50 3.3370 
  7.00 3.3544 
  7.50 3.3710 
  8.00 3.3857 
  8.50 3.3997 
  9.00 3.4118 
  9.50 3.4234 
 10.00 3.4334 
 10.50 3.4428 
 11.00 3.4509 
 11.50 3.4586 
 12.00 3.4651 
 12.50 3.4712 
 13.00 3.4764 
 13.50 3.4812 
 14.00 3.4853 
 14.50 3.4892 
 15.00 3.4926 
 15.50 3.4958 
 16.00 3.4987 
 16.50 3.5014 
 17.00 3.5041 
 17.50 3.5068 
 18.00 3.5096 
 18.50 3.5125 
 19.00 3.5156 
 19.50 3.5189 
 20.00 3.5227 
 20.50 3.5269 
 21.00 3.5315 
 21.50 3.5367 
 22.00 3.5426 
 22.50 3.5492 
 23.00 3.5565 
 23.50 3.5647 
 24.00 3.5738 
 24.50 3.5840 
 25.00 3.5951 
 25.50 3.6075 
 26.00 3.6210 
 26.50 3.6359 
 27.00 3.6519 
 27.50 3.6696 
 28.00 3.6886 
 28.50 3.7092 
 29.00 3.7312 
 29.50 4.4048 
 30.00 4.3998 
 30.50 4.3948 
 31.00 4.3898 
 31.50 4.3848 
 32.00 4.3798 
 32.50 4.3748 
 33.00 4.3698 
 33.50 4.3649 
 34.00 4.3606 
 34.50 4.3565 
 35.00 4.3524 
 35.50 4.3482 
 36.00 4.3441 
 36.50 4.3400 
 37.00 4.3359 
 37.50 4.3317 
 38.00 4.3277 
 38.50 4.3244 
 39.00 4.3210 
 39.50 4.3177 
 40.00 4.3144 
 40.50 4.3111 
 41.00 4.3078 
 41.50 4.3045 
 42.00 4.3012 
 42.50 4.2981 
 43.00 4.2955 
 43.50 4.2929 
 44.00 4.2904 
 44.50 4.2878 
 45.00 4.2852 
 45.50 4.2826 
 46.00 4.2800 
 46.50 4.2775 
 47.00 4.2753 
 47.50 4.2734 
 48.00 4.2715 
 48.50 4.2696 
 49.00 4.2677 
 49.50 4.2658 
 50.00 4.2639 
 50.50 4.2620 
 51.00 4.2601 
 51.50 4.2587 
 52.00 4.2573 
 52.50 4.2560 
 53.00 4.2547 
 53.50 4.2534 
 54.00 4.2521 
 54.50 4.2508 
 55.00 4.2495 
 55.50 4.2482 
 56.00 4.2474 
 56.50 4.2466 
 57.00 4.2458 
 57.50 4.2450 
 58.00 4.2442 
 58.50 4.2434 
 59.00 4.2426 
 59.50 4.2418 
 60.00 4.2411 
 60.50 4.2408 
 61.00 4.2404 
 61.50 4.2400 
 62.00 4.2397 
 62.50 4.2393 
 63.00 4.2390 
 63.50 4.2386 
 64.00 4.2383 
 64.50 4.2381 
 65.00 4.2381 
 65.50 4.2381 
 66.00 4.2381 
 66.50 4.2382 
 67.00 4.2382 
 67.50 4.2382 
 68.00 4.2382 
 68.50 4.2382 
 69.00 4.2384 
 69.50 4.2387 
 70.00 4.2390 
 70.50 4.2393 
 71.00 4.2396 
 71.50 4.2399 
 72.00 4.2402 
 72.50 4.2405 
 73.00 4.2408 
 73.50 4.2413 
 74.00 4.2418 
 74.50 4.2423 
 75.00 4.2428 
 75.50 4.2434 
 76.00 4.2439 
 76.50 4.2444 
 77.00 4.2449 
 77.50 4.2455 
 78.00 4.2461 
 78.50 4.2468 
 79.00 4.2474 
 79.50 4.2481 
 80.00 4.2487 
 80.50 4.2494 
 81.00 4.2500 
 81.50 4.2507 
 82.00 4.2514 
 82.50 4.2521 
 83.00 4.2528 
 83.50 4.2535 
 84.00 4.2542 
 84.50 4.2549 
 85.00 4.2557 
 85.50 4.2564 
 86.00 4.2571 
 86.50 4.2578 
 87.00 4.2585 
 87.50 4.2593 
 88.00 4.2600 
 88.50 4.2607 
 89.00 4.2614 
 89.50 4.2621 
 90.00 4.2629 
 90.50 4.2636 
 91.00 4.2643 
 91.50 4.2650 
 92.00 4.2657 
 92.50 4.2664 
 93.00 4.2672 
 93.50 4.2679 
 94.00 4.2686 
 94.50 4.2693 
 95.00 4.2701 
 95.50 4.2708 
 96.00 4.2715 
 96.50 4.2722 
 97.00 4.2730 
 97.50 4.2737 
 98.00 4.2744 
 98.50 4.2752 
 99.00 4.2759 
 99.50 4.2766 
100.00 4.2774 
100.50 4.2781 
101.00 4.2788 
101.50 4.2796 
102.00 4.2803 
102.50 4.2810 
103.00 4.2817 
103.50 4.2825 
104.00 4.2832 
104.50 4.2840 
105.00 4.2847 
105.50 4.2855 
106.00 4.2862 
106.50 4.2870 
107.00 4.2877 
107.50 4.2885 
108.00 4.2893 
108.50 4.2900 
109.00 4.2908 
109.50 4.2916 
110.00 4.2923 
110.50 4.2931 
111.00 4.2939 
111.50 4.2947 
112.00 4.2955 
112.50 4.2962 
113.00 4.2971 
113.50 4.2979 
114.00 4.2987 
114.50 4.2995 
115.00 4.3003 
115.50 4.3012 
116.00 4.3020 
116.50 4.3028 
117.00 4.3037 
117.50 4.3045 
118.00 4.3054 
118.50 4.3062 
119.00 4.3071 
119.50 4.3079 
120.00 4.3088 
120.50 4.3097 
121.00 4.3105 
121.50 4.3114 
122.00 4.3123 
122.50 4.3132 
123.00 4.3141 
123.50 4.3151 
124.00 4.3160 
124.50 4.3169 
125.00 4.3178 
125.50 4.3187 
126.00 4.3197 
126.50 4.3206 
127.00 4.3216 
127.50 4.3226 
128.00 4.3236 
128.50 4.3245 
129.00 4.3255 
129.50 4.3265 
130.00 4.3274 
130.50 4.3285 
131.00 4.3295 
131.50 4.3306 
132.00 4.3316 
132.50 4.3326 
133.00 4.3337 
133.50 4.3347 
134.00 4.3357 
134.50 4.3368 
135.00 4.3379 
135.50 4.3390 
136.00 4.3401 
136.50 4.3412 
137.00 4.3424 
137.50 4.3435 
138.00 4.3446 
138.50 4.3457 
139.00 4.3468 
139.50 4.3480 
140.00 4.3492 
140.50 4.3504 
141.00 4.3516 
141.50 4.3528 
142.00 4.3540 
142.50 4.3552 
143.00 4.3564 
143.50 4.3577 
144.00 4.3590 
144.50 4.3603 
145.00 4.3615 
145.50 4.3628 
146.00 4.3641 
146.50 4.3654 
147.00 4.3666 
147.50 4.3679 
148.00 4.3693 
148.50 4.3707 
149.00 4.3721 
149.50 4.3735 
150.00 4.3749 
