  0.00 1.4815 
  0.50 1.8146 
  1.00 2.1477 
  1.50 2.4807 
  2.00 3.4064 
  2.50 3.4200 
  3.00 3.4335 
  3.50 3.4465 
  4.00 3.4587 
  4.50 3.4710 
  5.00 3.4825 
  5.50 3.4934 
  6.00 3.5043 
  6.50 3.5145 
  7.00 3.5242 
  7.50 3.5338 
  8.00 3.5427 
  8.50 3.5513 
  9.00 3.5599 
  9.50 3.5676 
 10.00 3.5752 
 10.50 3.5828 
 11.00 3.5895 
 11.50 3.5962 
 12.00 3.6028 
 12.50 3.6087 
 13.00 3.6147 
 13.50 3.6204 
 14.00 3.6257 
 14.50 3.6309 
 15.00 3.6360 
 15.50 3.6406 
 16.00 3.6453 
 16.50 3.6498 
 17.00 3.6540 
 17.50 3.6583 
 18.00 3.6623 
 18.50 3.6661 
 19.00 3.6700 
 19.50 3.6737 
 20.00 3.6773 
 20.50 3.6810 
 21.00 3.6845 
 21.50 3.6880 
 22.00 3.6915 
 22.50 3.6950 
 23.00 3.6984 
 23.50 3.7019 
 24.00 3.7055 
 24.50 3.7090 
 25.00 3.7126 
 25.50 3.7163 
 26.00 3.7200 
 26.50 3.7238 
 27.00 3.7278 
 27.50 3.7319 
 28.00 3.7360 
 28.50 3.7404 
 29.00 3.7448 
 29.50 3.7495 
 30.00 3.7544 
 30.50 3.7594 
 31.00 3.7647 
 31.50 3.7703 
 32.00 3.7758 
 32.50 3.7819 
 33.00 3.7882 
 33.50 3.7945 
 34.00 3.8015 
 34.50 3.8086 
 35.00 3.8156 
 35.50 3.8237 
 36.00 3.8317 
 36.50 3.8399 
 37.00 3.8490 
 37.50 3.8580 
 38.00 3.8674 
 38.50 3.8776 
 39.00 3.8878 
 39.50 3.8985 
 40.00 3.9100 
 40.50 3.9215 
 41.00 3.9336 
 41.50 3.9465 
 42.00 3.9594 
 42.50 3.9731 
 43.00 3.9873 
 43.50 4.0015 
 44.00 4.2726 
 44.50 4.2761 
 45.00 4.2795 
 45.50 4.2830 
 46.00 4.2864 
 46.50 4.2899 
 47.00 4.2933 
 47.50 4.2968 
 48.00 4.2999 
 48.50 4.3028 
 49.00 4.3058 
 49.50 4.3088 
 50.00 4.3117 
 50.50 4.3147 
 51.00 4.3177 
 51.50 4.3206 
 52.00 4.3233 
 52.50 4.3258 
 53.00 4.3283 
 53.50 4.3308 
 54.00 4.3333 
 54.50 4.3358 
 55.00 4.3383 
 55.50 4.3407 
 56.00 4.3430 
 56.50 4.3450 
 57.00 4.3471 
 57.50 4.3492 
 58.00 4.3512 
 58.50 4.3533 
 59.00 4.3554 
 59.50 4.3575 
 60.00 4.3593 
 60.50 4.3610 
 61.00 4.3627 
 61.50 4.3644 
 62.00 4.3661 
 62.50 4.3678 
 63.00 4.3695 
 63.50 4.3712 
 64.00 4.3726 
 64.50 4.3740 
 65.00 4.3754 
 65.50 4.3767 
 66.00 4.3781 
 66.50 4.3794 
 67.00 4.3808 
 67.50 4.3822 
 68.00 4.3834 
 68.50 4.3844 
 69.00 4.3855 
 69.50 4.3866 
 70.00 4.3876 
 70.50 4.3887 
 71.00 4.3898 
 71.50 4.3909 
 72.00 4.3918 
 72.50 4.3926 
 73.00 4.3934 
 73.50 4.3943 
 74.00 4.3951 
 74.50 4.3959 
 75.00 4.3967 
 75.50 4.3975 
 76.00 4.3982 
 76.50 4.3989 
 77.00 4.3995 
 77.50 4.4001 
 78.00 4.4008 
 78.50 4.4014 
 79.00 4.4020 
 79.50 4.4026 
 80.00 4.4032 
 80.50 4.4036 
 81.00 4.4041 
 81.50 4.4045 
 82.00 4.4050 
 82.50 4.4055 
 83.00 4.4059 
 83.50 4.4064 
 84.00 4.4068 
 84.50 4.4071 
 85.00 4.4074 
 85.50 4.4078 
 86.00 4.4081 
 86.50 4.4085 
 87.00 4.4088 
 87.50 4.4091 
 88.00 4.4094 
 88.50 4.4097 
 89.00 4.4100 
 89.50 4.4103 
 90.00 4.4105 
 90.50 4.4108 
 91.00 4.4111 
 91.50 4.4114 
 92.00 4.4116 
 92.50 4.4119 
 93.00 4.4121 
 93.50 4.4123 
 94.00 4.4126 
 94.50 4.4128 
 95.00 4.4130 
 95.50 4.4133 
 96.00 4.4135 
 96.50 4.4138 
 97.00 4.4140 
 97.50 4.4143 
 98.00 4.4145 
 98.50 4.4148 
 99.00 4.4150 
 99.50 4.4153 
100.00 4.4155 
100.50 4.4158 
101.00 4.4160 
101.50 4.4163 
102.00 4.4166 
102.50 4.4168 
103.00 4.4171 
103.50 4.4173 
104.00 4.4176 
104.50 4.4179 
105.00 4.4182 
105.50 4.4185 
106.00 4.4188 
106.50 4.4191 
107.00 4.4194 
107.50 4.4197 
108.00 4.4200 
108.50 4.4203 
109.00 4.4206 
109.50 4.4209 
110.00 4.4212 
110.50 4.4215 
111.00 4.4218 
111.50 4.4221 
112.00 4.4224 
112.50 4.4228 
113.00 4.4231 
113.50 4.4235 
114.00 4.4238 
114.50 4.4242 
115.00 4.4245 
115.50 4.4249 
116.00 4.4252 
116.50 4.4256 
117.00 4.4260 
117.50 4.4263 
118.00 4.4267 
118.50 4.4271 
119.00 4.4274 
119.50 4.4278 
120.00 4.4281 
120.50 4.4286 
121.00 4.4290 
121.50 4.4294 
122.00 4.4298 
122.50 4.4302 
123.00 4.4306 
123.50 4.4310 
124.00 4.4314 
124.50 4.4319 
125.00 4.4323 
125.50 4.4328 
126.00 4.4332 
126.50 4.4336 
127.00 4.4341 
127.50 4.4345 
128.00 4.4350 
128.50 4.4354 
129.00 4.4359 
129.50 4.4364 
130.00 4.4368 
130.50 4.4373 
131.00 4.4378 
131.50 4.4383 
132.00 4.4388 
132.50 4.4393 
133.00 4.4398 
133.50 4.4403 
134.00 4.4409 
134.50 4.4414 
135.00 4.4419 
135.50 4.4424 
136.00 4.4430 
136.50 4.4435 
137.00 4.4441 
137.50 4.4447 
138.00 4.4453 
138.50 4.4458 
139.00 4.4464 
139.50 4.4470 
140.00 4.4476 
140.50 4.4482 
141.00 4.4488 
141.50 4.4494 
142.00 4.4501 
142.50 4.4507 
143.00 4.4513 
143.50 4.4519 
144.00 4.4526 
144.50 4.4532 
145.00 4.4539 
145.50 4.4546 
146.00 4.4552 
146.50 4.4559 
147.00 4.4565 
147.50 4.4572 
148.00 4.4579 
148.50 4.4586 
149.00 4.4593 
149.50 4.4601 
150.00 4.4608 
