  0.00 1.4491 
  0.50 1.7976 
  1.00 2.1460 
  1.50 2.4945 
  2.00 3.4167 
  2.50 3.4312 
  3.00 3.4458 
  3.50 3.4590 
  4.00 3.4720 
  4.50 3.4848 
  5.00 3.4965 
  5.50 3.5081 
  6.00 3.5191 
  6.50 3.5294 
  7.00 3.5397 
  7.50 3.5491 
  8.00 3.5581 
  8.50 3.5671 
  9.00 3.5751 
  9.50 3.5830 
 10.00 3.5906 
 10.50 3.5975 
 11.00 3.6044 
 11.50 3.6109 
 12.00 3.6170 
 12.50 3.6230 
 13.00 3.6284 
 13.50 3.6336 
 14.00 3.6389 
 14.50 3.6434 
 15.00 3.6479 
 15.50 3.6523 
 16.00 3.6563 
 16.50 3.6603 
 17.00 3.6640 
 17.50 3.6676 
 18.00 3.6711 
 18.50 3.6744 
 19.00 3.6776 
 19.50 3.6808 
 20.00 3.6838 
 20.50 3.6867 
 21.00 3.6897 
 21.50 3.6926 
 22.00 3.6954 
 22.50 3.6983 
 23.00 3.7012 
 23.50 3.7040 
 24.00 3.7069 
 24.50 3.7099 
 25.00 3.7129 
 25.50 3.7161 
 26.00 3.7193 
 26.50 3.7227 
 27.00 3.7262 
 27.50 3.7297 
 28.00 3.7335 
 28.50 3.7375 
 29.00 3.7415 
 29.50 3.7460 
 30.00 3.7505 
 30.50 3.7551 
 31.00 3.7604 
 31.50 3.7656 
 32.00 3.7712 
 32.50 3.7771 
 33.00 3.7831 
 33.50 3.7897 
 34.00 3.7965 
 34.50 3.8034 
 35.00 3.8113 
 35.50 3.8192 
 36.00 3.8273 
 36.50 3.8363 
 37.00 3.8453 
 37.50 3.8549 
 38.00 3.8651 
 38.50 3.8754 
 39.00 3.8866 
 39.50 3.8982 
 40.00 3.9097 
 40.50 3.9227 
 41.00 3.9356 
 41.50 4.1308 
 42.00 4.1397 
 42.50 4.1486 
 43.00 4.1575 
 43.50 4.1664 
 44.00 4.1753 
 44.50 4.1843 
 45.00 4.1932 
 45.50 4.2018 
 46.00 4.2092 
 46.50 4.2165 
 47.00 4.2238 
 47.50 4.2311 
 48.00 4.2384 
 48.50 4.2457 
 49.00 4.2530 
 49.50 4.2603 
 50.00 4.2661 
 50.50 4.2719 
 51.00 4.2777 
 51.50 4.2835 
 52.00 4.2893 
 52.50 4.2951 
 53.00 4.3009 
 53.50 4.3067 
 54.00 4.3113 
 54.50 4.3157 
 55.00 4.3201 
 55.50 4.3245 
 56.00 4.3289 
 56.50 4.3334 
 57.00 4.3378 
 57.50 4.3422 
 58.00 4.3457 
 58.50 4.3489 
 59.00 4.3521 
 59.50 4.3552 
 60.00 4.3584 
 60.50 4.3616 
 61.00 4.3648 
 61.50 4.3680 
 62.00 4.3705 
 62.50 4.3726 
 63.00 4.3747 
 63.50 4.3768 
 64.00 4.3788 
 64.50 4.3809 
 65.00 4.3830 
 65.50 4.3851 
 66.00 4.3868 
 66.50 4.3879 
 67.00 4.3891 
 67.50 4.3903 
 68.00 4.3914 
 68.50 4.3926 
 69.00 4.3938 
 69.50 4.3949 
 70.00 4.3958 
 70.50 4.3962 
 71.00 4.3966 
 71.50 4.3969 
 72.00 4.3973 
 72.50 4.3977 
 73.00 4.3980 
 73.50 4.3984 
 74.00 4.3986 
 74.50 4.3984 
 75.00 4.3981 
 75.50 4.3978 
 76.00 4.3976 
 76.50 4.3973 
 77.00 4.3970 
 77.50 4.3967 
 78.00 4.3964 
 78.50 4.3957 
 79.00 4.3949 
 79.50 4.3942 
 80.00 4.3934 
 80.50 4.3926 
 81.00 4.3919 
 81.50 4.3911 
 82.00 4.3903 
 82.50 4.3893 
 83.00 4.3881 
 83.50 4.3870 
 84.00 4.3859 
 84.50 4.3848 
 85.00 4.3837 
 85.50 4.3825 
 86.00 4.3814 
 86.50 4.3802 
 87.00 4.3788 
 87.50 4.3775 
 88.00 4.3762 
 88.50 4.3749 
 89.00 4.3736 
 89.50 4.3723 
 90.00 4.3709 
 90.50 4.3696 
 91.00 4.3682 
 91.50 4.3669 
 92.00 4.3655 
 92.50 4.3641 
 93.00 4.3628 
 93.50 4.3614 
 94.00 4.3601 
 94.50 4.3587 
 95.00 4.3574 
 95.50 4.3561 
 96.00 4.3548 
 96.50 4.3536 
 97.00 4.3523 
 97.50 4.3510 
 98.00 4.3497 
 98.50 4.3484 
 99.00 4.3472 
 99.50 4.3460 
100.00 4.3449 
100.50 4.3437 
101.00 4.3425 
101.50 4.3413 
102.00 4.3401 
102.50 4.3389 
103.00 4.3378 
103.50 4.3368 
104.00 4.3357 
104.50 4.3346 
105.00 4.3335 
105.50 4.3324 
106.00 4.3313 
106.50 4.3303 
107.00 4.3293 
107.50 4.3284 
108.00 4.3274 
108.50 4.3265 
109.00 4.3255 
109.50 4.3246 
110.00 4.3237 
110.50 4.3227 
111.00 4.3219 
111.50 4.3211 
112.00 4.3203 
112.50 4.3195 
113.00 4.3187 
113.50 4.3179 
114.00 4.3171 
114.50 4.3163 
115.00 4.3156 
115.50 4.3150 
116.00 4.3143 
116.50 4.3136 
117.00 4.3130 
117.50 4.3123 
118.00 4.3117 
118.50 4.3110 
119.00 4.3104 
119.50 4.3099 
120.00 4.3094 
120.50 4.3089 
121.00 4.3084 
121.50 4.3079 
122.00 4.3074 
122.50 4.3069 
123.00 4.3065 
123.50 4.3062 
124.00 4.3059 
124.50 4.3056 
125.00 4.3052 
125.50 4.3049 
126.00 4.3046 
126.50 4.3043 
127.00 4.3040 
127.50 4.3039 
128.00 4.3037 
128.50 4.3036 
129.00 4.3034 
129.50 4.3033 
130.00 4.3031 
130.50 4.3030 
131.00 4.3029 
131.50 4.3030 
132.00 4.3030 
132.50 4.3031 
133.00 4.3032 
133.50 4.3032 
134.00 4.3033 
134.50 4.3034 
135.00 4.3034 
135.50 4.3037 
136.00 4.3039 
136.50 4.3042 
137.00 4.3044 
137.50 4.3047 
138.00 4.3049 
138.50 4.3052 
139.00 4.3054 
139.50 4.3059 
140.00 4.3064 
140.50 4.3068 
141.00 4.3073 
141.50 4.3078 
142.00 4.3083 
142.50 4.3088 
143.00 4.3092 
143.50 4.3099 
144.00 4.3106 
144.50 4.3113 
145.00 4.3120 
145.50 4.3127 
146.00 4.3134 
146.50 4.3141 
147.00 4.3148 
147.50 4.3157 
148.00 4.3167 
148.50 4.3176 
149.00 4.3186 
149.50 4.3195 
150.00 4.3205 
