  0.00 1.1403 
  0.50 1.7506 
  1.00 3.1963 
  1.50 3.2193 
  2.00 3.2416 
  2.50 3.2622 
  3.00 3.2822 
  3.50 3.3004 
  4.00 3.3181 
  4.50 3.3341 
  5.00 3.3498 
  5.50 3.3637 
  6.00 3.3775 
  6.50 3.3895 
  7.00 3.4015 
  7.50 3.4118 
  8.00 3.4221 
  8.50 3.4309 
  9.00 3.4397 
  9.50 3.4471 
 10.00 3.4545 
 10.50 3.4607 
 11.00 3.4668 
 11.50 3.4721 
 12.00 3.4772 
 12.50 3.4816 
 13.00 3.4858 
 13.50 3.4895 
 14.00 3.4930 
 14.50 3.4961 
 15.00 3.4990 
 15.50 3.5017 
 16.00 3.5042 
 16.50 3.5066 
 17.00 3.5090 
 17.50 3.5113 
 18.00 3.5136 
 18.50 3.5159 
 19.00 3.5183 
 19.50 3.5209 
 20.00 3.5236 
 20.50 3.5265 
 21.00 3.5296 
 21.50 3.5330 
 22.00 3.5367 
 22.50 3.5407 
 23.00 3.5452 
 23.50 3.5501 
 24.00 3.5556 
 24.50 3.5613 
 25.00 3.5679 
 25.50 3.5747 
 26.00 3.5826 
 26.50 3.5907 
 27.00 3.6000 
 27.50 3.6095 
 28.00 3.6204 
 28.50 3.6315 
 29.00 3.6442 
 29.50 3.6570 
 30.00 3.6715 
 30.50 3.6861 
 31.00 4.3949 
 31.50 4.3898 
 32.00 4.3847 
 32.50 4.3796 
 33.00 4.3744 
 33.50 4.3693 
 34.00 4.3642 
 34.50 4.3591 
 35.00 4.3541 
 35.50 4.3497 
 36.00 4.3452 
 36.50 4.3407 
 37.00 4.3362 
 37.50 4.3318 
 38.00 4.3273 
 38.50 4.3228 
 39.00 4.3183 
 39.50 4.3143 
 40.00 4.3105 
 40.50 4.3067 
 41.00 4.3029 
 41.50 4.2991 
 42.00 4.2952 
 42.50 4.2914 
 43.00 4.2876 
 43.50 4.2838 
 44.00 4.2806 
 44.50 4.2774 
 45.00 4.2741 
 45.50 4.2709 
 46.00 4.2677 
 46.50 4.2645 
 47.00 4.2613 
 47.50 4.2581 
 48.00 4.2550 
 48.50 4.2524 
 49.00 4.2497 
 49.50 4.2471 
 50.00 4.2445 
 50.50 4.2418 
 51.00 4.2392 
 51.50 4.2366 
 52.00 4.2339 
 52.50 4.2316 
 53.00 4.2295 
 53.50 4.2273 
 54.00 4.2252 
 54.50 4.2231 
 55.00 4.2210 
 55.50 4.2189 
 56.00 4.2168 
 56.50 4.2146 
 57.00 4.2129 
 57.50 4.2113 
 58.00 4.2097 
 58.50 4.2080 
 59.00 4.2064 
 59.50 4.2048 
 60.00 4.2031 
 60.50 4.2015 
 61.00 4.1999 
 61.50 4.1987 
 62.00 4.1975 
 62.50 4.1963 
 63.00 4.1951 
 63.50 4.1939 
 64.00 4.1927 
 64.50 4.1916 
 65.00 4.1903 
 65.50 4.1893 
 66.00 4.1885 
 66.50 4.1877 
 67.00 4.1869 
 67.50 4.1861 
 68.00 4.1853 
 68.50 4.1845 
 69.00 4.1837 
 69.50 4.1829 
 70.00 4.1824 
 70.50 4.1819 
 71.00 4.1815 
 71.50 4.1810 
 72.00 4.1806 
 72.50 4.1801 
 73.00 4.1797 
 73.50 4.1792 
 74.00 4.1788 
 74.50 4.1786 
 75.00 4.1785 
 75.50 4.1783 
 76.00 4.1782 
 76.50 4.1780 
 77.00 4.1779 
 77.50 4.1777 
 78.00 4.1776 
 78.50 4.1775 
 79.00 4.1777 
 79.50 4.1778 
 80.00 4.1779 
 80.50 4.1780 
 81.00 4.1781 
 81.50 4.1782 
 82.00 4.1784 
 82.50 4.1785 
 83.00 4.1787 
 83.50 4.1791 
 84.00 4.1794 
 84.50 4.1797 
 85.00 4.1801 
 85.50 4.1804 
 86.00 4.1807 
 86.50 4.1811 
 87.00 4.1814 
 87.50 4.1819 
 88.00 4.1824 
 88.50 4.1829 
 89.00 4.1834 
 89.50 4.1839 
 90.00 4.1844 
 90.50 4.1849 
 91.00 4.1855 
 91.50 4.1860 
 92.00 4.1867 
 92.50 4.1874 
 93.00 4.1880 
 93.50 4.1887 
 94.00 4.1894 
 94.50 4.1901 
 95.00 4.1908 
 95.50 4.1914 
 96.00 4.1922 
 96.50 4.1930 
 97.00 4.1938 
 97.50 4.1946 
 98.00 4.1954 
 98.50 4.1962 
 99.00 4.1970 
 99.50 4.1978 
100.00 4.1986 
100.50 4.1996 
101.00 4.2005 
101.50 4.2015 
102.00 4.2024 
102.50 4.2033 
103.00 4.2043 
103.50 4.2052 
104.00 4.2062 
104.50 4.2071 
105.00 4.2082 
105.50 4.2092 
106.00 4.2103 
106.50 4.2113 
107.00 4.2124 
107.50 4.2134 
108.00 4.2145 
108.50 4.2155 
109.00 4.2166 
109.50 4.2178 
110.00 4.2189 
110.50 4.2201 
111.00 4.2212 
111.50 4.2224 
112.00 4.2235 
112.50 4.2247 
113.00 4.2258 
113.50 4.2270 
114.00 4.2283 
114.50 4.2295 
115.00 4.2307 
115.50 4.2319 
116.00 4.2331 
116.50 4.2343 
117.00 4.2356 
117.50 4.2368 
118.00 4.2381 
118.50 4.2394 
119.00 4.2407 
119.50 4.2420 
120.00 4.2432 
120.50 4.2445 
121.00 4.2458 
121.50 4.2471 
122.00 4.2484 
122.50 4.2497 
123.00 4.2511 
123.50 4.2524 
124.00 4.2538 
124.50 4.2551 
125.00 4.2564 
125.50 4.2577 
126.00 4.2591 
126.50 4.2604 
127.00 4.2618 
127.50 4.2632 
128.00 4.2645 
128.50 4.2659 
129.00 4.2672 
129.50 4.2686 
130.00 4.2699 
130.50 4.2713 
131.00 4.2727 
131.50 4.2740 
132.00 4.2754 
132.50 4.2768 
133.00 4.2782 
133.50 4.2795 
134.00 4.2809 
134.50 4.2823 
135.00 4.2836 
135.50 4.2850 
136.00 4.2864 
136.50 4.2877 
137.00 4.2891 
137.50 4.2905 
138.00 4.2918 
138.50 4.2932 
139.00 4.2946 
139.50 4.2959 
140.00 4.2973 
140.50 4.2987 
141.00 4.3000 
141.50 4.3014 
142.00 4.3027 
142.50 4.3041 
143.00 4.3054 
143.50 4.3068 
144.00 4.3081 
144.50 4.3094 
145.00 4.3107 
145.50 4.3120 
146.00 4.3134 
146.50 4.3147 
147.00 4.3160 
147.50 4.3173 
148.00 4.3186 
148.50 4.3198 
149.00 4.3211 
149.50 4.3224 
150.00 4.3236 
