  0.00 1.4614 
  0.50 1.7566 
  1.00 2.0519 
  1.50 2.3471 
  2.00 2.6423 
  2.50 3.4270 
  3.00 3.4372 
  3.50 3.4474 
  4.00 3.4572 
  4.50 3.4667 
  5.00 3.4762 
  5.50 3.4854 
  6.00 3.4943 
  6.50 3.5031 
  7.00 3.5118 
  7.50 3.5200 
  8.00 3.5281 
  8.50 3.5363 
  9.00 3.5440 
  9.50 3.5516 
 10.00 3.5592 
 10.50 3.5665 
 11.00 3.5736 
 11.50 3.5808 
 12.00 3.5877 
 12.50 3.5944 
 13.00 3.6011 
 13.50 3.6077 
 14.00 3.6141 
 14.50 3.6204 
 15.00 3.6268 
 15.50 3.6329 
 16.00 3.6390 
 16.50 3.6450 
 17.00 3.6509 
 17.50 3.6568 
 18.00 3.6627 
 18.50 3.6684 
 19.00 3.6742 
 19.50 3.6799 
 20.00 3.6856 
 20.50 3.6912 
 21.00 3.6969 
 21.50 3.7025 
 22.00 3.7081 
 22.50 3.7138 
 23.00 3.7194 
 23.50 3.7251 
 24.00 3.7308 
 24.50 3.7365 
 25.00 3.7423 
 25.50 3.7481 
 26.00 3.7539 
 26.50 3.7598 
 27.00 3.7658 
 27.50 3.7718 
 28.00 3.7780 
 28.50 3.7842 
 29.00 3.7905 
 29.50 3.7969 
 30.00 3.8035 
 30.50 3.8100 
 31.00 3.8167 
 31.50 3.8237 
 32.00 3.8306 
 32.50 3.8376 
 33.00 3.8451 
 33.50 3.8525 
 34.00 3.8600 
 34.50 3.8678 
 35.00 3.8758 
 35.50 3.8838 
 36.00 3.8921 
 36.50 3.9007 
 37.00 3.9092 
 37.50 3.9180 
 38.00 3.9273 
 38.50 3.9365 
 39.00 3.9459 
 39.50 3.9559 
 40.00 3.9658 
 40.50 3.9758 
 41.00 3.9866 
 41.50 3.9973 
 42.00 4.0081 
 42.50 4.0196 
 43.00 4.0312 
 43.50 4.0429 
 44.00 4.0551 
 44.50 4.0676 
 45.00 4.0802 
 45.50 4.0931 
 46.00 4.1067 
 46.50 4.1203 
 47.00 4.1341 
 47.50 4.1487 
 48.00 4.1633 
 48.50 4.1779 
 49.00 4.5384 
 49.50 4.5381 
 50.00 4.5377 
 50.50 4.5373 
 51.00 4.5370 
 51.50 4.5366 
 52.00 4.5362 
 52.50 4.5358 
 53.00 4.5355 
 53.50 4.5352 
 54.00 4.5349 
 54.50 4.5346 
 55.00 4.5343 
 55.50 4.5340 
 56.00 4.5337 
 56.50 4.5334 
 57.00 4.5331 
 57.50 4.5328 
 58.00 4.5325 
 58.50 4.5322 
 59.00 4.5320 
 59.50 4.5317 
 60.00 4.5314 
 60.50 4.5312 
 61.00 4.5309 
 61.50 4.5307 
 62.00 4.5305 
 62.50 4.5302 
 63.00 4.5300 
 63.50 4.5298 
 64.00 4.5295 
 64.50 4.5293 
 65.00 4.5291 
 65.50 4.5289 
 66.00 4.5287 
 66.50 4.5285 
 67.00 4.5283 
 67.50 4.5281 
 68.00 4.5279 
 68.50 4.5277 
 69.00 4.5275 
 69.50 4.5273 
 70.00 4.5271 
 70.50 4.5269 
 71.00 4.5267 
 71.50 4.5265 
 72.00 4.5263 
 72.50 4.5262 
 73.00 4.5260 
 73.50 4.5258 
 74.00 4.5257 
 74.50 4.5255 
 75.00 4.5253 
 75.50 4.5252 
 76.00 4.5250 
 76.50 4.5248 
 77.00 4.5247 
 77.50 4.5245 
 78.00 4.5244 
 78.50 4.5242 
 79.00 4.5241 
 79.50 4.5239 
 80.00 4.5238 
 80.50 4.5236 
 81.00 4.5234 
 81.50 4.5233 
 82.00 4.5231 
 82.50 4.5229 
 83.00 4.5228 
 83.50 4.5226 
 84.00 4.5224 
 84.50 4.5223 
 85.00 4.5221 
 85.50 4.5219 
 86.00 4.5217 
 86.50 4.5216 
 87.00 4.5214 
 87.50 4.5213 
 88.00 4.5211 
 88.50 4.5209 
 89.00 4.5207 
 89.50 4.5205 
 90.00 4.5203 
 90.50 4.5202 
 91.00 4.5200 
 91.50 4.5198 
 92.00 4.5196 
 92.50 4.5194 
 93.00 4.5192 
 93.50 4.5190 
 94.00 4.5188 
 94.50 4.5186 
 95.00 4.5184 
 95.50 4.5182 
 96.00 4.5180 
 96.50 4.5178 
 97.00 4.5175 
 97.50 4.5173 
 98.00 4.5171 
 98.50 4.5168 
 99.00 4.5166 
 99.50 4.5164 
100.00 4.5161 
100.50 4.5159 
101.00 4.5156 
101.50 4.5154 
102.00 4.5151 
102.50 4.5149 
103.00 4.5146 
103.50 4.5144 
104.00 4.5141 
104.50 4.5138 
105.00 4.5135 
105.50 4.5132 
106.00 4.5129 
106.50 4.5127 
107.00 4.5124 
107.50 4.5121 
108.00 4.5118 
108.50 4.5114 
109.00 4.5111 
109.50 4.5108 
110.00 4.5105 
110.50 4.5102 
111.00 4.5099 
111.50 4.5096 
112.00 4.5093 
112.50 4.5090 
113.00 4.5087 
113.50 4.5084 
114.00 4.5080 
114.50 4.5077 
115.00 4.5074 
115.50 4.5071 
116.00 4.5068 
116.50 4.5065 
117.00 4.5062 
117.50 4.5059 
118.00 4.5056 
118.50 4.5053 
119.00 4.5050 
119.50 4.5046 
120.00 4.5043 
120.50 4.5040 
121.00 4.5037 
121.50 4.5034 
122.00 4.5031 
122.50 4.5028 
123.00 4.5025 
123.50 4.5022 
124.00 4.5019 
124.50 4.5016 
125.00 4.5013 
125.50 4.5010 
126.00 4.5007 
126.50 4.5004 
127.00 4.5002 
127.50 4.4999 
128.00 4.4996 
128.50 4.4994 
129.00 4.4991 
129.50 4.4988 
130.00 4.4985 
130.50 4.4983 
131.00 4.4980 
131.50 4.4978 
132.00 4.4975 
132.50 4.4973 
133.00 4.4970 
133.50 4.4967 
134.00 4.4965 
134.50 4.4963 
135.00 4.4961 
135.50 4.4959 
136.00 4.4957 
136.50 4.4955 
137.00 4.4953 
137.50 4.4950 
138.00 4.4948 
138.50 4.4947 
139.00 4.4945 
139.50 4.4943 
140.00 4.4942 
140.50 4.4940 
141.00 4.4939 
141.50 4.4937 
142.00 4.4935 
142.50 4.4934 
143.00 4.4933 
143.50 4.4932 
144.00 4.4931 
144.50 4.4930 
145.00 4.4928 
145.50 4.4927 
146.00 4.4927 
146.50 4.4926 
147.00 4.4925 
147.50 4.4925 
148.00 4.4924 
148.50 4.4923 
149.00 4.4923 
149.50 4.4922 
150.00 4.4922 
