  0.00 1.1206 
  0.50 1.7652 
  1.00 3.1021 
  1.50 3.1301 
  2.00 3.1577 
  2.50 3.1841 
  3.00 3.2100 
  3.50 3.2347 
  4.00 3.2589 
  4.50 3.2819 
  5.00 3.3045 
  5.50 3.3260 
  6.00 3.3472 
  6.50 3.3673 
  7.00 3.3870 
  7.50 3.4057 
  8.00 3.4241 
  8.50 3.4416 
  9.00 3.4588 
  9.50 3.4751 
 10.00 3.4912 
 10.50 3.5065 
 11.00 3.5215 
 11.50 3.5359 
 12.00 3.5500 
 12.50 3.5635 
 13.00 3.5768 
 13.50 3.5895 
 14.00 3.6020 
 14.50 3.6141 
 15.00 3.6260 
 15.50 3.6376 
 16.00 3.6489 
 16.50 3.6599 
 17.00 3.6708 
 17.50 3.6814 
 18.00 3.6920 
 18.50 3.7023 
 19.00 3.7126 
 19.50 3.7228 
 20.00 3.7329 
 20.50 3.7429 
 21.00 3.7529 
 21.50 3.7630 
 22.00 3.7731 
 22.50 3.7832 
 23.00 3.7934 
 23.50 3.8038 
 24.00 3.8142 
 24.50 3.8248 
 25.00 3.8356 
 25.50 3.8466 
 26.00 3.8578 
 26.50 3.8691 
 27.00 3.8809 
 27.50 3.8928 
 28.00 3.9052 
 28.50 3.9179 
 29.00 3.9308 
 29.50 3.9441 
 30.00 4.1297 
 30.50 4.1365 
 31.00 4.1433 
 31.50 4.1502 
 32.00 4.1570 
 32.50 4.1638 
 33.00 4.1706 
 33.50 4.1775 
 34.00 4.1843 
 34.50 4.1902 
 35.00 4.1959 
 35.50 4.2016 
 36.00 4.2074 
 36.50 4.2131 
 37.00 4.2188 
 37.50 4.2246 
 38.00 4.2303 
 38.50 4.2359 
 39.00 4.2406 
 39.50 4.2453 
 40.00 4.2500 
 40.50 4.2547 
 41.00 4.2594 
 41.50 4.2641 
 42.00 4.2687 
 42.50 4.2734 
 43.00 4.2778 
 43.50 4.2815 
 44.00 4.2853 
 44.50 4.2890 
 45.00 4.2928 
 45.50 4.2965 
 46.00 4.3003 
 46.50 4.3040 
 47.00 4.3078 
 47.50 4.3110 
 48.00 4.3139 
 48.50 4.3168 
 49.00 4.3197 
 49.50 4.3226 
 50.00 4.3255 
 50.50 4.3284 
 51.00 4.3313 
 51.50 4.3342 
 52.00 4.3365 
 52.50 4.3386 
 53.00 4.3408 
 53.50 4.3430 
 54.00 4.3452 
 54.50 4.3473 
 55.00 4.3495 
 55.50 4.3517 
 56.00 4.3537 
 56.50 4.3553 
 57.00 4.3568 
 57.50 4.3583 
 58.00 4.3599 
 58.50 4.3614 
 59.00 4.3629 
 59.50 4.3645 
 60.00 4.3660 
 60.50 4.3673 
 61.00 4.3683 
 61.50 4.3693 
 62.00 4.3703 
 62.50 4.3713 
 63.00 4.3723 
 63.50 4.3732 
 64.00 4.3742 
 64.50 4.3752 
 65.00 4.3759 
 65.50 4.3765 
 66.00 4.3771 
 66.50 4.3776 
 67.00 4.3782 
 67.50 4.3788 
 68.00 4.3794 
 68.50 4.3799 
 69.00 4.3805 
 69.50 4.3807 
 70.00 4.3810 
 70.50 4.3812 
 71.00 4.3815 
 71.50 4.3817 
 72.00 4.3819 
 72.50 4.3822 
 73.00 4.3824 
 73.50 4.3826 
 74.00 4.3826 
 74.50 4.3826 
 75.00 4.3826 
 75.50 4.3826 
 76.00 4.3827 
 76.50 4.3827 
 77.00 4.3827 
 77.50 4.3827 
 78.00 4.3826 
 78.50 4.3825 
 79.00 4.3824 
 79.50 4.3823 
 80.00 4.3822 
 80.50 4.3821 
 81.00 4.3820 
 81.50 4.3819 
 82.00 4.3818 
 82.50 4.3817 
 83.00 4.3815 
 83.50 4.3814 
 84.00 4.3813 
 84.50 4.3811 
 85.00 4.3810 
 85.50 4.3809 
 86.00 4.3807 
 86.50 4.3806 
 87.00 4.3805 
 87.50 4.3805 
 88.00 4.3804 
 88.50 4.3803 
 89.00 4.3803 
 89.50 4.3802 
 90.00 4.3801 
 90.50 4.3800 
 91.00 4.3800 
 91.50 4.3800 
 92.00 4.3800 
 92.50 4.3800 
 93.00 4.3800 
 93.50 4.3801 
 94.00 4.3801 
 94.50 4.3801 
 95.00 4.3801 
 95.50 4.3802 
 96.00 4.3802 
 96.50 4.3803 
 97.00 4.3804 
 97.50 4.3805 
 98.00 4.3806 
 98.50 4.3806 
 99.00 4.3807 
 99.50 4.3808 
100.00 4.3809 
100.50 4.3811 
101.00 4.3813 
101.50 4.3814 
102.00 4.3816 
102.50 4.3817 
103.00 4.3819 
103.50 4.3821 
104.00 4.3822 
104.50 4.3825 
105.00 4.3827 
105.50 4.3829 
106.00 4.3831 
106.50 4.3834 
107.00 4.3836 
107.50 4.3838 
108.00 4.3841 
108.50 4.3843 
109.00 4.3846 
109.50 4.3849 
110.00 4.3852 
110.50 4.3855 
111.00 4.3858 
111.50 4.3861 
112.00 4.3864 
112.50 4.3867 
113.00 4.3871 
113.50 4.3874 
114.00 4.3878 
114.50 4.3882 
115.00 4.3886 
115.50 4.3889 
116.00 4.3893 
116.50 4.3897 
117.00 4.3901 
117.50 4.3905 
118.00 4.3909 
118.50 4.3914 
119.00 4.3918 
119.50 4.3922 
120.00 4.3927 
120.50 4.3931 
121.00 4.3936 
121.50 4.3940 
122.00 4.3945 
122.50 4.3950 
123.00 4.3955 
123.50 4.3960 
124.00 4.3965 
124.50 4.3970 
125.00 4.3975 
125.50 4.3980 
126.00 4.3986 
126.50 4.3991 
127.00 4.3997 
127.50 4.4003 
128.00 4.4009 
128.50 4.4014 
129.00 4.4020 
129.50 4.4026 
130.00 4.4032 
130.50 4.4038 
131.00 4.4044 
131.50 4.4050 
132.00 4.4056 
132.50 4.4063 
133.00 4.4069 
133.50 4.4075 
134.00 4.4082 
134.50 4.4088 
135.00 4.4095 
135.50 4.4102 
136.00 4.4109 
136.50 4.4116 
137.00 4.4123 
137.50 4.4130 
138.00 4.4137 
138.50 4.4144 
139.00 4.4151 
139.50 4.4159 
140.00 4.4166 
140.50 4.4174 
141.00 4.4181 
141.50 4.4189 
142.00 4.4196 
142.50 4.4204 
143.00 4.4211 
143.50 4.4219 
144.00 4.4227 
144.50 4.4236 
145.00 4.4244 
145.50 4.4252 
146.00 4.4260 
146.50 4.4268 
147.00 4.4276 
147.50 4.4284 
148.00 4.4293 
148.50 4.4302 
149.00 4.4310 
149.50 4.4319 
150.00 4.4327 
