  0.00 1.5111 
  0.50 2.0486 
  1.00 3.3037 
  1.50 3.3161 
  2.00 3.3285 
  2.50 3.3409 
  3.00 3.3520 
  3.50 3.3630 
  4.00 3.3739 
  4.50 3.3839 
  5.00 3.3934 
  5.50 3.4029 
  6.00 3.4119 
  6.50 3.4201 
  7.00 3.4283 
  7.50 3.4363 
  8.00 3.4434 
  8.50 3.4504 
  9.00 3.4575 
  9.50 3.4635 
 10.00 3.4695 
 10.50 3.4755 
 11.00 3.4809 
 11.50 3.4859 
 12.00 3.4910 
 12.50 3.4956 
 13.00 3.4999 
 13.50 3.5042 
 14.00 3.5083 
 14.50 3.5119 
 15.00 3.5155 
 15.50 3.5191 
 16.00 3.5222 
 16.50 3.5252 
 17.00 3.5283 
 17.50 3.5310 
 18.00 3.5336 
 18.50 3.5363 
 19.00 3.5387 
 19.50 3.5410 
 20.00 3.5433 
 20.50 3.5456 
 21.00 3.5478 
 21.50 3.5499 
 22.00 3.5521 
 22.50 3.5542 
 23.00 3.5563 
 23.50 3.5584 
 24.00 3.5606 
 24.50 3.5627 
 25.00 3.5649 
 25.50 3.5672 
 26.00 3.5696 
 26.50 3.5720 
 27.00 3.5745 
 27.50 3.5772 
 28.00 3.5799 
 28.50 3.5826 
 29.00 3.5858 
 29.50 3.5889 
 30.00 3.5921 
 30.50 3.5957 
 31.00 3.5994 
 31.50 3.6031 
 32.00 3.6073 
 32.50 3.6117 
 33.00 3.6162 
 33.50 3.6209 
 34.00 3.6262 
 34.50 3.6315 
 35.00 3.6368 
 35.50 3.6430 
 36.00 3.6492 
 36.50 3.6554 
 37.00 3.6626 
 37.50 3.6699 
 38.00 3.6772 
 38.50 3.6852 
 39.00 3.6937 
 39.50 3.7022 
 40.00 3.7111 
 40.50 3.7210 
 41.00 3.7308 
 41.50 3.7408 
 42.00 3.7521 
 42.50 3.7634 
 43.00 3.7747 
 43.50 3.7874 
 44.00 3.8002 
 44.50 3.8131 
 45.00 3.8270 
 45.50 3.8416 
 46.00 3.8562 
 46.50 3.8714 
 47.00 3.8877 
 47.50 3.9040 
 48.00 4.2158 
 48.50 4.2155 
 49.00 4.2152 
 49.50 4.2148 
 50.00 4.2145 
 50.50 4.2141 
 51.00 4.2138 
 51.50 4.2134 
 52.00 4.2131 
 52.50 4.2127 
 53.00 4.2124 
 53.50 4.2120 
 54.00 4.2117 
 54.50 4.2114 
 55.00 4.2110 
 55.50 4.2107 
 56.00 4.2103 
 56.50 4.2100 
 57.00 4.2096 
 57.50 4.2093 
 58.00 4.2090 
 58.50 4.2086 
 59.00 4.2083 
 59.50 4.2080 
 60.00 4.2077 
 60.50 4.2074 
 61.00 4.2070 
 61.50 4.2067 
 62.00 4.2064 
 62.50 4.2061 
 63.00 4.2058 
 63.50 4.2055 
 64.00 4.2052 
 64.50 4.2050 
 65.00 4.2047 
 65.50 4.2044 
 66.00 4.2041 
 66.50 4.2038 
 67.00 4.2035 
 67.50 4.2033 
 68.00 4.2031 
 68.50 4.2028 
 69.00 4.2026 
 69.50 4.2024 
 70.00 4.2022 
 70.50 4.2020 
 71.00 4.2017 
 71.50 4.2015 
 72.00 4.2014 
 72.50 4.2012 
 73.00 4.2010 
 73.50 4.2009 
 74.00 4.2007 
 74.50 4.2005 
 75.00 4.2004 
 75.50 4.2002 
 76.00 4.2002 
 76.50 4.2001 
 77.00 4.2000 
 77.50 4.1999 
 78.00 4.1998 
 78.50 4.1997 
 79.00 4.1996 
 79.50 4.1996 
 80.00 4.1996 
 80.50 4.1996 
 81.00 4.1996 
 81.50 4.1996 
 82.00 4.1996 
 82.50 4.1996 
 83.00 4.1996 
 83.50 4.1997 
 84.00 4.1998 
 84.50 4.1999 
 85.00 4.2000 
 85.50 4.2001 
 86.00 4.2002 
 86.50 4.2003 
 87.00 4.2004 
 87.50 4.2007 
 88.00 4.2009 
 88.50 4.2011 
 89.00 4.2013 
 89.50 4.2015 
 90.00 4.2017 
 90.50 4.2020 
 91.00 4.2022 
 91.50 4.2026 
 92.00 4.2029 
 92.50 4.2033 
 93.00 4.2036 
 93.50 4.2040 
 94.00 4.2043 
 94.50 4.2046 
 95.00 4.2051 
 95.50 4.2056 
 96.00 4.2061 
 96.50 4.2065 
 97.00 4.2070 
 97.50 4.2075 
 98.00 4.2080 
 98.50 4.2085 
 99.00 4.2091 
 99.50 4.2097 
100.00 4.2104 
100.50 4.2110 
101.00 4.2117 
101.50 4.2123 
102.00 4.2129 
102.50 4.2136 
103.00 4.2144 
103.50 4.2151 
104.00 4.2159 
104.50 4.2167 
105.00 4.2175 
105.50 4.2183 
106.00 4.2191 
106.50 4.2199 
107.00 4.2208 
107.50 4.2217 
108.00 4.2226 
108.50 4.2236 
109.00 4.2245 
109.50 4.2254 
110.00 4.2263 
110.50 4.2273 
111.00 4.2284 
111.50 4.2294 
112.00 4.2305 
112.50 4.2316 
113.00 4.2326 
113.50 4.2337 
114.00 4.2348 
114.50 4.2359 
115.00 4.2371 
115.50 4.2383 
116.00 4.2395 
116.50 4.2407 
117.00 4.2419 
117.50 4.2431 
118.00 4.2443 
118.50 4.2456 
119.00 4.2470 
119.50 4.2483 
120.00 4.2496 
120.50 4.2509 
121.00 4.2522 
121.50 4.2535 
122.00 4.2549 
122.50 4.2563 
123.00 4.2578 
123.50 4.2592 
124.00 4.2607 
124.50 4.2621 
125.00 4.2636 
125.50 4.2650 
126.00 4.2665 
126.50 4.2680 
127.00 4.2696 
127.50 4.2712 
128.00 4.2727 
128.50 4.2743 
129.00 4.2759 
129.50 4.2774 
130.00 4.2790 
130.50 4.2807 
131.00 4.2824 
131.50 4.2840 
132.00 4.2857 
132.50 4.2874 
133.00 4.2890 
133.50 4.2907 
134.00 4.2924 
134.50 4.2942 
135.00 4.2960 
135.50 4.2978 
136.00 4.2996 
136.50 4.3014 
137.00 4.3031 
137.50 4.3049 
138.00 4.3068 
138.50 4.3087 
139.00 4.3105 
139.50 4.3124 
140.00 4.3143 
140.50 4.3162 
141.00 4.3181 
141.50 4.3200 
142.00 4.3219 
142.50 4.3239 
143.00 4.3259 
143.50 4.3279 
144.00 4.3298 
144.50 4.3318 
145.00 4.3338 
145.50 4.3358 
146.00 4.3378 
146.50 4.3399 
147.00 4.3420 
147.50 4.3440 
148.00 4.3461 
148.50 4.3482 
149.00 4.3502 
149.50 4.3523 
150.00 4.3545 
