  0.00 1.6524 
  0.50 1.8252 
  1.00 1.9980 
  1.50 2.1708 
  2.00 2.3435 
  2.50 2.5163 
  3.00 3.4158 
  3.50 3.4253 
  4.00 3.4348 
  4.50 3.4442 
  5.00 3.4534 
  5.50 3.4625 
  6.00 3.4717 
  6.50 3.4805 
  7.00 3.4893 
  7.50 3.4981 
  8.00 3.5066 
  8.50 3.5151 
  9.00 3.5236 
  9.50 3.5319 
 10.00 3.5401 
 10.50 3.5483 
 11.00 3.5563 
 11.50 3.5643 
 12.00 3.5723 
 12.50 3.5802 
 13.00 3.5879 
 13.50 3.5957 
 14.00 3.6034 
 14.50 3.6110 
 15.00 3.6186 
 15.50 3.6261 
 16.00 3.6336 
 16.50 3.6410 
 17.00 3.6484 
 17.50 3.6557 
 18.00 3.6630 
 18.50 3.6703 
 19.00 3.6775 
 19.50 3.6847 
 20.00 3.6920 
 20.50 3.6992 
 21.00 3.7063 
 21.50 3.7135 
 22.00 3.7207 
 22.50 3.7278 
 23.00 3.7350 
 23.50 3.7422 
 24.00 3.7493 
 24.50 3.7565 
 25.00 3.7637 
 25.50 3.7709 
 26.00 3.7781 
 26.50 3.7853 
 27.00 3.7926 
 27.50 3.7999 
 28.00 3.8072 
 28.50 3.8146 
 29.00 3.8220 
 29.50 3.8294 
 30.00 3.8369 
 30.50 3.8444 
 31.00 3.8519 
 31.50 3.8596 
 32.00 3.8673 
 32.50 3.8751 
 33.00 3.8829 
 33.50 3.8908 
 34.00 3.8987 
 34.50 3.9068 
 35.00 3.9149 
 35.50 3.9231 
 36.00 3.9313 
 36.50 3.9398 
 37.00 3.9482 
 37.50 3.9567 
 38.00 3.9655 
 38.50 3.9742 
 39.00 3.9830 
 39.50 3.9920 
 40.00 4.0011 
 40.50 4.0102 
 41.00 4.0196 
 41.50 4.0291 
 42.00 4.0385 
 42.50 4.0483 
 43.00 4.0581 
 43.50 4.0679 
 44.00 4.0781 
 44.50 4.0884 
 45.00 4.0986 
 45.50 4.1092 
 46.00 4.1199 
 46.50 4.1306 
 47.00 4.1415 
 47.50 4.1527 
 48.00 4.1639 
 48.50 4.5241 
 49.00 4.5247 
 49.50 4.5252 
 50.00 4.5258 
 50.50 4.5264 
 51.00 4.5269 
 51.50 4.5275 
 52.00 4.5280 
 52.50 4.5286 
 53.00 4.5293 
 53.50 4.5300 
 54.00 4.5307 
 54.50 4.5314 
 55.00 4.5320 
 55.50 4.5327 
 56.00 4.5334 
 56.50 4.5342 
 57.00 4.5349 
 57.50 4.5357 
 58.00 4.5365 
 58.50 4.5373 
 59.00 4.5381 
 59.50 4.5389 
 60.00 4.5396 
 60.50 4.5405 
 61.00 4.5413 
 61.50 4.5422 
 62.00 4.5430 
 62.50 4.5439 
 63.00 4.5447 
 63.50 4.5456 
 64.00 4.5464 
 64.50 4.5473 
 65.00 4.5482 
 65.50 4.5491 
 66.00 4.5500 
 66.50 4.5509 
 67.00 4.5518 
 67.50 4.5527 
 68.00 4.5537 
 68.50 4.5546 
 69.00 4.5555 
 69.50 4.5564 
 70.00 4.5573 
 70.50 4.5582 
 71.00 4.5591 
 71.50 4.5600 
 72.00 4.5609 
 72.50 4.5618 
 73.00 4.5627 
 73.50 4.5636 
 74.00 4.5645 
 74.50 4.5654 
 75.00 4.5663 
 75.50 4.5672 
 76.00 4.5681 
 76.50 4.5690 
 77.00 4.5698 
 77.50 4.5707 
 78.00 4.5716 
 78.50 4.5724 
 79.00 4.5733 
 79.50 4.5741 
 80.00 4.5749 
 80.50 4.5757 
 81.00 4.5765 
 81.50 4.5773 
 82.00 4.5781 
 82.50 4.5789 
 83.00 4.5796 
 83.50 4.5804 
 84.00 4.5811 
 84.50 4.5818 
 85.00 4.5824 
 85.50 4.5831 
 86.00 4.5838 
 86.50 4.5845 
 87.00 4.5852 
 87.50 4.5858 
 88.00 4.5863 
 88.50 4.5869 
 89.00 4.5874 
 89.50 4.5880 
 90.00 4.5885 
 90.50 4.5891 
 91.00 4.5896 
 91.50 4.5901 
 92.00 4.5905 
 92.50 4.5909 
 93.00 4.5913 
 93.50 4.5917 
 94.00 4.5921 
 94.50 4.5925 
 95.00 4.5929 
 95.50 4.5931 
 96.00 4.5933 
 96.50 4.5935 
 97.00 4.5938 
 97.50 4.5940 
 98.00 4.5942 
 98.50 4.5944 
 99.00 4.5946 
 99.50 4.5946 
100.00 4.5946 
100.50 4.5946 
101.00 4.5946 
101.50 4.5946 
102.00 4.5946 
102.50 4.5946 
103.00 4.5945 
103.50 4.5944 
104.00 4.5942 
104.50 4.5940 
105.00 4.5938 
105.50 4.5936 
106.00 4.5934 
106.50 4.5933 
107.00 4.5930 
107.50 4.5926 
108.00 4.5923 
108.50 4.5919 
109.00 4.5915 
109.50 4.5912 
110.00 4.5908 
110.50 4.5905 
111.00 4.5900 
111.50 4.5895 
112.00 4.5889 
112.50 4.5884 
113.00 4.5879 
113.50 4.5874 
114.00 4.5869 
114.50 4.5864 
115.00 4.5857 
115.50 4.5850 
116.00 4.5844 
116.50 4.5837 
117.00 4.5831 
117.50 4.5824 
118.00 4.5818 
118.50 4.5811 
119.00 4.5803 
119.50 4.5796 
120.00 4.5788 
120.50 4.5780 
121.00 4.5773 
121.50 4.5765 
122.00 4.5758 
122.50 4.5750 
123.00 4.5741 
123.50 4.5732 
124.00 4.5724 
124.50 4.5715 
125.00 4.5706 
125.50 4.5698 
126.00 4.5689 
126.50 4.5680 
127.00 4.5671 
127.50 4.5662 
128.00 4.5652 
128.50 4.5643 
129.00 4.5634 
129.50 4.5625 
130.00 4.5615 
130.50 4.5606 
131.00 4.5596 
131.50 4.5586 
132.00 4.5576 
132.50 4.5567 
133.00 4.5557 
133.50 4.5547 
134.00 4.5537 
134.50 4.5527 
135.00 4.5517 
135.50 4.5507 
136.00 4.5496 
136.50 4.5486 
137.00 4.5476 
137.50 4.5466 
138.00 4.5456 
138.50 4.5446 
139.00 4.5435 
139.50 4.5425 
140.00 4.5415 
140.50 4.5405 
141.00 4.5395 
141.50 4.5385 
142.00 4.5374 
142.50 4.5364 
143.00 4.5354 
143.50 4.5344 
144.00 4.5334 
144.50 4.5324 
145.00 4.5314 
145.50 4.5303 
146.00 4.5293 
146.50 4.5284 
147.00 4.5274 
147.50 4.5264 
148.00 4.5254 
148.50 4.5244 
149.00 4.5234 
149.50 4.5224 
150.00 4.5215 
