  0.00 1.4881 
  0.50 1.7388 
  1.00 1.9894 
  1.50 2.2401 
  2.00 2.4907 
  2.50 2.7414 
  3.00 3.4546 
  3.50 3.4659 
  4.00 3.4773 
  4.50 3.4878 
  5.00 3.4979 
  5.50 3.5080 
  6.00 3.5172 
  6.50 3.5260 
  7.00 3.5349 
  7.50 3.5429 
  8.00 3.5507 
  8.50 3.5585 
  9.00 3.5653 
  9.50 3.5722 
 10.00 3.5790 
 10.50 3.5849 
 11.00 3.5908 
 11.50 3.5967 
 12.00 3.6019 
 12.50 3.6071 
 13.00 3.6122 
 13.50 3.6168 
 14.00 3.6214 
 14.50 3.6258 
 15.00 3.6299 
 15.50 3.6340 
 16.00 3.6379 
 16.50 3.6416 
 17.00 3.6452 
 17.50 3.6488 
 18.00 3.6522 
 18.50 3.6557 
 19.00 3.6590 
 19.50 3.6622 
 20.00 3.6655 
 20.50 3.6687 
 21.00 3.6719 
 21.50 3.6751 
 22.00 3.6784 
 22.50 3.6817 
 23.00 3.6850 
 23.50 3.6885 
 24.00 3.6920 
 24.50 3.6955 
 25.00 3.6993 
 25.50 3.7031 
 26.00 3.7070 
 26.50 3.7112 
 27.00 3.7154 
 27.50 3.7197 
 28.00 3.7245 
 28.50 3.7292 
 29.00 3.7342 
 29.50 3.7396 
 30.00 3.7451 
 30.50 3.7508 
 31.00 3.7571 
 31.50 3.7633 
 32.00 3.7699 
 32.50 3.7770 
 33.00 3.7840 
 33.50 3.7917 
 34.00 3.7999 
 34.50 3.8080 
 35.00 3.8169 
 35.50 3.8261 
 36.00 3.8353 
 36.50 3.8455 
 37.00 3.8560 
 37.50 3.8665 
 38.00 3.8782 
 38.50 3.8900 
 39.00 3.9018 
 39.50 3.9151 
 40.00 3.9284 
 40.50 3.9419 
 41.00 3.9568 
 41.50 3.9717 
 42.00 3.9869 
 42.50 4.0035 
 43.00 4.0201 
 43.50 4.0373 
 44.00 4.0556 
 44.50 4.0739 
 45.00 4.3832 
 45.50 4.3833 
 46.00 4.3834 
 46.50 4.3835 
 47.00 4.3836 
 47.50 4.3837 
 48.00 4.3838 
 48.50 4.3838 
 49.00 4.3839 
 49.50 4.3841 
 50.00 4.3842 
 50.50 4.3843 
 51.00 4.3844 
 51.50 4.3845 
 52.00 4.3846 
 52.50 4.3847 
 53.00 4.3849 
 53.50 4.3850 
 54.00 4.3852 
 54.50 4.3853 
 55.00 4.3855 
 55.50 4.3856 
 56.00 4.3858 
 56.50 4.3859 
 57.00 4.3861 
 57.50 4.3863 
 58.00 4.3865 
 58.50 4.3867 
 59.00 4.3868 
 59.50 4.3870 
 60.00 4.3872 
 60.50 4.3874 
 61.00 4.3876 
 61.50 4.3879 
 62.00 4.3881 
 62.50 4.3883 
 63.00 4.3885 
 63.50 4.3888 
 64.00 4.3890 
 64.50 4.3892 
 65.00 4.3895 
 65.50 4.3897 
 66.00 4.3900 
 66.50 4.3903 
 67.00 4.3906 
 67.50 4.3909 
 68.00 4.3911 
 68.50 4.3914 
 69.00 4.3917 
 69.50 4.3920 
 70.00 4.3923 
 70.50 4.3926 
 71.00 4.3930 
 71.50 4.3933 
 72.00 4.3936 
 72.50 4.3939 
 73.00 4.3942 
 73.50 4.3946 
 74.00 4.3949 
 74.50 4.3953 
 75.00 4.3956 
 75.50 4.3960 
 76.00 4.3963 
 76.50 4.3967 
 77.00 4.3971 
 77.50 4.3975 
 78.00 4.3979 
 78.50 4.3983 
 79.00 4.3987 
 79.50 4.3991 
 80.00 4.3995 
 80.50 4.3999 
 81.00 4.4004 
 81.50 4.4008 
 82.00 4.4013 
 82.50 4.4017 
 83.00 4.4022 
 83.50 4.4026 
 84.00 4.4031 
 84.50 4.4035 
 85.00 4.4040 
 85.50 4.4045 
 86.00 4.4051 
 86.50 4.4056 
 87.00 4.4061 
 87.50 4.4066 
 88.00 4.4071 
 88.50 4.4076 
 89.00 4.4082 
 89.50 4.4087 
 90.00 4.4093 
 90.50 4.4098 
 91.00 4.4104 
 91.50 4.4109 
 92.00 4.4115 
 92.50 4.4120 
 93.00 4.4127 
 93.50 4.4133 
 94.00 4.4139 
 94.50 4.4145 
 95.00 4.4151 
 95.50 4.4157 
 96.00 4.4163 
 96.50 4.4170 
 97.00 4.4176 
 97.50 4.4183 
 98.00 4.4190 
 98.50 4.4197 
 99.00 4.4204 
 99.50 4.4210 
100.00 4.4217 
100.50 4.4224 
101.00 4.4231 
101.50 4.4238 
102.00 4.4246 
102.50 4.4253 
103.00 4.4260 
103.50 4.4268 
104.00 4.4275 
104.50 4.4282 
105.00 4.4290 
105.50 4.4297 
106.00 4.4305 
106.50 4.4313 
107.00 4.4320 
107.50 4.4328 
108.00 4.4336 
108.50 4.4343 
109.00 4.4352 
109.50 4.4360 
110.00 4.4368 
110.50 4.4376 
111.00 4.4384 
111.50 4.4392 
112.00 4.4401 
112.50 4.4409 
113.00 4.4417 
113.50 4.4426 
114.00 4.4434 
114.50 4.4443 
115.00 4.4451 
115.50 4.4460 
116.00 4.4469 
116.50 4.4477 
117.00 4.4486 
117.50 4.4495 
118.00 4.4504 
118.50 4.4513 
119.00 4.4522 
119.50 4.4531 
120.00 4.4540 
120.50 4.4549 
121.00 4.4558 
121.50 4.4567 
122.00 4.4576 
122.50 4.4585 
123.00 4.4594 
123.50 4.4603 
124.00 4.4612 
124.50 4.4621 
125.00 4.4630 
125.50 4.4640 
126.00 4.4649 
126.50 4.4658 
127.00 4.4668 
127.50 4.4677 
128.00 4.4686 
128.50 4.4695 
129.00 4.4705 
129.50 4.4714 
130.00 4.4724 
130.50 4.4733 
131.00 4.4743 
131.50 4.4752 
132.00 4.4761 
132.50 4.4771 
133.00 4.4780 
133.50 4.4790 
134.00 4.4799 
134.50 4.4809 
135.00 4.4819 
135.50 4.4828 
136.00 4.4838 
136.50 4.4847 
137.00 4.4857 
137.50 4.4867 
138.00 4.4876 
138.50 4.4886 
139.00 4.4896 
139.50 4.4905 
140.00 4.4915 
140.50 4.4925 
141.00 4.4934 
141.50 4.4944 
142.00 4.4953 
142.50 4.4963 
143.00 4.4972 
143.50 4.4982 
144.00 4.4992 
144.50 4.5001 
145.00 4.5011 
145.50 4.5020 
146.00 4.5030 
146.50 4.5039 
147.00 4.5049 
147.50 4.5058 
148.00 4.5068 
148.50 4.5077 
149.00 4.5087 
149.50 4.5096 
150.00 4.5105 
