  0.00 1.2098 
  0.50 1.5403 
  1.00 1.8709 
  1.50 2.2014 
  2.00 3.2696 
  2.50 3.2882 
  3.00 3.3057 
  3.50 3.3222 
  4.00 3.3380 
  4.50 3.3525 
  5.00 3.3666 
  5.50 3.3793 
  6.00 3.3919 
  6.50 3.4029 
  7.00 3.4138 
  7.50 3.4235 
  8.00 3.4329 
  8.50 3.4414 
  9.00 3.4495 
  9.50 3.4570 
 10.00 3.4638 
 10.50 3.4704 
 11.00 3.4762 
 11.50 3.4819 
 12.00 3.4869 
 12.50 3.4918 
 13.00 3.4960 
 13.50 3.5002 
 14.00 3.5039 
 14.50 3.5076 
 15.00 3.5109 
 15.50 3.5141 
 16.00 3.5173 
 16.50 3.5203 
 17.00 3.5232 
 17.50 3.5261 
 18.00 3.5290 
 18.50 3.5320 
 19.00 3.5350 
 19.50 3.5382 
 20.00 3.5414 
 20.50 3.5449 
 21.00 3.5485 
 21.50 3.5525 
 22.00 3.5566 
 22.50 3.5611 
 23.00 3.5660 
 23.50 3.5711 
 24.00 3.5768 
 24.50 3.5827 
 25.00 3.5895 
 25.50 3.5962 
 26.00 3.6041 
 26.50 3.6121 
 27.00 3.6211 
 27.50 3.6304 
 28.00 3.6406 
 28.50 3.6514 
 29.00 3.6630 
 29.50 3.6755 
 30.00 3.6885 
 30.50 3.7028 
 31.00 3.7174 
 31.50 3.7336 
 32.00 3.7499 
 32.50 3.7682 
 33.00 3.7865 
 33.50 4.1043 
 34.00 4.1124 
 34.50 4.1206 
 35.00 4.1288 
 35.50 4.1370 
 36.00 4.1452 
 36.50 4.1534 
 37.00 4.1616 
 37.50 4.1694 
 38.00 4.1757 
 38.50 4.1819 
 39.00 4.1882 
 39.50 4.1945 
 40.00 4.2008 
 40.50 4.2071 
 41.00 4.2134 
 41.50 4.2197 
 42.00 4.2248 
 42.50 4.2293 
 43.00 4.2339 
 43.50 4.2384 
 44.00 4.2429 
 44.50 4.2475 
 45.00 4.2520 
 45.50 4.2565 
 46.00 4.2609 
 46.50 4.2639 
 47.00 4.2668 
 47.50 4.2698 
 48.00 4.2727 
 48.50 4.2757 
 49.00 4.2786 
 49.50 4.2816 
 50.00 4.2846 
 50.50 4.2868 
 51.00 4.2884 
 51.50 4.2900 
 52.00 4.2916 
 52.50 4.2932 
 53.00 4.2948 
 53.50 4.2964 
 54.00 4.2980 
 54.50 4.2996 
 55.00 4.3000 
 55.50 4.3005 
 56.00 4.3009 
 56.50 4.3014 
 57.00 4.3018 
 57.50 4.3023 
 58.00 4.3027 
 58.50 4.3031 
 59.00 4.3032 
 59.50 4.3027 
 60.00 4.3022 
 60.50 4.3016 
 61.00 4.3011 
 61.50 4.3006 
 62.00 4.3001 
 62.50 4.2996 
 63.00 4.2991 
 63.50 4.2979 
 64.00 4.2966 
 64.50 4.2954 
 65.00 4.2941 
 65.50 4.2928 
 66.00 4.2915 
 66.50 4.2903 
 67.00 4.2890 
 67.50 4.2875 
 68.00 4.2857 
 68.50 4.2839 
 69.00 4.2821 
 69.50 4.2802 
 70.00 4.2784 
 70.50 4.2766 
 71.00 4.2748 
 71.50 4.2729 
 72.00 4.2709 
 72.50 4.2687 
 73.00 4.2665 
 73.50 4.2644 
 74.00 4.2622 
 74.50 4.2600 
 75.00 4.2578 
 75.50 4.2557 
 76.00 4.2534 
 76.50 4.2511 
 77.00 4.2488 
 77.50 4.2465 
 78.00 4.2442 
 78.50 4.2418 
 79.00 4.2395 
 79.50 4.2372 
 80.00 4.2348 
 80.50 4.2326 
 81.00 4.2303 
 81.50 4.2280 
 82.00 4.2258 
 82.50 4.2235 
 83.00 4.2212 
 83.50 4.2190 
 84.00 4.2167 
 84.50 4.2145 
 85.00 4.2124 
 85.50 4.2104 
 86.00 4.2084 
 86.50 4.2064 
 87.00 4.2044 
 87.50 4.2024 
 88.00 4.2004 
 88.50 4.1984 
 89.00 4.1966 
 89.50 4.1950 
 90.00 4.1934 
 90.50 4.1918 
 91.00 4.1902 
 91.50 4.1886 
 92.00 4.1870 
 92.50 4.1855 
 93.00 4.1839 
 93.50 4.1827 
 94.00 4.1815 
 94.50 4.1804 
 95.00 4.1792 
 95.50 4.1781 
 96.00 4.1769 
 96.50 4.1757 
 97.00 4.1746 
 97.50 4.1736 
 98.00 4.1729 
 98.50 4.1721 
 99.00 4.1714 
 99.50 4.1706 
100.00 4.1699 
100.50 4.1691 
101.00 4.1684 
101.50 4.1676 
102.00 4.1672 
102.50 4.1668 
103.00 4.1665 
103.50 4.1661 
104.00 4.1658 
104.50 4.1654 
105.00 4.1650 
105.50 4.1647 
106.00 4.1644 
106.50 4.1644 
107.00 4.1644 
107.50 4.1644 
108.00 4.1643 
108.50 4.1643 
109.00 4.1643 
109.50 4.1643 
110.00 4.1643 
110.50 4.1645 
111.00 4.1649 
111.50 4.1652 
112.00 4.1655 
112.50 4.1658 
113.00 4.1662 
113.50 4.1665 
114.00 4.1668 
114.50 4.1672 
115.00 4.1678 
115.50 4.1685 
116.00 4.1691 
116.50 4.1697 
117.00 4.1704 
117.50 4.1710 
118.00 4.1716 
118.50 4.1723 
119.00 4.1731 
119.50 4.1740 
120.00 4.1749 
120.50 4.1758 
121.00 4.1767 
121.50 4.1776 
122.00 4.1785 
122.50 4.1794 
123.00 4.1804 
123.50 4.1815 
124.00 4.1827 
124.50 4.1838 
125.00 4.1850 
125.50 4.1861 
126.00 4.1873 
126.50 4.1885 
127.00 4.1896 
127.50 4.1909 
128.00 4.1923 
128.50 4.1937 
129.00 4.1951 
129.50 4.1964 
130.00 4.1978 
130.50 4.1992 
131.00 4.2006 
131.50 4.2020 
132.00 4.2036 
132.50 4.2052 
133.00 4.2068 
133.50 4.2084 
134.00 4.2100 
134.50 4.2116 
135.00 4.2132 
135.50 4.2148 
136.00 4.2165 
136.50 4.2182 
137.00 4.2200 
137.50 4.2218 
138.00 4.2235 
138.50 4.2253 
139.00 4.2271 
139.50 4.2288 
140.00 4.2306 
140.50 4.2325 
141.00 4.2344 
141.50 4.2363 
142.00 4.2383 
142.50 4.2402 
143.00 4.2421 
143.50 4.2440 
144.00 4.2460 
144.50 4.2479 
145.00 4.2500 
145.50 4.2520 
146.00 4.2541 
146.50 4.2561 
147.00 4.2582 
147.50 4.2602 
148.00 4.2622 
148.50 4.2643 
149.00 4.2664 
149.50 4.2686 
150.00 4.2707 
