  0.00 1.4419 
  0.50 2.1572 
  1.00 3.2719 
  1.50 3.2929 
  2.00 3.3138 
  2.50 3.3329 
  3.00 3.3518 
  3.50 3.3702 
  4.00 3.3870 
  4.50 3.4039 
  5.00 3.4196 
  5.50 3.4345 
  6.00 3.4494 
  6.50 3.4627 
  7.00 3.4758 
  7.50 3.4886 
  8.00 3.5001 
  8.50 3.5116 
  9.00 3.5223 
  9.50 3.5322 
 10.00 3.5422 
 10.50 3.5510 
 11.00 3.5597 
 11.50 3.5680 
 12.00 3.5755 
 12.50 3.5829 
 13.00 3.5897 
 13.50 3.5960 
 14.00 3.6024 
 14.50 3.6078 
 15.00 3.6133 
 15.50 3.6185 
 16.00 3.6232 
 16.50 3.6278 
 17.00 3.6321 
 17.50 3.6360 
 18.00 3.6400 
 18.50 3.6435 
 19.00 3.6470 
 19.50 3.6504 
 20.00 3.6535 
 20.50 3.6566 
 21.00 3.6596 
 21.50 3.6624 
 22.00 3.6653 
 22.50 3.6681 
 23.00 3.6709 
 23.50 3.6738 
 24.00 3.6766 
 24.50 3.6794 
 25.00 3.6824 
 25.50 3.6854 
 26.00 3.6885 
 26.50 3.6918 
 27.00 3.6951 
 27.50 3.6987 
 28.00 3.7025 
 28.50 3.7063 
 29.00 3.7106 
 29.50 3.7151 
 30.00 3.7196 
 30.50 3.7247 
 31.00 3.7299 
 31.50 3.7355 
 32.00 3.7416 
 32.50 3.7476 
 33.00 3.7545 
 33.50 3.7616 
 34.00 3.7688 
 34.50 3.7771 
 35.00 3.7854 
 35.50 3.7942 
 36.00 3.8039 
 36.50 3.8135 
 37.00 3.8241 
 37.50 3.8352 
 38.00 3.8463 
 38.50 3.8589 
 39.00 3.8715 
 39.50 4.0514 
 40.00 4.0587 
 40.50 4.0660 
 41.00 4.0733 
 41.50 4.0806 
 42.00 4.0879 
 42.50 4.0952 
 43.00 4.1025 
 43.50 4.1096 
 44.00 4.1157 
 44.50 4.1218 
 45.00 4.1279 
 45.50 4.1340 
 46.00 4.1401 
 46.50 4.1462 
 47.00 4.1523 
 47.50 4.1584 
 48.00 4.1634 
 48.50 4.1684 
 49.00 4.1733 
 49.50 4.1782 
 50.00 4.1831 
 50.50 4.1880 
 51.00 4.1929 
 51.50 4.1978 
 52.00 4.2020 
 52.50 4.2059 
 53.00 4.2097 
 53.50 4.2136 
 54.00 4.2174 
 54.50 4.2213 
 55.00 4.2251 
 55.50 4.2290 
 56.00 4.2324 
 56.50 4.2353 
 57.00 4.2382 
 57.50 4.2411 
 58.00 4.2440 
 58.50 4.2469 
 59.00 4.2498 
 59.50 4.2527 
 60.00 4.2554 
 60.50 4.2575 
 61.00 4.2595 
 61.50 4.2616 
 62.00 4.2637 
 62.50 4.2657 
 63.00 4.2678 
 63.50 4.2698 
 64.00 4.2719 
 64.50 4.2733 
 65.00 4.2746 
 65.50 4.2759 
 66.00 4.2773 
 66.50 4.2786 
 67.00 4.2800 
 67.50 4.2813 
 68.00 4.2826 
 68.50 4.2835 
 69.00 4.2842 
 69.50 4.2850 
 70.00 4.2857 
 70.50 4.2864 
 71.00 4.2871 
 71.50 4.2878 
 72.00 4.2885 
 72.50 4.2890 
 73.00 4.2892 
 73.50 4.2894 
 74.00 4.2897 
 74.50 4.2899 
 75.00 4.2901 
 75.50 4.2903 
 76.00 4.2905 
 76.50 4.2907 
 77.00 4.2905 
 77.50 4.2903 
 78.00 4.2901 
 78.50 4.2899 
 79.00 4.2897 
 79.50 4.2896 
 80.00 4.2894 
 80.50 4.2892 
 81.00 4.2887 
 81.50 4.2883 
 82.00 4.2878 
 82.50 4.2873 
 83.00 4.2868 
 83.50 4.2864 
 84.00 4.2859 
 84.50 4.2854 
 85.00 4.2848 
 85.50 4.2842 
 86.00 4.2836 
 86.50 4.2829 
 87.00 4.2823 
 87.50 4.2817 
 88.00 4.2810 
 88.50 4.2804 
 89.00 4.2797 
 89.50 4.2790 
 90.00 4.2784 
 90.50 4.2777 
 91.00 4.2770 
 91.50 4.2763 
 92.00 4.2756 
 92.50 4.2749 
 93.00 4.2742 
 93.50 4.2736 
 94.00 4.2729 
 94.50 4.2723 
 95.00 4.2716 
 95.50 4.2710 
 96.00 4.2703 
 96.50 4.2696 
 97.00 4.2690 
 97.50 4.2684 
 98.00 4.2678 
 98.50 4.2672 
 99.00 4.2666 
 99.50 4.2660 
100.00 4.2654 
100.50 4.2648 
101.00 4.2642 
101.50 4.2637 
102.00 4.2632 
102.50 4.2626 
103.00 4.2621 
103.50 4.2616 
104.00 4.2611 
104.50 4.2606 
105.00 4.2600 
105.50 4.2596 
106.00 4.2591 
106.50 4.2587 
107.00 4.2583 
107.50 4.2579 
108.00 4.2574 
108.50 4.2570 
109.00 4.2566 
109.50 4.2562 
110.00 4.2559 
110.50 4.2555 
111.00 4.2552 
111.50 4.2548 
112.00 4.2545 
112.50 4.2542 
113.00 4.2538 
113.50 4.2535 
114.00 4.2533 
114.50 4.2530 
115.00 4.2528 
115.50 4.2526 
116.00 4.2524 
116.50 4.2522 
117.00 4.2520 
117.50 4.2517 
118.00 4.2516 
118.50 4.2515 
119.00 4.2514 
119.50 4.2513 
120.00 4.2512 
120.50 4.2511 
121.00 4.2509 
121.50 4.2508 
122.00 4.2508 
122.50 4.2509 
123.00 4.2509 
123.50 4.2509 
124.00 4.2510 
124.50 4.2510 
125.00 4.2510 
125.50 4.2511 
126.00 4.2512 
126.50 4.2513 
127.00 4.2515 
127.50 4.2517 
128.00 4.2519 
128.50 4.2521 
129.00 4.2523 
129.50 4.2524 
130.00 4.2526 
130.50 4.2530 
131.00 4.2533 
131.50 4.2536 
132.00 4.2539 
132.50 4.2543 
133.00 4.2546 
133.50 4.2549 
134.00 4.2553 
134.50 4.2557 
135.00 4.2562 
135.50 4.2567 
136.00 4.2572 
136.50 4.2577 
137.00 4.2582 
137.50 4.2587 
138.00 4.2592 
138.50 4.2598 
139.00 4.2605 
139.50 4.2611 
140.00 4.2618 
140.50 4.2625 
141.00 4.2632 
141.50 4.2638 
142.00 4.2645 
142.50 4.2652 
143.00 4.2661 
143.50 4.2669 
144.00 4.2678 
144.50 4.2687 
145.00 4.2695 
145.50 4.2704 
146.00 4.2713 
146.50 4.2721 
147.00 4.2732 
147.50 4.2743 
148.00 4.2754 
148.50 4.2764 
149.00 4.2775 
149.50 4.2786 
150.00 4.2796 
