  0.00 1.4776 
  0.50 1.8879 
  1.00 2.2982 
  1.50 3.3878 
  2.00 3.4008 
  2.50 3.4137 
  3.00 3.4260 
  3.50 3.4377 
  4.00 3.4494 
  4.50 3.4602 
  5.00 3.4707 
  5.50 3.4813 
  6.00 3.4908 
  6.50 3.5002 
  7.00 3.5096 
  7.50 3.5180 
  8.00 3.5263 
  8.50 3.5346 
  9.00 3.5421 
  9.50 3.5496 
 10.00 3.5568 
 10.50 3.5635 
 11.00 3.5702 
 11.50 3.5765 
 12.00 3.5826 
 12.50 3.5886 
 13.00 3.5942 
 13.50 3.5996 
 14.00 3.6050 
 14.50 3.6100 
 15.00 3.6149 
 15.50 3.6198 
 16.00 3.6243 
 16.50 3.6288 
 17.00 3.6333 
 17.50 3.6376 
 18.00 3.6418 
 18.50 3.6460 
 19.00 3.6500 
 19.50 3.6541 
 20.00 3.6581 
 20.50 3.6620 
 21.00 3.6660 
 21.50 3.6700 
 22.00 3.6740 
 22.50 3.6780 
 23.00 3.6820 
 23.50 3.6861 
 24.00 3.6902 
 24.50 3.6945 
 25.00 3.6988 
 25.50 3.7032 
 26.00 3.7078 
 26.50 3.7124 
 27.00 3.7172 
 27.50 3.7223 
 28.00 3.7273 
 28.50 3.7327 
 29.00 3.7382 
 29.50 3.7438 
 30.00 3.7498 
 30.50 3.7560 
 31.00 3.7622 
 31.50 3.7690 
 32.00 3.7759 
 32.50 3.7828 
 33.00 3.7906 
 33.50 3.7983 
 34.00 3.8062 
 34.50 3.8149 
 35.00 3.8236 
 35.50 3.8326 
 36.00 3.8423 
 36.50 3.8520 
 37.00 3.8622 
 37.50 3.8730 
 38.00 3.8838 
 38.50 3.8955 
 39.00 3.9075 
 39.50 3.9196 
 40.00 3.9327 
 40.50 3.9462 
 41.00 3.9596 
 41.50 3.9743 
 42.00 3.9891 
 42.50 4.1716 
 43.00 4.1780 
 43.50 4.1845 
 44.00 4.1909 
 44.50 4.1974 
 45.00 4.2039 
 45.50 4.2103 
 46.00 4.2168 
 46.50 4.2232 
 47.00 4.2287 
 47.50 4.2342 
 48.00 4.2397 
 48.50 4.2452 
 49.00 4.2507 
 49.50 4.2562 
 50.00 4.2618 
 50.50 4.2673 
 51.00 4.2719 
 51.50 4.2765 
 52.00 4.2810 
 52.50 4.2857 
 53.00 4.2902 
 53.50 4.2948 
 54.00 4.2994 
 54.50 4.3040 
 55.00 4.3079 
 55.50 4.3116 
 56.00 4.3153 
 56.50 4.3191 
 57.00 4.3228 
 57.50 4.3266 
 58.00 4.3304 
 58.50 4.3341 
 59.00 4.3373 
 59.50 4.3403 
 60.00 4.3433 
 60.50 4.3463 
 61.00 4.3493 
 61.50 4.3523 
 62.00 4.3553 
 62.50 4.3583 
 63.00 4.3608 
 63.50 4.3632 
 64.00 4.3655 
 64.50 4.3679 
 65.00 4.3702 
 65.50 4.3726 
 66.00 4.3749 
 66.50 4.3773 
 67.00 4.3793 
 67.50 4.3810 
 68.00 4.3828 
 68.50 4.3846 
 69.00 4.3864 
 69.50 4.3882 
 70.00 4.3900 
 70.50 4.3917 
 71.00 4.3932 
 71.50 4.3945 
 72.00 4.3958 
 72.50 4.3971 
 73.00 4.3984 
 73.50 4.3997 
 74.00 4.4010 
 74.50 4.4023 
 75.00 4.4033 
 75.50 4.4042 
 76.00 4.4051 
 76.50 4.4060 
 77.00 4.4069 
 77.50 4.4077 
 78.00 4.4086 
 78.50 4.4095 
 79.00 4.4102 
 79.50 4.4108 
 80.00 4.4114 
 80.50 4.4119 
 81.00 4.4125 
 81.50 4.4131 
 82.00 4.4136 
 82.50 4.4142 
 83.00 4.4147 
 83.50 4.4151 
 84.00 4.4154 
 84.50 4.4158 
 85.00 4.4161 
 85.50 4.4165 
 86.00 4.4168 
 86.50 4.4171 
 87.00 4.4174 
 87.50 4.4177 
 88.00 4.4178 
 88.50 4.4180 
 89.00 4.4182 
 89.50 4.4184 
 90.00 4.4186 
 90.50 4.4188 
 91.00 4.4190 
 91.50 4.4192 
 92.00 4.4193 
 92.50 4.4195 
 93.00 4.4196 
 93.50 4.4198 
 94.00 4.4199 
 94.50 4.4201 
 95.00 4.4202 
 95.50 4.4204 
 96.00 4.4205 
 96.50 4.4207 
 97.00 4.4209 
 97.50 4.4210 
 98.00 4.4212 
 98.50 4.4213 
 99.00 4.4215 
 99.50 4.4217 
100.00 4.4219 
100.50 4.4221 
101.00 4.4222 
101.50 4.4224 
102.00 4.4226 
102.50 4.4228 
103.00 4.4230 
103.50 4.4232 
104.00 4.4234 
104.50 4.4237 
105.00 4.4239 
105.50 4.4241 
106.00 4.4243 
106.50 4.4245 
107.00 4.4248 
107.50 4.4250 
108.00 4.4253 
108.50 4.4255 
109.00 4.4257 
109.50 4.4260 
110.00 4.4262 
110.50 4.4265 
111.00 4.4267 
111.50 4.4270 
112.00 4.4273 
112.50 4.4276 
113.00 4.4279 
113.50 4.4282 
114.00 4.4284 
114.50 4.4287 
115.00 4.4290 
115.50 4.4293 
116.00 4.4296 
116.50 4.4299 
117.00 4.4302 
117.50 4.4306 
118.00 4.4309 
118.50 4.4312 
119.00 4.4315 
119.50 4.4318 
120.00 4.4321 
120.50 4.4325 
121.00 4.4328 
121.50 4.4331 
122.00 4.4335 
122.50 4.4338 
123.00 4.4341 
123.50 4.4345 
124.00 4.4349 
124.50 4.4352 
125.00 4.4356 
125.50 4.4360 
126.00 4.4364 
126.50 4.4367 
127.00 4.4371 
127.50 4.4375 
128.00 4.4379 
128.50 4.4383 
129.00 4.4387 
129.50 4.4391 
130.00 4.4395 
130.50 4.4398 
131.00 4.4402 
131.50 4.4407 
132.00 4.4411 
132.50 4.4415 
133.00 4.4420 
133.50 4.4424 
134.00 4.4428 
134.50 4.4433 
135.00 4.4437 
135.50 4.4441 
136.00 4.4446 
136.50 4.4451 
137.00 4.4455 
137.50 4.4460 
138.00 4.4465 
138.50 4.4470 
139.00 4.4474 
139.50 4.4479 
140.00 4.4484 
140.50 4.4489 
141.00 4.4494 
141.50 4.4499 
142.00 4.4504 
142.50 4.4509 
143.00 4.4514 
143.50 4.4519 
144.00 4.4524 
144.50 4.4529 
145.00 4.4534 
145.50 4.4539 
146.00 4.4545 
146.50 4.4550 
147.00 4.4555 
147.50 4.4560 
148.00 4.4566 
148.50 4.4571 
149.00 4.4577 
149.50 4.4582 
150.00 4.4588 
