  0.00 1.6555 
  0.50 2.2446 
  1.00 3.3693 
  1.50 3.3770 
  2.00 3.3848 
  2.50 3.3925 
  3.00 3.3994 
  3.50 3.4061 
  4.00 3.4129 
  4.50 3.4189 
  5.00 3.4247 
  5.50 3.4304 
  6.00 3.4357 
  6.50 3.4407 
  7.00 3.4456 
  7.50 3.4502 
  8.00 3.4545 
  8.50 3.4587 
  9.00 3.4627 
  9.50 3.4663 
 10.00 3.4698 
 10.50 3.4733 
 11.00 3.4763 
 11.50 3.4793 
 12.00 3.4823 
 12.50 3.4849 
 13.00 3.4875 
 13.50 3.4901 
 14.00 3.4924 
 14.50 3.4947 
 15.00 3.4969 
 15.50 3.4990 
 16.00 3.5011 
 16.50 3.5031 
 17.00 3.5051 
 17.50 3.5070 
 18.00 3.5089 
 18.50 3.5107 
 19.00 3.5126 
 19.50 3.5144 
 20.00 3.5163 
 20.50 3.5183 
 21.00 3.5203 
 21.50 3.5223 
 22.00 3.5244 
 22.50 3.5266 
 23.00 3.5287 
 23.50 3.5311 
 24.00 3.5336 
 24.50 3.5360 
 25.00 3.5387 
 25.50 3.5415 
 26.00 3.5443 
 26.50 3.5475 
 27.00 3.5508 
 27.50 3.5541 
 28.00 3.5578 
 28.50 3.5616 
 29.00 3.5655 
 29.50 3.5697 
 30.00 3.5742 
 30.50 3.5788 
 31.00 3.5837 
 31.50 3.5890 
 32.00 3.5944 
 32.50 3.6000 
 33.00 3.6063 
 33.50 3.6125 
 34.00 3.6188 
 34.50 3.6261 
 35.00 3.6334 
 35.50 3.6406 
 36.00 3.6489 
 36.50 3.6572 
 37.00 3.6656 
 37.50 3.6749 
 38.00 3.6845 
 38.50 3.6940 
 39.00 3.7044 
 39.50 3.7153 
 40.00 3.7262 
 40.50 3.7378 
 41.00 3.7501 
 41.50 3.7624 
 42.00 3.7752 
 42.50 3.7890 
 43.00 3.8027 
 43.50 3.8169 
 44.00 3.8323 
 44.50 3.8477 
 45.00 3.8633 
 45.50 3.8803 
 46.00 3.8973 
 46.50 3.9143 
 47.00 4.2612 
 47.50 4.2644 
 48.00 4.2675 
 48.50 4.2706 
 49.00 4.2737 
 49.50 4.2769 
 50.00 4.2800 
 50.50 4.2830 
 51.00 4.2854 
 51.50 4.2878 
 52.00 4.2902 
 52.50 4.2926 
 53.00 4.2950 
 53.50 4.2974 
 54.00 4.2998 
 54.50 4.3021 
 55.00 4.3038 
 55.50 4.3056 
 56.00 4.3073 
 56.50 4.3090 
 57.00 4.3107 
 57.50 4.3125 
 58.00 4.3142 
 58.50 4.3157 
 59.00 4.3168 
 59.50 4.3180 
 60.00 4.3191 
 60.50 4.3202 
 61.00 4.3214 
 61.50 4.3225 
 62.00 4.3236 
 62.50 4.3245 
 63.00 4.3251 
 63.50 4.3258 
 64.00 4.3264 
 64.50 4.3270 
 65.00 4.3277 
 65.50 4.3283 
 66.00 4.3289 
 66.50 4.3293 
 67.00 4.3295 
 67.50 4.3297 
 68.00 4.3299 
 68.50 4.3301 
 69.00 4.3303 
 69.50 4.3305 
 70.00 4.3308 
 70.50 4.3307 
 71.00 4.3306 
 71.50 4.3304 
 72.00 4.3303 
 72.50 4.3301 
 73.00 4.3300 
 73.50 4.3299 
 74.00 4.3297 
 74.50 4.3294 
 75.00 4.3290 
 75.50 4.3286 
 76.00 4.3282 
 76.50 4.3278 
 77.00 4.3274 
 77.50 4.3270 
 78.00 4.3266 
 78.50 4.3260 
 79.00 4.3255 
 79.50 4.3249 
 80.00 4.3243 
 80.50 4.3237 
 81.00 4.3232 
 81.50 4.3226 
 82.00 4.3220 
 82.50 4.3213 
 83.00 4.3207 
 83.50 4.3200 
 84.00 4.3194 
 84.50 4.3187 
 85.00 4.3181 
 85.50 4.3174 
 86.00 4.3167 
 86.50 4.3161 
 87.00 4.3154 
 87.50 4.3148 
 88.00 4.3141 
 88.50 4.3134 
 89.00 4.3128 
 89.50 4.3121 
 90.00 4.3115 
 90.50 4.3109 
 91.00 4.3103 
 91.50 4.3097 
 92.00 4.3091 
 92.50 4.3085 
 93.00 4.3079 
 93.50 4.3073 
 94.00 4.3068 
 94.50 4.3063 
 95.00 4.3059 
 95.50 4.3054 
 96.00 4.3050 
 96.50 4.3045 
 97.00 4.3041 
 97.50 4.3037 
 98.00 4.3034 
 98.50 4.3031 
 99.00 4.3029 
 99.50 4.3027 
100.00 4.3025 
100.50 4.3023 
101.00 4.3021 
101.50 4.3018 
102.00 4.3018 
102.50 4.3018 
103.00 4.3018 
103.50 4.3018 
104.00 4.3019 
104.50 4.3019 
105.00 4.3019 
105.50 4.3019 
106.00 4.3021 
106.50 4.3023 
107.00 4.3025 
107.50 4.3027 
108.00 4.3030 
108.50 4.3032 
109.00 4.3034 
109.50 4.3036 
110.00 4.3040 
110.50 4.3045 
111.00 4.3049 
111.50 4.3053 
112.00 4.3057 
112.50 4.3061 
113.00 4.3065 
113.50 4.3070 
114.00 4.3076 
114.50 4.3082 
115.00 4.3088 
115.50 4.3094 
116.00 4.3101 
116.50 4.3107 
117.00 4.3113 
117.50 4.3119 
118.00 4.3127 
118.50 4.3135 
119.00 4.3143 
119.50 4.3150 
120.00 4.3158 
120.50 4.3166 
121.00 4.3174 
121.50 4.3182 
122.00 4.3191 
122.50 4.3200 
123.00 4.3210 
123.50 4.3219 
124.00 4.3228 
124.50 4.3238 
125.00 4.3247 
125.50 4.3257 
126.00 4.3268 
126.50 4.3278 
127.00 4.3289 
127.50 4.3300 
128.00 4.3311 
128.50 4.3322 
129.00 4.3332 
129.50 4.3344 
130.00 4.3356 
130.50 4.3368 
131.00 4.3380 
131.50 4.3392 
132.00 4.3404 
132.50 4.3416 
133.00 4.3428 
133.50 4.3441 
134.00 4.3454 
134.50 4.3467 
135.00 4.3480 
135.50 4.3494 
136.00 4.3507 
136.50 4.3520 
137.00 4.3533 
137.50 4.3547 
138.00 4.3561 
138.50 4.3575 
139.00 4.3590 
139.50 4.3604 
140.00 4.3618 
140.50 4.3632 
141.00 4.3646 
141.50 4.3661 
142.00 4.3676 
142.50 4.3691 
143.00 4.3707 
143.50 4.3722 
144.00 4.3737 
144.50 4.3752 
145.00 4.3767 
145.50 4.3783 
146.00 4.3799 
146.50 4.3814 
147.00 4.3830 
147.50 4.3846 
148.00 4.3862 
148.50 4.3877 
149.00 4.3893 
149.50 4.3910 
150.00 4.3926 
