  0.00 1.4813 
  0.50 1.8043 
  1.00 2.1274 
  1.50 2.4504 
  2.00 3.4219 
  2.50 3.4360 
  3.00 3.4501 
  3.50 3.4636 
  4.00 3.4764 
  4.50 3.4892 
  5.00 3.5013 
  5.50 3.5127 
  6.00 3.5242 
  6.50 3.5349 
  7.00 3.5452 
  7.50 3.5555 
  8.00 3.5650 
  8.50 3.5742 
  9.00 3.5834 
  9.50 3.5918 
 10.00 3.6000 
 10.50 3.6082 
 11.00 3.6156 
 11.50 3.6229 
 12.00 3.6301 
 12.50 3.6367 
 13.00 3.6431 
 13.50 3.6495 
 14.00 3.6554 
 14.50 3.6611 
 15.00 3.6668 
 15.50 3.6720 
 16.00 3.6771 
 16.50 3.6822 
 17.00 3.6868 
 17.50 3.6914 
 18.00 3.6959 
 18.50 3.7001 
 19.00 3.7043 
 19.50 3.7084 
 20.00 3.7123 
 20.50 3.7161 
 21.00 3.7200 
 21.50 3.7236 
 22.00 3.7272 
 22.50 3.7308 
 23.00 3.7344 
 23.50 3.7379 
 24.00 3.7414 
 24.50 3.7449 
 25.00 3.7483 
 25.50 3.7519 
 26.00 3.7554 
 26.50 3.7590 
 27.00 3.7626 
 27.50 3.7663 
 28.00 3.7701 
 28.50 3.7739 
 29.00 3.7779 
 29.50 3.7820 
 30.00 3.7861 
 30.50 3.7905 
 31.00 3.7948 
 31.50 3.7994 
 32.00 3.8043 
 32.50 3.8092 
 33.00 3.8143 
 33.50 3.8197 
 34.00 3.8252 
 34.50 3.8309 
 35.00 3.8370 
 35.50 3.8431 
 36.00 3.8496 
 36.50 3.8565 
 37.00 3.8634 
 37.50 3.8708 
 38.00 3.8785 
 38.50 3.8862 
 39.00 3.8946 
 39.50 3.9033 
 40.00 3.9120 
 40.50 3.9215 
 41.00 3.9313 
 41.50 3.9410 
 42.00 3.9517 
 42.50 3.9626 
 43.00 3.9736 
 43.50 3.9854 
 44.00 3.9975 
 44.50 4.0096 
 45.00 4.5048 
 45.50 4.5043 
 46.00 4.5039 
 46.50 4.5035 
 47.00 4.5030 
 47.50 4.5026 
 48.00 4.5022 
 48.50 4.5018 
 49.00 4.5012 
 49.50 4.5007 
 50.00 4.5002 
 50.50 4.4996 
 51.00 4.4991 
 51.50 4.4986 
 52.00 4.4980 
 52.50 4.4975 
 53.00 4.4969 
 53.50 4.4963 
 54.00 4.4957 
 54.50 4.4951 
 55.00 4.4945 
 55.50 4.4939 
 56.00 4.4933 
 56.50 4.4927 
 57.00 4.4920 
 57.50 4.4914 
 58.00 4.4907 
 58.50 4.4901 
 59.00 4.4894 
 59.50 4.4888 
 60.00 4.4881 
 60.50 4.4874 
 61.00 4.4868 
 61.50 4.4861 
 62.00 4.4855 
 62.50 4.4848 
 63.00 4.4841 
 63.50 4.4835 
 64.00 4.4828 
 64.50 4.4821 
 65.00 4.4815 
 65.50 4.4808 
 66.00 4.4801 
 66.50 4.4794 
 67.00 4.4787 
 67.50 4.4781 
 68.00 4.4774 
 68.50 4.4767 
 69.00 4.4761 
 69.50 4.4754 
 70.00 4.4748 
 70.50 4.4741 
 71.00 4.4735 
 71.50 4.4729 
 72.00 4.4722 
 72.50 4.4716 
 73.00 4.4710 
 73.50 4.4704 
 74.00 4.4698 
 74.50 4.4692 
 75.00 4.4686 
 75.50 4.4680 
 76.00 4.4674 
 76.50 4.4668 
 77.00 4.4663 
 77.50 4.4657 
 78.00 4.4652 
 78.50 4.4647 
 79.00 4.4642 
 79.50 4.4637 
 80.00 4.4632 
 80.50 4.4627 
 81.00 4.4623 
 81.50 4.4618 
 82.00 4.4614 
 82.50 4.4610 
 83.00 4.4606 
 83.50 4.4602 
 84.00 4.4598 
 84.50 4.4594 
 85.00 4.4591 
 85.50 4.4588 
 86.00 4.4585 
 86.50 4.4582 
 87.00 4.4579 
 87.50 4.4576 
 88.00 4.4573 
 88.50 4.4570 
 89.00 4.4568 
 89.50 4.4567 
 90.00 4.4566 
 90.50 4.4564 
 91.00 4.4563 
 91.50 4.4562 
 92.00 4.4560 
 92.50 4.4559 
 93.00 4.4559 
 93.50 4.4559 
 94.00 4.4560 
 94.50 4.4560 
 95.00 4.4560 
 95.50 4.4561 
 96.00 4.4561 
 96.50 4.4561 
 97.00 4.4564 
 97.50 4.4566 
 98.00 4.4568 
 98.50 4.4570 
 99.00 4.4572 
 99.50 4.4574 
100.00 4.4576 
100.50 4.4579 
101.00 4.4583 
101.50 4.4587 
102.00 4.4591 
102.50 4.4595 
103.00 4.4599 
103.50 4.4603 
104.00 4.4607 
104.50 4.4611 
105.00 4.4617 
105.50 4.4623 
106.00 4.4628 
106.50 4.4634 
107.00 4.4639 
107.50 4.4645 
108.00 4.4650 
108.50 4.4656 
109.00 4.4663 
109.50 4.4670 
110.00 4.4677 
110.50 4.4684 
111.00 4.4691 
111.50 4.4698 
112.00 4.4705 
112.50 4.4713 
113.00 4.4721 
113.50 4.4729 
114.00 4.4737 
114.50 4.4746 
115.00 4.4754 
115.50 4.4762 
116.00 4.4771 
116.50 4.4779 
117.00 4.4789 
117.50 4.4798 
118.00 4.4807 
118.50 4.4816 
119.00 4.4826 
119.50 4.4835 
120.00 4.4844 
120.50 4.4854 
121.00 4.4864 
121.50 4.4874 
122.00 4.4885 
122.50 4.4895 
123.00 4.4905 
123.50 4.4916 
124.00 4.4926 
124.50 4.4936 
125.00 4.4947 
125.50 4.4958 
126.00 4.4969 
126.50 4.4980 
127.00 4.4991 
127.50 4.5002 
128.00 4.5013 
128.50 4.5024 
129.00 4.5035 
129.50 4.5047 
130.00 4.5058 
130.50 4.5070 
131.00 4.5081 
131.50 4.5093 
132.00 4.5104 
132.50 4.5116 
133.00 4.5127 
133.50 4.5139 
134.00 4.5151 
134.50 4.5163 
135.00 4.5175 
135.50 4.5186 
136.00 4.5198 
136.50 4.5210 
137.00 4.5222 
137.50 4.5234 
138.00 4.5246 
138.50 4.5258 
139.00 4.5270 
139.50 4.5282 
140.00 4.5293 
140.50 4.5305 
141.00 4.5317 
141.50 4.5330 
142.00 4.5342 
142.50 4.5354 
143.00 4.5366 
143.50 4.5378 
144.00 4.5390 
144.50 4.5402 
145.00 4.5413 
145.50 4.5425 
146.00 4.5437 
146.50 4.5448 
147.00 4.5460 
147.50 4.5472 
148.00 4.5483 
148.50 4.5495 
149.00 4.5506 
149.50 4.5518 
150.00 4.5529 
