  0.00 1.5981 
  0.50 2.0556 
  1.00 3.3177 
  1.50 3.3357 
  2.00 3.3537 
  2.50 3.3714 
  3.00 3.3876 
  3.50 3.4038 
  4.00 3.4194 
  4.50 3.4338 
  5.00 3.4482 
  5.50 3.4618 
  6.00 3.4745 
  6.50 3.4872 
  7.00 3.4989 
  7.50 3.5102 
  8.00 3.5214 
  8.50 3.5314 
  9.00 3.5413 
  9.50 3.5511 
 10.00 3.5596 
 10.50 3.5682 
 11.00 3.5766 
 11.50 3.5840 
 12.00 3.5914 
 12.50 3.5985 
 13.00 3.6050 
 13.50 3.6113 
 14.00 3.6174 
 14.50 3.6229 
 15.00 3.6285 
 15.50 3.6336 
 16.00 3.6384 
 16.50 3.6432 
 17.00 3.6476 
 17.50 3.6518 
 18.00 3.6560 
 18.50 3.6598 
 19.00 3.6635 
 19.50 3.6672 
 20.00 3.6706 
 20.50 3.6740 
 21.00 3.6773 
 21.50 3.6805 
 22.00 3.6837 
 22.50 3.6869 
 23.00 3.6900 
 23.50 3.6932 
 24.00 3.6963 
 24.50 3.6995 
 25.00 3.7027 
 25.50 3.7060 
 26.00 3.7094 
 26.50 3.7128 
 27.00 3.7165 
 27.50 3.7201 
 28.00 3.7238 
 28.50 3.7280 
 29.00 3.7321 
 29.50 3.7364 
 30.00 3.7411 
 30.50 3.7459 
 31.00 3.7509 
 31.50 3.7563 
 32.00 3.7618 
 32.50 3.7677 
 33.00 3.7740 
 33.50 3.7804 
 34.00 3.7873 
 34.50 3.7946 
 35.00 3.8020 
 35.50 3.8102 
 36.00 3.8187 
 36.50 3.8272 
 37.00 3.8367 
 37.50 3.8464 
 38.00 3.8562 
 38.50 3.8674 
 39.00 3.8785 
 39.50 3.8900 
 40.00 3.9026 
 40.50 3.9151 
 41.00 3.9284 
 41.50 3.9426 
 42.00 3.9567 
 42.50 4.2298 
 43.00 4.2334 
 43.50 4.2370 
 44.00 4.2406 
 44.50 4.2442 
 45.00 4.2478 
 45.50 4.2514 
 46.00 4.2549 
 46.50 4.2583 
 47.00 4.2613 
 47.50 4.2643 
 48.00 4.2674 
 48.50 4.2704 
 49.00 4.2735 
 49.50 4.2765 
 50.00 4.2795 
 50.50 4.2824 
 51.00 4.2849 
 51.50 4.2874 
 52.00 4.2899 
 52.50 4.2925 
 53.00 4.2950 
 53.50 4.2975 
 54.00 4.3000 
 54.50 4.3024 
 55.00 4.3045 
 55.50 4.3065 
 56.00 4.3086 
 56.50 4.3106 
 57.00 4.3127 
 57.50 4.3147 
 58.00 4.3168 
 58.50 4.3187 
 59.00 4.3204 
 59.50 4.3220 
 60.00 4.3236 
 60.50 4.3252 
 61.00 4.3268 
 61.50 4.3285 
 62.00 4.3301 
 62.50 4.3316 
 63.00 4.3329 
 63.50 4.3341 
 64.00 4.3354 
 64.50 4.3366 
 65.00 4.3378 
 65.50 4.3391 
 66.00 4.3403 
 66.50 4.3415 
 67.00 4.3424 
 67.50 4.3433 
 68.00 4.3442 
 68.50 4.3451 
 69.00 4.3460 
 69.50 4.3469 
 70.00 4.3478 
 70.50 4.3487 
 71.00 4.3494 
 71.50 4.3500 
 72.00 4.3506 
 72.50 4.3512 
 73.00 4.3518 
 73.50 4.3525 
 74.00 4.3531 
 74.50 4.3537 
 75.00 4.3541 
 75.50 4.3545 
 76.00 4.3549 
 76.50 4.3553 
 77.00 4.3556 
 77.50 4.3560 
 78.00 4.3564 
 78.50 4.3568 
 79.00 4.3570 
 79.50 4.3572 
 80.00 4.3574 
 80.50 4.3576 
 81.00 4.3578 
 81.50 4.3580 
 82.00 4.3582 
 82.50 4.3583 
 83.00 4.3584 
 83.50 4.3585 
 84.00 4.3585 
 84.50 4.3585 
 85.00 4.3586 
 85.50 4.3586 
 86.00 4.3586 
 86.50 4.3587 
 87.00 4.3587 
 87.50 4.3586 
 88.00 4.3585 
 88.50 4.3585 
 89.00 4.3584 
 89.50 4.3584 
 90.00 4.3583 
 90.50 4.3582 
 91.00 4.3581 
 91.50 4.3580 
 92.00 4.3579 
 92.50 4.3578 
 93.00 4.3576 
 93.50 4.3575 
 94.00 4.3574 
 94.50 4.3573 
 95.00 4.3571 
 95.50 4.3570 
 96.00 4.3569 
 96.50 4.3568 
 97.00 4.3567 
 97.50 4.3565 
 98.00 4.3564 
 98.50 4.3563 
 99.00 4.3562 
 99.50 4.3560 
100.00 4.3559 
100.50 4.3558 
101.00 4.3557 
101.50 4.3556 
102.00 4.3554 
102.50 4.3553 
103.00 4.3552 
103.50 4.3551 
104.00 4.3550 
104.50 4.3548 
105.00 4.3547 
105.50 4.3546 
106.00 4.3545 
106.50 4.3544 
107.00 4.3543 
107.50 4.3542 
108.00 4.3541 
108.50 4.3540 
109.00 4.3539 
109.50 4.3538 
110.00 4.3537 
110.50 4.3536 
111.00 4.3535 
111.50 4.3534 
112.00 4.3534 
112.50 4.3533 
113.00 4.3533 
113.50 4.3532 
114.00 4.3531 
114.50 4.3531 
115.00 4.3530 
115.50 4.3530 
116.00 4.3529 
116.50 4.3529 
117.00 4.3529 
117.50 4.3528 
118.00 4.3528 
118.50 4.3527 
119.00 4.3527 
119.50 4.3527 
120.00 4.3527 
120.50 4.3527 
121.00 4.3528 
121.50 4.3528 
122.00 4.3528 
122.50 4.3528 
123.00 4.3528 
123.50 4.3528 
124.00 4.3529 
124.50 4.3529 
125.00 4.3530 
125.50 4.3530 
126.00 4.3531 
126.50 4.3531 
127.00 4.3532 
127.50 4.3533 
128.00 4.3534 
128.50 4.3535 
129.00 4.3536 
129.50 4.3537 
130.00 4.3538 
130.50 4.3539 
131.00 4.3540 
131.50 4.3542 
132.00 4.3544 
132.50 4.3546 
133.00 4.3548 
133.50 4.3549 
134.00 4.3551 
134.50 4.3553 
135.00 4.3555 
135.50 4.3557 
136.00 4.3560 
136.50 4.3562 
137.00 4.3565 
137.50 4.3567 
138.00 4.3570 
138.50 4.3572 
139.00 4.3575 
139.50 4.3577 
140.00 4.3581 
140.50 4.3584 
141.00 4.3587 
141.50 4.3591 
142.00 4.3594 
142.50 4.3597 
143.00 4.3601 
143.50 4.3604 
144.00 4.3608 
144.50 4.3613 
145.00 4.3617 
145.50 4.3621 
146.00 4.3625 
146.50 4.3629 
147.00 4.3634 
147.50 4.3638 
148.00 4.3643 
148.50 4.3648 
149.00 4.3653 
149.50 4.3658 
150.00 4.3663 
