  0.00 1.6845 
  0.50 2.0652 
  1.00 2.4458 
  1.50 3.3084 
  2.00 3.3263 
  2.50 3.3443 
  3.00 3.3611 
  3.50 3.3772 
  4.00 3.3934 
  4.50 3.4083 
  5.00 3.4228 
  5.50 3.4372 
  6.00 3.4504 
  6.50 3.4632 
  7.00 3.4760 
  7.50 3.4875 
  8.00 3.4988 
  8.50 3.5101 
  9.00 3.5202 
  9.50 3.5302 
 10.00 3.5402 
 10.50 3.5490 
 11.00 3.5577 
 11.50 3.5664 
 12.00 3.5740 
 12.50 3.5816 
 13.00 3.5892 
 13.50 3.5958 
 14.00 3.6024 
 14.50 3.6090 
 15.00 3.6147 
 15.50 3.6205 
 16.00 3.6262 
 16.50 3.6312 
 17.00 3.6362 
 17.50 3.6411 
 18.00 3.6456 
 18.50 3.6501 
 19.00 3.6545 
 19.50 3.6584 
 20.00 3.6624 
 20.50 3.6663 
 21.00 3.6699 
 21.50 3.6736 
 22.00 3.6772 
 22.50 3.6806 
 23.00 3.6840 
 23.50 3.6874 
 24.00 3.6907 
 24.50 3.6941 
 25.00 3.6974 
 25.50 3.7008 
 26.00 3.7042 
 26.50 3.7077 
 27.00 3.7113 
 27.50 3.7149 
 28.00 3.7186 
 28.50 3.7225 
 29.00 3.7263 
 29.50 3.7305 
 30.00 3.7348 
 30.50 3.7390 
 31.00 3.7437 
 31.50 3.7486 
 32.00 3.7534 
 32.50 3.7588 
 33.00 3.7643 
 33.50 3.7699 
 34.00 3.7760 
 34.50 3.7823 
 35.00 3.7887 
 35.50 3.7958 
 36.00 3.8031 
 36.50 3.8104 
 37.00 3.8187 
 37.50 3.8270 
 38.00 3.8353 
 38.50 3.8448 
 39.00 3.8544 
 39.50 3.8639 
 40.00 3.8748 
 40.50 3.8857 
 41.00 3.8967 
 41.50 3.9090 
 42.00 3.9213 
 42.50 3.9338 
 43.00 3.9476 
 43.50 3.9614 
 44.00 4.1643 
 44.50 4.1698 
 45.00 4.1753 
 45.50 4.1808 
 46.00 4.1863 
 46.50 4.1918 
 47.00 4.1973 
 47.50 4.2028 
 48.00 4.2082 
 48.50 4.2129 
 49.00 4.2175 
 49.50 4.2222 
 50.00 4.2269 
 50.50 4.2316 
 51.00 4.2362 
 51.50 4.2409 
 52.00 4.2454 
 52.50 4.2493 
 53.00 4.2531 
 53.50 4.2570 
 54.00 4.2608 
 54.50 4.2646 
 55.00 4.2685 
 55.50 4.2724 
 56.00 4.2761 
 56.50 4.2792 
 57.00 4.2823 
 57.50 4.2855 
 58.00 4.2886 
 58.50 4.2917 
 59.00 4.2949 
 59.50 4.2980 
 60.00 4.3010 
 60.50 4.3036 
 61.00 4.3061 
 61.50 4.3086 
 62.00 4.3111 
 62.50 4.3136 
 63.00 4.3161 
 63.50 4.3186 
 64.00 4.3210 
 64.50 4.3230 
 65.00 4.3249 
 65.50 4.3269 
 66.00 4.3288 
 66.50 4.3308 
 67.00 4.3327 
 67.50 4.3347 
 68.00 4.3365 
 68.50 4.3380 
 69.00 4.3395 
 69.50 4.3410 
 70.00 4.3425 
 70.50 4.3440 
 71.00 4.3455 
 71.50 4.3469 
 72.00 4.3484 
 72.50 4.3495 
 73.00 4.3506 
 73.50 4.3517 
 74.00 4.3528 
 74.50 4.3539 
 75.00 4.3551 
 75.50 4.3562 
 76.00 4.3572 
 76.50 4.3581 
 77.00 4.3589 
 77.50 4.3597 
 78.00 4.3605 
 78.50 4.3613 
 79.00 4.3622 
 79.50 4.3630 
 80.00 4.3638 
 80.50 4.3644 
 81.00 4.3650 
 81.50 4.3656 
 82.00 4.3662 
 82.50 4.3669 
 83.00 4.3675 
 83.50 4.3681 
 84.00 4.3687 
 84.50 4.3692 
 85.00 4.3697 
 85.50 4.3702 
 86.00 4.3707 
 86.50 4.3712 
 87.00 4.3717 
 87.50 4.3722 
 88.00 4.3727 
 88.50 4.3731 
 89.00 4.3736 
 89.50 4.3741 
 90.00 4.3745 
 90.50 4.3750 
 91.00 4.3754 
 91.50 4.3759 
 92.00 4.3764 
 92.50 4.3769 
 93.00 4.3774 
 93.50 4.3780 
 94.00 4.3785 
 94.50 4.3790 
 95.00 4.3795 
 95.50 4.3800 
 96.00 4.3806 
 96.50 4.3812 
 97.00 4.3819 
 97.50 4.3825 
 98.00 4.3831 
 98.50 4.3838 
 99.00 4.3844 
 99.50 4.3850 
100.00 4.3857 
100.50 4.3865 
101.00 4.3872 
101.50 4.3880 
102.00 4.3887 
102.50 4.3895 
103.00 4.3903 
103.50 4.3910 
104.00 4.3918 
104.50 4.3926 
105.00 4.3935 
105.50 4.3944 
106.00 4.3952 
106.50 4.3960 
107.00 4.3969 
107.50 4.3978 
108.00 4.3986 
108.50 4.3995 
109.00 4.4005 
109.50 4.4014 
110.00 4.4024 
110.50 4.4033 
111.00 4.4042 
111.50 4.4052 
112.00 4.4061 
112.50 4.4071 
113.00 4.4081 
113.50 4.4092 
114.00 4.4102 
114.50 4.4112 
115.00 4.4122 
115.50 4.4132 
116.00 4.4142 
116.50 4.4153 
117.00 4.4163 
117.50 4.4174 
118.00 4.4184 
118.50 4.4195 
119.00 4.4205 
119.50 4.4216 
120.00 4.4226 
120.50 4.4237 
121.00 4.4247 
121.50 4.4258 
122.00 4.4268 
122.50 4.4279 
123.00 4.4290 
123.50 4.4300 
124.00 4.4311 
124.50 4.4322 
125.00 4.4333 
125.50 4.4344 
126.00 4.4355 
126.50 4.4365 
127.00 4.4376 
127.50 4.4387 
128.00 4.4398 
128.50 4.4409 
129.00 4.4419 
129.50 4.4430 
130.00 4.4440 
130.50 4.4451 
131.00 4.4462 
131.50 4.4472 
132.00 4.4483 
132.50 4.4493 
133.00 4.4504 
133.50 4.4514 
134.00 4.4524 
134.50 4.4535 
135.00 4.4545 
135.50 4.4555 
136.00 4.4566 
136.50 4.4576 
137.00 4.4585 
137.50 4.4595 
138.00 4.4605 
138.50 4.4615 
139.00 4.4625 
139.50 4.4635 
140.00 4.4645 
140.50 4.4654 
141.00 4.4663 
141.50 4.4672 
142.00 4.4682 
142.50 4.4691 
143.00 4.4700 
143.50 4.4709 
144.00 4.4719 
144.50 4.4727 
145.00 4.4735 
145.50 4.4743 
146.00 4.4752 
146.50 4.4760 
147.00 4.4768 
147.50 4.4776 
148.00 4.4784 
148.50 4.4792 
149.00 4.4799 
149.50 4.4806 
150.00 4.4813 
