  0.00 1.6789 
  0.50 2.1213 
  1.00 2.5638 
  1.50 3.3384 
  2.00 3.3540 
  2.50 3.3696 
  3.00 3.3845 
  3.50 3.3987 
  4.00 3.4129 
  4.50 3.4263 
  5.00 3.4391 
  5.50 3.4519 
  6.00 3.4640 
  6.50 3.4754 
  7.00 3.4869 
  7.50 3.4977 
  8.00 3.5080 
  8.50 3.5182 
  9.00 3.5280 
  9.50 3.5371 
 10.00 3.5463 
 10.50 3.5550 
 11.00 3.5631 
 11.50 3.5712 
 12.00 3.5789 
 12.50 3.5862 
 13.00 3.5935 
 13.50 3.6004 
 14.00 3.6069 
 14.50 3.6133 
 15.00 3.6195 
 15.50 3.6254 
 16.00 3.6312 
 16.50 3.6368 
 17.00 3.6420 
 17.50 3.6473 
 18.00 3.6524 
 18.50 3.6571 
 19.00 3.6619 
 19.50 3.6665 
 20.00 3.6710 
 20.50 3.6754 
 21.00 3.6797 
 21.50 3.6839 
 22.00 3.6881 
 22.50 3.6922 
 23.00 3.6963 
 23.50 3.7004 
 24.00 3.7044 
 24.50 3.7084 
 25.00 3.7125 
 25.50 3.7165 
 26.00 3.7206 
 26.50 3.7247 
 27.00 3.7288 
 27.50 3.7331 
 28.00 3.7373 
 28.50 3.7417 
 29.00 3.7463 
 29.50 3.7509 
 30.00 3.7555 
 30.50 3.7605 
 31.00 3.7655 
 31.50 3.7706 
 32.00 3.7761 
 32.50 3.7816 
 33.00 3.7872 
 33.50 3.7933 
 34.00 3.7994 
 34.50 3.8056 
 35.00 3.8124 
 35.50 3.8192 
 36.00 3.8262 
 36.50 3.8338 
 37.00 3.8415 
 37.50 3.8493 
 38.00 3.8579 
 38.50 3.8665 
 39.00 3.8752 
 39.50 3.8848 
 40.00 3.8944 
 40.50 3.9042 
 41.00 3.9150 
 41.50 3.9258 
 42.00 3.9367 
 42.50 3.9487 
 43.00 3.9608 
 43.50 3.9729 
 44.00 3.9863 
 44.50 3.9996 
 45.00 4.1662 
 45.50 4.1738 
 46.00 4.1813 
 46.50 4.1888 
 47.00 4.1964 
 47.50 4.2039 
 48.00 4.2114 
 48.50 4.2190 
 49.00 4.2263 
 49.50 4.2329 
 50.00 4.2394 
 50.50 4.2459 
 51.00 4.2525 
 51.50 4.2590 
 52.00 4.2656 
 52.50 4.2721 
 53.00 4.2784 
 53.50 4.2840 
 54.00 4.2896 
 54.50 4.2951 
 55.00 4.3007 
 55.50 4.3063 
 56.00 4.3118 
 56.50 4.3174 
 57.00 4.3228 
 57.50 4.3275 
 58.00 4.3322 
 58.50 4.3369 
 59.00 4.3416 
 59.50 4.3463 
 60.00 4.3510 
 60.50 4.3557 
 61.00 4.3601 
 61.50 4.3641 
 62.00 4.3680 
 62.50 4.3719 
 63.00 4.3758 
 63.50 4.3798 
 64.00 4.3837 
 64.50 4.3876 
 65.00 4.3913 
 65.50 4.3945 
 66.00 4.3977 
 66.50 4.4009 
 67.00 4.4041 
 67.50 4.4074 
 68.00 4.4106 
 68.50 4.4138 
 69.00 4.4168 
 69.50 4.4194 
 70.00 4.4220 
 70.50 4.4246 
 71.00 4.4272 
 71.50 4.4298 
 72.00 4.4324 
 72.50 4.4350 
 73.00 4.4374 
 73.50 4.4395 
 74.00 4.4416 
 74.50 4.4437 
 75.00 4.4458 
 75.50 4.4479 
 76.00 4.4500 
 76.50 4.4521 
 77.00 4.4539 
 77.50 4.4556 
 78.00 4.4572 
 78.50 4.4589 
 79.00 4.4605 
 79.50 4.4622 
 80.00 4.4638 
 80.50 4.4655 
 81.00 4.4669 
 81.50 4.4683 
 82.00 4.4696 
 82.50 4.4709 
 83.00 4.4722 
 83.50 4.4735 
 84.00 4.4749 
 84.50 4.4762 
 85.00 4.4774 
 85.50 4.4784 
 86.00 4.4795 
 86.50 4.4806 
 87.00 4.4816 
 87.50 4.4827 
 88.00 4.4838 
 88.50 4.4848 
 89.00 4.4858 
 89.50 4.4867 
 90.00 4.4876 
 90.50 4.4885 
 91.00 4.4893 
 91.50 4.4902 
 92.00 4.4911 
 92.50 4.4920 
 93.00 4.4929 
 93.50 4.4937 
 94.00 4.4945 
 94.50 4.4953 
 95.00 4.4961 
 95.50 4.4970 
 96.00 4.4978 
 96.50 4.4986 
 97.00 4.4994 
 97.50 4.5002 
 98.00 4.5011 
 98.50 4.5019 
 99.00 4.5027 
 99.50 4.5035 
100.00 4.5043 
100.50 4.5051 
101.00 4.5060 
101.50 4.5068 
102.00 4.5076 
102.50 4.5084 
103.00 4.5092 
103.50 4.5100 
104.00 4.5109 
104.50 4.5117 
105.00 4.5125 
105.50 4.5133 
106.00 4.5141 
106.50 4.5149 
107.00 4.5157 
107.50 4.5165 
108.00 4.5173 
108.50 4.5181 
109.00 4.5189 
109.50 4.5197 
110.00 4.5205 
110.50 4.5213 
111.00 4.5221 
111.50 4.5229 
112.00 4.5237 
112.50 4.5244 
113.00 4.5252 
113.50 4.5260 
114.00 4.5267 
114.50 4.5275 
115.00 4.5282 
115.50 4.5290 
116.00 4.5297 
116.50 4.5305 
117.00 4.5312 
117.50 4.5319 
118.00 4.5326 
118.50 4.5334 
119.00 4.5341 
119.50 4.5348 
120.00 4.5355 
120.50 4.5362 
121.00 4.5369 
121.50 4.5376 
122.00 4.5382 
122.50 4.5389 
123.00 4.5396 
123.50 4.5402 
124.00 4.5409 
124.50 4.5415 
125.00 4.5422 
125.50 4.5428 
126.00 4.5434 
126.50 4.5440 
127.00 4.5446 
127.50 4.5453 
128.00 4.5459 
128.50 4.5465 
129.00 4.5470 
129.50 4.5475 
130.00 4.5481 
130.50 4.5486 
131.00 4.5491 
131.50 4.5496 
132.00 4.5502 
132.50 4.5507 
133.00 4.5511 
133.50 4.5516 
134.00 4.5520 
134.50 4.5525 
135.00 4.5530 
135.50 4.5534 
136.00 4.5538 
136.50 4.5543 
137.00 4.5546 
137.50 4.5550 
138.00 4.5554 
138.50 4.5557 
139.00 4.5561 
139.50 4.5565 
140.00 4.5568 
140.50 4.5572 
141.00 4.5574 
141.50 4.5577 
142.00 4.5580 
142.50 4.5582 
143.00 4.5585 
143.50 4.5588 
144.00 4.5590 
144.50 4.5592 
145.00 4.5594 
145.50 4.5595 
146.00 4.5597 
146.50 4.5598 
147.00 4.5600 
147.50 4.5602 
148.00 4.5603 
148.50 4.5604 
149.00 4.5604 
149.50 4.5605 
150.00 4.5605 
