  0.00 1.2566 
  0.50 3.0248 
  1.00 3.0522 
  1.50 3.0797 
  2.00 3.1046 
  2.50 3.1290 
  3.00 3.1520 
  3.50 3.1735 
  4.00 3.1946 
  4.50 3.2133 
  5.00 3.2321 
  5.50 3.2489 
  6.00 3.2651 
  6.50 3.2804 
  7.00 3.2944 
  7.50 3.3082 
  8.00 3.3201 
  8.50 3.3320 
  9.00 3.3427 
  9.50 3.3528 
 10.00 3.3625 
 10.50 3.3711 
 11.00 3.3797 
 11.50 3.3869 
 12.00 3.3941 
 12.50 3.4007 
 13.00 3.4068 
 13.50 3.4127 
 14.00 3.4180 
 14.50 3.4233 
 15.00 3.4280 
 15.50 3.4326 
 16.00 3.4371 
 16.50 3.4413 
 17.00 3.4455 
 17.50 3.4496 
 18.00 3.4537 
 18.50 3.4579 
 19.00 3.4620 
 19.50 3.4663 
 20.00 3.4708 
 20.50 3.4752 
 21.00 3.4802 
 21.50 3.4853 
 22.00 3.4908 
 22.50 3.4966 
 23.00 3.5028 
 23.50 3.5096 
 24.00 3.5164 
 24.50 3.5244 
 25.00 3.5325 
 25.50 3.5415 
 26.00 3.5510 
 26.50 3.5610 
 27.00 3.5722 
 27.50 3.5834 
 28.00 3.5964 
 28.50 3.6096 
 29.00 3.6240 
 29.50 3.6394 
 30.00 3.6552 
 30.50 3.6730 
 31.00 3.6907 
 31.50 3.7107 
 32.00 3.7312 
 32.50 3.7530 
 33.00 3.7763 
 33.50 3.8000 
 34.00 3.8262 
 34.50 3.8524 
 35.00 4.2556 
 35.50 4.2569 
 36.00 4.2582 
 36.50 4.2595 
 37.00 4.2608 
 37.50 4.2621 
 38.00 4.2634 
 38.50 4.2647 
 39.00 4.2659 
 39.50 4.2667 
 40.00 4.2676 
 40.50 4.2684 
 41.00 4.2693 
 41.50 4.2702 
 42.00 4.2710 
 42.50 4.2719 
 43.00 4.2727 
 43.50 4.2733 
 44.00 4.2737 
 44.50 4.2742 
 45.00 4.2746 
 45.50 4.2751 
 46.00 4.2755 
 46.50 4.2759 
 47.00 4.2764 
 47.50 4.2767 
 48.00 4.2768 
 48.50 4.2770 
 49.00 4.2771 
 49.50 4.2772 
 50.00 4.2773 
 50.50 4.2774 
 51.00 4.2775 
 51.50 4.2776 
 52.00 4.2774 
 52.50 4.2773 
 53.00 4.2771 
 53.50 4.2769 
 54.00 4.2767 
 54.50 4.2765 
 55.00 4.2763 
 55.50 4.2761 
 56.00 4.2759 
 56.50 4.2754 
 57.00 4.2750 
 57.50 4.2746 
 58.00 4.2742 
 58.50 4.2738 
 59.00 4.2734 
 59.50 4.2730 
 60.00 4.2725 
 60.50 4.2720 
 61.00 4.2714 
 61.50 4.2708 
 62.00 4.2702 
 62.50 4.2696 
 63.00 4.2690 
 63.50 4.2684 
 64.00 4.2679 
 64.50 4.2672 
 65.00 4.2665 
 65.50 4.2658 
 66.00 4.2651 
 66.50 4.2644 
 67.00 4.2637 
 67.50 4.2630 
 68.00 4.2623 
 68.50 4.2616 
 69.00 4.2608 
 69.50 4.2600 
 70.00 4.2593 
 70.50 4.2585 
 71.00 4.2577 
 71.50 4.2570 
 72.00 4.2562 
 72.50 4.2554 
 73.00 4.2547 
 73.50 4.2539 
 74.00 4.2531 
 74.50 4.2524 
 75.00 4.2516 
 75.50 4.2508 
 76.00 4.2501 
 76.50 4.2493 
 77.00 4.2485 
 77.50 4.2478 
 78.00 4.2471 
 78.50 4.2464 
 79.00 4.2457 
 79.50 4.2449 
 80.00 4.2442 
 80.50 4.2435 
 81.00 4.2428 
 81.50 4.2421 
 82.00 4.2415 
 82.50 4.2409 
 83.00 4.2403 
 83.50 4.2397 
 84.00 4.2391 
 84.50 4.2385 
 85.00 4.2379 
 85.50 4.2373 
 86.00 4.2369 
 86.50 4.2364 
 87.00 4.2360 
 87.50 4.2356 
 88.00 4.2351 
 88.50 4.2347 
 89.00 4.2343 
 89.50 4.2338 
 90.00 4.2335 
 90.50 4.2333 
 91.00 4.2331 
 91.50 4.2329 
 92.00 4.2326 
 92.50 4.2324 
 93.00 4.2322 
 93.50 4.2320 
 94.00 4.2318 
 94.50 4.2318 
 95.00 4.2318 
 95.50 4.2318 
 96.00 4.2318 
 96.50 4.2318 
 97.00 4.2318 
 97.50 4.2318 
 98.00 4.2318 
 98.50 4.2319 
 99.00 4.2321 
 99.50 4.2323 
100.00 4.2325 
100.50 4.2327 
101.00 4.2329 
101.50 4.2331 
102.00 4.2333 
102.50 4.2335 
103.00 4.2339 
103.50 4.2343 
104.00 4.2347 
104.50 4.2351 
105.00 4.2355 
105.50 4.2359 
106.00 4.2363 
106.50 4.2366 
107.00 4.2371 
107.50 4.2377 
108.00 4.2383 
108.50 4.2388 
109.00 4.2394 
109.50 4.2400 
110.00 4.2405 
110.50 4.2411 
111.00 4.2417 
111.50 4.2424 
112.00 4.2432 
112.50 4.2439 
113.00 4.2447 
113.50 4.2454 
114.00 4.2461 
114.50 4.2469 
115.00 4.2476 
115.50 4.2485 
116.00 4.2494 
116.50 4.2503 
117.00 4.2511 
117.50 4.2520 
118.00 4.2529 
118.50 4.2538 
119.00 4.2547 
119.50 4.2557 
120.00 4.2567 
120.50 4.2577 
121.00 4.2588 
121.50 4.2599 
122.00 4.2609 
122.50 4.2619 
123.00 4.2630 
123.50 4.2641 
124.00 4.2652 
124.50 4.2663 
125.00 4.2675 
125.50 4.2687 
126.00 4.2698 
126.50 4.2710 
127.00 4.2722 
127.50 4.2733 
128.00 4.2745 
128.50 4.2758 
129.00 4.2771 
129.50 4.2784 
130.00 4.2797 
130.50 4.2810 
131.00 4.2823 
131.50 4.2836 
132.00 4.2849 
132.50 4.2863 
133.00 4.2877 
133.50 4.2891 
134.00 4.2905 
134.50 4.2919 
135.00 4.2934 
135.50 4.2948 
136.00 4.2962 
136.50 4.2976 
137.00 4.2991 
137.50 4.3006 
138.00 4.3021 
138.50 4.3036 
139.00 4.3051 
139.50 4.3066 
140.00 4.3081 
140.50 4.3096 
141.00 4.3112 
141.50 4.3128 
142.00 4.3144 
142.50 4.3160 
143.00 4.3176 
143.50 4.3192 
144.00 4.3208 
144.50 4.3224 
145.00 4.3240 
145.50 4.3257 
146.00 4.3274 
146.50 4.3290 
147.00 4.3307 
147.50 4.3323 
148.00 4.3340 
148.50 4.3357 
149.00 4.3373 
149.50 4.3390 
150.00 4.3408 
