  0.00 1.5235 
  0.50 3.3109 
  1.00 3.3206 
  1.50 3.3302 
  2.00 3.3398 
  2.50 3.3482 
  3.00 3.3566 
  3.50 3.3651 
  4.00 3.3725 
  4.50 3.3798 
  5.00 3.3871 
  5.50 3.3937 
  6.00 3.4000 
  6.50 3.4063 
  7.00 3.4122 
  7.50 3.4175 
  8.00 3.4228 
  8.50 3.4280 
  9.00 3.4325 
  9.50 3.4370 
 10.00 3.4415 
 10.50 3.4453 
 11.00 3.4491 
 11.50 3.4529 
 12.00 3.4563 
 12.50 3.4596 
 13.00 3.4628 
 13.50 3.4657 
 14.00 3.4685 
 14.50 3.4712 
 15.00 3.4738 
 15.50 3.4761 
 16.00 3.4785 
 16.50 3.4808 
 17.00 3.4828 
 17.50 3.4849 
 18.00 3.4870 
 18.50 3.4889 
 19.00 3.4908 
 19.50 3.4927 
 20.00 3.4946 
 20.50 3.4964 
 21.00 3.4983 
 21.50 3.5001 
 22.00 3.5021 
 22.50 3.5040 
 23.00 3.5059 
 23.50 3.5080 
 24.00 3.5100 
 24.50 3.5121 
 25.00 3.5144 
 25.50 3.5167 
 26.00 3.5191 
 26.50 3.5217 
 27.00 3.5244 
 27.50 3.5272 
 28.00 3.5301 
 28.50 3.5333 
 29.00 3.5365 
 29.50 3.5398 
 30.00 3.5436 
 30.50 3.5475 
 31.00 3.5514 
 31.50 3.5558 
 32.00 3.5604 
 32.50 3.5649 
 33.00 3.5700 
 33.50 3.5753 
 34.00 3.5807 
 34.50 3.5865 
 35.00 3.5928 
 35.50 3.5991 
 36.00 3.6056 
 36.50 3.6130 
 37.00 3.6203 
 37.50 3.6277 
 38.00 3.6361 
 38.50 3.6446 
 39.00 3.6532 
 39.50 3.6625 
 40.00 3.6723 
 40.50 3.6821 
 41.00 3.6925 
 41.50 3.7037 
 42.00 3.7148 
 42.50 3.7263 
 43.00 3.7389 
 43.50 3.7515 
 44.00 3.7641 
 44.50 3.7784 
 45.00 3.7926 
 45.50 3.8068 
 46.00 3.8223 
 46.50 3.8381 
 47.00 3.8540 
 47.50 4.3039 
 48.00 4.3044 
 48.50 4.3048 
 49.00 4.3052 
 49.50 4.3056 
 50.00 4.3061 
 50.50 4.3065 
 51.00 4.3070 
 51.50 4.3072 
 52.00 4.3074 
 52.50 4.3075 
 53.00 4.3077 
 53.50 4.3079 
 54.00 4.3080 
 54.50 4.3082 
 55.00 4.3084 
 55.50 4.3084 
 56.00 4.3083 
 56.50 4.3083 
 57.00 4.3082 
 57.50 4.3082 
 58.00 4.3081 
 58.50 4.3080 
 59.00 4.3080 
 59.50 4.3078 
 60.00 4.3075 
 60.50 4.3073 
 61.00 4.3071 
 61.50 4.3068 
 62.00 4.3066 
 62.50 4.3064 
 63.00 4.3061 
 63.50 4.3058 
 64.00 4.3054 
 64.50 4.3050 
 65.00 4.3047 
 65.50 4.3043 
 66.00 4.3039 
 66.50 4.3036 
 67.00 4.3031 
 67.50 4.3027 
 68.00 4.3022 
 68.50 4.3018 
 69.00 4.3013 
 69.50 4.3008 
 70.00 4.3004 
 70.50 4.2999 
 71.00 4.2995 
 71.50 4.2989 
 72.00 4.2985 
 72.50 4.2980 
 73.00 4.2975 
 73.50 4.2970 
 74.00 4.2965 
 74.50 4.2960 
 75.00 4.2955 
 75.50 4.2950 
 76.00 4.2944 
 76.50 4.2939 
 77.00 4.2934 
 77.50 4.2929 
 78.00 4.2924 
 78.50 4.2919 
 79.00 4.2914 
 79.50 4.2909 
 80.00 4.2905 
 80.50 4.2900 
 81.00 4.2895 
 81.50 4.2890 
 82.00 4.2886 
 82.50 4.2881 
 83.00 4.2877 
 83.50 4.2873 
 84.00 4.2870 
 84.50 4.2866 
 85.00 4.2862 
 85.50 4.2858 
 86.00 4.2854 
 86.50 4.2851 
 87.00 4.2848 
 87.50 4.2846 
 88.00 4.2843 
 88.50 4.2840 
 89.00 4.2838 
 89.50 4.2835 
 90.00 4.2833 
 90.50 4.2831 
 91.00 4.2830 
 91.50 4.2829 
 92.00 4.2828 
 92.50 4.2827 
 93.00 4.2826 
 93.50 4.2825 
 94.00 4.2824 
 94.50 4.2825 
 95.00 4.2826 
 95.50 4.2828 
 96.00 4.2829 
 96.50 4.2830 
 97.00 4.2832 
 97.50 4.2833 
 98.00 4.2835 
 98.50 4.2838 
 99.00 4.2841 
 99.50 4.2845 
100.00 4.2849 
100.50 4.2853 
101.00 4.2857 
101.50 4.2861 
102.00 4.2864 
102.50 4.2870 
103.00 4.2876 
103.50 4.2882 
104.00 4.2889 
104.50 4.2895 
105.00 4.2901 
105.50 4.2907 
106.00 4.2913 
106.50 4.2921 
107.00 4.2930 
107.50 4.2938 
108.00 4.2946 
108.50 4.2954 
109.00 4.2963 
109.50 4.2971 
110.00 4.2980 
110.50 4.2990 
111.00 4.3000 
111.50 4.3010 
112.00 4.3021 
112.50 4.3031 
113.00 4.3041 
113.50 4.3051 
114.00 4.3062 
114.50 4.3074 
115.00 4.3086 
115.50 4.3098 
116.00 4.3109 
116.50 4.3121 
117.00 4.3133 
117.50 4.3145 
118.00 4.3158 
118.50 4.3171 
119.00 4.3185 
119.50 4.3198 
120.00 4.3211 
120.50 4.3225 
121.00 4.3238 
121.50 4.3251 
122.00 4.3266 
122.50 4.3280 
123.00 4.3295 
123.50 4.3309 
124.00 4.3324 
124.50 4.3338 
125.00 4.3353 
125.50 4.3368 
126.00 4.3383 
126.50 4.3399 
127.00 4.3415 
127.50 4.3430 
128.00 4.3446 
128.50 4.3462 
129.00 4.3477 
129.50 4.3493 
130.00 4.3509 
130.50 4.3526 
131.00 4.3542 
131.50 4.3558 
132.00 4.3575 
132.50 4.3591 
133.00 4.3607 
133.50 4.3624 
134.00 4.3641 
134.50 4.3658 
135.00 4.3675 
135.50 4.3692 
136.00 4.3709 
136.50 4.3726 
137.00 4.3743 
137.50 4.3760 
138.00 4.3777 
138.50 4.3795 
139.00 4.3812 
139.50 4.3829 
140.00 4.3847 
140.50 4.3864 
141.00 4.3881 
141.50 4.3899 
142.00 4.3916 
142.50 4.3933 
143.00 4.3951 
143.50 4.3968 
144.00 4.3986 
144.50 4.4003 
145.00 4.4020 
145.50 4.4038 
146.00 4.4055 
146.50 4.4072 
147.00 4.4090 
147.50 4.4107 
148.00 4.4124 
148.50 4.4142 
149.00 4.4159 
149.50 4.4176 
150.00 4.4193 
