  0.00 0.4668 
  0.50 3.2385 
  1.00 3.2547 
  1.50 3.2709 
  2.00 3.2862 
  2.50 3.3008 
  3.00 3.3151 
  3.50 3.3283 
  4.00 3.3414 
  4.50 3.3533 
  5.00 3.3650 
  5.50 3.3762 
  6.00 3.3867 
  6.50 3.3971 
  7.00 3.4064 
  7.50 3.4157 
  8.00 3.4243 
  8.50 3.4327 
  9.00 3.4407 
  9.50 3.4481 
 10.00 3.4555 
 10.50 3.4622 
 11.00 3.4689 
 11.50 3.4752 
 12.00 3.4812 
 12.50 3.4872 
 13.00 3.4926 
 13.50 3.4980 
 14.00 3.5032 
 14.50 3.5083 
 15.00 3.5133 
 15.50 3.5181 
 16.00 3.5229 
 16.50 3.5276 
 17.00 3.5322 
 17.50 3.5369 
 18.00 3.5415 
 18.50 3.5462 
 19.00 3.5509 
 19.50 3.5556 
 20.00 3.5606 
 20.50 3.5655 
 21.00 3.5706 
 21.50 3.5760 
 22.00 3.5813 
 22.50 3.5871 
 23.00 3.5929 
 23.50 3.5991 
 24.00 3.6055 
 24.50 3.6121 
 25.00 3.6192 
 25.50 3.6264 
 26.00 3.6342 
 26.50 3.6422 
 27.00 3.6506 
 27.50 3.6596 
 28.00 3.6686 
 28.50 3.6787 
 29.00 3.6887 
 29.50 3.6996 
 30.00 3.7109 
 30.50 3.7226 
 31.00 3.7353 
 31.50 3.7479 
 32.00 3.7618 
 32.50 3.7760 
 33.00 3.7909 
 33.50 3.8066 
 34.00 3.8225 
 34.50 3.8399 
 35.00 3.8573 
 35.50 4.0953 
 36.00 4.1014 
 36.50 4.1076 
 37.00 4.1138 
 37.50 4.1200 
 38.00 4.1262 
 38.50 4.1324 
 39.00 4.1386 
 39.50 4.1445 
 40.00 4.1494 
 40.50 4.1543 
 41.00 4.1592 
 41.50 4.1641 
 42.00 4.1690 
 42.50 4.1739 
 43.00 4.1788 
 43.50 4.1837 
 44.00 4.1877 
 44.50 4.1914 
 45.00 4.1951 
 45.50 4.1988 
 46.00 4.2025 
 46.50 4.2062 
 47.00 4.2099 
 47.50 4.2136 
 48.00 4.2169 
 48.50 4.2195 
 49.00 4.2222 
 49.50 4.2248 
 50.00 4.2274 
 50.50 4.2301 
 51.00 4.2327 
 51.50 4.2353 
 52.00 4.2379 
 52.50 4.2397 
 53.00 4.2414 
 53.50 4.2431 
 54.00 4.2448 
 54.50 4.2465 
 55.00 4.2481 
 55.50 4.2498 
 56.00 4.2515 
 56.50 4.2529 
 57.00 4.2538 
 57.50 4.2546 
 58.00 4.2555 
 58.50 4.2564 
 59.00 4.2573 
 59.50 4.2582 
 60.00 4.2591 
 60.50 4.2600 
 61.00 4.2602 
 61.50 4.2605 
 62.00 4.2607 
 62.50 4.2609 
 63.00 4.2612 
 63.50 4.2614 
 64.00 4.2617 
 64.50 4.2619 
 65.00 4.2618 
 65.50 4.2615 
 66.00 4.2612 
 66.50 4.2609 
 67.00 4.2606 
 67.50 4.2603 
 68.00 4.2600 
 68.50 4.2597 
 69.00 4.2594 
 69.50 4.2587 
 70.00 4.2580 
 70.50 4.2573 
 71.00 4.2566 
 71.50 4.2559 
 72.00 4.2552 
 72.50 4.2545 
 73.00 4.2538 
 73.50 4.2529 
 74.00 4.2520 
 74.50 4.2511 
 75.00 4.2501 
 75.50 4.2492 
 76.00 4.2482 
 76.50 4.2473 
 77.00 4.2463 
 77.50 4.2454 
 78.00 4.2443 
 78.50 4.2432 
 79.00 4.2421 
 79.50 4.2410 
 80.00 4.2400 
 80.50 4.2389 
 81.00 4.2378 
 81.50 4.2367 
 82.00 4.2357 
 82.50 4.2346 
 83.00 4.2336 
 83.50 4.2325 
 84.00 4.2315 
 84.50 4.2304 
 85.00 4.2294 
 85.50 4.2283 
 86.00 4.2273 
 86.50 4.2264 
 87.00 4.2255 
 87.50 4.2245 
 88.00 4.2236 
 88.50 4.2227 
 89.00 4.2218 
 89.50 4.2209 
 90.00 4.2200 
 90.50 4.2193 
 91.00 4.2186 
 91.50 4.2180 
 92.00 4.2173 
 92.50 4.2167 
 93.00 4.2160 
 93.50 4.2154 
 94.00 4.2147 
 94.50 4.2142 
 95.00 4.2138 
 95.50 4.2134 
 96.00 4.2131 
 96.50 4.2127 
 97.00 4.2123 
 97.50 4.2120 
 98.00 4.2116 
 98.50 4.2112 
 99.00 4.2111 
 99.50 4.2110 
100.00 4.2109 
100.50 4.2108 
101.00 4.2107 
101.50 4.2106 
102.00 4.2105 
102.50 4.2104 
103.00 4.2105 
103.50 4.2106 
104.00 4.2108 
104.50 4.2109 
105.00 4.2111 
105.50 4.2112 
106.00 4.2114 
106.50 4.2115 
107.00 4.2117 
107.50 4.2121 
108.00 4.2125 
108.50 4.2129 
109.00 4.2133 
109.50 4.2137 
110.00 4.2141 
110.50 4.2145 
111.00 4.2149 
111.50 4.2154 
112.00 4.2161 
112.50 4.2167 
113.00 4.2173 
113.50 4.2180 
114.00 4.2186 
114.50 4.2193 
115.00 4.2199 
115.50 4.2206 
116.00 4.2214 
116.50 4.2223 
117.00 4.2231 
117.50 4.2240 
118.00 4.2249 
118.50 4.2257 
119.00 4.2266 
119.50 4.2275 
120.00 4.2285 
120.50 4.2295 
121.00 4.2306 
121.50 4.2317 
122.00 4.2328 
122.50 4.2338 
123.00 4.2349 
123.50 4.2360 
124.00 4.2371 
124.50 4.2384 
125.00 4.2397 
125.50 4.2410 
126.00 4.2423 
126.50 4.2435 
127.00 4.2448 
127.50 4.2461 
128.00 4.2474 
128.50 4.2489 
129.00 4.2503 
129.50 4.2518 
130.00 4.2533 
130.50 4.2548 
131.00 4.2563 
131.50 4.2578 
132.00 4.2593 
132.50 4.2608 
133.00 4.2625 
133.50 4.2642 
134.00 4.2659 
134.50 4.2675 
135.00 4.2692 
135.50 4.2709 
136.00 4.2726 
136.50 4.2743 
137.00 4.2761 
137.50 4.2779 
138.00 4.2798 
138.50 4.2816 
139.00 4.2835 
139.50 4.2853 
140.00 4.2871 
140.50 4.2890 
141.00 4.2909 
141.50 4.2929 
142.00 4.2949 
142.50 4.2970 
143.00 4.2990 
143.50 4.3010 
144.00 4.3030 
144.50 4.3050 
145.00 4.3071 
145.50 4.3092 
146.00 4.3114 
146.50 4.3136 
147.00 4.3158 
147.50 4.3179 
148.00 4.3201 
148.50 4.3223 
149.00 4.3245 
149.50 4.3267 
150.00 4.3290 
