  0.00 1.3266 
  0.50 2.0513 
  1.00 2.7669 
  1.50 2.7888 
  2.00 2.8096 
  2.50 2.8303 
  3.00 2.8501 
  3.50 2.8696 
  4.00 2.8884 
  4.50 2.9068 
  5.00 2.9247 
  5.50 2.9423 
  6.00 2.9594 
  6.50 2.9761 
  7.00 2.9926 
  7.50 3.0086 
  8.00 3.0244 
  8.50 3.0397 
  9.00 3.0549 
  9.50 3.0699 
 10.00 3.0847 
 10.50 3.0992 
 11.00 3.1136 
 11.50 3.1278 
 12.00 3.1420 
 12.50 3.1561 
 13.00 3.1701 
 13.50 3.1841 
 14.00 3.1982 
 14.50 3.2121 
 15.00 3.2262 
 15.50 3.2403 
 16.00 3.2546 
 16.50 3.2689 
 17.00 3.2834 
 17.50 3.2980 
 18.00 3.3129 
 18.50 3.3280 
 19.00 3.3432 
 19.50 3.3589 
 20.00 3.3746 
 20.50 3.3910 
 21.00 3.4074 
 21.50 3.4245 
 22.00 3.4417 
 22.50 3.4595 
 23.00 3.4776 
 23.50 3.4963 
 24.00 3.5155 
 24.50 3.5351 
 25.00 3.5554 
 25.50 3.5761 
 26.00 3.5976 
 26.50 3.6195 
 27.00 3.6422 
 27.50 4.0539 
 28.00 4.0616 
 28.50 4.0693 
 29.00 4.0770 
 29.50 4.0847 
 30.00 4.0924 
 30.50 4.1001 
 31.00 4.1077 
 31.50 4.1154 
 32.00 4.1229 
 32.50 4.1292 
 33.00 4.1355 
 33.50 4.1418 
 34.00 4.1481 
 34.50 4.1544 
 35.00 4.1607 
 35.50 4.1670 
 36.00 4.1733 
 36.50 4.1791 
 37.00 4.1841 
 37.50 4.1891 
 38.00 4.1941 
 38.50 4.1990 
 39.00 4.2040 
 39.50 4.2090 
 40.00 4.2140 
 40.50 4.2189 
 41.00 4.2234 
 41.50 4.2271 
 42.00 4.2309 
 42.50 4.2347 
 43.00 4.2385 
 43.50 4.2423 
 44.00 4.2461 
 44.50 4.2499 
 45.00 4.2537 
 45.50 4.2568 
 46.00 4.2595 
 46.50 4.2623 
 47.00 4.2650 
 47.50 4.2678 
 48.00 4.2705 
 48.50 4.2733 
 49.00 4.2760 
 49.50 4.2788 
 50.00 4.2808 
 50.50 4.2827 
 51.00 4.2845 
 51.50 4.2863 
 52.00 4.2881 
 52.50 4.2900 
 53.00 4.2918 
 53.50 4.2936 
 54.00 4.2955 
 54.50 4.2966 
 55.00 4.2976 
 55.50 4.2987 
 56.00 4.2998 
 56.50 4.3008 
 57.00 4.3019 
 57.50 4.3030 
 58.00 4.3040 
 58.50 4.3050 
 59.00 4.3055 
 59.50 4.3059 
 60.00 4.3063 
 60.50 4.3068 
 61.00 4.3072 
 61.50 4.3076 
 62.00 4.3080 
 62.50 4.3085 
 63.00 4.3088 
 63.50 4.3087 
 64.00 4.3087 
 64.50 4.3086 
 65.00 4.3085 
 65.50 4.3084 
 66.00 4.3084 
 66.50 4.3083 
 67.00 4.3082 
 67.50 4.3080 
 68.00 4.3076 
 68.50 4.3072 
 69.00 4.3068 
 69.50 4.3064 
 70.00 4.3060 
 70.50 4.3055 
 71.00 4.3051 
 71.50 4.3047 
 72.00 4.3041 
 72.50 4.3035 
 73.00 4.3029 
 73.50 4.3022 
 74.00 4.3016 
 74.50 4.3009 
 75.00 4.3003 
 75.50 4.2996 
 76.00 4.2990 
 76.50 4.2983 
 77.00 4.2976 
 77.50 4.2969 
 78.00 4.2962 
 78.50 4.2955 
 79.00 4.2947 
 79.50 4.2940 
 80.00 4.2933 
 80.50 4.2926 
 81.00 4.2919 
 81.50 4.2913 
 82.00 4.2906 
 82.50 4.2900 
 83.00 4.2893 
 83.50 4.2887 
 84.00 4.2880 
 84.50 4.2873 
 85.00 4.2867 
 85.50 4.2862 
 86.00 4.2857 
 86.50 4.2852 
 87.00 4.2847 
 87.50 4.2843 
 88.00 4.2838 
 88.50 4.2833 
 89.00 4.2828 
 89.50 4.2824 
 90.00 4.2820 
 90.50 4.2817 
 91.00 4.2814 
 91.50 4.2811 
 92.00 4.2808 
 92.50 4.2805 
 93.00 4.2802 
 93.50 4.2799 
 94.00 4.2797 
 94.50 4.2795 
 95.00 4.2794 
 95.50 4.2793 
 96.00 4.2792 
 96.50 4.2790 
 97.00 4.2789 
 97.50 4.2788 
 98.00 4.2787 
 98.50 4.2786 
 99.00 4.2787 
 99.50 4.2787 
100.00 4.2788 
100.50 4.2788 
101.00 4.2789 
101.50 4.2789 
102.00 4.2789 
102.50 4.2790 
103.00 4.2791 
103.50 4.2793 
104.00 4.2795 
104.50 4.2797 
105.00 4.2799 
105.50 4.2801 
106.00 4.2804 
106.50 4.2805 
107.00 4.2808 
107.50 4.2811 
108.00 4.2814 
108.50 4.2818 
109.00 4.2821 
109.50 4.2825 
110.00 4.2828 
110.50 4.2832 
111.00 4.2835 
111.50 4.2839 
112.00 4.2843 
112.50 4.2848 
113.00 4.2853 
113.50 4.2858 
114.00 4.2862 
114.50 4.2867 
115.00 4.2872 
115.50 4.2877 
116.00 4.2881 
116.50 4.2888 
117.00 4.2894 
117.50 4.2900 
118.00 4.2906 
118.50 4.2912 
119.00 4.2918 
119.50 4.2924 
120.00 4.2930 
120.50 4.2937 
121.00 4.2944 
121.50 4.2951 
122.00 4.2958 
122.50 4.2966 
123.00 4.2973 
123.50 4.2980 
124.00 4.2987 
124.50 4.2995 
125.00 4.3002 
125.50 4.3010 
126.00 4.3019 
126.50 4.3027 
127.00 4.3035 
127.50 4.3043 
128.00 4.3052 
128.50 4.3060 
129.00 4.3068 
129.50 4.3077 
130.00 4.3086 
130.50 4.3095 
131.00 4.3105 
131.50 4.3114 
132.00 4.3123 
132.50 4.3133 
133.00 4.3142 
133.50 4.3151 
134.00 4.3161 
134.50 4.3171 
135.00 4.3181 
135.50 4.3191 
136.00 4.3201 
136.50 4.3211 
137.00 4.3221 
137.50 4.3231 
138.00 4.3242 
138.50 4.3252 
139.00 4.3263 
139.50 4.3274 
140.00 4.3284 
140.50 4.3295 
141.00 4.3306 
141.50 4.3316 
142.00 4.3327 
142.50 4.3338 
143.00 4.3350 
143.50 4.3361 
144.00 4.3373 
144.50 4.3384 
145.00 4.3396 
145.50 4.3407 
146.00 4.3419 
146.50 4.3430 
147.00 4.3442 
147.50 4.3454 
148.00 4.3466 
148.50 4.3478 
149.00 4.3490 
149.50 4.3502 
150.00 4.3514 
