  0.00 1.9983 
  0.50 2.1429 
  1.00 2.2874 
  1.50 2.4319 
  2.00 2.5765 
  2.50 3.3608 
  3.00 3.3772 
  3.50 3.3936 
  4.00 3.4099 
  4.50 3.4247 
  5.00 3.4396 
  5.50 3.4543 
  6.00 3.4677 
  6.50 3.4811 
  7.00 3.4942 
  7.50 3.5061 
  8.00 3.5181 
  8.50 3.5297 
  9.00 3.5404 
  9.50 3.5512 
 10.00 3.5615 
 10.50 3.5711 
 11.00 3.5806 
 11.50 3.5897 
 12.00 3.5983 
 12.50 3.6068 
 13.00 3.6149 
 13.50 3.6225 
 14.00 3.6301 
 14.50 3.6372 
 15.00 3.6440 
 15.50 3.6508 
 16.00 3.6572 
 16.50 3.6633 
 17.00 3.6694 
 17.50 3.6751 
 18.00 3.6806 
 18.50 3.6861 
 19.00 3.6913 
 19.50 3.6963 
 20.00 3.7014 
 20.50 3.7061 
 21.00 3.7108 
 21.50 3.7155 
 22.00 3.7199 
 22.50 3.7244 
 23.00 3.7289 
 23.50 3.7332 
 24.00 3.7376 
 24.50 3.7420 
 25.00 3.7463 
 25.50 3.7506 
 26.00 3.7550 
 26.50 3.7594 
 27.00 3.7639 
 27.50 3.7683 
 28.00 3.7730 
 28.50 3.7777 
 29.00 3.7824 
 29.50 3.7875 
 30.00 3.7925 
 30.50 3.7976 
 31.00 3.8031 
 31.50 3.8086 
 32.00 3.8142 
 32.50 3.8203 
 33.00 3.8263 
 33.50 3.8326 
 34.00 3.8393 
 34.50 3.8461 
 35.00 3.8532 
 35.50 3.8607 
 36.00 3.8683 
 36.50 3.8763 
 37.00 3.8847 
 37.50 3.8932 
 38.00 3.9022 
 38.50 3.9117 
 39.00 3.9212 
 39.50 3.9314 
 40.00 3.9421 
 40.50 3.9527 
 41.00 3.9642 
 41.50 3.9762 
 42.00 3.9881 
 42.50 4.0010 
 43.00 4.0143 
 43.50 4.0276 
 44.00 4.0420 
 44.50 4.0567 
 45.00 4.0714 
 45.50 4.2990 
 46.00 4.3040 
 46.50 4.3090 
 47.00 4.3140 
 47.50 4.3190 
 48.00 4.3241 
 48.50 4.3291 
 49.00 4.3341 
 49.50 4.3384 
 50.00 4.3426 
 50.50 4.3468 
 51.00 4.3510 
 51.50 4.3552 
 52.00 4.3595 
 52.50 4.3637 
 53.00 4.3679 
 53.50 4.3714 
 54.00 4.3748 
 54.50 4.3783 
 55.00 4.3817 
 55.50 4.3852 
 56.00 4.3886 
 56.50 4.3921 
 57.00 4.3955 
 57.50 4.3982 
 58.00 4.4010 
 58.50 4.4038 
 59.00 4.4065 
 59.50 4.4093 
 60.00 4.4120 
 60.50 4.4148 
 61.00 4.4175 
 61.50 4.4196 
 62.00 4.4218 
 62.50 4.4239 
 63.00 4.4261 
 63.50 4.4283 
 64.00 4.4304 
 64.50 4.4325 
 65.00 4.4346 
 65.50 4.4363 
 66.00 4.4379 
 66.50 4.4395 
 67.00 4.4412 
 67.50 4.4428 
 68.00 4.4444 
 68.50 4.4461 
 69.00 4.4476 
 69.50 4.4488 
 70.00 4.4500 
 70.50 4.4512 
 71.00 4.4524 
 71.50 4.4535 
 72.00 4.4547 
 72.50 4.4559 
 73.00 4.4570 
 73.50 4.4578 
 74.00 4.4587 
 74.50 4.4595 
 75.00 4.4603 
 75.50 4.4612 
 76.00 4.4620 
 76.50 4.4628 
 77.00 4.4636 
 77.50 4.4641 
 78.00 4.4646 
 78.50 4.4652 
 79.00 4.4657 
 79.50 4.4663 
 80.00 4.4668 
 80.50 4.4673 
 81.00 4.4678 
 81.50 4.4682 
 82.00 4.4685 
 82.50 4.4689 
 83.00 4.4692 
 83.50 4.4696 
 84.00 4.4699 
 84.50 4.4703 
 85.00 4.4706 
 85.50 4.4708 
 86.00 4.4711 
 86.50 4.4713 
 87.00 4.4716 
 87.50 4.4718 
 88.00 4.4720 
 88.50 4.4723 
 89.00 4.4725 
 89.50 4.4727 
 90.00 4.4729 
 90.50 4.4731 
 91.00 4.4734 
 91.50 4.4736 
 92.00 4.4738 
 92.50 4.4740 
 93.00 4.4742 
 93.50 4.4745 
 94.00 4.4747 
 94.50 4.4750 
 95.00 4.4752 
 95.50 4.4755 
 96.00 4.4757 
 96.50 4.4760 
 97.00 4.4763 
 97.50 4.4767 
 98.00 4.4771 
 98.50 4.4775 
 99.00 4.4778 
 99.50 4.4782 
100.00 4.4786 
100.50 4.4790 
101.00 4.4794 
101.50 4.4799 
102.00 4.4804 
102.50 4.4809 
103.00 4.4814 
103.50 4.4819 
104.00 4.4824 
104.50 4.4829 
105.00 4.4835 
105.50 4.4841 
106.00 4.4847 
106.50 4.4853 
107.00 4.4859 
107.50 4.4865 
108.00 4.4871 
108.50 4.4877 
109.00 4.4884 
109.50 4.4891 
110.00 4.4898 
110.50 4.4905 
111.00 4.4912 
111.50 4.4919 
112.00 4.4926 
112.50 4.4933 
113.00 4.4940 
113.50 4.4948 
114.00 4.4956 
114.50 4.4964 
115.00 4.4972 
115.50 4.4980 
116.00 4.4988 
116.50 4.4996 
117.00 4.5004 
117.50 4.5013 
118.00 4.5021 
118.50 4.5030 
119.00 4.5038 
119.50 4.5047 
120.00 4.5056 
120.50 4.5064 
121.00 4.5073 
121.50 4.5083 
122.00 4.5092 
122.50 4.5101 
123.00 4.5110 
123.50 4.5119 
124.00 4.5129 
124.50 4.5138 
125.00 4.5147 
125.50 4.5157 
126.00 4.5167 
126.50 4.5176 
127.00 4.5186 
127.50 4.5196 
128.00 4.5206 
128.50 4.5215 
129.00 4.5225 
129.50 4.5235 
130.00 4.5245 
130.50 4.5255 
131.00 4.5266 
131.50 4.5276 
132.00 4.5286 
132.50 4.5296 
133.00 4.5306 
133.50 4.5316 
134.00 4.5327 
134.50 4.5337 
135.00 4.5347 
135.50 4.5358 
136.00 4.5368 
136.50 4.5378 
137.00 4.5389 
137.50 4.5399 
138.00 4.5410 
138.50 4.5420 
139.00 4.5431 
139.50 4.5441 
140.00 4.5451 
140.50 4.5462 
141.00 4.5472 
141.50 4.5483 
142.00 4.5493 
142.50 4.5503 
143.00 4.5514 
143.50 4.5524 
144.00 4.5534 
144.50 4.5544 
145.00 4.5555 
145.50 4.5565 
146.00 4.5575 
146.50 4.5586 
147.00 4.5596 
147.50 4.5606 
148.00 4.5617 
148.50 4.5627 
149.00 4.5637 
149.50 4.5647 
150.00 4.5657 
