  0.00 1.3563 
  0.50 1.7928 
  1.00 2.2293 
  1.50 3.4315 
  2.00 3.4408 
  2.50 3.4501 
  3.00 3.4592 
  3.50 3.4674 
  4.00 3.4756 
  4.50 3.4839 
  5.00 3.4911 
  5.50 3.4982 
  6.00 3.5054 
  6.50 3.5118 
  7.00 3.5180 
  7.50 3.5242 
  8.00 3.5299 
  8.50 3.5353 
  9.00 3.5406 
  9.50 3.5456 
 10.00 3.5502 
 10.50 3.5548 
 11.00 3.5593 
 11.50 3.5633 
 12.00 3.5673 
 12.50 3.5713 
 13.00 3.5747 
 13.50 3.5781 
 14.00 3.5816 
 14.50 3.5846 
 15.00 3.5876 
 15.50 3.5907 
 16.00 3.5934 
 16.50 3.5961 
 17.00 3.5988 
 17.50 3.6014 
 18.00 3.6038 
 18.50 3.6063 
 19.00 3.6088 
 19.50 3.6111 
 20.00 3.6134 
 20.50 3.6158 
 21.00 3.6181 
 21.50 3.6204 
 22.00 3.6227 
 22.50 3.6252 
 23.00 3.6276 
 23.50 3.6300 
 24.00 3.6326 
 24.50 3.6352 
 25.00 3.6378 
 25.50 3.6406 
 26.00 3.6435 
 26.50 3.6464 
 27.00 3.6495 
 27.50 3.6528 
 28.00 3.6561 
 28.50 3.6596 
 29.00 3.6634 
 29.50 3.6672 
 30.00 3.6711 
 30.50 3.6755 
 31.00 3.6800 
 31.50 3.6844 
 32.00 3.6894 
 32.50 3.6946 
 33.00 3.6997 
 33.50 3.7054 
 34.00 3.7113 
 34.50 3.7172 
 35.00 3.7237 
 35.50 3.7306 
 36.00 3.7374 
 36.50 3.7447 
 37.00 3.7526 
 37.50 3.7604 
 38.00 3.7686 
 38.50 3.7776 
 39.00 3.7866 
 39.50 3.7957 
 40.00 3.8058 
 40.50 3.8161 
 41.00 3.8263 
 41.50 3.8377 
 42.00 3.8492 
 42.50 3.8607 
 43.00 3.8733 
 43.50 3.8863 
 44.00 3.8993 
 44.50 3.9131 
 45.00 3.9277 
 45.50 3.9422 
 46.00 3.9573 
 46.50 3.9733 
 47.00 3.9893 
 47.50 4.2942 
 48.00 4.2982 
 48.50 4.3022 
 49.00 4.3063 
 49.50 4.3103 
 50.00 4.3144 
 50.50 4.3184 
 51.00 4.3224 
 51.50 4.3262 
 52.00 4.3295 
 52.50 4.3329 
 53.00 4.3362 
 53.50 4.3395 
 54.00 4.3429 
 54.50 4.3462 
 55.00 4.3495 
 55.50 4.3525 
 56.00 4.3552 
 56.50 4.3579 
 57.00 4.3606 
 57.50 4.3632 
 58.00 4.3659 
 58.50 4.3686 
 59.00 4.3713 
 59.50 4.3736 
 60.00 4.3757 
 60.50 4.3778 
 61.00 4.3799 
 61.50 4.3820 
 62.00 4.3842 
 62.50 4.3863 
 63.00 4.3884 
 63.50 4.3901 
 64.00 4.3917 
 64.50 4.3933 
 65.00 4.3949 
 65.50 4.3965 
 66.00 4.3981 
 66.50 4.3997 
 67.00 4.4013 
 67.50 4.4025 
 68.00 4.4036 
 68.50 4.4048 
 69.00 4.4060 
 69.50 4.4072 
 70.00 4.4084 
 70.50 4.4095 
 71.00 4.4106 
 71.50 4.4115 
 72.00 4.4123 
 72.50 4.4131 
 73.00 4.4140 
 73.50 4.4148 
 74.00 4.4157 
 74.50 4.4165 
 75.00 4.4173 
 75.50 4.4178 
 76.00 4.4184 
 76.50 4.4190 
 77.00 4.4196 
 77.50 4.4202 
 78.00 4.4208 
 78.50 4.4214 
 79.00 4.4218 
 79.50 4.4222 
 80.00 4.4226 
 80.50 4.4230 
 81.00 4.4234 
 81.50 4.4238 
 82.00 4.4241 
 82.50 4.4245 
 83.00 4.4248 
 83.50 4.4251 
 84.00 4.4254 
 84.50 4.4257 
 85.00 4.4259 
 85.50 4.4262 
 86.00 4.4265 
 86.50 4.4268 
 87.00 4.4270 
 87.50 4.4273 
 88.00 4.4276 
 88.50 4.4278 
 89.00 4.4281 
 89.50 4.4283 
 90.00 4.4286 
 90.50 4.4288 
 91.00 4.4291 
 91.50 4.4294 
 92.00 4.4297 
 92.50 4.4300 
 93.00 4.4303 
 93.50 4.4306 
 94.00 4.4309 
 94.50 4.4312 
 95.00 4.4316 
 95.50 4.4320 
 96.00 4.4325 
 96.50 4.4329 
 97.00 4.4333 
 97.50 4.4337 
 98.00 4.4341 
 98.50 4.4346 
 99.00 4.4352 
 99.50 4.4358 
100.00 4.4364 
100.50 4.4370 
101.00 4.4376 
101.50 4.4382 
102.00 4.4388 
102.50 4.4395 
103.00 4.4403 
103.50 4.4411 
104.00 4.4419 
104.50 4.4427 
105.00 4.4435 
105.50 4.4443 
106.00 4.4451 
106.50 4.4460 
107.00 4.4469 
107.50 4.4478 
108.00 4.4488 
108.50 4.4497 
109.00 4.4506 
109.50 4.4516 
110.00 4.4525 
110.50 4.4536 
111.00 4.4546 
111.50 4.4557 
112.00 4.4567 
112.50 4.4578 
113.00 4.4589 
113.50 4.4599 
114.00 4.4610 
114.50 4.4622 
115.00 4.4634 
115.50 4.4645 
116.00 4.4657 
116.50 4.4669 
117.00 4.4681 
117.50 4.4692 
118.00 4.4704 
118.50 4.4717 
119.00 4.4730 
119.50 4.4742 
120.00 4.4755 
120.50 4.4768 
121.00 4.4780 
121.50 4.4793 
122.00 4.4806 
122.50 4.4819 
123.00 4.4832 
123.50 4.4845 
124.00 4.4859 
124.50 4.4872 
125.00 4.4885 
125.50 4.4898 
126.00 4.4911 
126.50 4.4925 
127.00 4.4939 
127.50 4.4952 
128.00 4.4966 
128.50 4.4979 
129.00 4.4993 
129.50 4.5006 
130.00 4.5020 
130.50 4.5034 
131.00 4.5047 
131.50 4.5061 
132.00 4.5075 
132.50 4.5088 
133.00 4.5102 
133.50 4.5116 
134.00 4.5129 
134.50 4.5143 
135.00 4.5157 
135.50 4.5170 
136.00 4.5184 
136.50 4.5198 
137.00 4.5211 
137.50 4.5225 
138.00 4.5238 
138.50 4.5251 
139.00 4.5264 
139.50 4.5278 
140.00 4.5291 
140.50 4.5304 
141.00 4.5317 
141.50 4.5330 
142.00 4.5343 
142.50 4.5356 
143.00 4.5368 
143.50 4.5381 
144.00 4.5394 
144.50 4.5407 
145.00 4.5419 
145.50 4.5432 
146.00 4.5444 
146.50 4.5456 
147.00 4.5467 
147.50 4.5479 
148.00 4.5491 
148.50 4.5503 
149.00 4.5515 
149.50 4.5526 
150.00 4.5537 
