  0.00 1.3434 
  0.50 2.7536 
  1.00 2.7760 
  1.50 2.7983 
  2.00 2.8198 
  2.50 2.8411 
  3.00 2.8616 
  3.50 2.8819 
  4.00 2.9015 
  4.50 2.9209 
  5.00 2.9396 
  5.50 2.9581 
  6.00 2.9760 
  6.50 2.9937 
  7.00 3.0109 
  7.50 3.0278 
  8.00 3.0444 
  8.50 3.0607 
  9.00 3.0767 
  9.50 3.0924 
 10.00 3.1079 
 10.50 3.1231 
 11.00 3.1381 
 11.50 3.1529 
 12.00 3.1675 
 12.50 3.1819 
 13.00 3.1962 
 13.50 3.2103 
 14.00 3.2244 
 14.50 3.2383 
 15.00 3.2522 
 15.50 3.2659 
 16.00 3.2797 
 16.50 3.2934 
 17.00 3.3071 
 17.50 3.3208 
 18.00 3.3345 
 18.50 3.3483 
 19.00 3.3620 
 19.50 3.3760 
 20.00 3.3899 
 20.50 3.4040 
 21.00 3.4182 
 21.50 3.4327 
 22.00 3.4472 
 22.50 3.4619 
 23.00 3.4767 
 23.50 3.4919 
 24.00 3.5072 
 24.50 3.5228 
 25.00 3.5386 
 25.50 3.5548 
 26.00 3.5713 
 26.50 3.5881 
 27.00 3.6052 
 27.50 3.6226 
 28.00 3.6404 
 28.50 3.6585 
 29.00 3.9637 
 29.50 3.9762 
 30.00 3.9886 
 30.50 4.0011 
 31.00 4.0136 
 31.50 4.0260 
 32.00 4.0385 
 32.50 4.0510 
 33.00 4.0634 
 33.50 4.0739 
 34.00 4.0840 
 34.50 4.0942 
 35.00 4.1043 
 35.50 4.1145 
 36.00 4.1246 
 36.50 4.1347 
 37.00 4.1449 
 37.50 4.1549 
 38.00 4.1628 
 38.50 4.1707 
 39.00 4.1786 
 39.50 4.1866 
 40.00 4.1945 
 40.50 4.2024 
 41.00 4.2103 
 41.50 4.2182 
 42.00 4.2256 
 42.50 4.2315 
 43.00 4.2375 
 43.50 4.2434 
 44.00 4.2494 
 44.50 4.2553 
 45.00 4.2613 
 45.50 4.2672 
 46.00 4.2731 
 46.50 4.2782 
 47.00 4.2824 
 47.50 4.2866 
 48.00 4.2908 
 48.50 4.2950 
 49.00 4.2992 
 49.50 4.3034 
 50.00 4.3076 
 50.50 4.3118 
 51.00 4.3149 
 51.50 4.3176 
 52.00 4.3203 
 52.50 4.3230 
 53.00 4.3257 
 53.50 4.3284 
 54.00 4.3310 
 54.50 4.3337 
 55.00 4.3364 
 55.50 4.3379 
 56.00 4.3393 
 56.50 4.3407 
 57.00 4.3421 
 57.50 4.3435 
 58.00 4.3449 
 58.50 4.3463 
 59.00 4.3477 
 59.50 4.3490 
 60.00 4.3493 
 60.50 4.3497 
 61.00 4.3500 
 61.50 4.3504 
 62.00 4.3507 
 62.50 4.3511 
 63.00 4.3514 
 63.50 4.3518 
 64.00 4.3518 
 64.50 4.3514 
 65.00 4.3509 
 65.50 4.3504 
 66.00 4.3499 
 66.50 4.3494 
 67.00 4.3490 
 67.50 4.3485 
 68.00 4.3480 
 68.50 4.3472 
 69.00 4.3461 
 69.50 4.3450 
 70.00 4.3440 
 70.50 4.3429 
 71.00 4.3418 
 71.50 4.3408 
 72.00 4.3397 
 72.50 4.3386 
 73.00 4.3373 
 73.50 4.3359 
 74.00 4.3344 
 74.50 4.3330 
 75.00 4.3316 
 75.50 4.3302 
 76.00 4.3288 
 76.50 4.3273 
 77.00 4.3259 
 77.50 4.3243 
 78.00 4.3228 
 78.50 4.3212 
 79.00 4.3197 
 79.50 4.3181 
 80.00 4.3165 
 80.50 4.3150 
 81.00 4.3134 
 81.50 4.3119 
 82.00 4.3104 
 82.50 4.3090 
 83.00 4.3075 
 83.50 4.3061 
 84.00 4.3047 
 84.50 4.3032 
 85.00 4.3018 
 85.50 4.3003 
 86.00 4.2990 
 86.50 4.2978 
 87.00 4.2967 
 87.50 4.2955 
 88.00 4.2944 
 88.50 4.2932 
 89.00 4.2920 
 89.50 4.2909 
 90.00 4.2897 
 90.50 4.2888 
 91.00 4.2879 
 91.50 4.2871 
 92.00 4.2862 
 92.50 4.2854 
 93.00 4.2846 
 93.50 4.2837 
 94.00 4.2829 
 94.50 4.2820 
 95.00 4.2814 
 95.50 4.2809 
 96.00 4.2803 
 96.50 4.2798 
 97.00 4.2793 
 97.50 4.2787 
 98.00 4.2782 
 98.50 4.2776 
 99.00 4.2771 
 99.50 4.2768 
100.00 4.2766 
100.50 4.2763 
101.00 4.2760 
101.50 4.2758 
102.00 4.2755 
102.50 4.2752 
103.00 4.2750 
103.50 4.2748 
104.00 4.2748 
104.50 4.2748 
105.00 4.2748 
105.50 4.2748 
106.00 4.2748 
106.50 4.2748 
107.00 4.2748 
107.50 4.2748 
108.00 4.2749 
108.50 4.2752 
109.00 4.2754 
109.50 4.2757 
110.00 4.2759 
110.50 4.2762 
111.00 4.2764 
111.50 4.2767 
112.00 4.2769 
112.50 4.2773 
113.00 4.2778 
113.50 4.2783 
114.00 4.2788 
114.50 4.2793 
115.00 4.2797 
115.50 4.2802 
116.00 4.2807 
116.50 4.2812 
117.00 4.2818 
117.50 4.2825 
118.00 4.2832 
118.50 4.2839 
119.00 4.2846 
119.50 4.2852 
120.00 4.2859 
120.50 4.2866 
121.00 4.2873 
121.50 4.2882 
122.00 4.2891 
122.50 4.2900 
123.00 4.2909 
123.50 4.2918 
124.00 4.2927 
124.50 4.2935 
125.00 4.2944 
125.50 4.2954 
126.00 4.2965 
126.50 4.2975 
127.00 4.2986 
127.50 4.2997 
128.00 4.3007 
128.50 4.3018 
129.00 4.3029 
129.50 4.3039 
130.00 4.3051 
130.50 4.3063 
131.00 4.3076 
131.50 4.3088 
132.00 4.3100 
132.50 4.3113 
133.00 4.3125 
133.50 4.3137 
134.00 4.3149 
134.50 4.3163 
135.00 4.3177 
135.50 4.3190 
136.00 4.3204 
136.50 4.3218 
137.00 4.3232 
137.50 4.3246 
138.00 4.3259 
138.50 4.3273 
139.00 4.3288 
139.50 4.3303 
140.00 4.3318 
140.50 4.3333 
141.00 4.3348 
141.50 4.3363 
142.00 4.3378 
142.50 4.3393 
143.00 4.3408 
143.50 4.3425 
144.00 4.3441 
144.50 4.3457 
145.00 4.3473 
145.50 4.3489 
146.00 4.3505 
146.50 4.3521 
147.00 4.3537 
147.50 4.3553 
148.00 4.3570 
148.50 4.3587 
149.00 4.3605 
149.50 4.3622 
150.00 4.3639 
