  0.00 1.3261 
  0.50 3.0939 
  1.00 3.1236 
  1.50 3.1533 
  2.00 3.1801 
  2.50 3.2064 
  3.00 3.2306 
  3.50 3.2536 
  4.00 3.2752 
  4.50 3.2952 
  5.00 3.3144 
  5.50 3.3318 
  6.00 3.3489 
  6.50 3.3637 
  7.00 3.3786 
  7.50 3.3915 
  8.00 3.4041 
  8.50 3.4154 
  9.00 3.4262 
  9.50 3.4361 
 10.00 3.4453 
 10.50 3.4539 
 11.00 3.4617 
 11.50 3.4693 
 12.00 3.4760 
 12.50 3.4827 
 13.00 3.4886 
 13.50 3.4945 
 14.00 3.5000 
 14.50 3.5053 
 15.00 3.5105 
 15.50 3.5155 
 16.00 3.5205 
 16.50 3.5256 
 17.00 3.5308 
 17.50 3.5361 
 18.00 3.5415 
 18.50 3.5473 
 19.00 3.5532 
 19.50 3.5598 
 20.00 3.5664 
 20.50 3.5739 
 21.00 3.5816 
 21.50 3.5901 
 22.00 3.5992 
 22.50 3.6089 
 23.00 3.6197 
 23.50 3.6307 
 24.00 3.6433 
 24.50 3.6560 
 25.00 3.6707 
 25.50 3.6856 
 26.00 3.7023 
 26.50 3.7196 
 27.00 3.7385 
 27.50 3.7585 
 28.00 3.7797 
 28.50 3.8027 
 29.00 3.8263 
 29.50 3.8526 
 30.00 3.8789 
 30.50 3.9087 
 31.00 3.9386 
 31.50 3.9714 
 32.00 4.0048 
 32.50 4.3767 
 33.00 4.3729 
 33.50 4.3691 
 34.00 4.3653 
 34.50 4.3615 
 35.00 4.3577 
 35.50 4.3539 
 36.00 4.3500 
 36.50 4.3462 
 37.00 4.3427 
 37.50 4.3391 
 38.00 4.3355 
 38.50 4.3320 
 39.00 4.3284 
 39.50 4.3248 
 40.00 4.3213 
 40.50 4.3177 
 41.00 4.3142 
 41.50 4.3110 
 42.00 4.3077 
 42.50 4.3044 
 43.00 4.3011 
 43.50 4.2978 
 44.00 4.2945 
 44.50 4.2912 
 45.00 4.2879 
 45.50 4.2849 
 46.00 4.2819 
 46.50 4.2789 
 47.00 4.2759 
 47.50 4.2729 
 48.00 4.2699 
 48.50 4.2670 
 49.00 4.2640 
 49.50 4.2611 
 50.00 4.2584 
 50.50 4.2557 
 51.00 4.2530 
 51.50 4.2503 
 52.00 4.2476 
 52.50 4.2449 
 53.00 4.2422 
 53.50 4.2395 
 54.00 4.2370 
 54.50 4.2346 
 55.00 4.2322 
 55.50 4.2298 
 56.00 4.2274 
 56.50 4.2250 
 57.00 4.2226 
 57.50 4.2202 
 58.00 4.2178 
 58.50 4.2157 
 59.00 4.2137 
 59.50 4.2116 
 60.00 4.2095 
 60.50 4.2075 
 61.00 4.2054 
 61.50 4.2033 
 62.00 4.2013 
 62.50 4.1993 
 63.00 4.1976 
 63.50 4.1958 
 64.00 4.1941 
 64.50 4.1923 
 65.00 4.1905 
 65.50 4.1888 
 66.00 4.1870 
 66.50 4.1853 
 67.00 4.1838 
 67.50 4.1824 
 68.00 4.1810 
 68.50 4.1795 
 69.00 4.1781 
 69.50 4.1767 
 70.00 4.1753 
 70.50 4.1739 
 71.00 4.1725 
 71.50 4.1714 
 72.00 4.1704 
 72.50 4.1693 
 73.00 4.1682 
 73.50 4.1671 
 74.00 4.1660 
 74.50 4.1650 
 75.00 4.1639 
 75.50 4.1630 
 76.00 4.1622 
 76.50 4.1615 
 77.00 4.1608 
 77.50 4.1600 
 78.00 4.1593 
 78.50 4.1585 
 79.00 4.1578 
 79.50 4.1570 
 80.00 4.1566 
 80.50 4.1562 
 81.00 4.1559 
 81.50 4.1555 
 82.00 4.1551 
 82.50 4.1547 
 83.00 4.1543 
 83.50 4.1540 
 84.00 4.1537 
 84.50 4.1537 
 85.00 4.1536 
 85.50 4.1536 
 86.00 4.1536 
 86.50 4.1536 
 87.00 4.1536 
 87.50 4.1535 
 88.00 4.1535 
 88.50 4.1537 
 89.00 4.1541 
 89.50 4.1544 
 90.00 4.1547 
 90.50 4.1551 
 91.00 4.1554 
 91.50 4.1557 
 92.00 4.1560 
 92.50 4.1564 
 93.00 4.1571 
 93.50 4.1578 
 94.00 4.1584 
 94.50 4.1591 
 95.00 4.1598 
 95.50 4.1604 
 96.00 4.1611 
 96.50 4.1618 
 97.00 4.1626 
 97.50 4.1636 
 98.00 4.1646 
 98.50 4.1655 
 99.00 4.1665 
 99.50 4.1675 
100.00 4.1685 
100.50 4.1695 
101.00 4.1704 
101.50 4.1717 
102.00 4.1729 
102.50 4.1742 
103.00 4.1754 
103.50 4.1766 
104.00 4.1779 
104.50 4.1791 
105.00 4.1804 
105.50 4.1817 
106.00 4.1832 
106.50 4.1847 
107.00 4.1862 
107.50 4.1877 
108.00 4.1892 
108.50 4.1907 
109.00 4.1922 
109.50 4.1937 
110.00 4.1953 
110.50 4.1970 
111.00 4.1988 
111.50 4.2005 
112.00 4.2022 
112.50 4.2039 
113.00 4.2056 
113.50 4.2073 
114.00 4.2090 
114.50 4.2109 
115.00 4.2128 
115.50 4.2147 
116.00 4.2166 
116.50 4.2185 
117.00 4.2204 
117.50 4.2223 
118.00 4.2242 
118.50 4.2261 
119.00 4.2282 
119.50 4.2302 
120.00 4.2323 
120.50 4.2343 
121.00 4.2364 
121.50 4.2384 
122.00 4.2405 
122.50 4.2425 
123.00 4.2447 
123.50 4.2468 
124.00 4.2490 
124.50 4.2512 
125.00 4.2534 
125.50 4.2555 
126.00 4.2577 
126.50 4.2599 
127.00 4.2621 
127.50 4.2643 
128.00 4.2666 
128.50 4.2689 
129.00 4.2711 
129.50 4.2734 
130.00 4.2757 
130.50 4.2779 
131.00 4.2802 
131.50 4.2825 
132.00 4.2848 
132.50 4.2872 
133.00 4.2895 
133.50 4.2918 
134.00 4.2941 
134.50 4.2965 
135.00 4.2988 
135.50 4.3011 
136.00 4.3034 
136.50 4.3058 
137.00 4.3082 
137.50 4.3105 
138.00 4.3128 
138.50 4.3152 
139.00 4.3175 
139.50 4.3199 
140.00 4.3222 
140.50 4.3246 
141.00 4.3270 
141.50 4.3293 
142.00 4.3317 
142.50 4.3340 
143.00 4.3364 
143.50 4.3388 
144.00 4.3411 
144.50 4.3434 
145.00 4.3458 
145.50 4.3481 
146.00 4.3504 
146.50 4.3527 
147.00 4.3551 
147.50 4.3574 
148.00 4.3597 
148.50 4.3620 
149.00 4.3643 
149.50 4.3665 
150.00 4.3688 
