  0.00 0.6238 
  0.50 1.1618 
  1.00 1.6999 
  1.50 2.2379 
  2.00 3.3770 
  2.50 3.3885 
  3.00 3.4000 
  3.50 3.4113 
  4.00 3.4221 
  4.50 3.4328 
  5.00 3.4435 
  5.50 3.4535 
  6.00 3.4635 
  6.50 3.4734 
  7.00 3.4828 
  7.50 3.4921 
  8.00 3.5014 
  8.50 3.5102 
  9.00 3.5189 
  9.50 3.5276 
 10.00 3.5358 
 10.50 3.5441 
 11.00 3.5522 
 11.50 3.5600 
 12.00 3.5677 
 12.50 3.5754 
 13.00 3.5828 
 13.50 3.5901 
 14.00 3.5975 
 14.50 3.6044 
 15.00 3.6114 
 15.50 3.6184 
 16.00 3.6251 
 16.50 3.6318 
 17.00 3.6385 
 17.50 3.6449 
 18.00 3.6514 
 18.50 3.6578 
 19.00 3.6641 
 19.50 3.6705 
 20.00 3.6768 
 20.50 3.6830 
 21.00 3.6892 
 21.50 3.6954 
 22.00 3.7015 
 22.50 3.7077 
 23.00 3.7139 
 23.50 3.7201 
 24.00 3.7263 
 24.50 3.7325 
 25.00 3.7387 
 25.50 3.7450 
 26.00 3.7513 
 26.50 3.7577 
 27.00 3.7641 
 27.50 3.7705 
 28.00 3.7771 
 28.50 3.7838 
 29.00 3.7904 
 29.50 3.7973 
 30.00 3.8042 
 30.50 3.8112 
 31.00 3.8184 
 31.50 3.8256 
 32.00 3.8328 
 32.50 3.8404 
 33.00 3.8481 
 33.50 3.8557 
 34.00 3.8638 
 34.50 3.8719 
 35.00 3.8800 
 35.50 3.8885 
 36.00 3.8972 
 36.50 3.9058 
 37.00 3.9149 
 37.50 3.9241 
 38.00 3.9333 
 38.50 3.9431 
 39.00 3.9529 
 39.50 3.9628 
 40.00 3.9733 
 40.50 3.9838 
 41.00 3.9944 
 41.50 4.0056 
 42.00 4.0169 
 42.50 4.0282 
 43.00 4.0402 
 43.50 4.0524 
 44.00 4.0646 
 44.50 4.0774 
 45.00 4.0904 
 45.50 4.1034 
 46.00 4.5142 
 46.50 4.5176 
 47.00 4.5210 
 47.50 4.5244 
 48.00 4.5277 
 48.50 4.5311 
 49.00 4.5345 
 49.50 4.5379 
 50.00 4.5409 
 50.50 4.5438 
 51.00 4.5468 
 51.50 4.5497 
 52.00 4.5526 
 52.50 4.5555 
 53.00 4.5584 
 53.50 4.5613 
 54.00 4.5639 
 54.50 4.5663 
 55.00 4.5687 
 55.50 4.5712 
 56.00 4.5736 
 56.50 4.5761 
 57.00 4.5785 
 57.50 4.5810 
 58.00 4.5831 
 58.50 4.5851 
 59.00 4.5871 
 59.50 4.5892 
 60.00 4.5912 
 60.50 4.5932 
 61.00 4.5953 
 61.50 4.5973 
 62.00 4.5989 
 62.50 4.6006 
 63.00 4.6023 
 63.50 4.6039 
 64.00 4.6056 
 64.50 4.6073 
 65.00 4.6090 
 65.50 4.6106 
 66.00 4.6119 
 66.50 4.6132 
 67.00 4.6146 
 67.50 4.6159 
 68.00 4.6173 
 68.50 4.6186 
 69.00 4.6200 
 69.50 4.6212 
 70.00 4.6223 
 70.50 4.6234 
 71.00 4.6244 
 71.50 4.6255 
 72.00 4.6265 
 72.50 4.6276 
 73.00 4.6287 
 73.50 4.6296 
 74.00 4.6305 
 74.50 4.6313 
 75.00 4.6322 
 75.50 4.6330 
 76.00 4.6338 
 76.50 4.6346 
 77.00 4.6355 
 77.50 4.6363 
 78.00 4.6369 
 78.50 4.6375 
 79.00 4.6382 
 79.50 4.6388 
 80.00 4.6395 
 80.50 4.6401 
 81.00 4.6408 
 81.50 4.6413 
 82.00 4.6418 
 82.50 4.6423 
 83.00 4.6428 
 83.50 4.6433 
 84.00 4.6438 
 84.50 4.6443 
 85.00 4.6448 
 85.50 4.6452 
 86.00 4.6456 
 86.50 4.6460 
 87.00 4.6464 
 87.50 4.6468 
 88.00 4.6472 
 88.50 4.6476 
 89.00 4.6480 
 89.50 4.6484 
 90.00 4.6488 
 90.50 4.6491 
 91.00 4.6495 
 91.50 4.6498 
 92.00 4.6502 
 92.50 4.6505 
 93.00 4.6509 
 93.50 4.6513 
 94.00 4.6516 
 94.50 4.6520 
 95.00 4.6523 
 95.50 4.6527 
 96.00 4.6530 
 96.50 4.6534 
 97.00 4.6537 
 97.50 4.6541 
 98.00 4.6545 
 98.50 4.6549 
 99.00 4.6553 
 99.50 4.6557 
100.00 4.6561 
100.50 4.6565 
101.00 4.6569 
101.50 4.6573 
102.00 4.6577 
102.50 4.6581 
103.00 4.6585 
103.50 4.6589 
104.00 4.6593 
104.50 4.6597 
105.00 4.6601 
105.50 4.6605 
106.00 4.6609 
106.50 4.6613 
107.00 4.6618 
107.50 4.6622 
108.00 4.6626 
108.50 4.6630 
109.00 4.6634 
109.50 4.6638 
110.00 4.6643 
110.50 4.6647 
111.00 4.6651 
111.50 4.6655 
112.00 4.6659 
112.50 4.6663 
113.00 4.6668 
113.50 4.6672 
114.00 4.6676 
114.50 4.6680 
115.00 4.6684 
115.50 4.6688 
116.00 4.6692 
116.50 4.6696 
117.00 4.6700 
117.50 4.6704 
118.00 4.6707 
118.50 4.6711 
119.00 4.6715 
119.50 4.6718 
120.00 4.6722 
120.50 4.6726 
121.00 4.6729 
121.50 4.6732 
122.00 4.6735 
122.50 4.6738 
123.00 4.6742 
123.50 4.6745 
124.00 4.6748 
124.50 4.6751 
125.00 4.6754 
125.50 4.6757 
126.00 4.6759 
126.50 4.6762 
127.00 4.6764 
127.50 4.6767 
128.00 4.6769 
128.50 4.6772 
129.00 4.6774 
129.50 4.6776 
130.00 4.6777 
130.50 4.6779 
131.00 4.6781 
131.50 4.6783 
132.00 4.6784 
132.50 4.6786 
133.00 4.6787 
133.50 4.6788 
134.00 4.6789 
134.50 4.6790 
135.00 4.6791 
135.50 4.6791 
136.00 4.6792 
136.50 4.6793 
137.00 4.6793 
137.50 4.6793 
138.00 4.6792 
138.50 4.6792 
139.00 4.6792 
139.50 4.6792 
140.00 4.6791 
140.50 4.6791 
141.00 4.6790 
141.50 4.6788 
142.00 4.6787 
142.50 4.6785 
143.00 4.6784 
143.50 4.6782 
144.00 4.6781 
144.50 4.6779 
145.00 4.6776 
145.50 4.6773 
146.00 4.6771 
146.50 4.6767 
147.00 4.6764 
147.50 4.6761 
148.00 4.6758 
148.50 4.6755 
149.00 4.6751 
149.50 4.6747 
150.00 4.6742 
