  0.00 0.6350 
  0.50 1.2009 
  1.00 1.7668 
  1.50 2.3327 
  2.00 3.4336 
  2.50 3.4425 
  3.00 3.4515 
  3.50 3.4601 
  4.00 3.4687 
  4.50 3.4772 
  5.00 3.4855 
  5.50 3.4936 
  6.00 3.5018 
  6.50 3.5096 
  7.00 3.5173 
  7.50 3.5251 
  8.00 3.5326 
  8.50 3.5401 
  9.00 3.5475 
  9.50 3.5547 
 10.00 3.5618 
 10.50 3.5689 
 11.00 3.5759 
 11.50 3.5828 
 12.00 3.5896 
 12.50 3.5963 
 13.00 3.6029 
 13.50 3.6095 
 14.00 3.6160 
 14.50 3.6224 
 15.00 3.6288 
 15.50 3.6351 
 16.00 3.6413 
 16.50 3.6476 
 17.00 3.6538 
 17.50 3.6599 
 18.00 3.6660 
 18.50 3.6721 
 19.00 3.6781 
 19.50 3.6841 
 20.00 3.6901 
 20.50 3.6960 
 21.00 3.7020 
 21.50 3.7079 
 22.00 3.7138 
 22.50 3.7197 
 23.00 3.7256 
 23.50 3.7315 
 24.00 3.7374 
 24.50 3.7434 
 25.00 3.7493 
 25.50 3.7552 
 26.00 3.7612 
 26.50 3.7672 
 27.00 3.7732 
 27.50 3.7793 
 28.00 3.7854 
 28.50 3.7914 
 29.00 3.7977 
 29.50 3.8039 
 30.00 3.8102 
 30.50 3.8165 
 31.00 3.8229 
 31.50 3.8293 
 32.00 3.8358 
 32.50 3.8424 
 33.00 3.8490 
 33.50 3.8558 
 34.00 3.8626 
 34.50 3.8694 
 35.00 3.8765 
 35.50 3.8835 
 36.00 3.8906 
 36.50 3.8980 
 37.00 3.9053 
 37.50 3.9127 
 38.00 3.9204 
 38.50 3.9281 
 39.00 3.9358 
 39.50 3.9438 
 40.00 3.9519 
 40.50 3.9600 
 41.00 3.9684 
 41.50 3.9768 
 42.00 3.9853 
 42.50 3.9941 
 43.00 4.0030 
 43.50 4.0119 
 44.00 4.0211 
 44.50 4.0304 
 45.00 4.0397 
 45.50 4.5054 
 46.00 4.5076 
 46.50 4.5099 
 47.00 4.5121 
 47.50 4.5143 
 48.00 4.5166 
 48.50 4.5188 
 49.00 4.5211 
 49.50 4.5234 
 50.00 4.5257 
 50.50 4.5280 
 51.00 4.5303 
 51.50 4.5326 
 52.00 4.5350 
 52.50 4.5373 
 53.00 4.5396 
 53.50 4.5419 
 54.00 4.5443 
 54.50 4.5466 
 55.00 4.5489 
 55.50 4.5513 
 56.00 4.5536 
 56.50 4.5560 
 57.00 4.5583 
 57.50 4.5606 
 58.00 4.5630 
 58.50 4.5653 
 59.00 4.5676 
 59.50 4.5699 
 60.00 4.5723 
 60.50 4.5746 
 61.00 4.5769 
 61.50 4.5792 
 62.00 4.5815 
 62.50 4.5838 
 63.00 4.5861 
 63.50 4.5884 
 64.00 4.5907 
 64.50 4.5930 
 65.00 4.5952 
 65.50 4.5974 
 66.00 4.5997 
 66.50 4.6019 
 67.00 4.6041 
 67.50 4.6063 
 68.00 4.6085 
 68.50 4.6107 
 69.00 4.6129 
 69.50 4.6151 
 70.00 4.6172 
 70.50 4.6193 
 71.00 4.6214 
 71.50 4.6236 
 72.00 4.6257 
 72.50 4.6278 
 73.00 4.6299 
 73.50 4.6319 
 74.00 4.6339 
 74.50 4.6359 
 75.00 4.6379 
 75.50 4.6398 
 76.00 4.6418 
 76.50 4.6438 
 77.00 4.6457 
 77.50 4.6476 
 78.00 4.6494 
 78.50 4.6513 
 79.00 4.6531 
 79.50 4.6549 
 80.00 4.6568 
 80.50 4.6586 
 81.00 4.6604 
 81.50 4.6620 
 82.00 4.6636 
 82.50 4.6653 
 83.00 4.6669 
 83.50 4.6685 
 84.00 4.6702 
 84.50 4.6718 
 85.00 4.6734 
 85.50 4.6748 
 86.00 4.6762 
 86.50 4.6776 
 87.00 4.6790 
 87.50 4.6805 
 88.00 4.6819 
 88.50 4.6833 
 89.00 4.6846 
 89.50 4.6858 
 90.00 4.6870 
 90.50 4.6882 
 91.00 4.6893 
 91.50 4.6905 
 92.00 4.6917 
 92.50 4.6929 
 93.00 4.6939 
 93.50 4.6948 
 94.00 4.6957 
 94.50 4.6966 
 95.00 4.6975 
 95.50 4.6984 
 96.00 4.6993 
 96.50 4.7002 
 97.00 4.7009 
 97.50 4.7015 
 98.00 4.7020 
 98.50 4.7026 
 99.00 4.7032 
 99.50 4.7038 
100.00 4.7044 
100.50 4.7050 
101.00 4.7054 
101.50 4.7057 
102.00 4.7060 
102.50 4.7063 
103.00 4.7066 
103.50 4.7069 
104.00 4.7072 
104.50 4.7075 
105.00 4.7076 
105.50 4.7077 
106.00 4.7077 
106.50 4.7078 
107.00 4.7078 
107.50 4.7079 
108.00 4.7079 
108.50 4.7080 
109.00 4.7078 
109.50 4.7076 
110.00 4.7074 
110.50 4.7072 
111.00 4.7070 
111.50 4.7068 
112.00 4.7066 
112.50 4.7064 
113.00 4.7061 
113.50 4.7056 
114.00 4.7052 
114.50 4.7048 
115.00 4.7044 
115.50 4.7040 
116.00 4.7036 
116.50 4.7031 
117.00 4.7026 
117.50 4.7020 
118.00 4.7014 
118.50 4.7008 
119.00 4.7002 
119.50 4.6996 
120.00 4.6990 
120.50 4.6984 
121.00 4.6977 
121.50 4.6969 
122.00 4.6961 
122.50 4.6953 
123.00 4.6945 
123.50 4.6938 
124.00 4.6930 
124.50 4.6922 
125.00 4.6913 
125.50 4.6904 
126.00 4.6895 
126.50 4.6886 
127.00 4.6877 
127.50 4.6868 
128.00 4.6859 
128.50 4.6849 
129.00 4.6839 
129.50 4.6829 
130.00 4.6819 
130.50 4.6808 
131.00 4.6798 
131.50 4.6788 
132.00 4.6777 
132.50 4.6767 
133.00 4.6756 
133.50 4.6744 
134.00 4.6733 
134.50 4.6722 
135.00 4.6710 
135.50 4.6699 
136.00 4.6688 
136.50 4.6676 
137.00 4.6664 
137.50 4.6652 
138.00 4.6640 
138.50 4.6628 
139.00 4.6616 
139.50 4.6604 
140.00 4.6592 
140.50 4.6579 
141.00 4.6567 
141.50 4.6555 
142.00 4.6542 
142.50 4.6530 
143.00 4.6517 
143.50 4.6505 
144.00 4.6492 
144.50 4.6480 
145.00 4.6467 
145.50 4.6454 
146.00 4.6441 
146.50 4.6428 
147.00 4.6415 
147.50 4.6403 
148.00 4.6390 
148.50 4.6377 
149.00 4.6364 
149.50 4.6352 
150.00 4.6339 
