  0.00 1.6373 
  0.50 2.1421 
  1.00 2.6470 
  1.50 3.3415 
  2.00 3.3571 
  2.50 3.3727 
  3.00 3.3877 
  3.50 3.4015 
  4.00 3.4153 
  4.50 3.4291 
  5.00 3.4416 
  5.50 3.4537 
  6.00 3.4658 
  6.50 3.4775 
  7.00 3.4880 
  7.50 3.4985 
  8.00 3.5090 
  8.50 3.5186 
  9.00 3.5276 
  9.50 3.5367 
 10.00 3.5456 
 10.50 3.5533 
 11.00 3.5610 
 11.50 3.5687 
 12.00 3.5758 
 12.50 3.5823 
 13.00 3.5889 
 13.50 3.5954 
 14.00 3.6009 
 14.50 3.6064 
 15.00 3.6119 
 15.50 3.6169 
 16.00 3.6215 
 16.50 3.6260 
 17.00 3.6306 
 17.50 3.6344 
 18.00 3.6382 
 18.50 3.6420 
 19.00 3.6455 
 19.50 3.6486 
 20.00 3.6518 
 20.50 3.6550 
 21.00 3.6576 
 21.50 3.6602 
 22.00 3.6628 
 22.50 3.6653 
 23.00 3.6675 
 23.50 3.6698 
 24.00 3.6720 
 24.50 3.6740 
 25.00 3.6761 
 25.50 3.6780 
 26.00 3.6800 
 26.50 3.6818 
 27.00 3.6837 
 27.50 3.6855 
 28.00 3.6874 
 28.50 3.6893 
 29.00 3.6911 
 29.50 3.6930 
 30.00 3.6951 
 30.50 3.6971 
 31.00 3.6991 
 31.50 3.7013 
 32.00 3.7036 
 32.50 3.7059 
 33.00 3.7082 
 33.50 3.7109 
 34.00 3.7137 
 34.50 3.7164 
 35.00 3.7194 
 35.50 3.7226 
 36.00 3.7260 
 36.50 3.7292 
 37.00 3.7331 
 37.50 3.7371 
 38.00 3.7411 
 38.50 3.7453 
 39.00 3.7501 
 39.50 3.7548 
 40.00 3.7596 
 40.50 3.7652 
 41.00 3.7709 
 41.50 3.7766 
 42.00 3.7826 
 42.50 3.7894 
 43.00 3.7963 
 43.50 3.8031 
 44.00 3.8108 
 44.50 3.8188 
 45.00 3.8269 
 45.50 3.8351 
 46.00 3.8445 
 46.50 3.8539 
 47.00 3.8633 
 47.50 3.8735 
 48.00 3.8844 
 48.50 3.8953 
 49.00 3.9062 
 49.50 3.9187 
 50.00 3.9312 
 50.50 3.9438 
 51.00 3.9571 
 51.50 3.9713 
 52.00 3.9855 
 52.50 3.9997 
 53.00 4.2551 
 53.50 4.2623 
 54.00 4.2696 
 54.50 4.2769 
 55.00 4.2841 
 55.50 4.2914 
 56.00 4.2986 
 56.50 4.3059 
 57.00 4.3132 
 57.50 4.3204 
 58.00 4.3265 
 58.50 4.3321 
 59.00 4.3378 
 59.50 4.3434 
 60.00 4.3491 
 60.50 4.3547 
 61.00 4.3604 
 61.50 4.3660 
 62.00 4.3717 
 62.50 4.3773 
 63.00 4.3821 
 63.50 4.3863 
 64.00 4.3905 
 64.50 4.3947 
 65.00 4.3989 
 65.50 4.4030 
 66.00 4.4072 
 66.50 4.4114 
 67.00 4.4156 
 67.50 4.4197 
 68.00 4.4234 
 68.50 4.4264 
 69.00 4.4293 
 69.50 4.4322 
 70.00 4.4351 
 70.50 4.4380 
 71.00 4.4410 
 71.50 4.4439 
 72.00 4.4468 
 72.50 4.4497 
 73.00 4.4524 
 73.50 4.4542 
 74.00 4.4561 
 74.50 4.4579 
 75.00 4.4598 
 75.50 4.4616 
 76.00 4.4634 
 76.50 4.4653 
 77.00 4.4671 
 77.50 4.4690 
 78.00 4.4707 
 78.50 4.4717 
 79.00 4.4727 
 79.50 4.4736 
 80.00 4.4746 
 80.50 4.4755 
 81.00 4.4765 
 81.50 4.4774 
 82.00 4.4784 
 82.50 4.4793 
 83.00 4.4803 
 83.50 4.4806 
 84.00 4.4809 
 84.50 4.4812 
 85.00 4.4815 
 85.50 4.4817 
 86.00 4.4820 
 86.50 4.4823 
 87.00 4.4826 
 87.50 4.4829 
 88.00 4.4831 
 88.50 4.4830 
 89.00 4.4828 
 89.50 4.4826 
 90.00 4.4823 
 90.50 4.4821 
 91.00 4.4818 
 91.50 4.4816 
 92.00 4.4814 
 92.50 4.4811 
 93.00 4.4809 
 93.50 4.4805 
 94.00 4.4800 
 94.50 4.4795 
 95.00 4.4790 
 95.50 4.4784 
 96.00 4.4779 
 96.50 4.4774 
 97.00 4.4769 
 97.50 4.4764 
 98.00 4.4758 
 98.50 4.4753 
 99.00 4.4746 
 99.50 4.4740 
100.00 4.4733 
100.50 4.4727 
101.00 4.4721 
101.50 4.4714 
102.00 4.4708 
102.50 4.4702 
103.00 4.4695 
103.50 4.4689 
104.00 4.4682 
104.50 4.4676 
105.00 4.4670 
105.50 4.4664 
106.00 4.4657 
106.50 4.4651 
107.00 4.4645 
107.50 4.4638 
108.00 4.4632 
108.50 4.4626 
109.00 4.4620 
109.50 4.4614 
110.00 4.4608 
110.50 4.4603 
111.00 4.4597 
111.50 4.4591 
112.00 4.4585 
112.50 4.4579 
113.00 4.4574 
113.50 4.4568 
114.00 4.4562 
114.50 4.4557 
115.00 4.4552 
115.50 4.4547 
116.00 4.4542 
116.50 4.4536 
117.00 4.4531 
117.50 4.4526 
118.00 4.4521 
118.50 4.4516 
119.00 4.4511 
119.50 4.4506 
120.00 4.4502 
120.50 4.4497 
121.00 4.4493 
121.50 4.4488 
122.00 4.4484 
122.50 4.4479 
123.00 4.4475 
123.50 4.4470 
124.00 4.4466 
124.50 4.4462 
125.00 4.4459 
125.50 4.4455 
126.00 4.4451 
126.50 4.4448 
127.00 4.4444 
127.50 4.4441 
128.00 4.4437 
128.50 4.4433 
129.00 4.4430 
129.50 4.4428 
130.00 4.4425 
130.50 4.4422 
131.00 4.4420 
131.50 4.4417 
132.00 4.4415 
132.50 4.4412 
133.00 4.4410 
133.50 4.4407 
134.00 4.4405 
134.50 4.4403 
135.00 4.4402 
135.50 4.4401 
136.00 4.4399 
136.50 4.4398 
137.00 4.4397 
137.50 4.4395 
138.00 4.4394 
138.50 4.4392 
139.00 4.4391 
139.50 4.4391 
140.00 4.4391 
140.50 4.4391 
141.00 4.4391 
141.50 4.4390 
142.00 4.4390 
142.50 4.4390 
143.00 4.4390 
143.50 4.4390 
144.00 4.4390 
144.50 4.4391 
145.00 4.4393 
145.50 4.4394 
146.00 4.4396 
146.50 4.4397 
147.00 4.4399 
147.50 4.4400 
148.00 4.4402 
148.50 4.4403 
149.00 4.4405 
149.50 4.4407 
150.00 4.4410 
