  0.00 0.5140 
  0.50 0.9184 
  1.00 1.3229 
  1.50 1.7273 
  2.00 2.1317 
  2.50 2.5361 
  3.00 3.3667 
  3.50 3.3783 
  4.00 3.3899 
  4.50 3.4013 
  5.00 3.4121 
  5.50 3.4229 
  6.00 3.4336 
  6.50 3.4436 
  7.00 3.4535 
  7.50 3.4635 
  8.00 3.4728 
  8.50 3.4821 
  9.00 3.4913 
  9.50 3.5001 
 10.00 3.5087 
 10.50 3.5173 
 11.00 3.5256 
 11.50 3.5336 
 12.00 3.5416 
 12.50 3.5495 
 13.00 3.5571 
 13.50 3.5646 
 14.00 3.5721 
 14.50 3.5793 
 15.00 3.5864 
 15.50 3.5936 
 16.00 3.6004 
 16.50 3.6073 
 17.00 3.6141 
 17.50 3.6208 
 18.00 3.6274 
 18.50 3.6340 
 19.00 3.6405 
 19.50 3.6469 
 20.00 3.6533 
 20.50 3.6597 
 21.00 3.6661 
 21.50 3.6725 
 22.00 3.6789 
 22.50 3.6853 
 23.00 3.6917 
 23.50 3.6981 
 24.00 3.7045 
 24.50 3.7110 
 25.00 3.7175 
 25.50 3.7241 
 26.00 3.7308 
 26.50 3.7375 
 27.00 3.7443 
 27.50 3.7512 
 28.00 3.7582 
 28.50 3.7652 
 29.00 3.7725 
 29.50 3.7798 
 30.00 3.7871 
 30.50 3.7948 
 31.00 3.8025 
 31.50 3.8102 
 32.00 3.8184 
 32.50 3.8266 
 33.00 3.8348 
 33.50 3.8435 
 34.00 3.8523 
 34.50 3.8611 
 35.00 3.8703 
 35.50 3.8798 
 36.00 3.8892 
 36.50 3.8990 
 37.00 3.9093 
 37.50 3.9195 
 38.00 3.9299 
 38.50 3.9410 
 39.00 3.9521 
 39.50 3.9631 
 40.00 3.9751 
 40.50 3.9871 
 41.00 3.9991 
 41.50 4.0119 
 42.00 4.0250 
 42.50 4.0380 
 43.00 4.0517 
 43.50 4.0658 
 44.00 4.0798 
 44.50 4.0944 
 45.00 4.1097 
 45.50 4.1250 
 46.00 4.1405 
 46.50 4.1570 
 47.00 4.1735 
 47.50 4.1901 
 48.00 4.2078 
 48.50 4.2256 
 49.00 4.2433 
 49.50 4.4881 
 50.00 4.4908 
 50.50 4.4935 
 51.00 4.4962 
 51.50 4.4989 
 52.00 4.5016 
 52.50 4.5043 
 53.00 4.5070 
 53.50 4.5092 
 54.00 4.5115 
 54.50 4.5137 
 55.00 4.5160 
 55.50 4.5182 
 56.00 4.5205 
 56.50 4.5227 
 57.00 4.5248 
 57.50 4.5267 
 58.00 4.5285 
 58.50 4.5303 
 59.00 4.5321 
 59.50 4.5339 
 60.00 4.5358 
 60.50 4.5376 
 61.00 4.5392 
 61.50 4.5406 
 62.00 4.5420 
 62.50 4.5435 
 63.00 4.5449 
 63.50 4.5464 
 64.00 4.5478 
 64.50 4.5492 
 65.00 4.5504 
 65.50 4.5514 
 66.00 4.5526 
 66.50 4.5537 
 67.00 4.5548 
 67.50 4.5559 
 68.00 4.5569 
 68.50 4.5580 
 69.00 4.5588 
 69.50 4.5596 
 70.00 4.5604 
 70.50 4.5612 
 71.00 4.5620 
 71.50 4.5628 
 72.00 4.5636 
 72.50 4.5643 
 73.00 4.5649 
 73.50 4.5654 
 74.00 4.5660 
 74.50 4.5665 
 75.00 4.5671 
 75.50 4.5677 
 76.00 4.5682 
 76.50 4.5686 
 77.00 4.5690 
 77.50 4.5694 
 78.00 4.5697 
 78.50 4.5701 
 79.00 4.5705 
 79.50 4.5708 
 80.00 4.5712 
 80.50 4.5714 
 81.00 4.5716 
 81.50 4.5718 
 82.00 4.5721 
 82.50 4.5723 
 83.00 4.5725 
 83.50 4.5727 
 84.00 4.5729 
 84.50 4.5730 
 85.00 4.5731 
 85.50 4.5732 
 86.00 4.5733 
 86.50 4.5734 
 87.00 4.5735 
 87.50 4.5736 
 88.00 4.5737 
 88.50 4.5738 
 89.00 4.5738 
 89.50 4.5739 
 90.00 4.5739 
 90.50 4.5740 
 91.00 4.5740 
 91.50 4.5741 
 92.00 4.5741 
 92.50 4.5742 
 93.00 4.5742 
 93.50 4.5743 
 94.00 4.5743 
 94.50 4.5744 
 95.00 4.5744 
 95.50 4.5745 
 96.00 4.5746 
 96.50 4.5747 
 97.00 4.5747 
 97.50 4.5748 
 98.00 4.5749 
 98.50 4.5750 
 99.00 4.5750 
 99.50 4.5751 
100.00 4.5753 
100.50 4.5755 
101.00 4.5756 
101.50 4.5758 
102.00 4.5760 
102.50 4.5761 
103.00 4.5763 
103.50 4.5765 
104.00 4.5767 
104.50 4.5770 
105.00 4.5772 
105.50 4.5774 
106.00 4.5777 
106.50 4.5779 
107.00 4.5781 
107.50 4.5784 
108.00 4.5787 
108.50 4.5790 
109.00 4.5793 
109.50 4.5796 
110.00 4.5799 
110.50 4.5802 
111.00 4.5805 
111.50 4.5809 
112.00 4.5812 
112.50 4.5816 
113.00 4.5819 
113.50 4.5823 
114.00 4.5827 
114.50 4.5830 
115.00 4.5834 
115.50 4.5838 
116.00 4.5842 
116.50 4.5846 
117.00 4.5851 
117.50 4.5855 
118.00 4.5859 
118.50 4.5863 
119.00 4.5867 
119.50 4.5872 
120.00 4.5876 
120.50 4.5880 
121.00 4.5885 
121.50 4.5889 
122.00 4.5894 
122.50 4.5898 
123.00 4.5903 
123.50 4.5907 
124.00 4.5912 
124.50 4.5917 
125.00 4.5922 
125.50 4.5927 
126.00 4.5931 
126.50 4.5936 
127.00 4.5941 
127.50 4.5946 
128.00 4.5951 
128.50 4.5956 
129.00 4.5961 
129.50 4.5966 
130.00 4.5971 
130.50 4.5976 
131.00 4.5981 
131.50 4.5986 
132.00 4.5991 
132.50 4.5996 
133.00 4.6001 
133.50 4.6006 
134.00 4.6011 
134.50 4.6016 
135.00 4.6021 
135.50 4.6026 
136.00 4.6031 
136.50 4.6036 
137.00 4.6041 
137.50 4.6046 
138.00 4.6051 
138.50 4.6056 
139.00 4.6061 
139.50 4.6066 
140.00 4.6071 
140.50 4.6076 
141.00 4.6081 
141.50 4.6086 
142.00 4.6090 
142.50 4.6095 
143.00 4.6100 
143.50 4.6105 
144.00 4.6109 
144.50 4.6114 
145.00 4.6119 
145.50 4.6124 
146.00 4.6128 
146.50 4.6133 
147.00 4.6137 
147.50 4.6142 
148.00 4.6146 
148.50 4.6151 
149.00 4.6155 
149.50 4.6159 
150.00 4.6163 
