  0.00 1.1267 
  0.50 1.9378 
  1.00 2.8954 
  1.50 2.9164 
  2.00 2.9359 
  2.50 2.9553 
  3.00 2.9734 
  3.50 2.9913 
  4.00 3.0080 
  4.50 3.0244 
  5.00 3.0399 
  5.50 3.0550 
  6.00 3.0693 
  6.50 3.0831 
  7.00 3.0965 
  7.50 3.1093 
  8.00 3.1217 
  8.50 3.1335 
  9.00 3.1451 
  9.50 3.1561 
 10.00 3.1669 
 10.50 3.1772 
 11.00 3.1874 
 11.50 3.1972 
 12.00 3.2069 
 12.50 3.2162 
 13.00 3.2255 
 13.50 3.2345 
 14.00 3.2435 
 14.50 3.2523 
 15.00 3.2611 
 15.50 3.2698 
 16.00 3.2785 
 16.50 3.2872 
 17.00 3.2960 
 17.50 3.3049 
 18.00 3.3139 
 18.50 3.3230 
 19.00 3.3323 
 19.50 3.3418 
 20.00 3.3515 
 20.50 3.3615 
 21.00 3.3718 
 21.50 3.3823 
 22.00 3.3933 
 22.50 3.4044 
 23.00 3.4162 
 23.50 3.4281 
 24.00 3.4409 
 24.50 3.4537 
 25.00 3.4675 
 25.50 3.4815 
 26.00 3.4963 
 26.50 3.5114 
 27.00 3.5275 
 27.50 3.5439 
 28.00 3.5612 
 28.50 3.9365 
 29.00 3.9506 
 29.50 3.9647 
 30.00 3.9789 
 30.50 3.9930 
 31.00 4.0072 
 31.50 4.0213 
 32.00 4.0354 
 32.50 4.0496 
 33.00 4.0622 
 33.50 4.0739 
 34.00 4.0855 
 34.50 4.0971 
 35.00 4.1088 
 35.50 4.1204 
 36.00 4.1320 
 36.50 4.1437 
 37.00 4.1553 
 37.50 4.1650 
 38.00 4.1743 
 38.50 4.1835 
 39.00 4.1927 
 39.50 4.2020 
 40.00 4.2112 
 40.50 4.2204 
 41.00 4.2297 
 41.50 4.2389 
 42.00 4.2460 
 42.50 4.2531 
 43.00 4.2602 
 43.50 4.2672 
 44.00 4.2743 
 44.50 4.2814 
 45.00 4.2885 
 45.50 4.2956 
 46.00 4.3023 
 46.50 4.3075 
 47.00 4.3126 
 47.50 4.3178 
 48.00 4.3229 
 48.50 4.3281 
 49.00 4.3332 
 49.50 4.3384 
 50.00 4.3435 
 50.50 4.3481 
 51.00 4.3515 
 51.50 4.3550 
 52.00 4.3585 
 52.50 4.3619 
 53.00 4.3654 
 53.50 4.3689 
 54.00 4.3723 
 54.50 4.3758 
 55.00 4.3784 
 55.50 4.3804 
 56.00 4.3824 
 56.50 4.3844 
 57.00 4.3864 
 57.50 4.3884 
 58.00 4.3904 
 58.50 4.3924 
 59.00 4.3944 
 59.50 4.3955 
 60.00 4.3963 
 60.50 4.3971 
 61.00 4.3979 
 61.50 4.3987 
 62.00 4.3995 
 62.50 4.4003 
 63.00 4.4011 
 63.50 4.4019 
 64.00 4.4017 
 64.50 4.4015 
 65.00 4.4014 
 65.50 4.4012 
 66.00 4.4010 
 66.50 4.4008 
 67.00 4.4006 
 67.50 4.4005 
 68.00 4.4002 
 68.50 4.3992 
 69.00 4.3983 
 69.50 4.3974 
 70.00 4.3964 
 70.50 4.3955 
 71.00 4.3946 
 71.50 4.3936 
 72.00 4.3927 
 72.50 4.3916 
 73.00 4.3902 
 73.50 4.3887 
 74.00 4.3873 
 74.50 4.3859 
 75.00 4.3845 
 75.50 4.3830 
 76.00 4.3816 
 76.50 4.3802 
 77.00 4.3786 
 77.50 4.3769 
 78.00 4.3751 
 78.50 4.3734 
 79.00 4.3717 
 79.50 4.3700 
 80.00 4.3683 
 80.50 4.3666 
 81.00 4.3649 
 81.50 4.3631 
 82.00 4.3614 
 82.50 4.3596 
 83.00 4.3579 
 83.50 4.3561 
 84.00 4.3544 
 84.50 4.3526 
 85.00 4.3509 
 85.50 4.3491 
 86.00 4.3475 
 86.50 4.3460 
 87.00 4.3444 
 87.50 4.3428 
 88.00 4.3412 
 88.50 4.3396 
 89.00 4.3381 
 89.50 4.3365 
 90.00 4.3349 
 90.50 4.3335 
 91.00 4.3322 
 91.50 4.3308 
 92.00 4.3294 
 92.50 4.3280 
 93.00 4.3266 
 93.50 4.3252 
 94.00 4.3238 
 94.50 4.3225 
 95.00 4.3213 
 95.50 4.3202 
 96.00 4.3190 
 96.50 4.3178 
 97.00 4.3166 
 97.50 4.3154 
 98.00 4.3143 
 98.50 4.3131 
 99.00 4.3120 
 99.50 4.3110 
100.00 4.3100 
100.50 4.3091 
101.00 4.3081 
101.50 4.3071 
102.00 4.3061 
102.50 4.3052 
103.00 4.3042 
103.50 4.3034 
104.00 4.3026 
104.50 4.3018 
105.00 4.3010 
105.50 4.3003 
106.00 4.2995 
106.50 4.2987 
107.00 4.2980 
107.50 4.2972 
108.00 4.2966 
108.50 4.2960 
109.00 4.2954 
109.50 4.2949 
110.00 4.2943 
110.50 4.2938 
111.00 4.2932 
111.50 4.2926 
112.00 4.2921 
112.50 4.2917 
113.00 4.2914 
113.50 4.2910 
114.00 4.2907 
114.50 4.2903 
115.00 4.2900 
115.50 4.2896 
116.00 4.2893 
116.50 4.2890 
117.00 4.2888 
117.50 4.2887 
118.00 4.2885 
118.50 4.2884 
119.00 4.2882 
119.50 4.2881 
120.00 4.2879 
120.50 4.2878 
121.00 4.2877 
121.50 4.2878 
122.00 4.2879 
122.50 4.2879 
123.00 4.2880 
123.50 4.2881 
124.00 4.2881 
124.50 4.2882 
125.00 4.2883 
125.50 4.2885 
126.00 4.2888 
126.50 4.2890 
127.00 4.2893 
127.50 4.2896 
128.00 4.2899 
128.50 4.2901 
129.00 4.2904 
129.50 4.2907 
130.00 4.2911 
130.50 4.2916 
131.00 4.2921 
131.50 4.2926 
132.00 4.2931 
132.50 4.2936 
133.00 4.2941 
133.50 4.2946 
134.00 4.2950 
134.50 4.2958 
135.00 4.2965 
135.50 4.2972 
136.00 4.2979 
136.50 4.2986 
137.00 4.2993 
137.50 4.3000 
138.00 4.3007 
138.50 4.3014 
139.00 4.3024 
139.50 4.3033 
140.00 4.3042 
140.50 4.3052 
141.00 4.3061 
141.50 4.3070 
142.00 4.3080 
142.50 4.3089 
143.00 4.3099 
143.50 4.3111 
144.00 4.3122 
144.50 4.3133 
145.00 4.3145 
145.50 4.3156 
146.00 4.3167 
146.50 4.3179 
147.00 4.3190 
147.50 4.3203 
148.00 4.3217 
148.50 4.3230 
149.00 4.3244 
149.50 4.3258 
150.00 4.3271 
