  0.00 0.4657 
  0.50 1.1503 
  1.00 1.8348 
  1.50 3.4438 
  2.00 3.4522 
  2.50 3.4606 
  3.00 3.4688 
  3.50 3.4768 
  4.00 3.4848 
  4.50 3.4928 
  5.00 3.5003 
  5.50 3.5078 
  6.00 3.5153 
  6.50 3.5226 
  7.00 3.5297 
  7.50 3.5369 
  8.00 3.5439 
  8.50 3.5507 
  9.00 3.5575 
  9.50 3.5643 
 10.00 3.5709 
 10.50 3.5774 
 11.00 3.5839 
 11.50 3.5902 
 12.00 3.5965 
 12.50 3.6028 
 13.00 3.6089 
 13.50 3.6149 
 14.00 3.6210 
 14.50 3.6270 
 15.00 3.6329 
 15.50 3.6388 
 16.00 3.6447 
 16.50 3.6505 
 17.00 3.6563 
 17.50 3.6620 
 18.00 3.6677 
 18.50 3.6734 
 19.00 3.6791 
 19.50 3.6848 
 20.00 3.6904 
 20.50 3.6961 
 21.00 3.7018 
 21.50 3.7074 
 22.00 3.7131 
 22.50 3.7188 
 23.00 3.7245 
 23.50 3.7302 
 24.00 3.7359 
 24.50 3.7417 
 25.00 3.7475 
 25.50 3.7533 
 26.00 3.7592 
 26.50 3.7652 
 27.00 3.7712 
 27.50 3.7772 
 28.00 3.7833 
 28.50 3.7894 
 29.00 3.7955 
 29.50 3.8019 
 30.00 3.8083 
 30.50 3.8146 
 31.00 3.8212 
 31.50 3.8278 
 32.00 3.8345 
 32.50 3.8412 
 33.00 3.8482 
 33.50 3.8551 
 34.00 3.8621 
 34.50 3.8694 
 35.00 3.8767 
 35.50 3.8840 
 36.00 3.8916 
 36.50 3.8993 
 37.00 3.9070 
 37.50 3.9150 
 38.00 3.9231 
 38.50 3.9312 
 39.00 3.9396 
 39.50 3.9482 
 40.00 3.9568 
 40.50 3.9654 
 41.00 3.9746 
 41.50 3.9837 
 42.00 3.9929 
 42.50 4.0025 
 43.00 4.0122 
 43.50 4.0219 
 44.00 4.0320 
 44.50 4.0423 
 45.00 4.0526 
 45.50 4.0632 
 46.00 4.0742 
 46.50 4.0851 
 47.00 4.0962 
 47.50 4.1078 
 48.00 4.1194 
 48.50 4.1310 
 49.00 4.4202 
 49.50 4.4290 
 50.00 4.4378 
 50.50 4.4466 
 51.00 4.4553 
 51.50 4.4641 
 52.00 4.4729 
 52.50 4.4816 
 53.00 4.4889 
 53.50 4.4961 
 54.00 4.5034 
 54.50 4.5106 
 55.00 4.5179 
 55.50 4.5251 
 56.00 4.5324 
 56.50 4.5393 
 57.00 4.5451 
 57.50 4.5509 
 58.00 4.5567 
 58.50 4.5625 
 59.00 4.5683 
 59.50 4.5741 
 60.00 4.5799 
 60.50 4.5851 
 61.00 4.5896 
 61.50 4.5941 
 62.00 4.5986 
 62.50 4.6031 
 63.00 4.6076 
 63.50 4.6121 
 64.00 4.6167 
 64.50 4.6203 
 65.00 4.6237 
 65.50 4.6271 
 66.00 4.6304 
 66.50 4.6338 
 67.00 4.6372 
 67.50 4.6405 
 68.00 4.6439 
 68.50 4.6463 
 69.00 4.6486 
 69.50 4.6509 
 70.00 4.6533 
 70.50 4.6556 
 71.00 4.6580 
 71.50 4.6603 
 72.00 4.6625 
 72.50 4.6640 
 73.00 4.6654 
 73.50 4.6669 
 74.00 4.6684 
 74.50 4.6698 
 75.00 4.6713 
 75.50 4.6728 
 76.00 4.6739 
 76.50 4.6747 
 77.00 4.6754 
 77.50 4.6762 
 78.00 4.6770 
 78.50 4.6777 
 79.00 4.6785 
 79.50 4.6792 
 80.00 4.6796 
 80.50 4.6798 
 81.00 4.6799 
 81.50 4.6801 
 82.00 4.6803 
 82.50 4.6805 
 83.00 4.6806 
 83.50 4.6808 
 84.00 4.6806 
 84.50 4.6803 
 85.00 4.6800 
 85.50 4.6797 
 86.00 4.6795 
 86.50 4.6792 
 87.00 4.6789 
 87.50 4.6786 
 88.00 4.6781 
 88.50 4.6775 
 89.00 4.6770 
 89.50 4.6764 
 90.00 4.6758 
 90.50 4.6753 
 91.00 4.6747 
 91.50 4.6741 
 92.00 4.6734 
 92.50 4.6727 
 93.00 4.6720 
 93.50 4.6713 
 94.00 4.6706 
 94.50 4.6699 
 95.00 4.6692 
 95.50 4.6685 
 96.00 4.6677 
 96.50 4.6670 
 97.00 4.6663 
 97.50 4.6656 
 98.00 4.6649 
 98.50 4.6642 
 99.00 4.6635 
 99.50 4.6629 
100.00 4.6623 
100.50 4.6617 
101.00 4.6611 
101.50 4.6605 
102.00 4.6599 
102.50 4.6593 
103.00 4.6588 
103.50 4.6583 
104.00 4.6578 
104.50 4.6573 
105.00 4.6569 
105.50 4.6564 
106.00 4.6559 
106.50 4.6554 
107.00 4.6550 
107.50 4.6546 
108.00 4.6543 
108.50 4.6539 
109.00 4.6536 
109.50 4.6532 
110.00 4.6529 
110.50 4.6525 
111.00 4.6523 
111.50 4.6520 
112.00 4.6517 
112.50 4.6515 
113.00 4.6512 
113.50 4.6510 
114.00 4.6507 
114.50 4.6505 
115.00 4.6503 
115.50 4.6501 
116.00 4.6500 
116.50 4.6498 
117.00 4.6497 
117.50 4.6495 
118.00 4.6494 
118.50 4.6492 
119.00 4.6491 
119.50 4.6490 
120.00 4.6490 
120.50 4.6489 
121.00 4.6488 
121.50 4.6487 
122.00 4.6487 
122.50 4.6486 
123.00 4.6486 
123.50 4.6486 
124.00 4.6486 
124.50 4.6486 
125.00 4.6486 
125.50 4.6486 
126.00 4.6486 
126.50 4.6486 
127.00 4.6487 
127.50 4.6487 
128.00 4.6488 
128.50 4.6488 
129.00 4.6489 
129.50 4.6489 
130.00 4.6490 
130.50 4.6491 
131.00 4.6492 
131.50 4.6493 
132.00 4.6493 
132.50 4.6494 
133.00 4.6495 
133.50 4.6496 
134.00 4.6497 
134.50 4.6498 
135.00 4.6500 
135.50 4.6501 
136.00 4.6502 
136.50 4.6503 
137.00 4.6505 
137.50 4.6506 
138.00 4.6507 
138.50 4.6509 
139.00 4.6510 
139.50 4.6512 
140.00 4.6513 
140.50 4.6515 
141.00 4.6517 
141.50 4.6518 
142.00 4.6520 
142.50 4.6521 
143.00 4.6523 
143.50 4.6524 
144.00 4.6526 
144.50 4.6527 
145.00 4.6529 
145.50 4.6531 
146.00 4.6532 
146.50 4.6534 
147.00 4.6536 
147.50 4.6537 
148.00 4.6539 
148.50 4.6540 
149.00 4.6542 
149.50 4.6544 
150.00 4.6545 
