  0.00 1.0181 
  0.50 1.3522 
  1.00 1.6864 
  1.50 2.0206 
  2.00 2.3547 
  2.50 3.4913 
  3.00 3.4994 
  3.50 3.5075 
  4.00 3.5152 
  4.50 3.5226 
  5.00 3.5300 
  5.50 3.5372 
  6.00 3.5439 
  6.50 3.5506 
  7.00 3.5574 
  7.50 3.5635 
  8.00 3.5697 
  8.50 3.5758 
  9.00 3.5816 
  9.50 3.5872 
 10.00 3.5928 
 10.50 3.5982 
 11.00 3.6034 
 11.50 3.6085 
 12.00 3.6136 
 12.50 3.6183 
 13.00 3.6231 
 13.50 3.6279 
 14.00 3.6323 
 14.50 3.6368 
 15.00 3.6412 
 15.50 3.6455 
 16.00 3.6498 
 16.50 3.6540 
 17.00 3.6581 
 17.50 3.6621 
 18.00 3.6662 
 18.50 3.6702 
 19.00 3.6741 
 19.50 3.6780 
 20.00 3.6820 
 20.50 3.6858 
 21.00 3.6898 
 21.50 3.6936 
 22.00 3.6976 
 22.50 3.7015 
 23.00 3.7054 
 23.50 3.7094 
 24.00 3.7134 
 24.50 3.7175 
 25.00 3.7216 
 25.50 3.7257 
 26.00 3.7299 
 26.50 3.7341 
 27.00 3.7386 
 27.50 3.7430 
 28.00 3.7474 
 28.50 3.7521 
 29.00 3.7568 
 29.50 3.7615 
 30.00 3.7665 
 30.50 3.7716 
 31.00 3.7767 
 31.50 3.7820 
 32.00 3.7876 
 32.50 3.7931 
 33.00 3.7988 
 33.50 3.8049 
 34.00 3.8109 
 34.50 3.8170 
 35.00 3.8237 
 35.50 3.8303 
 36.00 3.8369 
 36.50 3.8440 
 37.00 3.8513 
 37.50 3.8586 
 38.00 3.8663 
 38.50 3.8742 
 39.00 3.8822 
 39.50 3.8905 
 40.00 3.8993 
 40.50 3.9081 
 41.00 3.9169 
 41.50 3.9266 
 42.00 3.9362 
 42.50 3.9458 
 43.00 3.9563 
 43.50 3.9668 
 44.00 3.9774 
 44.50 3.9886 
 45.00 4.0002 
 45.50 4.0117 
 46.00 4.0237 
 46.50 4.0363 
 47.00 4.0489 
 47.50 4.0617 
 48.00 4.0754 
 48.50 4.0890 
 49.00 4.1027 
 49.50 4.3904 
 50.00 4.3946 
 50.50 4.3988 
 51.00 4.4031 
 51.50 4.4073 
 52.00 4.4115 
 52.50 4.4157 
 53.00 4.4198 
 53.50 4.4234 
 54.00 4.4271 
 54.50 4.4307 
 55.00 4.4344 
 55.50 4.4380 
 56.00 4.4417 
 56.50 4.4454 
 57.00 4.4488 
 57.50 4.4519 
 58.00 4.4550 
 58.50 4.4581 
 59.00 4.4612 
 59.50 4.4643 
 60.00 4.4674 
 60.50 4.4706 
 61.00 4.4733 
 61.50 4.4759 
 62.00 4.4785 
 62.50 4.4811 
 63.00 4.4837 
 63.50 4.4863 
 64.00 4.4889 
 64.50 4.4916 
 65.00 4.4937 
 65.50 4.4959 
 66.00 4.4980 
 66.50 4.5002 
 67.00 4.5023 
 67.50 4.5045 
 68.00 4.5067 
 68.50 4.5087 
 69.00 4.5105 
 69.50 4.5122 
 70.00 4.5140 
 70.50 4.5157 
 71.00 4.5174 
 71.50 4.5192 
 72.00 4.5209 
 72.50 4.5225 
 73.00 4.5239 
 73.50 4.5252 
 74.00 4.5266 
 74.50 4.5280 
 75.00 4.5293 
 75.50 4.5307 
 76.00 4.5321 
 76.50 4.5332 
 77.00 4.5343 
 77.50 4.5353 
 78.00 4.5364 
 78.50 4.5374 
 79.00 4.5385 
 79.50 4.5396 
 80.00 4.5406 
 80.50 4.5414 
 81.00 4.5422 
 81.50 4.5429 
 82.00 4.5437 
 82.50 4.5445 
 83.00 4.5453 
 83.50 4.5460 
 84.00 4.5468 
 84.50 4.5473 
 85.00 4.5478 
 85.50 4.5484 
 86.00 4.5489 
 86.50 4.5495 
 87.00 4.5500 
 87.50 4.5505 
 88.00 4.5510 
 88.50 4.5513 
 89.00 4.5517 
 89.50 4.5520 
 90.00 4.5524 
 90.50 4.5527 
 91.00 4.5531 
 91.50 4.5534 
 92.00 4.5537 
 92.50 4.5539 
 93.00 4.5541 
 93.50 4.5543 
 94.00 4.5545 
 94.50 4.5548 
 95.00 4.5550 
 95.50 4.5552 
 96.00 4.5553 
 96.50 4.5554 
 97.00 4.5555 
 97.50 4.5556 
 98.00 4.5557 
 98.50 4.5558 
 99.00 4.5559 
 99.50 4.5560 
100.00 4.5561 
100.50 4.5561 
101.00 4.5562 
101.50 4.5563 
102.00 4.5563 
102.50 4.5564 
103.00 4.5565 
103.50 4.5565 
104.00 4.5565 
104.50 4.5565 
105.00 4.5565 
105.50 4.5565 
106.00 4.5565 
106.50 4.5565 
107.00 4.5565 
107.50 4.5565 
108.00 4.5564 
108.50 4.5564 
109.00 4.5564 
109.50 4.5563 
110.00 4.5563 
110.50 4.5562 
111.00 4.5562 
111.50 4.5561 
112.00 4.5560 
112.50 4.5560 
113.00 4.5559 
113.50 4.5558 
114.00 4.5557 
114.50 4.5556 
115.00 4.5556 
115.50 4.5555 
116.00 4.5553 
116.50 4.5552 
117.00 4.5551 
117.50 4.5550 
118.00 4.5549 
118.50 4.5548 
119.00 4.5546 
119.50 4.5545 
120.00 4.5543 
120.50 4.5541 
121.00 4.5540 
121.50 4.5538 
122.00 4.5537 
122.50 4.5535 
123.00 4.5534 
123.50 4.5532 
124.00 4.5530 
124.50 4.5528 
125.00 4.5526 
125.50 4.5524 
126.00 4.5523 
126.50 4.5521 
127.00 4.5519 
127.50 4.5517 
128.00 4.5515 
128.50 4.5513 
129.00 4.5511 
129.50 4.5509 
130.00 4.5507 
130.50 4.5505 
131.00 4.5503 
131.50 4.5501 
132.00 4.5499 
132.50 4.5496 
133.00 4.5494 
133.50 4.5492 
134.00 4.5490 
134.50 4.5488 
135.00 4.5485 
135.50 4.5483 
136.00 4.5480 
136.50 4.5478 
137.00 4.5475 
137.50 4.5473 
138.00 4.5470 
138.50 4.5468 
139.00 4.5465 
139.50 4.5463 
140.00 4.5461 
140.50 4.5458 
141.00 4.5456 
141.50 4.5453 
142.00 4.5451 
142.50 4.5448 
143.00 4.5446 
143.50 4.5443 
144.00 4.5440 
144.50 4.5438 
145.00 4.5435 
145.50 4.5433 
146.00 4.5430 
146.50 4.5427 
147.00 4.5425 
147.50 4.5422 
148.00 4.5420 
148.50 4.5417 
149.00 4.5415 
149.50 4.5412 
150.00 4.5409 
