  0.00 1.3741 
  0.50 1.8344 
  1.00 2.2948 
  1.50 3.1426 
  2.00 3.1668 
  2.50 3.1910 
  3.00 3.2143 
  3.50 3.2364 
  4.00 3.2585 
  4.50 3.2799 
  5.00 3.2997 
  5.50 3.3196 
  6.00 3.3390 
  6.50 3.3569 
  7.00 3.3748 
  7.50 3.3925 
  8.00 3.4085 
  8.50 3.4245 
  9.00 3.4405 
  9.50 3.4548 
 10.00 3.4690 
 10.50 3.4832 
 11.00 3.4960 
 11.50 3.5087 
 12.00 3.5213 
 12.50 3.5328 
 13.00 3.5440 
 13.50 3.5551 
 14.00 3.5654 
 14.50 3.5752 
 15.00 3.5850 
 15.50 3.5941 
 16.00 3.6028 
 16.50 3.6114 
 17.00 3.6195 
 17.50 3.6271 
 18.00 3.6347 
 18.50 3.6420 
 19.00 3.6486 
 19.50 3.6553 
 20.00 3.6618 
 20.50 3.6676 
 21.00 3.6735 
 21.50 3.6793 
 22.00 3.6845 
 22.50 3.6897 
 23.00 3.6949 
 23.50 3.6996 
 24.00 3.7043 
 24.50 3.7091 
 25.00 3.7134 
 25.50 3.7178 
 26.00 3.7221 
 26.50 3.7263 
 27.00 3.7304 
 27.50 3.7345 
 28.00 3.7386 
 28.50 3.7426 
 29.00 3.7466 
 29.50 3.7507 
 30.00 3.7548 
 30.50 3.7588 
 31.00 3.7630 
 31.50 3.7672 
 32.00 3.7715 
 32.50 3.7758 
 33.00 3.7804 
 33.50 3.7850 
 34.00 3.7896 
 34.50 3.7946 
 35.00 3.7997 
 35.50 3.8047 
 36.00 3.8104 
 36.50 3.8160 
 37.00 3.8216 
 37.50 3.8280 
 38.00 3.8344 
 38.50 3.8407 
 39.00 3.8478 
 39.50 3.8550 
 40.00 3.8622 
 40.50 3.8703 
 41.00 3.8785 
 41.50 3.8868 
 42.00 3.8958 
 42.50 3.9052 
 43.00 3.9146 
 43.50 3.9247 
 44.00 3.9354 
 44.50 3.9460 
 45.00 3.9573 
 45.50 3.9693 
 46.00 3.9813 
 46.50 4.2666 
 47.00 4.2742 
 47.50 4.2817 
 48.00 4.2893 
 48.50 4.2969 
 49.00 4.3045 
 49.50 4.3121 
 50.00 4.3197 
 50.50 4.3269 
 51.00 4.3335 
 51.50 4.3402 
 52.00 4.3468 
 52.50 4.3535 
 53.00 4.3602 
 53.50 4.3668 
 54.00 4.3735 
 54.50 4.3796 
 55.00 4.3854 
 55.50 4.3911 
 56.00 4.3969 
 56.50 4.4027 
 57.00 4.4084 
 57.50 4.4142 
 58.00 4.4200 
 58.50 4.4251 
 59.00 4.4301 
 59.50 4.4350 
 60.00 4.4399 
 60.50 4.4449 
 61.00 4.4498 
 61.50 4.4548 
 62.00 4.4597 
 62.50 4.4640 
 63.00 4.4682 
 63.50 4.4724 
 64.00 4.4765 
 64.50 4.4807 
 65.00 4.4849 
 65.50 4.4891 
 66.00 4.4932 
 66.50 4.4968 
 67.00 4.5003 
 67.50 4.5038 
 68.00 4.5073 
 68.50 4.5108 
 69.00 4.5143 
 69.50 4.5178 
 70.00 4.5213 
 70.50 4.5242 
 71.00 4.5271 
 71.50 4.5300 
 72.00 4.5329 
 72.50 4.5358 
 73.00 4.5387 
 73.50 4.5416 
 74.00 4.5444 
 74.50 4.5468 
 75.00 4.5492 
 75.50 4.5516 
 76.00 4.5540 
 76.50 4.5564 
 77.00 4.5587 
 77.50 4.5611 
 78.00 4.5634 
 78.50 4.5653 
 79.00 4.5672 
 79.50 4.5692 
 80.00 4.5711 
 80.50 4.5730 
 81.00 4.5749 
 81.50 4.5769 
 82.00 4.5786 
 82.50 4.5802 
 83.00 4.5818 
 83.50 4.5833 
 84.00 4.5849 
 84.50 4.5865 
 85.00 4.5880 
 85.50 4.5896 
 86.00 4.5910 
 86.50 4.5923 
 87.00 4.5935 
 87.50 4.5948 
 88.00 4.5961 
 88.50 4.5974 
 89.00 4.5987 
 89.50 4.6000 
 90.00 4.6011 
 90.50 4.6021 
 91.00 4.6032 
 91.50 4.6043 
 92.00 4.6053 
 92.50 4.6064 
 93.00 4.6074 
 93.50 4.6085 
 94.00 4.6094 
 94.50 4.6103 
 95.00 4.6113 
 95.50 4.6122 
 96.00 4.6131 
 96.50 4.6140 
 97.00 4.6150 
 97.50 4.6159 
 98.00 4.6167 
 98.50 4.6176 
 99.00 4.6184 
 99.50 4.6193 
100.00 4.6201 
100.50 4.6209 
101.00 4.6218 
101.50 4.6226 
102.00 4.6234 
102.50 4.6242 
103.00 4.6249 
103.50 4.6257 
104.00 4.6265 
104.50 4.6273 
105.00 4.6280 
105.50 4.6288 
106.00 4.6295 
106.50 4.6302 
107.00 4.6309 
107.50 4.6316 
108.00 4.6323 
108.50 4.6330 
109.00 4.6337 
109.50 4.6344 
110.00 4.6350 
110.50 4.6356 
111.00 4.6362 
111.50 4.6368 
112.00 4.6375 
112.50 4.6381 
113.00 4.6387 
113.50 4.6393 
114.00 4.6398 
114.50 4.6404 
115.00 4.6409 
115.50 4.6414 
116.00 4.6420 
116.50 4.6425 
117.00 4.6430 
117.50 4.6435 
118.00 4.6439 
118.50 4.6444 
119.00 4.6448 
119.50 4.6452 
120.00 4.6457 
120.50 4.6461 
121.00 4.6465 
121.50 4.6469 
122.00 4.6472 
122.50 4.6476 
123.00 4.6479 
123.50 4.6482 
124.00 4.6486 
124.50 4.6489 
125.00 4.6492 
125.50 4.6495 
126.00 4.6497 
126.50 4.6499 
127.00 4.6502 
127.50 4.6504 
128.00 4.6506 
128.50 4.6508 
129.00 4.6511 
129.50 4.6512 
130.00 4.6513 
130.50 4.6514 
131.00 4.6515 
131.50 4.6516 
132.00 4.6517 
132.50 4.6518 
133.00 4.6519 
133.50 4.6519 
134.00 4.6519 
134.50 4.6519 
135.00 4.6518 
135.50 4.6518 
136.00 4.6518 
136.50 4.6518 
137.00 4.6518 
137.50 4.6517 
138.00 4.6515 
138.50 4.6514 
139.00 4.6512 
139.50 4.6511 
140.00 4.6509 
140.50 4.6508 
141.00 4.6506 
141.50 4.6504 
142.00 4.6501 
142.50 4.6498 
143.00 4.6496 
143.50 4.6493 
144.00 4.6490 
144.50 4.6488 
145.00 4.6485 
145.50 4.6480 
146.00 4.6476 
146.50 4.6472 
147.00 4.6468 
147.50 4.6464 
148.00 4.6460 
148.50 4.6455 
149.00 4.6451 
149.50 4.6445 
150.00 4.6439 
