  0.00 1.3432 
  0.50 1.5681 
  1.00 1.7930 
  1.50 2.0179 
  2.00 2.2427 
  2.50 2.4676 
  3.00 3.1597 
  3.50 3.1843 
  4.00 3.2090 
  4.50 3.2329 
  5.00 3.2552 
  5.50 3.2774 
  6.00 3.2986 
  6.50 3.3185 
  7.00 3.3383 
  7.50 3.3570 
  8.00 3.3746 
  8.50 3.3922 
  9.00 3.4084 
  9.50 3.4240 
 10.00 3.4395 
 10.50 3.4536 
 11.00 3.4673 
 11.50 3.4809 
 12.00 3.4931 
 12.50 3.5051 
 13.00 3.5170 
 13.50 3.5274 
 14.00 3.5379 
 14.50 3.5481 
 15.00 3.5572 
 15.50 3.5662 
 16.00 3.5749 
 16.50 3.5829 
 17.00 3.5908 
 17.50 3.5982 
 18.00 3.6051 
 18.50 3.6120 
 19.00 3.6184 
 19.50 3.6245 
 20.00 3.6305 
 20.50 3.6361 
 21.00 3.6415 
 21.50 3.6469 
 22.00 3.6519 
 22.50 3.6568 
 23.00 3.6617 
 23.50 3.6663 
 24.00 3.6709 
 24.50 3.6755 
 25.00 3.6799 
 25.50 3.6843 
 26.00 3.6888 
 26.50 3.6932 
 27.00 3.6977 
 27.50 3.7022 
 28.00 3.7069 
 28.50 3.7116 
 29.00 3.7165 
 29.50 3.7216 
 30.00 3.7266 
 30.50 3.7320 
 31.00 3.7375 
 31.50 3.7431 
 32.00 3.7492 
 32.50 3.7556 
 33.00 3.7619 
 33.50 3.7690 
 34.00 3.7762 
 34.50 3.7834 
 35.00 3.7917 
 35.50 3.8000 
 36.00 3.8084 
 36.50 3.8180 
 37.00 3.8275 
 37.50 3.8374 
 38.00 3.8483 
 38.50 3.8592 
 39.00 3.8708 
 39.50 3.8833 
 40.00 3.8958 
 40.50 3.9093 
 41.00 3.9236 
 41.50 3.9379 
 42.00 3.9534 
 42.50 3.9697 
 43.00 3.9859 
 43.50 4.0037 
 44.00 4.0219 
 44.50 4.0401 
 45.00 4.3008 
 45.50 4.3076 
 46.00 4.3144 
 46.50 4.3213 
 47.00 4.3281 
 47.50 4.3349 
 48.00 4.3417 
 48.50 4.3485 
 49.00 4.3546 
 49.50 4.3606 
 50.00 4.3667 
 50.50 4.3727 
 51.00 4.3788 
 51.50 4.3848 
 52.00 4.3908 
 52.50 4.3968 
 53.00 4.4022 
 53.50 4.4074 
 54.00 4.4127 
 54.50 4.4180 
 55.00 4.4233 
 55.50 4.4286 
 56.00 4.4339 
 56.50 4.4391 
 57.00 4.4437 
 57.50 4.4483 
 58.00 4.4529 
 58.50 4.4574 
 59.00 4.4620 
 59.50 4.4666 
 60.00 4.4711 
 60.50 4.4757 
 61.00 4.4796 
 61.50 4.4836 
 62.00 4.4875 
 62.50 4.4915 
 63.00 4.4954 
 63.50 4.4993 
 64.00 4.5033 
 64.50 4.5072 
 65.00 4.5106 
 65.50 4.5139 
 66.00 4.5173 
 66.50 4.5207 
 67.00 4.5241 
 67.50 4.5274 
 68.00 4.5308 
 68.50 4.5342 
 69.00 4.5370 
 69.50 4.5399 
 70.00 4.5428 
 70.50 4.5457 
 71.00 4.5485 
 71.50 4.5514 
 72.00 4.5543 
 72.50 4.5571 
 73.00 4.5595 
 73.50 4.5620 
 74.00 4.5644 
 74.50 4.5669 
 75.00 4.5693 
 75.50 4.5718 
 76.00 4.5742 
 76.50 4.5766 
 77.00 4.5787 
 77.50 4.5808 
 78.00 4.5828 
 78.50 4.5849 
 79.00 4.5870 
 79.50 4.5891 
 80.00 4.5911 
 80.50 4.5931 
 81.00 4.5949 
 81.50 4.5967 
 82.00 4.5985 
 82.50 4.6003 
 83.00 4.6021 
 83.50 4.6038 
 84.00 4.6056 
 84.50 4.6074 
 85.00 4.6089 
 85.50 4.6105 
 86.00 4.6120 
 86.50 4.6135 
 87.00 4.6151 
 87.50 4.6166 
 88.00 4.6182 
 88.50 4.6197 
 89.00 4.6211 
 89.50 4.6224 
 90.00 4.6238 
 90.50 4.6252 
 91.00 4.6266 
 91.50 4.6280 
 92.00 4.6293 
 92.50 4.6307 
 93.00 4.6320 
 93.50 4.6333 
 94.00 4.6346 
 94.50 4.6359 
 95.00 4.6372 
 95.50 4.6384 
 96.00 4.6397 
 96.50 4.6410 
 97.00 4.6422 
 97.50 4.6435 
 98.00 4.6447 
 98.50 4.6459 
 99.00 4.6472 
 99.50 4.6484 
100.00 4.6496 
100.50 4.6508 
101.00 4.6520 
101.50 4.6532 
102.00 4.6544 
102.50 4.6556 
103.00 4.6568 
103.50 4.6580 
104.00 4.6592 
104.50 4.6604 
105.00 4.6615 
105.50 4.6626 
106.00 4.6638 
106.50 4.6649 
107.00 4.6661 
107.50 4.6672 
108.00 4.6684 
108.50 4.6695 
109.00 4.6705 
109.50 4.6716 
110.00 4.6726 
110.50 4.6737 
111.00 4.6747 
111.50 4.6758 
112.00 4.6768 
112.50 4.6779 
113.00 4.6789 
113.50 4.6799 
114.00 4.6808 
114.50 4.6818 
115.00 4.6828 
115.50 4.6838 
116.00 4.6848 
116.50 4.6857 
117.00 4.6866 
117.50 4.6875 
118.00 4.6884 
118.50 4.6893 
119.00 4.6901 
119.50 4.6910 
120.00 4.6919 
120.50 4.6927 
121.00 4.6935 
121.50 4.6943 
122.00 4.6951 
122.50 4.6958 
123.00 4.6966 
123.50 4.6974 
124.00 4.6982 
124.50 4.6989 
125.00 4.6996 
125.50 4.7002 
126.00 4.7008 
126.50 4.7015 
127.00 4.7022 
127.50 4.7028 
128.00 4.7035 
128.50 4.7041 
129.00 4.7046 
129.50 4.7051 
130.00 4.7056 
130.50 4.7062 
131.00 4.7067 
131.50 4.7072 
132.00 4.7077 
132.50 4.7082 
133.00 4.7086 
133.50 4.7089 
134.00 4.7093 
134.50 4.7097 
135.00 4.7101 
135.50 4.7104 
136.00 4.7108 
136.50 4.7111 
137.00 4.7113 
137.50 4.7115 
138.00 4.7118 
138.50 4.7120 
139.00 4.7122 
139.50 4.7124 
140.00 4.7126 
140.50 4.7127 
141.00 4.7128 
141.50 4.7128 
142.00 4.7129 
142.50 4.7129 
143.00 4.7130 
143.50 4.7130 
144.00 4.7131 
144.50 4.7130 
145.00 4.7129 
145.50 4.7127 
146.00 4.7126 
146.50 4.7125 
147.00 4.7123 
147.50 4.7122 
148.00 4.7120 
148.50 4.7118 
149.00 4.7115 
149.50 4.7111 
150.00 4.7108 
