  0.00 0.4511 
  0.50 1.1944 
  1.00 1.9377 
  1.50 3.4710 
  2.00 3.4800 
  2.50 3.4891 
  3.00 3.4978 
  3.50 3.5061 
  4.00 3.5144 
  4.50 3.5225 
  5.00 3.5300 
  5.50 3.5376 
  6.00 3.5451 
  6.50 3.5521 
  7.00 3.5590 
  7.50 3.5659 
  8.00 3.5724 
  8.50 3.5787 
  9.00 3.5850 
  9.50 3.5911 
 10.00 3.5969 
 10.50 3.6028 
 11.00 3.6085 
 11.50 3.6139 
 12.00 3.6193 
 12.50 3.6247 
 13.00 3.6298 
 13.50 3.6348 
 14.00 3.6399 
 14.50 3.6447 
 15.00 3.6495 
 15.50 3.6543 
 16.00 3.6590 
 16.50 3.6636 
 17.00 3.6682 
 17.50 3.6728 
 18.00 3.6772 
 18.50 3.6817 
 19.00 3.6862 
 19.50 3.6907 
 20.00 3.6951 
 20.50 3.6996 
 21.00 3.7040 
 21.50 3.7085 
 22.00 3.7129 
 22.50 3.7175 
 23.00 3.7221 
 23.50 3.7267 
 24.00 3.7314 
 24.50 3.7362 
 25.00 3.7409 
 25.50 3.7458 
 26.00 3.7508 
 26.50 3.7558 
 27.00 3.7609 
 27.50 3.7663 
 28.00 3.7716 
 28.50 3.7770 
 29.00 3.7827 
 29.50 3.7885 
 30.00 3.7944 
 30.50 3.8004 
 31.00 3.8068 
 31.50 3.8131 
 32.00 3.8195 
 32.50 3.8264 
 33.00 3.8332 
 33.50 3.8401 
 34.00 3.8476 
 34.50 3.8551 
 35.00 3.8626 
 35.50 3.8707 
 36.00 3.8790 
 36.50 3.8872 
 37.00 3.8959 
 37.50 3.9049 
 38.00 3.9139 
 38.50 3.9233 
 39.00 3.9332 
 39.50 3.9432 
 40.00 3.9532 
 40.50 3.9641 
 41.00 3.9749 
 41.50 3.9858 
 42.00 3.9976 
 42.50 4.0094 
 43.00 4.0213 
 43.50 4.0339 
 44.00 4.0469 
 44.50 4.0599 
 45.00 4.0734 
 45.50 4.0876 
 46.00 4.1018 
 46.50 4.1162 
 47.00 4.1315 
 47.50 4.1468 
 48.00 4.1622 
 48.50 4.4777 
 49.00 4.4841 
 49.50 4.4905 
 50.00 4.4970 
 50.50 4.5034 
 51.00 4.5098 
 51.50 4.5163 
 52.00 4.5225 
 52.50 4.5277 
 53.00 4.5330 
 53.50 4.5382 
 54.00 4.5435 
 54.50 4.5487 
 55.00 4.5540 
 55.50 4.5592 
 56.00 4.5640 
 56.50 4.5682 
 57.00 4.5723 
 57.50 4.5765 
 58.00 4.5806 
 58.50 4.5848 
 59.00 4.5889 
 59.50 4.5931 
 60.00 4.5966 
 60.50 4.5998 
 61.00 4.6029 
 61.50 4.6060 
 62.00 4.6092 
 62.50 4.6123 
 63.00 4.6155 
 63.50 4.6186 
 64.00 4.6211 
 64.50 4.6234 
 65.00 4.6257 
 65.50 4.6280 
 66.00 4.6302 
 66.50 4.6325 
 67.00 4.6348 
 67.50 4.6371 
 68.00 4.6386 
 68.50 4.6401 
 69.00 4.6416 
 69.50 4.6431 
 70.00 4.6447 
 70.50 4.6462 
 71.00 4.6477 
 71.50 4.6491 
 72.00 4.6500 
 72.50 4.6509 
 73.00 4.6517 
 73.50 4.6526 
 74.00 4.6535 
 74.50 4.6544 
 75.00 4.6553 
 75.50 4.6560 
 76.00 4.6563 
 76.50 4.6567 
 77.00 4.6571 
 77.50 4.6575 
 78.00 4.6579 
 78.50 4.6583 
 79.00 4.6586 
 79.50 4.6588 
 80.00 4.6588 
 80.50 4.6587 
 81.00 4.6587 
 81.50 4.6587 
 82.00 4.6587 
 82.50 4.6586 
 83.00 4.6586 
 83.50 4.6584 
 84.00 4.6581 
 84.50 4.6578 
 85.00 4.6575 
 85.50 4.6572 
 86.00 4.6570 
 86.50 4.6567 
 87.00 4.6564 
 87.50 4.6559 
 88.00 4.6555 
 88.50 4.6550 
 89.00 4.6546 
 89.50 4.6541 
 90.00 4.6537 
 90.50 4.6532 
 91.00 4.6528 
 91.50 4.6523 
 92.00 4.6518 
 92.50 4.6514 
 93.00 4.6509 
 93.50 4.6504 
 94.00 4.6499 
 94.50 4.6495 
 95.00 4.6490 
 95.50 4.6486 
 96.00 4.6483 
 96.50 4.6479 
 97.00 4.6475 
 97.50 4.6471 
 98.00 4.6467 
 98.50 4.6463 
 99.00 4.6461 
 99.50 4.6459 
100.00 4.6457 
100.50 4.6455 
101.00 4.6452 
101.50 4.6450 
102.00 4.6448 
102.50 4.6446 
103.00 4.6446 
103.50 4.6446 
104.00 4.6446 
104.50 4.6445 
105.00 4.6445 
105.50 4.6445 
106.00 4.6445 
106.50 4.6445 
107.00 4.6447 
107.50 4.6448 
108.00 4.6449 
108.50 4.6451 
109.00 4.6452 
109.50 4.6453 
110.00 4.6455 
110.50 4.6457 
111.00 4.6460 
111.50 4.6462 
112.00 4.6465 
112.50 4.6468 
113.00 4.6471 
113.50 4.6474 
114.00 4.6476 
114.50 4.6480 
115.00 4.6484 
115.50 4.6488 
116.00 4.6492 
116.50 4.6496 
117.00 4.6500 
117.50 4.6505 
118.00 4.6509 
118.50 4.6513 
119.00 4.6518 
119.50 4.6523 
120.00 4.6528 
120.50 4.6533 
121.00 4.6538 
121.50 4.6543 
122.00 4.6547 
122.50 4.6553 
123.00 4.6559 
123.50 4.6564 
124.00 4.6570 
124.50 4.6575 
125.00 4.6581 
125.50 4.6587 
126.00 4.6593 
126.50 4.6599 
127.00 4.6605 
127.50 4.6611 
128.00 4.6617 
128.50 4.6623 
129.00 4.6630 
129.50 4.6636 
130.00 4.6642 
130.50 4.6648 
131.00 4.6655 
131.50 4.6661 
132.00 4.6668 
132.50 4.6674 
133.00 4.6680 
133.50 4.6687 
134.00 4.6693 
134.50 4.6700 
135.00 4.6706 
135.50 4.6712 
136.00 4.6719 
136.50 4.6725 
137.00 4.6732 
137.50 4.6738 
138.00 4.6744 
138.50 4.6751 
139.00 4.6757 
139.50 4.6763 
140.00 4.6770 
140.50 4.6776 
141.00 4.6782 
141.50 4.6788 
142.00 4.6794 
142.50 4.6800 
143.00 4.6806 
143.50 4.6812 
144.00 4.6817 
144.50 4.6823 
145.00 4.6829 
145.50 4.6835 
146.00 4.6840 
146.50 4.6845 
147.00 4.6850 
147.50 4.6855 
148.00 4.6860 
148.50 4.6865 
149.00 4.6871 
149.50 4.6875 
150.00 4.6880 
