  0.00 1.4180 
  0.50 3.0288 
  1.00 3.0540 
  1.50 3.0793 
  2.00 3.1025 
  2.50 3.1253 
  3.00 3.1469 
  3.50 3.1674 
  4.00 3.1874 
  4.50 3.2056 
  5.00 3.2239 
  5.50 3.2404 
  6.00 3.2567 
  6.50 3.2719 
  7.00 3.2863 
  7.50 3.3003 
  8.00 3.3130 
  8.50 3.3258 
  9.00 3.3371 
  9.50 3.3484 
 10.00 3.3589 
 10.50 3.3688 
 11.00 3.3784 
 11.50 3.3872 
 12.00 3.3960 
 12.50 3.4039 
 13.00 3.4118 
 13.50 3.4191 
 14.00 3.4262 
 14.50 3.4330 
 15.00 3.4394 
 15.50 3.4459 
 16.00 3.4519 
 16.50 3.4579 
 17.00 3.4638 
 17.50 3.4695 
 18.00 3.4752 
 18.50 3.4809 
 19.00 3.4865 
 19.50 3.4923 
 20.00 3.4981 
 20.50 3.5041 
 21.00 3.5101 
 21.50 3.5163 
 22.00 3.5228 
 22.50 3.5293 
 23.00 3.5364 
 23.50 3.5435 
 24.00 3.5512 
 24.50 3.5591 
 25.00 3.5675 
 25.50 3.5763 
 26.00 3.5854 
 26.50 3.5954 
 27.00 3.6054 
 27.50 3.6165 
 28.00 3.6278 
 28.50 3.6399 
 29.00 3.6527 
 29.50 3.6659 
 30.00 3.6804 
 30.50 3.6949 
 31.00 3.7110 
 31.50 3.7273 
 32.00 3.7448 
 32.50 3.7631 
 33.00 3.7820 
 33.50 3.8025 
 34.00 3.8229 
 34.50 4.2610 
 35.00 4.2602 
 35.50 4.2594 
 36.00 4.2586 
 36.50 4.2578 
 37.00 4.2570 
 37.50 4.2562 
 38.00 4.2554 
 38.50 4.2545 
 39.00 4.2534 
 39.50 4.2522 
 40.00 4.2511 
 40.50 4.2499 
 41.00 4.2488 
 41.50 4.2476 
 42.00 4.2465 
 42.50 4.2453 
 43.00 4.2439 
 43.50 4.2424 
 44.00 4.2409 
 44.50 4.2395 
 45.00 4.2380 
 45.50 4.2366 
 46.00 4.2351 
 46.50 4.2337 
 47.00 4.2321 
 47.50 4.2304 
 48.00 4.2288 
 48.50 4.2271 
 49.00 4.2254 
 49.50 4.2237 
 50.00 4.2220 
 50.50 4.2204 
 51.00 4.2187 
 51.50 4.2169 
 52.00 4.2150 
 52.50 4.2132 
 53.00 4.2114 
 53.50 4.2096 
 54.00 4.2078 
 54.50 4.2059 
 55.00 4.2041 
 55.50 4.2023 
 56.00 4.2004 
 56.50 4.1985 
 57.00 4.1966 
 57.50 4.1947 
 58.00 4.1928 
 58.50 4.1909 
 59.00 4.1890 
 59.50 4.1871 
 60.00 4.1853 
 60.50 4.1834 
 61.00 4.1815 
 61.50 4.1797 
 62.00 4.1778 
 62.50 4.1759 
 63.00 4.1741 
 63.50 4.1722 
 64.00 4.1704 
 64.50 4.1686 
 65.00 4.1668 
 65.50 4.1650 
 66.00 4.1633 
 66.50 4.1615 
 67.00 4.1597 
 67.50 4.1579 
 68.00 4.1562 
 68.50 4.1545 
 69.00 4.1529 
 69.50 4.1513 
 70.00 4.1498 
 70.50 4.1482 
 71.00 4.1466 
 71.50 4.1450 
 72.00 4.1434 
 72.50 4.1418 
 73.00 4.1405 
 73.50 4.1392 
 74.00 4.1378 
 74.50 4.1365 
 75.00 4.1352 
 75.50 4.1338 
 76.00 4.1325 
 76.50 4.1311 
 77.00 4.1301 
 77.50 4.1291 
 78.00 4.1280 
 78.50 4.1270 
 79.00 4.1260 
 79.50 4.1250 
 80.00 4.1240 
 80.50 4.1230 
 81.00 4.1221 
 81.50 4.1215 
 82.00 4.1209 
 82.50 4.1203 
 83.00 4.1197 
 83.50 4.1191 
 84.00 4.1185 
 84.50 4.1179 
 85.00 4.1173 
 85.50 4.1171 
 86.00 4.1170 
 86.50 4.1169 
 87.00 4.1168 
 87.50 4.1167 
 88.00 4.1166 
 88.50 4.1165 
 89.00 4.1164 
 89.50 4.1164 
 90.00 4.1169 
 90.50 4.1173 
 91.00 4.1178 
 91.50 4.1182 
 92.00 4.1187 
 92.50 4.1191 
 93.00 4.1196 
 93.50 4.1200 
 94.00 4.1208 
 94.50 4.1218 
 95.00 4.1228 
 95.50 4.1237 
 96.00 4.1247 
 96.50 4.1257 
 97.00 4.1266 
 97.50 4.1276 
 98.00 4.1287 
 98.50 4.1301 
 99.00 4.1315 
 99.50 4.1330 
100.00 4.1344 
100.50 4.1358 
101.00 4.1372 
101.50 4.1386 
102.00 4.1401 
102.50 4.1418 
103.00 4.1436 
103.50 4.1455 
104.00 4.1473 
104.50 4.1492 
105.00 4.1510 
105.50 4.1529 
106.00 4.1547 
106.50 4.1566 
107.00 4.1588 
107.50 4.1610 
108.00 4.1632 
108.50 4.1654 
109.00 4.1676 
109.50 4.1698 
110.00 4.1720 
110.50 4.1742 
111.00 4.1766 
111.50 4.1791 
112.00 4.1817 
112.50 4.1841 
113.00 4.1867 
113.50 4.1892 
114.00 4.1917 
114.50 4.1942 
115.00 4.1967 
115.50 4.1995 
116.00 4.2022 
116.50 4.2050 
117.00 4.2077 
117.50 4.2105 
118.00 4.2132 
118.50 4.2160 
119.00 4.2187 
119.50 4.2216 
120.00 4.2246 
120.50 4.2275 
121.00 4.2305 
121.50 4.2335 
122.00 4.2364 
122.50 4.2394 
123.00 4.2423 
123.50 4.2453 
124.00 4.2484 
124.50 4.2515 
125.00 4.2546 
125.50 4.2577 
126.00 4.2608 
126.50 4.2639 
127.00 4.2670 
127.50 4.2701 
128.00 4.2733 
128.50 4.2765 
129.00 4.2797 
129.50 4.2829 
130.00 4.2862 
130.50 4.2894 
131.00 4.2926 
131.50 4.2958 
132.00 4.2990 
132.50 4.3022 
133.00 4.3055 
133.50 4.3087 
134.00 4.3120 
134.50 4.3152 
135.00 4.3184 
135.50 4.3217 
136.00 4.3249 
136.50 4.3282 
137.00 4.3314 
137.50 4.3346 
138.00 4.3379 
138.50 4.3411 
139.00 4.3443 
139.50 4.3476 
140.00 4.3508 
140.50 4.3540 
141.00 4.3572 
141.50 4.3604 
142.00 4.3635 
142.50 4.3667 
143.00 4.3699 
143.50 4.3730 
144.00 4.3762 
144.50 4.3794 
145.00 4.3825 
145.50 4.3855 
146.00 4.3886 
146.50 4.3916 
147.00 4.3947 
147.50 4.3978 
148.00 4.4008 
148.50 4.4039 
149.00 4.4069 
149.50 4.4098 
150.00 4.4126 
