  0.00 1.2985 
  0.50 2.9813 
  1.00 3.0154 
  1.50 3.0494 
  2.00 3.0808 
  2.50 3.1122 
  3.00 3.1424 
  3.50 3.1711 
  4.00 3.1999 
  4.50 3.2262 
  5.00 3.2524 
  5.50 3.2776 
  6.00 3.3013 
  6.50 3.3251 
  7.00 3.3469 
  7.50 3.3684 
  8.00 3.3892 
  8.50 3.4085 
  9.00 3.4279 
  9.50 3.4456 
 10.00 3.4629 
 10.50 3.4797 
 11.00 3.4952 
 11.50 3.5108 
 12.00 3.5249 
 12.50 3.5386 
 13.00 3.5519 
 13.50 3.5641 
 14.00 3.5762 
 14.50 3.5873 
 15.00 3.5980 
 15.50 3.6084 
 16.00 3.6177 
 16.50 3.6271 
 17.00 3.6356 
 17.50 3.6438 
 18.00 3.6517 
 18.50 3.6588 
 19.00 3.6658 
 19.50 3.6723 
 20.00 3.6785 
 20.50 3.6845 
 21.00 3.6898 
 21.50 3.6952 
 22.00 3.7002 
 22.50 3.7048 
 23.00 3.7095 
 23.50 3.7136 
 24.00 3.7177 
 24.50 3.7216 
 25.00 3.7253 
 25.50 3.7290 
 26.00 3.7325 
 26.50 3.7360 
 27.00 3.7394 
 27.50 3.7428 
 28.00 3.7461 
 28.50 3.7494 
 29.00 3.7527 
 29.50 3.7561 
 30.00 3.7596 
 30.50 3.7631 
 31.00 3.7668 
 31.50 3.7705 
 32.00 3.7744 
 32.50 3.7785 
 33.00 3.7827 
 33.50 3.7873 
 34.00 3.7919 
 34.50 3.7968 
 35.00 3.8021 
 35.50 3.8075 
 36.00 3.8134 
 36.50 3.8196 
 37.00 4.0110 
 37.50 4.0182 
 38.00 4.0254 
 38.50 4.0327 
 39.00 4.0399 
 39.50 4.0471 
 40.00 4.0544 
 40.50 4.0616 
 41.00 4.0688 
 41.50 4.0746 
 42.00 4.0802 
 42.50 4.0858 
 43.00 4.0914 
 43.50 4.0970 
 44.00 4.1026 
 44.50 4.1082 
 45.00 4.1138 
 45.50 4.1186 
 46.00 4.1227 
 46.50 4.1267 
 47.00 4.1308 
 47.50 4.1349 
 48.00 4.1389 
 48.50 4.1430 
 49.00 4.1470 
 49.50 4.1509 
 50.00 4.1536 
 50.50 4.1564 
 51.00 4.1591 
 51.50 4.1618 
 52.00 4.1645 
 52.50 4.1673 
 53.00 4.1700 
 53.50 4.1727 
 54.00 4.1745 
 54.50 4.1761 
 55.00 4.1776 
 55.50 4.1792 
 56.00 4.1807 
 56.50 4.1823 
 57.00 4.1838 
 57.50 4.1854 
 58.00 4.1865 
 58.50 4.1871 
 59.00 4.1877 
 59.50 4.1883 
 60.00 4.1888 
 60.50 4.1894 
 61.00 4.1900 
 61.50 4.1906 
 62.00 4.1911 
 62.50 4.1909 
 63.00 4.1906 
 63.50 4.1904 
 64.00 4.1901 
 64.50 4.1899 
 65.00 4.1897 
 65.50 4.1894 
 66.00 4.1892 
 66.50 4.1885 
 67.00 4.1876 
 67.50 4.1868 
 68.00 4.1859 
 68.50 4.1851 
 69.00 4.1842 
 69.50 4.1833 
 70.00 4.1825 
 70.50 4.1815 
 71.00 4.1802 
 71.50 4.1788 
 72.00 4.1775 
 72.50 4.1762 
 73.00 4.1749 
 73.50 4.1736 
 74.00 4.1723 
 74.50 4.1710 
 75.00 4.1694 
 75.50 4.1678 
 76.00 4.1662 
 76.50 4.1646 
 77.00 4.1630 
 77.50 4.1614 
 78.00 4.1598 
 78.50 4.1582 
 79.00 4.1566 
 79.50 4.1549 
 80.00 4.1533 
 80.50 4.1516 
 81.00 4.1499 
 81.50 4.1482 
 82.00 4.1466 
 82.50 4.1449 
 83.00 4.1432 
 83.50 4.1417 
 84.00 4.1401 
 84.50 4.1385 
 85.00 4.1369 
 85.50 4.1353 
 86.00 4.1338 
 86.50 4.1322 
 87.00 4.1306 
 87.50 4.1293 
 88.00 4.1279 
 88.50 4.1266 
 89.00 4.1253 
 89.50 4.1239 
 90.00 4.1226 
 90.50 4.1213 
 91.00 4.1200 
 91.50 4.1189 
 92.00 4.1179 
 92.50 4.1170 
 93.00 4.1161 
 93.50 4.1152 
 94.00 4.1143 
 94.50 4.1134 
 95.00 4.1125 
 95.50 4.1116 
 96.00 4.1112 
 96.50 4.1107 
 97.00 4.1102 
 97.50 4.1097 
 98.00 4.1093 
 98.50 4.1088 
 99.00 4.1083 
 99.50 4.1078 
100.00 4.1076 
100.50 4.1076 
101.00 4.1075 
101.50 4.1074 
102.00 4.1074 
102.50 4.1073 
103.00 4.1072 
103.50 4.1071 
104.00 4.1072 
104.50 4.1075 
105.00 4.1079 
105.50 4.1082 
106.00 4.1085 
106.50 4.1088 
107.00 4.1091 
107.50 4.1094 
108.00 4.1097 
108.50 4.1104 
109.00 4.1111 
109.50 4.1117 
110.00 4.1124 
110.50 4.1131 
111.00 4.1137 
111.50 4.1144 
112.00 4.1151 
112.50 4.1160 
113.00 4.1170 
113.50 4.1180 
114.00 4.1190 
114.50 4.1200 
115.00 4.1210 
115.50 4.1220 
116.00 4.1230 
116.50 4.1241 
117.00 4.1254 
117.50 4.1268 
118.00 4.1281 
118.50 4.1294 
119.00 4.1307 
119.50 4.1321 
120.00 4.1334 
120.50 4.1347 
121.00 4.1363 
121.50 4.1380 
122.00 4.1396 
122.50 4.1413 
123.00 4.1429 
123.50 4.1445 
124.00 4.1462 
124.50 4.1478 
125.00 4.1496 
125.50 4.1515 
126.00 4.1534 
126.50 4.1553 
127.00 4.1572 
127.50 4.1591 
128.00 4.1610 
128.50 4.1629 
129.00 4.1649 
129.50 4.1670 
130.00 4.1692 
130.50 4.1713 
131.00 4.1735 
131.50 4.1756 
132.00 4.1778 
132.50 4.1799 
133.00 4.1821 
133.50 4.1844 
134.00 4.1868 
134.50 4.1892 
135.00 4.1916 
135.50 4.1940 
136.00 4.1964 
136.50 4.1988 
137.00 4.2012 
137.50 4.2036 
138.00 4.2063 
138.50 4.2089 
139.00 4.2115 
139.50 4.2141 
140.00 4.2167 
140.50 4.2193 
141.00 4.2219 
141.50 4.2245 
142.00 4.2273 
142.50 4.2301 
143.00 4.2329 
143.50 4.2358 
144.00 4.2386 
144.50 4.2414 
145.00 4.2442 
145.50 4.2470 
146.00 4.2499 
146.50 4.2529 
147.00 4.2558 
147.50 4.2588 
148.00 4.2618 
148.50 4.2648 
149.00 4.2677 
149.50 4.2707 
150.00 4.2737 
