  0.00 1.3524 
  0.50 2.8640 
  1.00 2.8928 
  1.50 2.9215 
  2.00 2.9489 
  2.50 2.9759 
  3.00 3.0020 
  3.50 3.0272 
  4.00 3.0521 
  4.50 3.0756 
  5.00 3.0991 
  5.50 3.1211 
  6.00 3.1430 
  6.50 3.1639 
  7.00 3.1842 
  7.50 3.2041 
  8.00 3.2229 
  8.50 3.2417 
  9.00 3.2592 
  9.50 3.2766 
 10.00 3.2932 
 10.50 3.3092 
 11.00 3.3249 
 11.50 3.3398 
 12.00 3.3546 
 12.50 3.3683 
 13.00 3.3821 
 13.50 3.3950 
 14.00 3.4077 
 14.50 3.4199 
 15.00 3.4315 
 15.50 3.4431 
 16.00 3.4538 
 16.50 3.4645 
 17.00 3.4746 
 17.50 3.4845 
 18.00 3.4941 
 18.50 3.5033 
 19.00 3.5123 
 19.50 3.5208 
 20.00 3.5293 
 20.50 3.5373 
 21.00 3.5452 
 21.50 3.5529 
 22.00 3.5603 
 22.50 3.5676 
 23.00 3.5746 
 23.50 3.5816 
 24.00 3.5883 
 24.50 3.5949 
 25.00 3.6014 
 25.50 3.6079 
 26.00 3.6142 
 26.50 3.6204 
 27.00 3.6267 
 27.50 3.6328 
 28.00 3.6390 
 28.50 3.6451 
 29.00 3.6513 
 29.50 3.6574 
 30.00 3.6636 
 30.50 3.6698 
 31.00 3.6762 
 31.50 3.6825 
 32.00 3.6891 
 32.50 3.6957 
 33.00 3.7024 
 33.50 3.7092 
 34.00 3.8166 
 34.50 3.8392 
 35.00 3.8618 
 35.50 3.8844 
 36.00 3.9069 
 36.50 3.9295 
 37.00 3.9521 
 37.50 3.9747 
 38.00 3.9973 
 38.50 4.0169 
 39.00 4.0350 
 39.50 4.0530 
 40.00 4.0710 
 40.50 4.0890 
 41.00 4.1071 
 41.50 4.1251 
 42.00 4.1431 
 42.50 4.1606 
 43.00 4.1743 
 43.50 4.1881 
 44.00 4.2018 
 44.50 4.2155 
 45.00 4.2293 
 45.50 4.2430 
 46.00 4.2567 
 46.50 4.2704 
 47.00 4.2819 
 47.50 4.2917 
 48.00 4.3016 
 48.50 4.3115 
 49.00 4.3214 
 49.50 4.3313 
 50.00 4.3412 
 50.50 4.3510 
 51.00 4.3606 
 51.50 4.3672 
 52.00 4.3737 
 52.50 4.3802 
 53.00 4.3868 
 53.50 4.3933 
 54.00 4.3998 
 54.50 4.4063 
 55.00 4.4129 
 55.50 4.4177 
 56.00 4.4214 
 56.50 4.4250 
 57.00 4.4286 
 57.50 4.4322 
 58.00 4.4358 
 58.50 4.4394 
 59.00 4.4430 
 59.50 4.4465 
 60.00 4.4476 
 60.50 4.4488 
 61.00 4.4500 
 61.50 4.4511 
 62.00 4.4523 
 62.50 4.4534 
 63.00 4.4546 
 63.50 4.4558 
 64.00 4.4558 
 64.50 4.4550 
 65.00 4.4542 
 65.50 4.4534 
 66.00 4.4525 
 66.50 4.4517 
 67.00 4.4508 
 67.50 4.4500 
 68.00 4.4492 
 68.50 4.4468 
 69.00 4.4445 
 69.50 4.4421 
 70.00 4.4398 
 70.50 4.4374 
 71.00 4.4351 
 71.50 4.4327 
 72.00 4.4304 
 72.50 4.4275 
 73.00 4.4241 
 73.50 4.4207 
 74.00 4.4172 
 74.50 4.4138 
 75.00 4.4104 
 75.50 4.4070 
 76.00 4.4036 
 76.50 4.4002 
 77.00 4.3961 
 77.50 4.3921 
 78.00 4.3881 
 78.50 4.3841 
 79.00 4.3800 
 79.50 4.3760 
 80.00 4.3720 
 80.50 4.3679 
 81.00 4.3639 
 81.50 4.3597 
 82.00 4.3555 
 82.50 4.3514 
 83.00 4.3472 
 83.50 4.3431 
 84.00 4.3389 
 84.50 4.3348 
 85.00 4.3306 
 85.50 4.3267 
 86.00 4.3229 
 86.50 4.3190 
 87.00 4.3152 
 87.50 4.3113 
 88.00 4.3075 
 88.50 4.3036 
 89.00 4.2998 
 89.50 4.2962 
 90.00 4.2931 
 90.50 4.2899 
 91.00 4.2868 
 91.50 4.2836 
 92.00 4.2805 
 92.50 4.2774 
 93.00 4.2742 
 93.50 4.2711 
 94.00 4.2686 
 94.50 4.2662 
 95.00 4.2638 
 95.50 4.2614 
 96.00 4.2590 
 96.50 4.2566 
 97.00 4.2542 
 97.50 4.2517 
 98.00 4.2496 
 98.50 4.2479 
 99.00 4.2462 
 99.50 4.2445 
100.00 4.2428 
100.50 4.2410 
101.00 4.2393 
101.50 4.2376 
102.00 4.2359 
102.50 4.2348 
103.00 4.2337 
103.50 4.2326 
104.00 4.2316 
104.50 4.2305 
105.00 4.2294 
105.50 4.2283 
106.00 4.2273 
106.50 4.2264 
107.00 4.2260 
107.50 4.2255 
108.00 4.2250 
108.50 4.2245 
109.00 4.2241 
109.50 4.2236 
110.00 4.2231 
110.50 4.2227 
111.00 4.2227 
111.50 4.2228 
112.00 4.2229 
112.50 4.2230 
113.00 4.2231 
113.50 4.2232 
114.00 4.2232 
114.50 4.2233 
115.00 4.2236 
115.50 4.2242 
116.00 4.2248 
116.50 4.2254 
117.00 4.2260 
117.50 4.2267 
118.00 4.2273 
118.50 4.2279 
119.00 4.2285 
119.50 4.2295 
120.00 4.2306 
120.50 4.2317 
121.00 4.2328 
121.50 4.2339 
122.00 4.2350 
122.50 4.2360 
123.00 4.2371 
123.50 4.2383 
124.00 4.2398 
124.50 4.2414 
125.00 4.2429 
125.50 4.2444 
126.00 4.2459 
126.50 4.2474 
127.00 4.2489 
127.50 4.2504 
128.00 4.2522 
128.50 4.2541 
129.00 4.2560 
129.50 4.2579 
130.00 4.2598 
130.50 4.2617 
131.00 4.2636 
131.50 4.2655 
132.00 4.2675 
132.50 4.2697 
133.00 4.2720 
133.50 4.2742 
134.00 4.2764 
134.50 4.2786 
135.00 4.2809 
135.50 4.2831 
136.00 4.2853 
136.50 4.2878 
137.00 4.2903 
137.50 4.2929 
138.00 4.2954 
138.50 4.2980 
139.00 4.3005 
139.50 4.3030 
140.00 4.3056 
140.50 4.3082 
141.00 4.3109 
141.50 4.3137 
142.00 4.3165 
142.50 4.3192 
143.00 4.3220 
143.50 4.3248 
144.00 4.3275 
144.50 4.3303 
145.00 4.3332 
145.50 4.3362 
146.00 4.3392 
146.50 4.3422 
147.00 4.3452 
147.50 4.3482 
148.00 4.3512 
148.50 4.3542 
149.00 4.3572 
149.50 4.3604 
150.00 4.3635 
