  0.00 1.2267 
  0.50 3.0592 
  1.00 3.0805 
  1.50 3.1018 
  2.00 3.1220 
  2.50 3.1416 
  3.00 3.1608 
  3.50 3.1785 
  4.00 3.1962 
  4.50 3.2127 
  5.00 3.2287 
  5.50 3.2443 
  6.00 3.2587 
  6.50 3.2732 
  7.00 3.2863 
  7.50 3.2992 
  8.00 3.3116 
  8.50 3.3232 
  9.00 3.3348 
  9.50 3.3451 
 10.00 3.3554 
 10.50 3.3651 
 11.00 3.3743 
 11.50 3.3834 
 12.00 3.3915 
 12.50 3.3997 
 13.00 3.4072 
 13.50 3.4144 
 14.00 3.4214 
 14.50 3.4278 
 15.00 3.4341 
 15.50 3.4400 
 16.00 3.4456 
 16.50 3.4511 
 17.00 3.4562 
 17.50 3.4612 
 18.00 3.4658 
 18.50 3.4704 
 19.00 3.4748 
 19.50 3.4790 
 20.00 3.4832 
 20.50 3.4871 
 21.00 3.4910 
 21.50 3.4948 
 22.00 3.4986 
 22.50 3.5024 
 23.00 3.5061 
 23.50 3.5098 
 24.00 3.5135 
 24.50 3.5172 
 25.00 3.5210 
 25.50 3.5250 
 26.00 3.5289 
 26.50 3.5331 
 27.00 3.5372 
 27.50 3.5416 
 28.00 3.5461 
 28.50 3.5507 
 29.00 3.5558 
 29.50 3.5609 
 30.00 3.5663 
 30.50 3.5720 
 31.00 3.5777 
 31.50 3.5841 
 32.00 3.5905 
 32.50 3.5975 
 33.00 3.6046 
 33.50 3.6121 
 34.00 3.6202 
 34.50 3.6284 
 35.00 3.6374 
 35.50 3.6465 
 36.00 4.1736 
 36.50 4.1742 
 37.00 4.1748 
 37.50 4.1754 
 38.00 4.1760 
 38.50 4.1765 
 39.00 4.1771 
 39.50 4.1777 
 40.00 4.1783 
 40.50 4.1788 
 41.00 4.1793 
 41.50 4.1798 
 42.00 4.1803 
 42.50 4.1808 
 43.00 4.1813 
 43.50 4.1818 
 44.00 4.1823 
 44.50 4.1827 
 45.00 4.1832 
 45.50 4.1836 
 46.00 4.1840 
 46.50 4.1844 
 47.00 4.1849 
 47.50 4.1853 
 48.00 4.1857 
 48.50 4.1861 
 49.00 4.1866 
 49.50 4.1870 
 50.00 4.1874 
 50.50 4.1878 
 51.00 4.1882 
 51.50 4.1886 
 52.00 4.1890 
 52.50 4.1894 
 53.00 4.1898 
 53.50 4.1902 
 54.00 4.1906 
 54.50 4.1910 
 55.00 4.1914 
 55.50 4.1918 
 56.00 4.1922 
 56.50 4.1926 
 57.00 4.1930 
 57.50 4.1935 
 58.00 4.1939 
 58.50 4.1944 
 59.00 4.1948 
 59.50 4.1953 
 60.00 4.1957 
 60.50 4.1962 
 61.00 4.1966 
 61.50 4.1971 
 62.00 4.1977 
 62.50 4.1982 
 63.00 4.1987 
 63.50 4.1992 
 64.00 4.1998 
 64.50 4.2003 
 65.00 4.2008 
 65.50 4.2014 
 66.00 4.2020 
 66.50 4.2026 
 67.00 4.2033 
 67.50 4.2039 
 68.00 4.2045 
 68.50 4.2051 
 69.00 4.2058 
 69.50 4.2064 
 70.00 4.2072 
 70.50 4.2080 
 71.00 4.2087 
 71.50 4.2095 
 72.00 4.2103 
 72.50 4.2111 
 73.00 4.2118 
 73.50 4.2126 
 74.00 4.2135 
 74.50 4.2144 
 75.00 4.2153 
 75.50 4.2163 
 76.00 4.2172 
 76.50 4.2182 
 77.00 4.2191 
 77.50 4.2200 
 78.00 4.2210 
 78.50 4.2222 
 79.00 4.2233 
 79.50 4.2245 
 80.00 4.2257 
 80.50 4.2268 
 81.00 4.2280 
 81.50 4.2292 
 82.00 4.2303 
 82.50 4.2317 
 83.00 4.2331 
 83.50 4.2344 
 84.00 4.2358 
 84.50 4.2372 
 85.00 4.2386 
 85.50 4.2400 
 86.00 4.2414 
 86.50 4.2429 
 87.00 4.2446 
 87.50 4.2462 
 88.00 4.2479 
 88.50 4.2496 
 89.00 4.2512 
 89.50 4.2529 
 90.00 4.2546 
 90.50 4.2563 
 91.00 4.2582 
 91.50 4.2602 
 92.00 4.2622 
 92.50 4.2641 
 93.00 4.2661 
 93.50 4.2681 
 94.00 4.2700 
 94.50 4.2720 
 95.00 4.2741 
 95.50 4.2764 
 96.00 4.2786 
 96.50 4.2809 
 97.00 4.2831 
 97.50 4.2854 
 98.00 4.2876 
 98.50 4.2898 
 99.00 4.2921 
 99.50 4.2946 
100.00 4.2970 
100.50 4.2995 
101.00 4.3019 
101.50 4.3044 
102.00 4.3068 
102.50 4.3093 
103.00 4.3118 
103.50 4.3144 
104.00 4.3170 
104.50 4.3197 
105.00 4.3223 
105.50 4.3250 
106.00 4.3277 
106.50 4.3303 
107.00 4.3330 
107.50 4.3357 
108.00 4.3385 
108.50 4.3413 
109.00 4.3441 
109.50 4.3469 
110.00 4.3498 
110.50 4.3526 
111.00 4.3554 
111.50 4.3582 
112.00 4.3611 
112.50 4.3640 
113.00 4.3669 
113.50 4.3698 
114.00 4.3727 
114.50 4.3756 
115.00 4.3785 
115.50 4.3815 
116.00 4.3844 
116.50 4.3874 
117.00 4.3903 
117.50 4.3933 
118.00 4.3963 
118.50 4.3993 
119.00 4.4023 
119.50 4.4053 
120.00 4.4082 
120.50 4.4113 
121.00 4.4143 
121.50 4.4173 
122.00 4.4203 
122.50 4.4233 
123.00 4.4263 
123.50 4.4294 
124.00 4.4324 
124.50 4.4354 
125.00 4.4384 
125.50 4.4414 
126.00 4.4444 
126.50 4.4474 
127.00 4.4503 
127.50 4.4533 
128.00 4.4563 
128.50 4.4593 
129.00 4.4623 
129.50 4.4652 
130.00 4.4681 
130.50 4.4711 
131.00 4.4740 
131.50 4.4770 
132.00 4.4799 
132.50 4.4829 
133.00 4.4858 
133.50 4.4886 
134.00 4.4915 
134.50 4.4943 
135.00 4.4972 
135.50 4.5001 
136.00 4.5029 
136.50 4.5058 
137.00 4.5086 
137.50 4.5113 
138.00 4.5140 
138.50 4.5167 
139.00 4.5194 
139.50 4.5221 
140.00 4.5249 
140.50 4.5276 
141.00 4.5303 
141.50 4.5328 
142.00 4.5354 
142.50 4.5380 
143.00 4.5405 
143.50 4.5431 
144.00 4.5456 
144.50 4.5482 
145.00 4.5507 
145.50 4.5532 
146.00 4.5555 
146.50 4.5578 
147.00 4.5602 
147.50 4.5625 
148.00 4.5648 
148.50 4.5671 
149.00 4.5695 
149.50 4.5718 
150.00 4.5739 
