  0.00 1.4403 
  0.50 2.9983 
  1.00 3.0315 
  1.50 3.0646 
  2.00 3.0961 
  2.50 3.1267 
  3.00 3.1570 
  3.50 3.1849 
  4.00 3.2127 
  4.50 3.2392 
  5.00 3.2645 
  5.50 3.2898 
  6.00 3.3127 
  6.50 3.3356 
  7.00 3.3576 
  7.50 3.3782 
  8.00 3.3988 
  8.50 3.4176 
  9.00 3.4361 
  9.50 3.4541 
 10.00 3.4705 
 10.50 3.4870 
 11.00 3.5022 
 11.50 3.5169 
 12.00 3.5313 
 12.50 3.5442 
 13.00 3.5572 
 13.50 3.5692 
 14.00 3.5806 
 14.50 3.5920 
 15.00 3.6020 
 15.50 3.6120 
 16.00 3.6213 
 16.50 3.6301 
 17.00 3.6387 
 17.50 3.6465 
 18.00 3.6541 
 18.50 3.6613 
 19.00 3.6679 
 19.50 3.6745 
 20.00 3.6805 
 20.50 3.6862 
 21.00 3.6919 
 21.50 3.6969 
 22.00 3.7020 
 22.50 3.7067 
 23.00 3.7112 
 23.50 3.7156 
 24.00 3.7197 
 24.50 3.7238 
 25.00 3.7278 
 25.50 3.7316 
 26.00 3.7354 
 26.50 3.7391 
 27.00 3.7429 
 27.50 3.7466 
 28.00 3.7503 
 28.50 3.7540 
 29.00 3.7578 
 29.50 3.7617 
 30.00 3.7656 
 30.50 3.7698 
 31.00 3.7740 
 31.50 3.7785 
 32.00 3.7831 
 32.50 3.7878 
 33.00 3.7930 
 33.50 3.7982 
 34.00 3.8039 
 34.50 3.8098 
 35.00 3.8158 
 35.50 3.8226 
 36.00 3.8293 
 36.50 3.8366 
 37.00 3.8444 
 37.50 3.8522 
 38.00 4.1775 
 38.50 4.1797 
 39.00 4.1819 
 39.50 4.1841 
 40.00 4.1863 
 40.50 4.1885 
 41.00 4.1907 
 41.50 4.1929 
 42.00 4.1947 
 42.50 4.1961 
 43.00 4.1976 
 43.50 4.1991 
 44.00 4.2005 
 44.50 4.2020 
 45.00 4.2035 
 45.50 4.2049 
 46.00 4.2062 
 46.50 4.2070 
 47.00 4.2078 
 47.50 4.2086 
 48.00 4.2094 
 48.50 4.2102 
 49.00 4.2110 
 49.50 4.2118 
 50.00 4.2126 
 50.50 4.2128 
 51.00 4.2130 
 51.50 4.2133 
 52.00 4.2135 
 52.50 4.2137 
 53.00 4.2139 
 53.50 4.2142 
 54.00 4.2144 
 54.50 4.2143 
 55.00 4.2141 
 55.50 4.2138 
 56.00 4.2135 
 56.50 4.2133 
 57.00 4.2130 
 57.50 4.2128 
 58.00 4.2125 
 58.50 4.2121 
 59.00 4.2115 
 59.50 4.2108 
 60.00 4.2102 
 60.50 4.2095 
 61.00 4.2089 
 61.50 4.2082 
 62.00 4.2076 
 62.50 4.2069 
 63.00 4.2060 
 63.50 4.2050 
 64.00 4.2041 
 64.50 4.2031 
 65.00 4.2022 
 65.50 4.2012 
 66.00 4.2002 
 66.50 4.1993 
 67.00 4.1982 
 67.50 4.1970 
 68.00 4.1958 
 68.50 4.1947 
 69.00 4.1935 
 69.50 4.1923 
 70.00 4.1911 
 70.50 4.1899 
 71.00 4.1887 
 71.50 4.1874 
 72.00 4.1861 
 72.50 4.1848 
 73.00 4.1836 
 73.50 4.1823 
 74.00 4.1810 
 74.50 4.1797 
 75.00 4.1784 
 75.50 4.1770 
 76.00 4.1757 
 76.50 4.1744 
 77.00 4.1730 
 77.50 4.1717 
 78.00 4.1704 
 78.50 4.1691 
 79.00 4.1677 
 79.50 4.1664 
 80.00 4.1651 
 80.50 4.1638 
 81.00 4.1626 
 81.50 4.1613 
 82.00 4.1600 
 82.50 4.1587 
 83.00 4.1574 
 83.50 4.1562 
 84.00 4.1550 
 84.50 4.1539 
 85.00 4.1528 
 85.50 4.1516 
 86.00 4.1505 
 86.50 4.1493 
 87.00 4.1482 
 87.50 4.1471 
 88.00 4.1461 
 88.50 4.1452 
 89.00 4.1443 
 89.50 4.1434 
 90.00 4.1425 
 90.50 4.1416 
 91.00 4.1407 
 91.50 4.1398 
 92.00 4.1391 
 92.50 4.1385 
 93.00 4.1379 
 93.50 4.1373 
 94.00 4.1367 
 94.50 4.1361 
 95.00 4.1355 
 95.50 4.1349 
 96.00 4.1344 
 96.50 4.1341 
 97.00 4.1339 
 97.50 4.1336 
 98.00 4.1333 
 98.50 4.1330 
 99.00 4.1328 
 99.50 4.1325 
100.00 4.1322 
100.50 4.1322 
101.00 4.1322 
101.50 4.1322 
102.00 4.1322 
102.50 4.1323 
103.00 4.1323 
103.50 4.1323 
104.00 4.1323 
104.50 4.1325 
105.00 4.1328 
105.50 4.1331 
106.00 4.1334 
106.50 4.1337 
107.00 4.1341 
107.50 4.1344 
108.00 4.1347 
108.50 4.1351 
109.00 4.1357 
109.50 4.1363 
110.00 4.1368 
110.50 4.1374 
111.00 4.1380 
111.50 4.1386 
112.00 4.1392 
112.50 4.1398 
113.00 4.1406 
113.50 4.1415 
114.00 4.1423 
114.50 4.1432 
115.00 4.1440 
115.50 4.1449 
116.00 4.1457 
116.50 4.1466 
117.00 4.1476 
117.50 4.1487 
118.00 4.1498 
118.50 4.1509 
119.00 4.1521 
119.50 4.1532 
120.00 4.1543 
120.50 4.1554 
121.00 4.1566 
121.50 4.1580 
122.00 4.1593 
122.50 4.1607 
123.00 4.1621 
123.50 4.1635 
124.00 4.1648 
124.50 4.1662 
125.00 4.1676 
125.50 4.1692 
126.00 4.1708 
126.50 4.1724 
127.00 4.1740 
127.50 4.1756 
128.00 4.1772 
128.50 4.1788 
129.00 4.1804 
129.50 4.1822 
130.00 4.1840 
130.50 4.1858 
131.00 4.1876 
131.50 4.1895 
132.00 4.1913 
132.50 4.1931 
133.00 4.1949 
133.50 4.1968 
134.00 4.1989 
134.50 4.2009 
135.00 4.2030 
135.50 4.2050 
136.00 4.2071 
136.50 4.2091 
137.00 4.2112 
137.50 4.2133 
138.00 4.2155 
138.50 4.2177 
139.00 4.2200 
139.50 4.2222 
140.00 4.2245 
140.50 4.2267 
141.00 4.2290 
141.50 4.2312 
142.00 4.2336 
142.50 4.2360 
143.00 4.2385 
143.50 4.2409 
144.00 4.2434 
144.50 4.2458 
145.00 4.2483 
145.50 4.2507 
146.00 4.2532 
146.50 4.2558 
147.00 4.2585 
147.50 4.2611 
148.00 4.2637 
148.50 4.2664 
149.00 4.2690 
149.50 4.2716 
150.00 4.2742 
