  0.00 0.5415 
  0.50 1.1415 
  1.00 1.7415 
  1.50 3.4298 
  2.00 3.4409 
  2.50 3.4520 
  3.00 3.4632 
  3.50 3.4736 
  4.00 3.4837 
  4.50 3.4939 
  5.00 3.5036 
  5.50 3.5128 
  6.00 3.5220 
  6.50 3.5311 
  7.00 3.5395 
  7.50 3.5478 
  8.00 3.5561 
  8.50 3.5638 
  9.00 3.5714 
  9.50 3.5790 
 10.00 3.5862 
 10.50 3.5930 
 11.00 3.5999 
 11.50 3.6066 
 12.00 3.6128 
 12.50 3.6191 
 13.00 3.6254 
 13.50 3.6312 
 14.00 3.6369 
 14.50 3.6426 
 15.00 3.6481 
 15.50 3.6534 
 16.00 3.6587 
 16.50 3.6639 
 17.00 3.6688 
 17.50 3.6737 
 18.00 3.6786 
 18.50 3.6832 
 19.00 3.6879 
 19.50 3.6926 
 20.00 3.6971 
 20.50 3.7015 
 21.00 3.7060 
 21.50 3.7104 
 22.00 3.7148 
 22.50 3.7191 
 23.00 3.7235 
 23.50 3.7278 
 24.00 3.7322 
 24.50 3.7365 
 25.00 3.7409 
 25.50 3.7453 
 26.00 3.7497 
 26.50 3.7542 
 27.00 3.7587 
 27.50 3.7633 
 28.00 3.7679 
 28.50 3.7727 
 29.00 3.7774 
 29.50 3.7822 
 30.00 3.7873 
 30.50 3.7924 
 31.00 3.7975 
 31.50 3.8029 
 32.00 3.8083 
 32.50 3.8138 
 33.00 3.8195 
 33.50 3.8255 
 34.00 3.8314 
 34.50 3.8375 
 35.00 3.8440 
 35.50 3.8505 
 36.00 3.8570 
 36.50 3.8640 
 37.00 3.8712 
 37.50 3.8784 
 38.00 3.8859 
 38.50 3.8939 
 39.00 3.9018 
 39.50 3.9098 
 40.00 3.9186 
 40.50 3.9273 
 41.00 3.9360 
 41.50 3.9455 
 42.00 3.9552 
 42.50 3.9648 
 43.00 3.9750 
 43.50 3.9856 
 44.00 3.9962 
 44.50 4.0072 
 45.00 4.0188 
 45.50 4.0305 
 46.00 4.0423 
 46.50 4.0551 
 47.00 4.0679 
 47.50 4.0808 
 48.00 4.0944 
 48.50 4.1084 
 49.00 4.1224 
 49.50 4.3960 
 50.00 4.4024 
 50.50 4.4088 
 51.00 4.4151 
 51.50 4.4215 
 52.00 4.4279 
 52.50 4.4342 
 53.00 4.4406 
 53.50 4.4463 
 54.00 4.4516 
 54.50 4.4570 
 55.00 4.4623 
 55.50 4.4677 
 56.00 4.4730 
 56.50 4.4784 
 57.00 4.4837 
 57.50 4.4881 
 58.00 4.4925 
 58.50 4.4969 
 59.00 4.5012 
 59.50 4.5056 
 60.00 4.5099 
 60.50 4.5143 
 61.00 4.5185 
 61.50 4.5220 
 62.00 4.5255 
 62.50 4.5289 
 63.00 4.5324 
 63.50 4.5359 
 64.00 4.5394 
 64.50 4.5429 
 65.00 4.5460 
 65.50 4.5487 
 66.00 4.5514 
 66.50 4.5540 
 67.00 4.5567 
 67.50 4.5594 
 68.00 4.5621 
 68.50 4.5648 
 69.00 4.5670 
 69.50 4.5690 
 70.00 4.5710 
 70.50 4.5730 
 71.00 4.5750 
 71.50 4.5769 
 72.00 4.5789 
 72.50 4.5809 
 73.00 4.5823 
 73.50 4.5837 
 74.00 4.5851 
 74.50 4.5866 
 75.00 4.5880 
 75.50 4.5894 
 76.00 4.5908 
 76.50 4.5921 
 77.00 4.5930 
 77.50 4.5938 
 78.00 4.5947 
 78.50 4.5956 
 79.00 4.5965 
 79.50 4.5974 
 80.00 4.5983 
 80.50 4.5990 
 81.00 4.5995 
 81.50 4.6000 
 82.00 4.6005 
 82.50 4.6009 
 83.00 4.6014 
 83.50 4.6019 
 84.00 4.6024 
 84.50 4.6027 
 85.00 4.6029 
 85.50 4.6030 
 86.00 4.6032 
 86.50 4.6034 
 87.00 4.6036 
 87.50 4.6038 
 88.00 4.6040 
 88.50 4.6040 
 89.00 4.6040 
 89.50 4.6039 
 90.00 4.6039 
 90.50 4.6039 
 91.00 4.6038 
 91.50 4.6038 
 92.00 4.6037 
 92.50 4.6036 
 93.00 4.6034 
 93.50 4.6033 
 94.00 4.6031 
 94.50 4.6030 
 95.00 4.6028 
 95.50 4.6026 
 96.00 4.6025 
 96.50 4.6023 
 97.00 4.6021 
 97.50 4.6020 
 98.00 4.6018 
 98.50 4.6017 
 99.00 4.6015 
 99.50 4.6013 
100.00 4.6012 
100.50 4.6011 
101.00 4.6010 
101.50 4.6008 
102.00 4.6007 
102.50 4.6006 
103.00 4.6005 
103.50 4.6004 
104.00 4.6003 
104.50 4.6003 
105.00 4.6002 
105.50 4.6001 
106.00 4.6001 
106.50 4.6000 
107.00 4.5999 
107.50 4.5999 
108.00 4.5999 
108.50 4.5999 
109.00 4.5999 
109.50 4.5999 
110.00 4.5999 
110.50 4.5999 
111.00 4.5999 
111.50 4.5999 
112.00 4.6000 
112.50 4.6000 
113.00 4.6001 
113.50 4.6001 
114.00 4.6001 
114.50 4.6002 
115.00 4.6002 
115.50 4.6003 
116.00 4.6003 
116.50 4.6004 
117.00 4.6005 
117.50 4.6005 
118.00 4.6006 
118.50 4.6006 
119.00 4.6007 
119.50 4.6008 
120.00 4.6009 
120.50 4.6010 
121.00 4.6011 
121.50 4.6012 
122.00 4.6013 
122.50 4.6014 
123.00 4.6015 
123.50 4.6016 
124.00 4.6017 
124.50 4.6018 
125.00 4.6019 
125.50 4.6020 
126.00 4.6021 
126.50 4.6022 
127.00 4.6023 
127.50 4.6024 
128.00 4.6025 
128.50 4.6025 
129.00 4.6026 
129.50 4.6027 
130.00 4.6028 
130.50 4.6029 
131.00 4.6030 
131.50 4.6031 
132.00 4.6032 
132.50 4.6033 
133.00 4.6034 
133.50 4.6034 
134.00 4.6035 
134.50 4.6036 
135.00 4.6037 
135.50 4.6037 
136.00 4.6038 
136.50 4.6039 
137.00 4.6040 
137.50 4.6040 
138.00 4.6041 
138.50 4.6041 
139.00 4.6042 
139.50 4.6042 
140.00 4.6042 
140.50 4.6043 
141.00 4.6043 
141.50 4.6044 
142.00 4.6044 
142.50 4.6044 
143.00 4.6044 
143.50 4.6044 
144.00 4.6044 
144.50 4.6043 
145.00 4.6043 
145.50 4.6043 
146.00 4.6043 
146.50 4.6042 
147.00 4.6042 
147.50 4.6041 
148.00 4.6041 
148.50 4.6040 
149.00 4.6040 
149.50 4.6039 
150.00 4.6038 
