  0.00 1.7078 
  0.50 1.9136 
  1.00 2.1194 
  1.50 2.3252 
  2.00 2.5310 
  2.50 2.7367 
  3.00 3.3044 
  3.50 3.3214 
  4.00 3.3384 
  4.50 3.3544 
  5.00 3.3703 
  5.50 3.3857 
  6.00 3.4004 
  6.50 3.4150 
  7.00 3.4287 
  7.50 3.4423 
  8.00 3.4553 
  8.50 3.4678 
  9.00 3.4803 
  9.50 3.4918 
 10.00 3.5034 
 10.50 3.5144 
 11.00 3.5250 
 11.50 3.5356 
 12.00 3.5454 
 12.50 3.5552 
 13.00 3.5645 
 13.50 3.5735 
 14.00 3.5824 
 14.50 3.5908 
 15.00 3.5992 
 15.50 3.6071 
 16.00 3.6149 
 16.50 3.6225 
 17.00 3.6298 
 17.50 3.6370 
 18.00 3.6439 
 18.50 3.6506 
 19.00 3.6572 
 19.50 3.6636 
 20.00 3.6700 
 20.50 3.6761 
 21.00 3.6822 
 21.50 3.6882 
 22.00 3.6940 
 22.50 3.6998 
 23.00 3.7055 
 23.50 3.7112 
 24.00 3.7169 
 24.50 3.7224 
 25.00 3.7280 
 25.50 3.7336 
 26.00 3.7391 
 26.50 3.7447 
 27.00 3.7504 
 27.50 3.7560 
 28.00 3.7617 
 28.50 3.7675 
 29.00 3.7733 
 29.50 3.7793 
 30.00 3.7853 
 30.50 3.7916 
 31.00 3.7978 
 31.50 3.8043 
 32.00 3.8109 
 32.50 3.8175 
 33.00 3.8245 
 33.50 3.8316 
 34.00 3.8390 
 34.50 3.8465 
 35.00 3.8542 
 35.50 3.8623 
 36.00 3.8704 
 36.50 3.8790 
 37.00 3.8878 
 37.50 3.8968 
 38.00 3.9062 
 38.50 3.9156 
 39.00 4.1978 
 39.50 4.1984 
 40.00 4.1989 
 40.50 4.1994 
 41.00 4.1999 
 41.50 4.2005 
 42.00 4.2010 
 42.50 4.2015 
 43.00 4.2022 
 43.50 4.2031 
 44.00 4.2040 
 44.50 4.2048 
 45.00 4.2057 
 45.50 4.2066 
 46.00 4.2074 
 46.50 4.2083 
 47.00 4.2093 
 47.50 4.2104 
 48.00 4.2116 
 48.50 4.2128 
 49.00 4.2140 
 49.50 4.2151 
 50.00 4.2163 
 50.50 4.2175 
 51.00 4.2187 
 51.50 4.2201 
 52.00 4.2215 
 52.50 4.2230 
 53.00 4.2244 
 53.50 4.2258 
 54.00 4.2273 
 54.50 4.2287 
 55.00 4.2302 
 55.50 4.2318 
 56.00 4.2334 
 56.50 4.2351 
 57.00 4.2368 
 57.50 4.2384 
 58.00 4.2401 
 58.50 4.2418 
 59.00 4.2434 
 59.50 4.2452 
 60.00 4.2470 
 60.50 4.2489 
 61.00 4.2508 
 61.50 4.2526 
 62.00 4.2545 
 62.50 4.2564 
 63.00 4.2582 
 63.50 4.2601 
 64.00 4.2621 
 64.50 4.2641 
 65.00 4.2661 
 65.50 4.2681 
 66.00 4.2701 
 66.50 4.2721 
 67.00 4.2740 
 67.50 4.2760 
 68.00 4.2782 
 68.50 4.2803 
 69.00 4.2824 
 69.50 4.2845 
 70.00 4.2866 
 70.50 4.2887 
 71.00 4.2908 
 71.50 4.2930 
 72.00 4.2951 
 72.50 4.2973 
 73.00 4.2994 
 73.50 4.3016 
 74.00 4.3037 
 74.50 4.3059 
 75.00 4.3081 
 75.50 4.3102 
 76.00 4.3124 
 76.50 4.3146 
 77.00 4.3168 
 77.50 4.3190 
 78.00 4.3213 
 78.50 4.3235 
 79.00 4.3257 
 79.50 4.3279 
 80.00 4.3301 
 80.50 4.3323 
 81.00 4.3345 
 81.50 4.3366 
 82.00 4.3388 
 82.50 4.3410 
 83.00 4.3432 
 83.50 4.3454 
 84.00 4.3476 
 84.50 4.3497 
 85.00 4.3519 
 85.50 4.3540 
 86.00 4.3561 
 86.50 4.3583 
 87.00 4.3604 
 87.50 4.3626 
 88.00 4.3647 
 88.50 4.3668 
 89.00 4.3688 
 89.50 4.3709 
 90.00 4.3729 
 90.50 4.3750 
 91.00 4.3770 
 91.50 4.3790 
 92.00 4.3811 
 92.50 4.3831 
 93.00 4.3850 
 93.50 4.3869 
 94.00 4.3888 
 94.50 4.3908 
 95.00 4.3927 
 95.50 4.3946 
 96.00 4.3965 
 96.50 4.3984 
 97.00 4.4002 
 97.50 4.4020 
 98.00 4.4038 
 98.50 4.4056 
 99.00 4.4074 
 99.50 4.4092 
100.00 4.4110 
100.50 4.4127 
101.00 4.4145 
101.50 4.4161 
102.00 4.4178 
102.50 4.4195 
103.00 4.4212 
103.50 4.4229 
104.00 4.4245 
104.50 4.4262 
105.00 4.4278 
105.50 4.4294 
106.00 4.4310 
106.50 4.4325 
107.00 4.4341 
107.50 4.4356 
108.00 4.4372 
108.50 4.4387 
109.00 4.4403 
109.50 4.4418 
110.00 4.4432 
110.50 4.4447 
111.00 4.4461 
111.50 4.4476 
112.00 4.4491 
112.50 4.4505 
113.00 4.4520 
113.50 4.4534 
114.00 4.4547 
114.50 4.4561 
115.00 4.4574 
115.50 4.4588 
116.00 4.4601 
116.50 4.4615 
117.00 4.4628 
117.50 4.4641 
118.00 4.4654 
118.50 4.4666 
119.00 4.4679 
119.50 4.4691 
120.00 4.4703 
120.50 4.4716 
121.00 4.4728 
121.50 4.4741 
122.00 4.4752 
122.50 4.4764 
123.00 4.4776 
123.50 4.4787 
124.00 4.4799 
124.50 4.4811 
125.00 4.4822 
125.50 4.4834 
126.00 4.4845 
126.50 4.4856 
127.00 4.4867 
127.50 4.4878 
128.00 4.4889 
128.50 4.4899 
129.00 4.4910 
129.50 4.4921 
130.00 4.4931 
130.50 4.4941 
131.00 4.4951 
131.50 4.4962 
132.00 4.4972 
132.50 4.4982 
133.00 4.4992 
133.50 4.5002 
134.00 4.5011 
134.50 4.5021 
135.00 4.5030 
135.50 4.5039 
136.00 4.5049 
136.50 4.5058 
137.00 4.5067 
137.50 4.5076 
138.00 4.5086 
138.50 4.5094 
139.00 4.5103 
139.50 4.5111 
140.00 4.5120 
140.50 4.5128 
141.00 4.5137 
141.50 4.5146 
142.00 4.5154 
142.50 4.5162 
143.00 4.5170 
143.50 4.5179 
144.00 4.5187 
144.50 4.5195 
145.00 4.5203 
145.50 4.5211 
146.00 4.5219 
146.50 4.5227 
147.00 4.5234 
147.50 4.5242 
148.00 4.5249 
148.50 4.5257 
149.00 4.5264 
149.50 4.5272 
150.00 4.5279 
