  0.00 1.3352 
  0.50 3.0589 
  1.00 3.0793 
  1.50 3.0997 
  2.00 3.1188 
  2.50 3.1376 
  3.00 3.1559 
  3.50 3.1730 
  4.00 3.1900 
  4.50 3.2059 
  5.00 3.2214 
  5.50 3.2364 
  6.00 3.2504 
  6.50 3.2645 
  7.00 3.2774 
  7.50 3.2901 
  8.00 3.3024 
  8.50 3.3139 
  9.00 3.3253 
  9.50 3.3357 
 10.00 3.3460 
 10.50 3.3559 
 11.00 3.3652 
 11.50 3.3744 
 12.00 3.3829 
 12.50 3.3912 
 13.00 3.3992 
 13.50 3.4066 
 14.00 3.4141 
 14.50 3.4209 
 15.00 3.4277 
 15.50 3.4341 
 16.00 3.4402 
 16.50 3.4463 
 17.00 3.4519 
 17.50 3.4575 
 18.00 3.4629 
 18.50 3.4681 
 19.00 3.4733 
 19.50 3.4781 
 20.00 3.4830 
 20.50 3.4877 
 21.00 3.4924 
 21.50 3.4971 
 22.00 3.5016 
 22.50 3.5061 
 23.00 3.5106 
 23.50 3.5152 
 24.00 3.5197 
 24.50 3.5243 
 25.00 3.5289 
 25.50 3.5336 
 26.00 3.5385 
 26.50 3.5433 
 27.00 3.5485 
 27.50 3.5536 
 28.00 3.5590 
 28.50 3.5646 
 29.00 3.5702 
 29.50 3.5762 
 30.00 3.5823 
 30.50 3.5887 
 31.00 3.5954 
 31.50 3.6022 
 32.00 3.6096 
 32.50 3.6170 
 33.00 3.6250 
 33.50 3.6332 
 34.00 3.6416 
 34.50 3.6507 
 35.00 3.6599 
 35.50 3.6697 
 36.00 3.6799 
 36.50 4.0827 
 37.00 4.0857 
 37.50 4.0886 
 38.00 4.0915 
 38.50 4.0945 
 39.00 4.0974 
 39.50 4.1003 
 40.00 4.1033 
 40.50 4.1062 
 41.00 4.1089 
 41.50 4.1115 
 42.00 4.1141 
 42.50 4.1168 
 43.00 4.1194 
 43.50 4.1220 
 44.00 4.1247 
 44.50 4.1273 
 45.00 4.1298 
 45.50 4.1322 
 46.00 4.1345 
 46.50 4.1369 
 47.00 4.1393 
 47.50 4.1416 
 48.00 4.1440 
 48.50 4.1463 
 49.00 4.1487 
 49.50 4.1508 
 50.00 4.1529 
 50.50 4.1550 
 51.00 4.1571 
 51.50 4.1592 
 52.00 4.1613 
 52.50 4.1634 
 53.00 4.1655 
 53.50 4.1674 
 54.00 4.1693 
 54.50 4.1712 
 55.00 4.1731 
 55.50 4.1750 
 56.00 4.1768 
 56.50 4.1787 
 57.00 4.1806 
 57.50 4.1824 
 58.00 4.1841 
 58.50 4.1858 
 59.00 4.1875 
 59.50 4.1892 
 60.00 4.1909 
 60.50 4.1926 
 61.00 4.1943 
 61.50 4.1960 
 62.00 4.1975 
 62.50 4.1991 
 63.00 4.2006 
 63.50 4.2021 
 64.00 4.2036 
 64.50 4.2052 
 65.00 4.2067 
 65.50 4.2082 
 66.00 4.2097 
 66.50 4.2111 
 67.00 4.2125 
 67.50 4.2139 
 68.00 4.2153 
 68.50 4.2167 
 69.00 4.2181 
 69.50 4.2195 
 70.00 4.2209 
 70.50 4.2222 
 71.00 4.2235 
 71.50 4.2248 
 72.00 4.2262 
 72.50 4.2275 
 73.00 4.2288 
 73.50 4.2301 
 74.00 4.2314 
 74.50 4.2327 
 75.00 4.2339 
 75.50 4.2351 
 76.00 4.2364 
 76.50 4.2376 
 77.00 4.2389 
 77.50 4.2401 
 78.00 4.2413 
 78.50 4.2426 
 79.00 4.2438 
 79.50 4.2450 
 80.00 4.2462 
 80.50 4.2474 
 81.00 4.2486 
 81.50 4.2498 
 82.00 4.2510 
 82.50 4.2522 
 83.00 4.2534 
 83.50 4.2546 
 84.00 4.2558 
 84.50 4.2571 
 85.00 4.2583 
 85.50 4.2595 
 86.00 4.2607 
 86.50 4.2619 
 87.00 4.2632 
 87.50 4.2644 
 88.00 4.2656 
 88.50 4.2668 
 89.00 4.2681 
 89.50 4.2693 
 90.00 4.2705 
 90.50 4.2717 
 91.00 4.2730 
 91.50 4.2743 
 92.00 4.2756 
 92.50 4.2768 
 93.00 4.2781 
 93.50 4.2794 
 94.00 4.2807 
 94.50 4.2820 
 95.00 4.2833 
 95.50 4.2846 
 96.00 4.2860 
 96.50 4.2873 
 97.00 4.2886 
 97.50 4.2900 
 98.00 4.2914 
 98.50 4.2927 
 99.00 4.2940 
 99.50 4.2954 
100.00 4.2968 
100.50 4.2982 
101.00 4.2996 
101.50 4.3010 
102.00 4.3024 
102.50 4.3038 
103.00 4.3052 
103.50 4.3066 
104.00 4.3080 
104.50 4.3094 
105.00 4.3109 
105.50 4.3123 
106.00 4.3137 
106.50 4.3151 
107.00 4.3166 
107.50 4.3180 
108.00 4.3195 
108.50 4.3210 
109.00 4.3224 
109.50 4.3239 
110.00 4.3254 
110.50 4.3269 
111.00 4.3284 
111.50 4.3299 
112.00 4.3314 
112.50 4.3329 
113.00 4.3344 
113.50 4.3359 
114.00 4.3374 
114.50 4.3390 
115.00 4.3405 
115.50 4.3420 
116.00 4.3435 
116.50 4.3450 
117.00 4.3466 
117.50 4.3481 
118.00 4.3497 
118.50 4.3512 
119.00 4.3528 
119.50 4.3543 
120.00 4.3559 
120.50 4.3575 
121.00 4.3590 
121.50 4.3606 
122.00 4.3622 
122.50 4.3638 
123.00 4.3654 
123.50 4.3670 
124.00 4.3685 
124.50 4.3701 
125.00 4.3717 
125.50 4.3734 
126.00 4.3750 
126.50 4.3766 
127.00 4.3782 
127.50 4.3798 
128.00 4.3814 
128.50 4.3830 
129.00 4.3846 
129.50 4.3863 
130.00 4.3879 
130.50 4.3895 
131.00 4.3911 
131.50 4.3927 
132.00 4.3944 
132.50 4.3960 
133.00 4.3976 
133.50 4.3992 
134.00 4.4009 
134.50 4.4025 
135.00 4.4042 
135.50 4.4058 
136.00 4.4075 
136.50 4.4091 
137.00 4.4108 
137.50 4.4124 
138.00 4.4140 
138.50 4.4157 
139.00 4.4173 
139.50 4.4190 
140.00 4.4206 
140.50 4.4223 
141.00 4.4239 
141.50 4.4256 
142.00 4.4272 
142.50 4.4289 
143.00 4.4306 
143.50 4.4322 
144.00 4.4339 
144.50 4.4356 
145.00 4.4372 
145.50 4.4389 
146.00 4.4406 
146.50 4.4422 
147.00 4.4439 
147.50 4.4455 
148.00 4.4472 
148.50 4.4489 
149.00 4.4505 
149.50 4.4522 
150.00 4.4538 
