  0.00 1.4948 
  0.50 2.9561 
  1.00 2.9825 
  1.50 3.0089 
  2.00 3.0333 
  2.50 3.0577 
  3.00 3.0812 
  3.50 3.1034 
  4.00 3.1256 
  4.50 3.1461 
  5.00 3.1663 
  5.50 3.1860 
  6.00 3.2043 
  6.50 3.2227 
  7.00 3.2397 
  7.50 3.2562 
  8.00 3.2724 
  8.50 3.2874 
  9.00 3.3023 
  9.50 3.3162 
 10.00 3.3296 
 10.50 3.3428 
 11.00 3.3548 
 11.50 3.3667 
 12.00 3.3780 
 12.50 3.3886 
 13.00 3.3992 
 13.50 3.4086 
 14.00 3.4180 
 14.50 3.4270 
 15.00 3.4354 
 15.50 3.4438 
 16.00 3.4513 
 16.50 3.4586 
 17.00 3.4657 
 17.50 3.4723 
 18.00 3.4788 
 18.50 3.4848 
 19.00 3.4906 
 19.50 3.4963 
 20.00 3.5015 
 20.50 3.5067 
 21.00 3.5115 
 21.50 3.5162 
 22.00 3.5208 
 22.50 3.5251 
 23.00 3.5294 
 23.50 3.5336 
 24.00 3.5376 
 24.50 3.5415 
 25.00 3.5454 
 25.50 3.5493 
 26.00 3.5532 
 26.50 3.5570 
 27.00 3.5608 
 27.50 3.5647 
 28.00 3.5686 
 28.50 3.5726 
 29.00 3.5766 
 29.50 3.5807 
 30.00 3.5850 
 30.50 3.5894 
 31.00 3.5939 
 31.50 3.5987 
 32.00 3.6036 
 32.50 3.6087 
 33.00 3.6141 
 33.50 3.6195 
 34.00 3.6255 
 34.50 3.6315 
 35.00 3.6380 
 35.50 3.6447 
 36.00 3.6515 
 36.50 3.6591 
 37.00 3.6667 
 37.50 4.4052 
 38.00 4.4005 
 38.50 4.3957 
 39.00 4.3910 
 39.50 4.3862 
 40.00 4.3815 
 40.50 4.3767 
 41.00 4.3720 
 41.50 4.3672 
 42.00 4.3628 
 42.50 4.3582 
 43.00 4.3538 
 43.50 4.3493 
 44.00 4.3448 
 44.50 4.3403 
 45.00 4.3358 
 45.50 4.3313 
 46.00 4.3271 
 46.50 4.3229 
 47.00 4.3187 
 47.50 4.3146 
 48.00 4.3104 
 48.50 4.3063 
 49.00 4.3021 
 49.50 4.2980 
 50.00 4.2939 
 50.50 4.2901 
 51.00 4.2863 
 51.50 4.2824 
 52.00 4.2786 
 52.50 4.2747 
 53.00 4.2709 
 53.50 4.2670 
 54.00 4.2632 
 54.50 4.2597 
 55.00 4.2562 
 55.50 4.2527 
 56.00 4.2492 
 56.50 4.2457 
 57.00 4.2422 
 57.50 4.2387 
 58.00 4.2352 
 58.50 4.2320 
 59.00 4.2288 
 59.50 4.2257 
 60.00 4.2225 
 60.50 4.2194 
 61.00 4.2162 
 61.50 4.2131 
 62.00 4.2099 
 62.50 4.2069 
 63.00 4.2041 
 63.50 4.2013 
 64.00 4.1985 
 64.50 4.1957 
 65.00 4.1929 
 65.50 4.1901 
 66.00 4.1873 
 66.50 4.1845 
 67.00 4.1821 
 67.50 4.1796 
 68.00 4.1772 
 68.50 4.1748 
 69.00 4.1723 
 69.50 4.1699 
 70.00 4.1674 
 70.50 4.1650 
 71.00 4.1628 
 71.50 4.1607 
 72.00 4.1586 
 72.50 4.1565 
 73.00 4.1544 
 73.50 4.1524 
 74.00 4.1503 
 74.50 4.1482 
 75.00 4.1463 
 75.50 4.1445 
 76.00 4.1429 
 76.50 4.1411 
 77.00 4.1395 
 77.50 4.1377 
 78.00 4.1361 
 78.50 4.1344 
 79.00 4.1327 
 79.50 4.1314 
 80.00 4.1300 
 80.50 4.1287 
 81.00 4.1274 
 81.50 4.1261 
 82.00 4.1248 
 82.50 4.1235 
 83.00 4.1222 
 83.50 4.1212 
 84.00 4.1202 
 84.50 4.1193 
 85.00 4.1184 
 85.50 4.1175 
 86.00 4.1166 
 86.50 4.1156 
 87.00 4.1147 
 87.50 4.1139 
 88.00 4.1134 
 88.50 4.1129 
 89.00 4.1123 
 89.50 4.1118 
 90.00 4.1113 
 90.50 4.1108 
 91.00 4.1102 
 91.50 4.1097 
 92.00 4.1096 
 92.50 4.1095 
 93.00 4.1093 
 93.50 4.1092 
 94.00 4.1091 
 94.50 4.1090 
 95.00 4.1089 
 95.50 4.1087 
 96.00 4.1089 
 96.50 4.1091 
 97.00 4.1094 
 97.50 4.1097 
 98.00 4.1099 
 98.50 4.1102 
 99.00 4.1105 
 99.50 4.1107 
100.00 4.1111 
100.50 4.1117 
101.00 4.1124 
101.50 4.1130 
102.00 4.1136 
102.50 4.1143 
103.00 4.1149 
103.50 4.1155 
104.00 4.1162 
104.50 4.1171 
105.00 4.1181 
105.50 4.1190 
106.00 4.1200 
106.50 4.1209 
107.00 4.1219 
107.50 4.1229 
108.00 4.1238 
108.50 4.1250 
109.00 4.1263 
109.50 4.1276 
110.00 4.1288 
110.50 4.1301 
111.00 4.1314 
111.50 4.1327 
112.00 4.1340 
112.50 4.1353 
113.00 4.1369 
113.50 4.1385 
114.00 4.1400 
114.50 4.1416 
115.00 4.1432 
115.50 4.1447 
116.00 4.1463 
116.50 4.1479 
117.00 4.1497 
117.50 4.1515 
118.00 4.1533 
118.50 4.1552 
119.00 4.1570 
119.50 4.1589 
120.00 4.1607 
120.50 4.1625 
121.00 4.1645 
121.50 4.1666 
122.00 4.1687 
122.50 4.1707 
123.00 4.1728 
123.50 4.1749 
124.00 4.1770 
124.50 4.1791 
125.00 4.1812 
125.50 4.1835 
126.00 4.1858 
126.50 4.1881 
127.00 4.1904 
127.50 4.1927 
128.00 4.1950 
128.50 4.1973 
129.00 4.1996 
129.50 4.2021 
130.00 4.2046 
130.50 4.2071 
131.00 4.2096 
131.50 4.2121 
132.00 4.2146 
132.50 4.2171 
133.00 4.2195 
133.50 4.2221 
134.00 4.2248 
134.50 4.2275 
135.00 4.2302 
135.50 4.2328 
136.00 4.2355 
136.50 4.2382 
137.00 4.2408 
137.50 4.2435 
138.00 4.2463 
138.50 4.2492 
139.00 4.2520 
139.50 4.2548 
140.00 4.2576 
140.50 4.2604 
141.00 4.2633 
141.50 4.2661 
142.00 4.2690 
142.50 4.2719 
143.00 4.2749 
143.50 4.2778 
144.00 4.2808 
144.50 4.2837 
145.00 4.2867 
145.50 4.2896 
146.00 4.2926 
146.50 4.2957 
147.00 4.2987 
147.50 4.3018 
148.00 4.3048 
148.50 4.3079 
149.00 4.3110 
149.50 4.3140 
150.00 4.3171 
