  0.00 1.6540 
  0.50 1.9816 
  1.00 2.3092 
  1.50 3.0711 
  2.00 3.0964 
  2.50 3.1216 
  3.00 3.1469 
  3.50 3.1703 
  4.00 3.1936 
  4.50 3.2170 
  5.00 3.2386 
  5.50 3.2600 
  6.00 3.2814 
  6.50 3.3014 
  7.00 3.3209 
  7.50 3.3404 
  8.00 3.3588 
  8.50 3.3766 
  9.00 3.3944 
  9.50 3.4113 
 10.00 3.4274 
 10.50 3.4436 
 11.00 3.4590 
 11.50 3.4736 
 12.00 3.4882 
 12.50 3.5024 
 13.00 3.5156 
 13.50 3.5288 
 14.00 3.5418 
 14.50 3.5537 
 15.00 3.5656 
 15.50 3.5773 
 16.00 3.5880 
 16.50 3.5988 
 17.00 3.6095 
 17.50 3.6191 
 18.00 3.6288 
 18.50 3.6384 
 19.00 3.6472 
 19.50 3.6559 
 20.00 3.6646 
 20.50 3.6726 
 21.00 3.6804 
 21.50 3.6882 
 22.00 3.6955 
 22.50 3.7027 
 23.00 3.7098 
 23.50 3.7165 
 24.00 3.7230 
 24.50 3.7294 
 25.00 3.7357 
 25.50 3.7416 
 26.00 3.7476 
 26.50 3.7534 
 27.00 3.7590 
 27.50 3.7645 
 28.00 3.7700 
 28.50 3.7752 
 29.00 3.7805 
 29.50 3.7857 
 30.00 3.7908 
 30.50 3.7959 
 31.00 3.8010 
 31.50 3.8060 
 32.00 3.8110 
 32.50 3.8160 
 33.00 3.8211 
 33.50 3.8261 
 34.00 3.8312 
 34.50 3.8363 
 35.00 3.8416 
 35.50 3.8468 
 36.00 3.8522 
 36.50 3.8577 
 37.00 3.8632 
 37.50 3.8689 
 38.00 3.8748 
 38.50 3.8806 
 39.00 3.8867 
 39.50 3.8931 
 40.00 3.8994 
 40.50 3.9060 
 41.00 3.9130 
 41.50 3.9199 
 42.00 3.9271 
 42.50 3.9348 
 43.00 3.9425 
 43.50 3.9503 
 44.00 3.9588 
 44.50 3.9674 
 45.00 3.9759 
 45.50 3.9853 
 46.00 3.9947 
 46.50 4.0041 
 47.00 4.2845 
 47.50 4.2928 
 48.00 4.3011 
 48.50 4.3094 
 49.00 4.3177 
 49.50 4.3260 
 50.00 4.3343 
 50.50 4.3426 
 51.00 4.3499 
 51.50 4.3572 
 52.00 4.3645 
 52.50 4.3718 
 53.00 4.3792 
 53.50 4.3865 
 54.00 4.3938 
 54.50 4.4009 
 55.00 4.4072 
 55.50 4.4136 
 56.00 4.4199 
 56.50 4.4262 
 57.00 4.4325 
 57.50 4.4389 
 58.00 4.4452 
 58.50 4.4512 
 59.00 4.4566 
 59.50 4.4620 
 60.00 4.4675 
 60.50 4.4729 
 61.00 4.4783 
 61.50 4.4837 
 62.00 4.4891 
 62.50 4.4941 
 63.00 4.4987 
 63.50 4.5033 
 64.00 4.5079 
 64.50 4.5124 
 65.00 4.5170 
 65.50 4.5216 
 66.00 4.5262 
 66.50 4.5303 
 67.00 4.5341 
 67.50 4.5379 
 68.00 4.5418 
 68.50 4.5456 
 69.00 4.5494 
 69.50 4.5532 
 70.00 4.5571 
 70.50 4.5604 
 71.00 4.5636 
 71.50 4.5667 
 72.00 4.5699 
 72.50 4.5731 
 73.00 4.5762 
 73.50 4.5794 
 74.00 4.5825 
 74.50 4.5852 
 75.00 4.5878 
 75.50 4.5903 
 76.00 4.5929 
 76.50 4.5955 
 77.00 4.5980 
 77.50 4.6006 
 78.00 4.6032 
 78.50 4.6052 
 79.00 4.6073 
 79.50 4.6093 
 80.00 4.6114 
 80.50 4.6135 
 81.00 4.6155 
 81.50 4.6176 
 82.00 4.6196 
 82.50 4.6212 
 83.00 4.6228 
 83.50 4.6245 
 84.00 4.6261 
 84.50 4.6277 
 85.00 4.6293 
 85.50 4.6310 
 86.00 4.6325 
 86.50 4.6338 
 87.00 4.6350 
 87.50 4.6363 
 88.00 4.6376 
 88.50 4.6389 
 89.00 4.6401 
 89.50 4.6414 
 90.00 4.6426 
 90.50 4.6436 
 91.00 4.6446 
 91.50 4.6456 
 92.00 4.6466 
 92.50 4.6476 
 93.00 4.6486 
 93.50 4.6496 
 94.00 4.6505 
 94.50 4.6513 
 95.00 4.6521 
 95.50 4.6529 
 96.00 4.6537 
 96.50 4.6545 
 97.00 4.6553 
 97.50 4.6561 
 98.00 4.6568 
 98.50 4.6575 
 99.00 4.6582 
 99.50 4.6589 
100.00 4.6596 
100.50 4.6603 
101.00 4.6609 
101.50 4.6616 
102.00 4.6623 
102.50 4.6628 
103.00 4.6634 
103.50 4.6640 
104.00 4.6646 
104.50 4.6652 
105.00 4.6658 
105.50 4.6663 
106.00 4.6668 
106.50 4.6673 
107.00 4.6678 
107.50 4.6682 
108.00 4.6687 
108.50 4.6692 
109.00 4.6696 
109.50 4.6701 
110.00 4.6705 
110.50 4.6708 
111.00 4.6712 
111.50 4.6716 
112.00 4.6719 
112.50 4.6723 
113.00 4.6727 
113.50 4.6730 
114.00 4.6733 
114.50 4.6736 
115.00 4.6738 
115.50 4.6741 
116.00 4.6744 
116.50 4.6746 
117.00 4.6749 
117.50 4.6752 
118.00 4.6753 
118.50 4.6755 
119.00 4.6756 
119.50 4.6758 
120.00 4.6760 
120.50 4.6761 
121.00 4.6763 
121.50 4.6764 
122.00 4.6765 
122.50 4.6766 
123.00 4.6767 
123.50 4.6767 
124.00 4.6768 
124.50 4.6769 
125.00 4.6770 
125.50 4.6770 
126.00 4.6770 
126.50 4.6770 
127.00 4.6770 
127.50 4.6769 
128.00 4.6769 
128.50 4.6769 
129.00 4.6769 
129.50 4.6768 
130.00 4.6767 
130.50 4.6766 
131.00 4.6765 
131.50 4.6764 
132.00 4.6762 
132.50 4.6761 
133.00 4.6760 
133.50 4.6758 
134.00 4.6757 
134.50 4.6755 
135.00 4.6753 
135.50 4.6751 
136.00 4.6749 
136.50 4.6747 
137.00 4.6745 
137.50 4.6742 
138.00 4.6740 
138.50 4.6737 
139.00 4.6734 
139.50 4.6732 
140.00 4.6729 
140.50 4.6726 
141.00 4.6724 
141.50 4.6720 
142.00 4.6717 
142.50 4.6713 
143.00 4.6710 
143.50 4.6706 
144.00 4.6703 
144.50 4.6699 
145.00 4.6695 
145.50 4.6691 
146.00 4.6687 
146.50 4.6682 
147.00 4.6678 
147.50 4.6674 
148.00 4.6669 
148.50 4.6665 
149.00 4.6660 
149.50 4.6655 
150.00 4.6650 
