  0.00 1.2530 
  0.50 1.7753 
  1.00 2.2976 
  1.50 2.9771 
  2.00 3.0023 
  2.50 3.0275 
  3.00 3.0525 
  3.50 3.0762 
  4.00 3.1000 
  4.50 3.1237 
  5.00 3.1461 
  5.50 3.1683 
  6.00 3.1905 
  6.50 3.2117 
  7.00 3.2324 
  7.50 3.2531 
  8.00 3.2734 
  8.50 3.2927 
  9.00 3.3120 
  9.50 3.3312 
 10.00 3.3491 
 10.50 3.3671 
 11.00 3.3850 
 11.50 3.4020 
 12.00 3.4186 
 12.50 3.4353 
 13.00 3.4514 
 13.50 3.4669 
 14.00 3.4824 
 14.50 3.4976 
 15.00 3.5120 
 15.50 3.5263 
 16.00 3.5407 
 16.50 3.5540 
 17.00 3.5673 
 17.50 3.5806 
 18.00 3.5932 
 18.50 3.6055 
 19.00 3.6177 
 19.50 3.6296 
 20.00 3.6410 
 20.50 3.6524 
 21.00 3.6636 
 21.50 3.6741 
 22.00 3.6846 
 22.50 3.6951 
 23.00 3.7050 
 23.50 3.7147 
 24.00 3.7245 
 24.50 3.7338 
 25.00 3.7427 
 25.50 3.7517 
 26.00 3.7605 
 26.50 3.7689 
 27.00 3.7772 
 27.50 3.7856 
 28.00 3.7934 
 28.50 3.8012 
 29.00 3.8090 
 29.50 3.8163 
 30.00 3.8236 
 30.50 3.8309 
 31.00 3.8379 
 31.50 3.8447 
 32.00 3.8516 
 32.50 3.8583 
 33.00 3.8648 
 33.50 3.8712 
 34.00 3.8777 
 34.50 3.8839 
 35.00 3.8901 
 35.50 3.8962 
 36.00 3.9022 
 36.50 3.9082 
 37.00 3.9141 
 37.50 3.9200 
 38.00 3.9257 
 38.50 3.9314 
 39.00 3.9372 
 39.50 3.9429 
 40.00 3.9485 
 40.50 3.9542 
 41.00 3.9598 
 41.50 3.9655 
 42.00 3.9711 
 42.50 3.9768 
 43.00 3.9825 
 43.50 3.9882 
 44.00 3.9939 
 44.50 3.9998 
 45.00 4.0056 
 45.50 4.0114 
 46.00 4.0173 
 46.50 4.0233 
 47.00 4.0293 
 47.50 4.0354 
 48.00 4.0416 
 48.50 4.0478 
 49.00 4.3082 
 49.50 4.3154 
 50.00 4.3227 
 50.50 4.3300 
 51.00 4.3373 
 51.50 4.3445 
 52.00 4.3518 
 52.50 4.3591 
 53.00 4.3658 
 53.50 4.3724 
 54.00 4.3789 
 54.50 4.3855 
 55.00 4.3921 
 55.50 4.3987 
 56.00 4.4052 
 56.50 4.4118 
 57.00 4.4177 
 57.50 4.4235 
 58.00 4.4294 
 58.50 4.4352 
 59.00 4.4411 
 59.50 4.4469 
 60.00 4.4528 
 60.50 4.4585 
 61.00 4.4637 
 61.50 4.4688 
 62.00 4.4740 
 62.50 4.4792 
 63.00 4.4843 
 63.50 4.4895 
 64.00 4.4947 
 64.50 4.4995 
 65.00 4.5041 
 65.50 4.5087 
 66.00 4.5132 
 66.50 4.5178 
 67.00 4.5224 
 67.50 4.5269 
 68.00 4.5315 
 68.50 4.5356 
 69.00 4.5396 
 69.50 4.5435 
 70.00 4.5475 
 70.50 4.5515 
 71.00 4.5555 
 71.50 4.5594 
 72.00 4.5634 
 72.50 4.5669 
 73.00 4.5703 
 73.50 4.5738 
 74.00 4.5772 
 74.50 4.5807 
 75.00 4.5842 
 75.50 4.5876 
 76.00 4.5910 
 76.50 4.5939 
 77.00 4.5969 
 77.50 4.5999 
 78.00 4.6029 
 78.50 4.6059 
 79.00 4.6088 
 79.50 4.6118 
 80.00 4.6146 
 80.50 4.6171 
 81.00 4.6197 
 81.50 4.6222 
 82.00 4.6247 
 82.50 4.6273 
 83.00 4.6298 
 83.50 4.6323 
 84.00 4.6346 
 84.50 4.6368 
 85.00 4.6389 
 85.50 4.6411 
 86.00 4.6432 
 86.50 4.6454 
 87.00 4.6475 
 87.50 4.6497 
 88.00 4.6515 
 88.50 4.6534 
 89.00 4.6552 
 89.50 4.6570 
 90.00 4.6589 
 90.50 4.6607 
 91.00 4.6625 
 91.50 4.6643 
 92.00 4.6658 
 92.50 4.6673 
 93.00 4.6689 
 93.50 4.6704 
 94.00 4.6719 
 94.50 4.6734 
 95.00 4.6749 
 95.50 4.6764 
 96.00 4.6777 
 96.50 4.6790 
 97.00 4.6803 
 97.50 4.6816 
 98.00 4.6829 
 98.50 4.6842 
 99.00 4.6855 
 99.50 4.6866 
100.00 4.6877 
100.50 4.6888 
101.00 4.6899 
101.50 4.6910 
102.00 4.6921 
102.50 4.6932 
103.00 4.6943 
103.50 4.6952 
104.00 4.6962 
104.50 4.6971 
105.00 4.6980 
105.50 4.6989 
106.00 4.6998 
106.50 4.7007 
107.00 4.7016 
107.50 4.7024 
108.00 4.7031 
108.50 4.7039 
109.00 4.7046 
109.50 4.7054 
110.00 4.7061 
110.50 4.7069 
111.00 4.7075 
111.50 4.7081 
112.00 4.7087 
112.50 4.7093 
113.00 4.7099 
113.50 4.7105 
114.00 4.7111 
114.50 4.7117 
115.00 4.7122 
115.50 4.7127 
116.00 4.7131 
116.50 4.7136 
117.00 4.7141 
117.50 4.7145 
118.00 4.7150 
118.50 4.7154 
119.00 4.7158 
119.50 4.7161 
120.00 4.7164 
120.50 4.7168 
121.00 4.7171 
121.50 4.7174 
122.00 4.7177 
122.50 4.7180 
123.00 4.7183 
123.50 4.7185 
124.00 4.7187 
124.50 4.7190 
125.00 4.7192 
125.50 4.7194 
126.00 4.7197 
126.50 4.7198 
127.00 4.7200 
127.50 4.7201 
128.00 4.7202 
128.50 4.7203 
129.00 4.7204 
129.50 4.7205 
130.00 4.7207 
130.50 4.7207 
131.00 4.7208 
131.50 4.7208 
132.00 4.7208 
132.50 4.7209 
133.00 4.7209 
133.50 4.7210 
134.00 4.7210 
134.50 4.7210 
135.00 4.7210 
135.50 4.7209 
136.00 4.7209 
136.50 4.7209 
137.00 4.7209 
137.50 4.7208 
138.00 4.7208 
138.50 4.7207 
139.00 4.7206 
139.50 4.7205 
140.00 4.7204 
140.50 4.7203 
141.00 4.7203 
141.50 4.7202 
142.00 4.7200 
142.50 4.7199 
143.00 4.7198 
143.50 4.7196 
144.00 4.7195 
144.50 4.7193 
145.00 4.7192 
145.50 4.7191 
146.00 4.7189 
146.50 4.7187 
147.00 4.7186 
147.50 4.7184 
148.00 4.7182 
148.50 4.7181 
149.00 4.7179 
149.50 4.7177 
150.00 4.7176 
