  0.00 1.4556 
  0.50 3.0501 
  1.00 3.0754 
  1.50 3.1008 
  2.00 3.1248 
  2.50 3.1485 
  3.00 3.1717 
  3.50 3.1935 
  4.00 3.2153 
  4.50 3.2359 
  5.00 3.2560 
  5.50 3.2758 
  6.00 3.2943 
  6.50 3.3128 
  7.00 3.3303 
  7.50 3.3473 
  8.00 3.3641 
  8.50 3.3797 
  9.00 3.3953 
  9.50 3.4100 
 10.00 3.4243 
 10.50 3.4384 
 11.00 3.4515 
 11.50 3.4646 
 12.00 3.4770 
 12.50 3.4890 
 13.00 3.5008 
 13.50 3.5118 
 14.00 3.5227 
 14.50 3.5331 
 15.00 3.5432 
 15.50 3.5532 
 16.00 3.5624 
 16.50 3.5716 
 17.00 3.5805 
 17.50 3.5890 
 18.00 3.5974 
 18.50 3.6054 
 19.00 3.6133 
 19.50 3.6209 
 20.00 3.6283 
 20.50 3.6357 
 21.00 3.6427 
 21.50 3.6496 
 22.00 3.6564 
 22.50 3.6630 
 23.00 3.6697 
 23.50 3.6761 
 24.00 3.6825 
 24.50 3.6888 
 25.00 3.6951 
 25.50 3.7014 
 26.00 3.7077 
 26.50 3.7140 
 27.00 3.7203 
 27.50 3.7266 
 28.00 3.7330 
 28.50 3.7395 
 29.00 3.7459 
 29.50 3.7525 
 30.00 3.7593 
 30.50 3.7661 
 31.00 3.7732 
 31.50 3.7804 
 32.00 3.7877 
 32.50 3.7953 
 33.00 3.8030 
 33.50 3.8110 
 34.00 3.8192 
 34.50 3.8276 
 35.00 3.8364 
 35.50 3.8453 
 36.00 3.8547 
 36.50 3.8642 
 37.00 4.1282 
 37.50 4.1305 
 38.00 4.1327 
 38.50 4.1349 
 39.00 4.1371 
 39.50 4.1394 
 40.00 4.1416 
 40.50 4.1438 
 41.00 4.1460 
 41.50 4.1477 
 42.00 4.1494 
 42.50 4.1511 
 43.00 4.1527 
 43.50 4.1544 
 44.00 4.1560 
 44.50 4.1577 
 45.00 4.1594 
 45.50 4.1607 
 46.00 4.1619 
 46.50 4.1630 
 47.00 4.1642 
 47.50 4.1653 
 48.00 4.1665 
 48.50 4.1676 
 49.00 4.1688 
 49.50 4.1698 
 50.00 4.1705 
 50.50 4.1712 
 51.00 4.1719 
 51.50 4.1726 
 52.00 4.1733 
 52.50 4.1740 
 53.00 4.1747 
 53.50 4.1754 
 54.00 4.1758 
 54.50 4.1761 
 55.00 4.1764 
 55.50 4.1768 
 56.00 4.1771 
 56.50 4.1775 
 57.00 4.1778 
 57.50 4.1781 
 58.00 4.1783 
 58.50 4.1783 
 59.00 4.1784 
 59.50 4.1784 
 60.00 4.1784 
 60.50 4.1784 
 61.00 4.1784 
 61.50 4.1785 
 62.00 4.1785 
 62.50 4.1783 
 63.00 4.1781 
 63.50 4.1779 
 64.00 4.1777 
 64.50 4.1775 
 65.00 4.1773 
 65.50 4.1771 
 66.00 4.1769 
 66.50 4.1765 
 67.00 4.1762 
 67.50 4.1758 
 68.00 4.1755 
 68.50 4.1751 
 69.00 4.1748 
 69.50 4.1744 
 70.00 4.1740 
 70.50 4.1737 
 71.00 4.1732 
 71.50 4.1728 
 72.00 4.1723 
 72.50 4.1719 
 73.00 4.1715 
 73.50 4.1711 
 74.00 4.1706 
 74.50 4.1702 
 75.00 4.1697 
 75.50 4.1693 
 76.00 4.1688 
 76.50 4.1684 
 77.00 4.1679 
 77.50 4.1675 
 78.00 4.1670 
 78.50 4.1666 
 79.00 4.1662 
 79.50 4.1658 
 80.00 4.1654 
 80.50 4.1650 
 81.00 4.1646 
 81.50 4.1642 
 82.00 4.1638 
 82.50 4.1634 
 83.00 4.1630 
 83.50 4.1628 
 84.00 4.1625 
 84.50 4.1622 
 85.00 4.1620 
 85.50 4.1617 
 86.00 4.1615 
 86.50 4.1612 
 87.00 4.1609 
 87.50 4.1608 
 88.00 4.1608 
 88.50 4.1607 
 89.00 4.1607 
 89.50 4.1606 
 90.00 4.1605 
 90.50 4.1605 
 91.00 4.1604 
 91.50 4.1605 
 92.00 4.1607 
 92.50 4.1609 
 93.00 4.1611 
 93.50 4.1613 
 94.00 4.1615 
 94.50 4.1616 
 95.00 4.1618 
 95.50 4.1621 
 96.00 4.1625 
 96.50 4.1630 
 97.00 4.1635 
 97.50 4.1639 
 98.00 4.1644 
 98.50 4.1649 
 99.00 4.1653 
 99.50 4.1658 
100.00 4.1665 
100.50 4.1672 
101.00 4.1679 
101.50 4.1686 
102.00 4.1693 
102.50 4.1700 
103.00 4.1708 
103.50 4.1715 
104.00 4.1723 
104.50 4.1733 
105.00 4.1742 
105.50 4.1752 
106.00 4.1761 
106.50 4.1771 
107.00 4.1780 
107.50 4.1790 
108.00 4.1800 
108.50 4.1811 
109.00 4.1823 
109.50 4.1835 
110.00 4.1847 
110.50 4.1859 
111.00 4.1871 
111.50 4.1883 
112.00 4.1894 
112.50 4.1908 
113.00 4.1922 
113.50 4.1936 
114.00 4.1950 
114.50 4.1964 
115.00 4.1978 
115.50 4.1992 
116.00 4.2007 
116.50 4.2021 
117.00 4.2037 
117.50 4.2053 
118.00 4.2069 
118.50 4.2085 
119.00 4.2101 
119.50 4.2117 
120.00 4.2133 
120.50 4.2149 
121.00 4.2167 
121.50 4.2185 
122.00 4.2203 
122.50 4.2222 
123.00 4.2240 
123.50 4.2258 
124.00 4.2276 
124.50 4.2294 
125.00 4.2313 
125.50 4.2333 
126.00 4.2353 
126.50 4.2373 
127.00 4.2393 
127.50 4.2413 
128.00 4.2433 
128.50 4.2453 
129.00 4.2473 
129.50 4.2495 
130.00 4.2516 
130.50 4.2538 
131.00 4.2560 
131.50 4.2581 
132.00 4.2603 
132.50 4.2624 
133.00 4.2646 
133.50 4.2669 
134.00 4.2692 
134.50 4.2715 
135.00 4.2739 
135.50 4.2762 
136.00 4.2785 
136.50 4.2808 
137.00 4.2831 
137.50 4.2855 
138.00 4.2880 
138.50 4.2905 
139.00 4.2930 
139.50 4.2954 
140.00 4.2979 
140.50 4.3004 
141.00 4.3029 
141.50 4.3053 
142.00 4.3080 
142.50 4.3106 
143.00 4.3132 
143.50 4.3158 
144.00 4.3184 
144.50 4.3210 
145.00 4.3237 
145.50 4.3263 
146.00 4.3290 
146.50 4.3317 
147.00 4.3345 
147.50 4.3372 
148.00 4.3400 
148.50 4.3427 
149.00 4.3455 
149.50 4.3482 
150.00 4.3510 
