  0.00 1.3743 
  0.50 3.0910 
  1.00 3.1143 
  1.50 3.1376 
  2.00 3.1594 
  2.50 3.1811 
  3.00 3.2021 
  3.50 3.2222 
  4.00 3.2423 
  4.50 3.2610 
  5.00 3.2795 
  5.50 3.2975 
  6.00 3.3146 
  6.50 3.3317 
  7.00 3.3476 
  7.50 3.3633 
  8.00 3.3786 
  8.50 3.3931 
  9.00 3.4076 
  9.50 3.4211 
 10.00 3.4344 
 10.50 3.4473 
 11.00 3.4596 
 11.50 3.4719 
 12.00 3.4833 
 12.50 3.4946 
 13.00 3.5055 
 13.50 3.5159 
 14.00 3.5263 
 14.50 3.5360 
 15.00 3.5456 
 15.50 3.5549 
 16.00 3.5638 
 16.50 3.5727 
 17.00 3.5810 
 17.50 3.5893 
 18.00 3.5973 
 18.50 3.6050 
 19.00 3.6127 
 19.50 3.6201 
 20.00 3.6274 
 20.50 3.6346 
 21.00 3.6415 
 21.50 3.6484 
 22.00 3.6552 
 22.50 3.6618 
 23.00 3.6684 
 23.50 3.6749 
 24.00 3.6814 
 24.50 3.6879 
 25.00 3.6944 
 25.50 3.7008 
 26.00 3.7072 
 26.50 3.7137 
 27.00 3.7202 
 27.50 3.7267 
 28.00 3.7333 
 28.50 3.7401 
 29.00 3.7469 
 29.50 3.7538 
 30.00 3.7609 
 30.50 3.7680 
 31.00 3.7754 
 31.50 3.7828 
 32.00 3.7906 
 32.50 3.7985 
 33.00 3.8066 
 33.50 3.8150 
 34.00 3.8235 
 34.50 3.8324 
 35.00 3.8415 
 35.50 3.8508 
 36.00 3.8605 
 36.50 3.8703 
 37.00 4.0625 
 37.50 4.0652 
 38.00 4.0680 
 38.50 4.0707 
 39.00 4.0734 
 39.50 4.0762 
 40.00 4.0789 
 40.50 4.0816 
 41.00 4.0842 
 41.50 4.0864 
 42.00 4.0886 
 42.50 4.0908 
 43.00 4.0930 
 43.50 4.0952 
 44.00 4.0974 
 44.50 4.0996 
 45.00 4.1018 
 45.50 4.1036 
 46.00 4.1053 
 46.50 4.1071 
 47.00 4.1088 
 47.50 4.1105 
 48.00 4.1123 
 48.50 4.1140 
 49.00 4.1157 
 49.50 4.1172 
 50.00 4.1185 
 50.50 4.1198 
 51.00 4.1211 
 51.50 4.1224 
 52.00 4.1237 
 52.50 4.1250 
 53.00 4.1263 
 53.50 4.1275 
 54.00 4.1284 
 54.50 4.1294 
 55.00 4.1303 
 55.50 4.1312 
 56.00 4.1322 
 56.50 4.1331 
 57.00 4.1340 
 57.50 4.1350 
 58.00 4.1356 
 58.50 4.1362 
 59.00 4.1368 
 59.50 4.1374 
 60.00 4.1380 
 60.50 4.1387 
 61.00 4.1393 
 61.50 4.1399 
 62.00 4.1404 
 62.50 4.1407 
 63.00 4.1411 
 63.50 4.1415 
 64.00 4.1418 
 64.50 4.1422 
 65.00 4.1426 
 65.50 4.1430 
 66.00 4.1433 
 66.50 4.1435 
 67.00 4.1437 
 67.50 4.1438 
 68.00 4.1440 
 68.50 4.1442 
 69.00 4.1444 
 69.50 4.1446 
 70.00 4.1448 
 70.50 4.1448 
 71.00 4.1449 
 71.50 4.1449 
 72.00 4.1449 
 72.50 4.1450 
 73.00 4.1450 
 73.50 4.1450 
 74.00 4.1451 
 74.50 4.1451 
 75.00 4.1451 
 75.50 4.1450 
 76.00 4.1450 
 76.50 4.1449 
 77.00 4.1449 
 77.50 4.1449 
 78.00 4.1448 
 78.50 4.1448 
 79.00 4.1448 
 79.50 4.1447 
 80.00 4.1447 
 80.50 4.1446 
 81.00 4.1446 
 81.50 4.1445 
 82.00 4.1445 
 82.50 4.1444 
 83.00 4.1444 
 83.50 4.1444 
 84.00 4.1444 
 84.50 4.1444 
 85.00 4.1444 
 85.50 4.1444 
 86.00 4.1444 
 86.50 4.1444 
 87.00 4.1444 
 87.50 4.1445 
 88.00 4.1446 
 88.50 4.1447 
 89.00 4.1448 
 89.50 4.1449 
 90.00 4.1450 
 90.50 4.1451 
 91.00 4.1452 
 91.50 4.1454 
 92.00 4.1456 
 92.50 4.1459 
 93.00 4.1461 
 93.50 4.1463 
 94.00 4.1466 
 94.50 4.1468 
 95.00 4.1471 
 95.50 4.1474 
 96.00 4.1478 
 96.50 4.1482 
 97.00 4.1486 
 97.50 4.1490 
 98.00 4.1494 
 98.50 4.1498 
 99.00 4.1502 
 99.50 4.1506 
100.00 4.1512 
100.50 4.1518 
101.00 4.1524 
101.50 4.1529 
102.00 4.1535 
102.50 4.1541 
103.00 4.1547 
103.50 4.1552 
104.00 4.1559 
104.50 4.1566 
105.00 4.1574 
105.50 4.1581 
106.00 4.1588 
106.50 4.1595 
107.00 4.1603 
107.50 4.1610 
108.00 4.1618 
108.50 4.1627 
109.00 4.1635 
109.50 4.1644 
110.00 4.1653 
110.50 4.1662 
111.00 4.1671 
111.50 4.1680 
112.00 4.1688 
112.50 4.1699 
113.00 4.1709 
113.50 4.1719 
114.00 4.1730 
114.50 4.1740 
115.00 4.1751 
115.50 4.1761 
116.00 4.1771 
116.50 4.1783 
117.00 4.1795 
117.50 4.1806 
118.00 4.1818 
118.50 4.1830 
119.00 4.1842 
119.50 4.1854 
120.00 4.1866 
120.50 4.1878 
121.00 4.1892 
121.50 4.1905 
122.00 4.1919 
122.50 4.1932 
123.00 4.1946 
123.50 4.1959 
124.00 4.1973 
124.50 4.1986 
125.00 4.2001 
125.50 4.2016 
126.00 4.2031 
126.50 4.2047 
127.00 4.2062 
127.50 4.2077 
128.00 4.2092 
128.50 4.2107 
129.00 4.2123 
129.50 4.2140 
130.00 4.2156 
130.50 4.2173 
131.00 4.2189 
131.50 4.2206 
132.00 4.2222 
132.50 4.2239 
133.00 4.2256 
133.50 4.2274 
134.00 4.2292 
134.50 4.2310 
135.00 4.2328 
135.50 4.2347 
136.00 4.2365 
136.50 4.2383 
137.00 4.2401 
137.50 4.2420 
138.00 4.2440 
138.50 4.2459 
139.00 4.2479 
139.50 4.2498 
140.00 4.2518 
140.50 4.2538 
141.00 4.2557 
141.50 4.2577 
142.00 4.2598 
142.50 4.2620 
143.00 4.2641 
143.50 4.2662 
144.00 4.2683 
144.50 4.2705 
145.00 4.2726 
145.50 4.2747 
146.00 4.2770 
146.50 4.2792 
147.00 4.2815 
147.50 4.2838 
148.00 4.2860 
148.50 4.2883 
149.00 4.2906 
149.50 4.2928 
150.00 4.2952 
