  0.00 1.3777 
  0.50 3.0362 
  1.00 3.0604 
  1.50 3.0845 
  2.00 3.1081 
  2.50 3.1304 
  3.00 3.1527 
  3.50 3.1742 
  4.00 3.1946 
  4.50 3.2149 
  5.00 3.2344 
  5.50 3.2530 
  6.00 3.2716 
  6.50 3.2891 
  7.00 3.3060 
  7.50 3.3229 
  8.00 3.3387 
  8.50 3.3540 
  9.00 3.3693 
  9.50 3.3833 
 10.00 3.3971 
 10.50 3.4109 
 11.00 3.4234 
 11.50 3.4359 
 12.00 3.4482 
 12.50 3.4594 
 13.00 3.4706 
 13.50 3.4815 
 14.00 3.4915 
 14.50 3.5015 
 15.00 3.5111 
 15.50 3.5200 
 16.00 3.5290 
 16.50 3.5375 
 17.00 3.5454 
 17.50 3.5533 
 18.00 3.5608 
 18.50 3.5679 
 19.00 3.5750 
 19.50 3.5816 
 20.00 3.5879 
 20.50 3.5942 
 21.00 3.6000 
 21.50 3.6057 
 22.00 3.6113 
 22.50 3.6165 
 23.00 3.6216 
 23.50 3.6267 
 24.00 3.6313 
 24.50 3.6359 
 25.00 3.6406 
 25.50 3.6448 
 26.00 3.6491 
 26.50 3.6533 
 27.00 3.6573 
 27.50 3.6613 
 28.00 3.6653 
 28.50 3.6692 
 29.00 3.6730 
 29.50 3.6769 
 30.00 3.6807 
 30.50 3.6846 
 31.00 3.6884 
 31.50 3.6923 
 32.00 3.6962 
 32.50 3.7001 
 33.00 3.7042 
 33.50 3.7083 
 34.00 3.7125 
 34.50 3.7168 
 35.00 3.7211 
 35.50 3.7257 
 36.00 3.7304 
 36.50 3.7351 
 37.00 3.7402 
 37.50 3.7453 
 38.00 3.7505 
 38.50 3.7562 
 39.00 3.7620 
 39.50 3.7678 
 40.00 3.7742 
 40.50 3.7806 
 41.00 3.7872 
 41.50 3.7943 
 42.00 3.8015 
 42.50 3.9904 
 43.00 3.9943 
 43.50 3.9983 
 44.00 4.0023 
 44.50 4.0063 
 45.00 4.0103 
 45.50 4.0143 
 46.00 4.0183 
 46.50 4.0222 
 47.00 4.0256 
 47.50 4.0290 
 48.00 4.0325 
 48.50 4.0359 
 49.00 4.0394 
 49.50 4.0428 
 50.00 4.0462 
 50.50 4.0496 
 51.00 4.0525 
 51.50 4.0554 
 52.00 4.0583 
 52.50 4.0612 
 53.00 4.0641 
 53.50 4.0670 
 54.00 4.0699 
 54.50 4.0728 
 55.00 4.0752 
 55.50 4.0776 
 56.00 4.0800 
 56.50 4.0824 
 57.00 4.0848 
 57.50 4.0872 
 58.00 4.0896 
 58.50 4.0920 
 59.00 4.0940 
 59.50 4.0959 
 60.00 4.0979 
 60.50 4.0999 
 61.00 4.1018 
 61.50 4.1038 
 62.00 4.1058 
 62.50 4.1077 
 63.00 4.1093 
 63.50 4.1109 
 64.00 4.1125 
 64.50 4.1140 
 65.00 4.1156 
 65.50 4.1172 
 66.00 4.1188 
 66.50 4.1203 
 67.00 4.1216 
 67.50 4.1229 
 68.00 4.1241 
 68.50 4.1253 
 69.00 4.1266 
 69.50 4.1278 
 70.00 4.1290 
 70.50 4.1303 
 71.00 4.1313 
 71.50 4.1322 
 72.00 4.1332 
 72.50 4.1341 
 73.00 4.1351 
 73.50 4.1360 
 74.00 4.1369 
 74.50 4.1379 
 75.00 4.1387 
 75.50 4.1394 
 76.00 4.1401 
 76.50 4.1408 
 77.00 4.1415 
 77.50 4.1422 
 78.00 4.1429 
 78.50 4.1436 
 79.00 4.1442 
 79.50 4.1447 
 80.00 4.1452 
 80.50 4.1457 
 81.00 4.1462 
 81.50 4.1467 
 82.00 4.1472 
 82.50 4.1477 
 83.00 4.1482 
 83.50 4.1486 
 84.00 4.1490 
 84.50 4.1493 
 85.00 4.1497 
 85.50 4.1501 
 86.00 4.1505 
 86.50 4.1509 
 87.00 4.1512 
 87.50 4.1515 
 88.00 4.1518 
 88.50 4.1521 
 89.00 4.1524 
 89.50 4.1526 
 90.00 4.1529 
 90.50 4.1532 
 91.00 4.1535 
 91.50 4.1537 
 92.00 4.1540 
 92.50 4.1543 
 93.00 4.1545 
 93.50 4.1548 
 94.00 4.1550 
 94.50 4.1553 
 95.00 4.1556 
 95.50 4.1558 
 96.00 4.1561 
 96.50 4.1563 
 97.00 4.1566 
 97.50 4.1569 
 98.00 4.1571 
 98.50 4.1574 
 99.00 4.1576 
 99.50 4.1579 
100.00 4.1582 
100.50 4.1585 
101.00 4.1588 
101.50 4.1591 
102.00 4.1593 
102.50 4.1596 
103.00 4.1599 
103.50 4.1602 
104.00 4.1606 
104.50 4.1609 
105.00 4.1612 
105.50 4.1616 
106.00 4.1619 
106.50 4.1623 
107.00 4.1626 
107.50 4.1630 
108.00 4.1633 
108.50 4.1637 
109.00 4.1641 
109.50 4.1644 
110.00 4.1648 
110.50 4.1652 
111.00 4.1656 
111.50 4.1660 
112.00 4.1665 
112.50 4.1669 
113.00 4.1674 
113.50 4.1678 
114.00 4.1683 
114.50 4.1688 
115.00 4.1692 
115.50 4.1697 
116.00 4.1702 
116.50 4.1707 
117.00 4.1713 
117.50 4.1718 
118.00 4.1723 
118.50 4.1728 
119.00 4.1734 
119.50 4.1739 
120.00 4.1746 
120.50 4.1752 
121.00 4.1758 
121.50 4.1765 
122.00 4.1771 
122.50 4.1777 
123.00 4.1784 
123.50 4.1791 
124.00 4.1798 
124.50 4.1805 
125.00 4.1813 
125.50 4.1820 
126.00 4.1827 
126.50 4.1834 
127.00 4.1842 
127.50 4.1849 
128.00 4.1858 
128.50 4.1866 
129.00 4.1875 
129.50 4.1883 
130.00 4.1892 
130.50 4.1900 
131.00 4.1908 
131.50 4.1917 
132.00 4.1927 
132.50 4.1937 
133.00 4.1947 
133.50 4.1957 
134.00 4.1967 
134.50 4.1977 
135.00 4.1987 
135.50 4.1997 
136.00 4.2008 
136.50 4.2020 
137.00 4.2031 
137.50 4.2042 
138.00 4.2053 
138.50 4.2065 
139.00 4.2076 
139.50 4.2088 
140.00 4.2100 
140.50 4.2113 
141.00 4.2126 
141.50 4.2139 
142.00 4.2152 
142.50 4.2165 
143.00 4.2178 
143.50 4.2191 
144.00 4.2206 
144.50 4.2220 
145.00 4.2235 
145.50 4.2249 
146.00 4.2264 
146.50 4.2278 
147.00 4.2293 
147.50 4.2308 
148.00 4.2324 
148.50 4.2341 
149.00 4.2357 
149.50 4.2374 
150.00 4.2390 
