  0.00 0.6248 
  0.50 1.1745 
  1.00 1.7241 
  1.50 2.2738 
  2.00 3.4510 
  2.50 3.4620 
  3.00 3.4729 
  3.50 3.4836 
  4.00 3.4937 
  4.50 3.5039 
  5.00 3.5138 
  5.50 3.5231 
  6.00 3.5325 
  6.50 3.5416 
  7.00 3.5501 
  7.50 3.5587 
  8.00 3.5671 
  8.50 3.5749 
  9.00 3.5828 
  9.50 3.5906 
 10.00 3.5978 
 10.50 3.6050 
 11.00 3.6122 
 11.50 3.6188 
 12.00 3.6255 
 12.50 3.6321 
 13.00 3.6382 
 13.50 3.6443 
 14.00 3.6504 
 14.50 3.6561 
 15.00 3.6617 
 15.50 3.6674 
 16.00 3.6726 
 16.50 3.6779 
 17.00 3.6831 
 17.50 3.6880 
 18.00 3.6929 
 18.50 3.6978 
 19.00 3.7025 
 19.50 3.7071 
 20.00 3.7118 
 20.50 3.7162 
 21.00 3.7206 
 21.50 3.7250 
 22.00 3.7292 
 22.50 3.7335 
 23.00 3.7377 
 23.50 3.7418 
 24.00 3.7459 
 24.50 3.7500 
 25.00 3.7541 
 25.50 3.7582 
 26.00 3.7622 
 26.50 3.7663 
 27.00 3.7704 
 27.50 3.7744 
 28.00 3.7786 
 28.50 3.7827 
 29.00 3.7868 
 29.50 3.7910 
 30.00 3.7953 
 30.50 3.7996 
 31.00 3.8039 
 31.50 3.8084 
 32.00 3.8129 
 32.50 3.8174 
 33.00 3.8221 
 33.50 3.8268 
 34.00 3.8315 
 34.50 3.8365 
 35.00 3.8416 
 35.50 3.8466 
 36.00 3.8520 
 36.50 3.8575 
 37.00 3.8629 
 37.50 3.8687 
 38.00 3.8745 
 38.50 3.8803 
 39.00 3.8866 
 39.50 3.8929 
 40.00 3.8992 
 40.50 3.9060 
 41.00 3.9129 
 41.50 3.9198 
 42.00 3.9272 
 42.50 3.9346 
 43.00 3.9421 
 43.50 3.9501 
 44.00 3.9582 
 44.50 3.9663 
 45.00 3.9749 
 45.50 3.9837 
 46.00 3.9926 
 46.50 4.2923 
 47.00 4.3012 
 47.50 4.3102 
 48.00 4.3192 
 48.50 4.3282 
 49.00 4.3371 
 49.50 4.3461 
 50.00 4.3551 
 50.50 4.3630 
 51.00 4.3706 
 51.50 4.3782 
 52.00 4.3858 
 52.50 4.3934 
 53.00 4.4010 
 53.50 4.4086 
 54.00 4.4162 
 54.50 4.4227 
 55.00 4.4290 
 55.50 4.4352 
 56.00 4.4415 
 56.50 4.4478 
 57.00 4.4541 
 57.50 4.4604 
 58.00 4.4667 
 58.50 4.4718 
 59.00 4.4769 
 59.50 4.4820 
 60.00 4.4871 
 60.50 4.4921 
 61.00 4.4972 
 61.50 4.5023 
 62.00 4.5073 
 62.50 4.5113 
 63.00 4.5153 
 63.50 4.5193 
 64.00 4.5233 
 64.50 4.5274 
 65.00 4.5313 
 65.50 4.5354 
 66.00 4.5392 
 66.50 4.5423 
 67.00 4.5453 
 67.50 4.5484 
 68.00 4.5515 
 68.50 4.5545 
 69.00 4.5576 
 69.50 4.5607 
 70.00 4.5635 
 70.50 4.5657 
 71.00 4.5680 
 71.50 4.5702 
 72.00 4.5725 
 72.50 4.5748 
 73.00 4.5770 
 73.50 4.5793 
 74.00 4.5812 
 74.50 4.5828 
 75.00 4.5844 
 75.50 4.5859 
 76.00 4.5875 
 76.50 4.5890 
 77.00 4.5906 
 77.50 4.5922 
 78.00 4.5934 
 78.50 4.5944 
 79.00 4.5954 
 79.50 4.5964 
 80.00 4.5974 
 80.50 4.5984 
 81.00 4.5994 
 81.50 4.6003 
 82.00 4.6010 
 82.50 4.6016 
 83.00 4.6021 
 83.50 4.6027 
 84.00 4.6032 
 84.50 4.6038 
 85.00 4.6043 
 85.50 4.6049 
 86.00 4.6052 
 86.50 4.6054 
 87.00 4.6057 
 87.50 4.6059 
 88.00 4.6061 
 88.50 4.6064 
 89.00 4.6066 
 89.50 4.6069 
 90.00 4.6069 
 90.50 4.6070 
 91.00 4.6071 
 91.50 4.6071 
 92.00 4.6071 
 92.50 4.6072 
 93.00 4.6072 
 93.50 4.6073 
 94.00 4.6073 
 94.50 4.6073 
 95.00 4.6073 
 95.50 4.6073 
 96.00 4.6073 
 96.50 4.6073 
 97.00 4.6073 
 97.50 4.6073 
 98.00 4.6073 
 98.50 4.6074 
 99.00 4.6074 
 99.50 4.6074 
100.00 4.6074 
100.50 4.6075 
101.00 4.6075 
101.50 4.6075 
102.00 4.6076 
102.50 4.6077 
103.00 4.6078 
103.50 4.6079 
104.00 4.6080 
104.50 4.6081 
105.00 4.6081 
105.50 4.6082 
106.00 4.6083 
106.50 4.6085 
107.00 4.6086 
107.50 4.6087 
108.00 4.6088 
108.50 4.6089 
109.00 4.6090 
109.50 4.6091 
110.00 4.6093 
110.50 4.6094 
111.00 4.6095 
111.50 4.6097 
112.00 4.6098 
112.50 4.6099 
113.00 4.6100 
113.50 4.6102 
114.00 4.6103 
114.50 4.6104 
115.00 4.6105 
115.50 4.6107 
116.00 4.6108 
116.50 4.6109 
117.00 4.6111 
117.50 4.6112 
118.00 4.6113 
118.50 4.6114 
119.00 4.6115 
119.50 4.6116 
120.00 4.6117 
120.50 4.6119 
121.00 4.6120 
121.50 4.6121 
122.00 4.6121 
122.50 4.6122 
123.00 4.6123 
123.50 4.6124 
124.00 4.6124 
124.50 4.6125 
125.00 4.6126 
125.50 4.6126 
126.00 4.6127 
126.50 4.6127 
127.00 4.6128 
127.50 4.6128 
128.00 4.6128 
128.50 4.6129 
129.00 4.6129 
129.50 4.6129 
130.00 4.6128 
130.50 4.6128 
131.00 4.6128 
131.50 4.6127 
132.00 4.6127 
132.50 4.6126 
133.00 4.6126 
133.50 4.6125 
134.00 4.6123 
134.50 4.6122 
135.00 4.6121 
135.50 4.6120 
136.00 4.6118 
136.50 4.6117 
137.00 4.6116 
137.50 4.6113 
138.00 4.6111 
138.50 4.6109 
139.00 4.6107 
139.50 4.6105 
140.00 4.6103 
140.50 4.6101 
141.00 4.6098 
141.50 4.6095 
142.00 4.6091 
142.50 4.6088 
143.00 4.6085 
143.50 4.6082 
144.00 4.6078 
144.50 4.6075 
145.00 4.6071 
145.50 4.6066 
146.00 4.6062 
146.50 4.6057 
147.00 4.6052 
147.50 4.6048 
148.00 4.6043 
148.50 4.6038 
149.00 4.6033 
149.50 4.6027 
150.00 4.6021 
