  0.00 1.1503 
  0.50 1.4474 
  1.00 1.7446 
  1.50 2.0417 
  2.00 2.3389 
  2.50 3.4210 
  3.00 3.4320 
  3.50 3.4430 
  4.00 3.4535 
  4.50 3.4636 
  5.00 3.4737 
  5.50 3.4836 
  6.00 3.4928 
  6.50 3.5020 
  7.00 3.5110 
  7.50 3.5194 
  8.00 3.5278 
  8.50 3.5361 
  9.00 3.5438 
  9.50 3.5514 
 10.00 3.5590 
 10.50 3.5661 
 11.00 3.5731 
 11.50 3.5801 
 12.00 3.5867 
 12.50 3.5932 
 13.00 3.5997 
 13.50 3.6059 
 14.00 3.6119 
 14.50 3.6180 
 15.00 3.6238 
 15.50 3.6294 
 16.00 3.6351 
 16.50 3.6406 
 17.00 3.6460 
 17.50 3.6513 
 18.00 3.6566 
 18.50 3.6618 
 19.00 3.6669 
 19.50 3.6721 
 20.00 3.6772 
 20.50 3.6822 
 21.00 3.6873 
 21.50 3.6923 
 22.00 3.6974 
 22.50 3.7024 
 23.00 3.7075 
 23.50 3.7126 
 24.00 3.7178 
 24.50 3.7230 
 25.00 3.7282 
 25.50 3.7335 
 26.00 3.7389 
 26.50 3.7444 
 27.00 3.7499 
 27.50 3.7555 
 28.00 3.7614 
 28.50 3.7673 
 29.00 3.7732 
 29.50 3.7795 
 30.00 3.7857 
 30.50 3.7920 
 31.00 3.7988 
 31.50 3.8056 
 32.00 3.8123 
 32.50 3.8197 
 33.00 3.8271 
 33.50 3.8345 
 34.00 3.8424 
 34.50 3.8505 
 35.00 3.8586 
 35.50 3.8672 
 36.00 3.8760 
 36.50 3.8849 
 37.00 3.8942 
 37.50 3.9039 
 38.00 3.9135 
 38.50 3.9236 
 39.00 3.9343 
 39.50 3.9449 
 40.00 3.9558 
 40.50 3.9676 
 41.00 3.9793 
 41.50 3.9911 
 42.00 4.0039 
 42.50 4.0167 
 43.00 4.0296 
 43.50 4.0435 
 44.00 4.0576 
 44.50 4.0716 
 45.00 4.0867 
 45.50 4.1021 
 46.00 4.1174 
 46.50 4.1337 
 47.00 4.1503 
 47.50 4.1669 
 48.00 4.4110 
 48.50 4.4170 
 49.00 4.4231 
 49.50 4.4292 
 50.00 4.4353 
 50.50 4.4414 
 51.00 4.4475 
 51.50 4.4535 
 52.00 4.4589 
 52.50 4.4640 
 53.00 4.4691 
 53.50 4.4742 
 54.00 4.4793 
 54.50 4.4844 
 55.00 4.4894 
 55.50 4.4946 
 56.00 4.4987 
 56.50 4.5029 
 57.00 4.5070 
 57.50 4.5111 
 58.00 4.5153 
 58.50 4.5194 
 59.00 4.5236 
 59.50 4.5276 
 60.00 4.5308 
 60.50 4.5341 
 61.00 4.5374 
 61.50 4.5407 
 62.00 4.5439 
 62.50 4.5472 
 63.00 4.5505 
 63.50 4.5535 
 64.00 4.5560 
 64.50 4.5585 
 65.00 4.5609 
 65.50 4.5634 
 66.00 4.5659 
 66.50 4.5683 
 67.00 4.5708 
 67.50 4.5729 
 68.00 4.5747 
 68.50 4.5765 
 69.00 4.5783 
 69.50 4.5800 
 70.00 4.5818 
 70.50 4.5836 
 71.00 4.5854 
 71.50 4.5867 
 72.00 4.5879 
 72.50 4.5890 
 73.00 4.5902 
 73.50 4.5913 
 74.00 4.5925 
 74.50 4.5936 
 75.00 4.5948 
 75.50 4.5955 
 76.00 4.5961 
 76.50 4.5967 
 77.00 4.5973 
 77.50 4.5979 
 78.00 4.5985 
 78.50 4.5991 
 79.00 4.5997 
 79.50 4.5999 
 80.00 4.6000 
 80.50 4.6002 
 81.00 4.6003 
 81.50 4.6005 
 82.00 4.6006 
 82.50 4.6008 
 83.00 4.6008 
 83.50 4.6006 
 84.00 4.6004 
 84.50 4.6002 
 85.00 4.6000 
 85.50 4.5998 
 86.00 4.5995 
 86.50 4.5993 
 87.00 4.5990 
 87.50 4.5985 
 88.00 4.5980 
 88.50 4.5975 
 89.00 4.5970 
 89.50 4.5965 
 90.00 4.5960 
 90.50 4.5955 
 91.00 4.5948 
 91.50 4.5941 
 92.00 4.5934 
 92.50 4.5926 
 93.00 4.5919 
 93.50 4.5912 
 94.00 4.5904 
 94.50 4.5897 
 95.00 4.5889 
 95.50 4.5880 
 96.00 4.5872 
 96.50 4.5863 
 97.00 4.5855 
 97.50 4.5846 
 98.00 4.5838 
 98.50 4.5830 
 99.00 4.5821 
 99.50 4.5812 
100.00 4.5803 
100.50 4.5794 
101.00 4.5785 
101.50 4.5776 
102.00 4.5767 
102.50 4.5758 
103.00 4.5748 
103.50 4.5739 
104.00 4.5730 
104.50 4.5720 
105.00 4.5711 
105.50 4.5702 
106.00 4.5692 
106.50 4.5683 
107.00 4.5674 
107.50 4.5664 
108.00 4.5655 
108.50 4.5645 
109.00 4.5636 
109.50 4.5626 
110.00 4.5617 
110.50 4.5607 
111.00 4.5598 
111.50 4.5588 
112.00 4.5579 
112.50 4.5569 
113.00 4.5560 
113.50 4.5550 
114.00 4.5541 
114.50 4.5531 
115.00 4.5522 
115.50 4.5512 
116.00 4.5502 
116.50 4.5493 
117.00 4.5483 
117.50 4.5474 
118.00 4.5464 
118.50 4.5455 
119.00 4.5445 
119.50 4.5436 
120.00 4.5427 
120.50 4.5417 
121.00 4.5408 
121.50 4.5399 
122.00 4.5389 
122.50 4.5380 
123.00 4.5371 
123.50 4.5362 
124.00 4.5353 
124.50 4.5344 
125.00 4.5335 
125.50 4.5326 
126.00 4.5317 
126.50 4.5308 
127.00 4.5299 
127.50 4.5291 
128.00 4.5282 
128.50 4.5273 
129.00 4.5264 
129.50 4.5256 
130.00 4.5247 
130.50 4.5239 
131.00 4.5231 
131.50 4.5223 
132.00 4.5215 
132.50 4.5207 
133.00 4.5199 
133.50 4.5191 
134.00 4.5183 
134.50 4.5176 
135.00 4.5168 
135.50 4.5161 
136.00 4.5153 
136.50 4.5145 
137.00 4.5138 
137.50 4.5130 
138.00 4.5123 
138.50 4.5117 
139.00 4.5110 
139.50 4.5103 
140.00 4.5096 
140.50 4.5090 
141.00 4.5083 
141.50 4.5076 
142.00 4.5070 
142.50 4.5064 
143.00 4.5058 
143.50 4.5053 
144.00 4.5047 
144.50 4.5041 
145.00 4.5035 
145.50 4.5029 
146.00 4.5024 
146.50 4.5020 
147.00 4.5015 
147.50 4.5010 
148.00 4.5005 
148.50 4.5000 
149.00 4.4995 
149.50 4.4991 
150.00 4.4987 
