  0.00 0.9209 
  0.50 1.2391 
  1.00 1.5572 
  1.50 1.8754 
  2.00 2.1936 
  2.50 2.5118 
  3.00 3.4217 
  3.50 3.4334 
  4.00 3.4452 
  4.50 3.4568 
  5.00 3.4677 
  5.50 3.4786 
  6.00 3.4894 
  6.50 3.4995 
  7.00 3.5096 
  7.50 3.5196 
  8.00 3.5289 
  8.50 3.5383 
  9.00 3.5476 
  9.50 3.5562 
 10.00 3.5649 
 10.50 3.5736 
 11.00 3.5817 
 11.50 3.5897 
 12.00 3.5978 
 12.50 3.6054 
 13.00 3.6129 
 13.50 3.6204 
 14.00 3.6275 
 14.50 3.6346 
 15.00 3.6416 
 15.50 3.6484 
 16.00 3.6551 
 16.50 3.6618 
 17.00 3.6683 
 17.50 3.6747 
 18.00 3.6811 
 18.50 3.6873 
 19.00 3.6935 
 19.50 3.6997 
 20.00 3.7058 
 20.50 3.7118 
 21.00 3.7178 
 21.50 3.7238 
 22.00 3.7298 
 22.50 3.7357 
 23.00 3.7417 
 23.50 3.7476 
 24.00 3.7535 
 24.50 3.7595 
 25.00 3.7656 
 25.50 3.7716 
 26.00 3.7777 
 26.50 3.7839 
 27.00 3.7900 
 27.50 3.7963 
 28.00 3.8027 
 28.50 3.8091 
 29.00 3.8156 
 29.50 3.8223 
 30.00 3.8290 
 30.50 3.8359 
 31.00 3.8430 
 31.50 3.8501 
 32.00 3.8573 
 32.50 3.8648 
 33.00 3.8724 
 33.50 3.8800 
 34.00 3.8881 
 34.50 3.8962 
 35.00 3.9043 
 35.50 3.9130 
 36.00 3.9217 
 36.50 3.9304 
 37.00 3.9398 
 37.50 3.9491 
 38.00 3.9585 
 38.50 3.9686 
 39.00 3.9788 
 39.50 3.9889 
 40.00 3.9998 
 40.50 4.0107 
 41.00 4.0217 
 41.50 4.0335 
 42.00 4.0454 
 42.50 4.0572 
 43.00 4.0699 
 43.50 4.0828 
 44.00 4.0957 
 44.50 4.1093 
 45.00 4.1232 
 45.50 4.1371 
 46.00 4.1518 
 46.50 4.1668 
 47.00 4.1817 
 47.50 4.5958 
 48.00 4.5973 
 48.50 4.5989 
 49.00 4.6004 
 49.50 4.6020 
 50.00 4.6035 
 50.50 4.6051 
 51.00 4.6066 
 51.50 4.6078 
 52.00 4.6088 
 52.50 4.6099 
 53.00 4.6110 
 53.50 4.6120 
 54.00 4.6131 
 54.50 4.6142 
 55.00 4.6153 
 55.50 4.6159 
 56.00 4.6165 
 56.50 4.6171 
 57.00 4.6177 
 57.50 4.6184 
 58.00 4.6190 
 58.50 4.6196 
 59.00 4.6201 
 59.50 4.6204 
 60.00 4.6206 
 60.50 4.6208 
 61.00 4.6210 
 61.50 4.6212 
 62.00 4.6214 
 62.50 4.6216 
 63.00 4.6218 
 63.50 4.6217 
 64.00 4.6216 
 64.50 4.6215 
 65.00 4.6214 
 65.50 4.6213 
 66.00 4.6212 
 66.50 4.6211 
 67.00 4.6208 
 67.50 4.6204 
 68.00 4.6201 
 68.50 4.6197 
 69.00 4.6193 
 69.50 4.6189 
 70.00 4.6185 
 70.50 4.6181 
 71.00 4.6176 
 71.50 4.6170 
 72.00 4.6164 
 72.50 4.6158 
 73.00 4.6152 
 73.50 4.6146 
 74.00 4.6140 
 74.50 4.6134 
 75.00 4.6127 
 75.50 4.6120 
 76.00 4.6112 
 76.50 4.6105 
 77.00 4.6098 
 77.50 4.6090 
 78.00 4.6083 
 78.50 4.6075 
 79.00 4.6067 
 79.50 4.6059 
 80.00 4.6050 
 80.50 4.6042 
 81.00 4.6033 
 81.50 4.6025 
 82.00 4.6017 
 82.50 4.6008 
 83.00 4.5999 
 83.50 4.5990 
 84.00 4.5982 
 84.50 4.5973 
 85.00 4.5964 
 85.50 4.5955 
 86.00 4.5946 
 86.50 4.5938 
 87.00 4.5929 
 87.50 4.5921 
 88.00 4.5912 
 88.50 4.5903 
 89.00 4.5895 
 89.50 4.5886 
 90.00 4.5878 
 90.50 4.5870 
 91.00 4.5862 
 91.50 4.5854 
 92.00 4.5846 
 92.50 4.5838 
 93.00 4.5831 
 93.50 4.5823 
 94.00 4.5815 
 94.50 4.5808 
 95.00 4.5802 
 95.50 4.5795 
 96.00 4.5789 
 96.50 4.5783 
 97.00 4.5776 
 97.50 4.5770 
 98.00 4.5763 
 98.50 4.5759 
 99.00 4.5754 
 99.50 4.5750 
100.00 4.5745 
100.50 4.5741 
101.00 4.5736 
101.50 4.5732 
102.00 4.5727 
102.50 4.5724 
103.00 4.5722 
103.50 4.5719 
104.00 4.5716 
104.50 4.5714 
105.00 4.5711 
105.50 4.5708 
106.00 4.5706 
106.50 4.5705 
107.00 4.5704 
107.50 4.5703 
108.00 4.5702 
108.50 4.5701 
109.00 4.5701 
109.50 4.5700 
110.00 4.5699 
110.50 4.5700 
111.00 4.5700 
111.50 4.5701 
112.00 4.5702 
112.50 4.5702 
113.00 4.5703 
113.50 4.5704 
114.00 4.5705 
114.50 4.5707 
115.00 4.5709 
115.50 4.5711 
116.00 4.5713 
116.50 4.5715 
117.00 4.5717 
117.50 4.5719 
118.00 4.5722 
118.50 4.5725 
119.00 4.5729 
119.50 4.5732 
120.00 4.5736 
120.50 4.5739 
121.00 4.5743 
121.50 4.5746 
122.00 4.5751 
122.50 4.5755 
123.00 4.5760 
123.50 4.5765 
124.00 4.5769 
124.50 4.5774 
125.00 4.5779 
125.50 4.5784 
126.00 4.5789 
126.50 4.5795 
127.00 4.5800 
127.50 4.5806 
128.00 4.5812 
128.50 4.5817 
129.00 4.5823 
129.50 4.5828 
130.00 4.5835 
130.50 4.5842 
131.00 4.5848 
131.50 4.5854 
132.00 4.5861 
132.50 4.5868 
133.00 4.5874 
133.50 4.5881 
134.00 4.5888 
134.50 4.5895 
135.00 4.5903 
135.50 4.5910 
136.00 4.5917 
136.50 4.5924 
137.00 4.5932 
137.50 4.5939 
138.00 4.5947 
138.50 4.5955 
139.00 4.5963 
139.50 4.5971 
140.00 4.5979 
140.50 4.5987 
141.00 4.5995 
141.50 4.6004 
142.00 4.6012 
142.50 4.6021 
143.00 4.6029 
143.50 4.6037 
144.00 4.6046 
144.50 4.6054 
145.00 4.6063 
145.50 4.6071 
146.00 4.6080 
146.50 4.6089 
147.00 4.6098 
147.50 4.6107 
148.00 4.6115 
148.50 4.6124 
149.00 4.6133 
149.50 4.6142 
150.00 4.6151 
