  0.00 1.3232 
  0.50 3.0549 
  1.00 3.0776 
  1.50 3.1002 
  2.00 3.1215 
  2.50 3.1423 
  3.00 3.1624 
  3.50 3.1814 
  4.00 3.2003 
  4.50 3.2177 
  5.00 3.2351 
  5.50 3.2511 
  6.00 3.2669 
  6.50 3.2819 
  7.00 3.2963 
  7.50 3.3103 
  8.00 3.3232 
  8.50 3.3362 
  9.00 3.3480 
  9.50 3.3597 
 10.00 3.3707 
 10.50 3.3813 
 11.00 3.3915 
 11.50 3.4009 
 12.00 3.4104 
 12.50 3.4190 
 13.00 3.4275 
 13.50 3.4355 
 14.00 3.4432 
 14.50 3.4507 
 15.00 3.4577 
 15.50 3.4647 
 16.00 3.4711 
 16.50 3.4775 
 17.00 3.4835 
 17.50 3.4894 
 18.00 3.4951 
 18.50 3.5006 
 19.00 3.5061 
 19.50 3.5112 
 20.00 3.5164 
 20.50 3.5215 
 21.00 3.5265 
 21.50 3.5315 
 22.00 3.5364 
 22.50 3.5413 
 23.00 3.5463 
 23.50 3.5513 
 24.00 3.5564 
 24.50 3.5615 
 25.00 3.5667 
 25.50 3.5721 
 26.00 3.5776 
 26.50 3.5833 
 27.00 3.5891 
 27.50 3.5952 
 28.00 3.6014 
 28.50 3.6080 
 29.00 3.6147 
 29.50 3.6218 
 30.00 3.6292 
 30.50 3.6367 
 31.00 3.6449 
 31.50 3.6530 
 32.00 3.6620 
 32.50 3.6711 
 33.00 3.6807 
 33.50 3.6907 
 34.00 3.9219 
 34.50 3.9335 
 35.00 3.9452 
 35.50 3.9568 
 36.00 3.9684 
 36.50 3.9800 
 37.00 3.9917 
 37.50 4.0033 
 38.00 4.0149 
 38.50 4.0251 
 39.00 4.0349 
 39.50 4.0447 
 40.00 4.0544 
 40.50 4.0642 
 41.00 4.0740 
 41.50 4.0837 
 42.00 4.0935 
 42.50 4.1028 
 43.00 4.1108 
 43.50 4.1187 
 44.00 4.1267 
 44.50 4.1346 
 45.00 4.1426 
 45.50 4.1505 
 46.00 4.1585 
 46.50 4.1665 
 47.00 4.1732 
 47.50 4.1796 
 48.00 4.1859 
 48.50 4.1922 
 49.00 4.1986 
 49.50 4.2049 
 50.00 4.2113 
 50.50 4.2176 
 51.00 4.2236 
 51.50 4.2285 
 52.00 4.2335 
 52.50 4.2383 
 53.00 4.2433 
 53.50 4.2482 
 54.00 4.2531 
 54.50 4.2580 
 55.00 4.2629 
 55.50 4.2669 
 56.00 4.2706 
 56.50 4.2742 
 57.00 4.2778 
 57.50 4.2815 
 58.00 4.2851 
 58.50 4.2887 
 59.00 4.2924 
 59.50 4.2958 
 60.00 4.2984 
 60.50 4.3009 
 61.00 4.3034 
 61.50 4.3060 
 62.00 4.3085 
 62.50 4.3110 
 63.00 4.3136 
 63.50 4.3161 
 64.00 4.3181 
 64.50 4.3197 
 65.00 4.3213 
 65.50 4.3229 
 66.00 4.3246 
 66.50 4.3262 
 67.00 4.3278 
 67.50 4.3295 
 68.00 4.3310 
 68.50 4.3319 
 69.00 4.3328 
 69.50 4.3337 
 70.00 4.3346 
 70.50 4.3355 
 71.00 4.3364 
 71.50 4.3373 
 72.00 4.3381 
 72.50 4.3387 
 73.00 4.3391 
 73.50 4.3394 
 74.00 4.3397 
 74.50 4.3401 
 75.00 4.3404 
 75.50 4.3407 
 76.00 4.3411 
 76.50 4.3414 
 77.00 4.3413 
 77.50 4.3413 
 78.00 4.3412 
 78.50 4.3412 
 79.00 4.3411 
 79.50 4.3410 
 80.00 4.3410 
 80.50 4.3409 
 81.00 4.3407 
 81.50 4.3405 
 82.00 4.3402 
 82.50 4.3400 
 83.00 4.3397 
 83.50 4.3395 
 84.00 4.3392 
 84.50 4.3389 
 85.00 4.3387 
 85.50 4.3384 
 86.00 4.3381 
 86.50 4.3378 
 87.00 4.3376 
 87.50 4.3373 
 88.00 4.3370 
 88.50 4.3367 
 89.00 4.3364 
 89.50 4.3362 
 90.00 4.3361 
 90.50 4.3359 
 91.00 4.3357 
 91.50 4.3356 
 92.00 4.3354 
 92.50 4.3352 
 93.00 4.3351 
 93.50 4.3349 
 94.00 4.3349 
 94.50 4.3348 
 95.00 4.3348 
 95.50 4.3348 
 96.00 4.3347 
 96.50 4.3347 
 97.00 4.3346 
 97.50 4.3346 
 98.00 4.3347 
 98.50 4.3348 
 99.00 4.3349 
 99.50 4.3350 
100.00 4.3351 
100.50 4.3352 
101.00 4.3354 
101.50 4.3355 
102.00 4.3356 
102.50 4.3358 
103.00 4.3361 
103.50 4.3363 
104.00 4.3366 
104.50 4.3368 
105.00 4.3371 
105.50 4.3373 
106.00 4.3376 
106.50 4.3379 
107.00 4.3383 
107.50 4.3387 
108.00 4.3390 
108.50 4.3394 
109.00 4.3398 
109.50 4.3402 
110.00 4.3406 
110.50 4.3410 
111.00 4.3415 
111.50 4.3420 
112.00 4.3425 
112.50 4.3430 
113.00 4.3435 
113.50 4.3441 
114.00 4.3446 
114.50 4.3451 
115.00 4.3457 
115.50 4.3463 
116.00 4.3469 
116.50 4.3476 
117.00 4.3482 
117.50 4.3489 
118.00 4.3495 
118.50 4.3502 
119.00 4.3508 
119.50 4.3516 
120.00 4.3524 
120.50 4.3531 
121.00 4.3539 
121.50 4.3547 
122.00 4.3555 
122.50 4.3562 
123.00 4.3570 
123.50 4.3578 
124.00 4.3587 
124.50 4.3596 
125.00 4.3605 
125.50 4.3614 
126.00 4.3623 
126.50 4.3632 
127.00 4.3641 
127.50 4.3650 
128.00 4.3660 
128.50 4.3670 
129.00 4.3680 
129.50 4.3690 
130.00 4.3700 
130.50 4.3711 
131.00 4.3721 
131.50 4.3731 
132.00 4.3742 
132.50 4.3753 
133.00 4.3764 
133.50 4.3776 
134.00 4.3787 
134.50 4.3798 
135.00 4.3809 
135.50 4.3820 
136.00 4.3832 
136.50 4.3844 
137.00 4.3856 
137.50 4.3869 
138.00 4.3881 
138.50 4.3894 
139.00 4.3906 
139.50 4.3919 
140.00 4.3931 
140.50 4.3944 
141.00 4.3957 
141.50 4.3971 
142.00 4.3984 
142.50 4.3998 
143.00 4.4011 
143.50 4.4025 
144.00 4.4038 
144.50 4.4052 
145.00 4.4066 
145.50 4.4081 
146.00 4.4096 
146.50 4.4110 
147.00 4.4125 
147.50 4.4140 
148.00 4.4154 
148.50 4.4169 
149.00 4.4184 
149.50 4.4200 
150.00 4.4215 
