  0.00 0.7833 
  0.50 1.3084 
  1.00 1.8335 
  1.50 3.3954 
  2.00 3.4078 
  2.50 3.4203 
  3.00 3.4324 
  3.50 3.4438 
  4.00 3.4553 
  4.50 3.4667 
  5.00 3.4771 
  5.50 3.4875 
  6.00 3.4979 
  6.50 3.5076 
  7.00 3.5172 
  7.50 3.5267 
  8.00 3.5358 
  8.50 3.5444 
  9.00 3.5530 
  9.50 3.5615 
 10.00 3.5694 
 10.50 3.5773 
 11.00 3.5852 
 11.50 3.5925 
 12.00 3.5997 
 12.50 3.6070 
 13.00 3.6138 
 13.50 3.6204 
 14.00 3.6271 
 14.50 3.6335 
 15.00 3.6396 
 15.50 3.6457 
 16.00 3.6517 
 16.50 3.6574 
 17.00 3.6630 
 17.50 3.6687 
 18.00 3.6740 
 18.50 3.6794 
 19.00 3.6847 
 19.50 3.6899 
 20.00 3.6949 
 20.50 3.7000 
 21.00 3.7050 
 21.50 3.7098 
 22.00 3.7146 
 22.50 3.7194 
 23.00 3.7242 
 23.50 3.7289 
 24.00 3.7336 
 24.50 3.7383 
 25.00 3.7430 
 25.50 3.7477 
 26.00 3.7525 
 26.50 3.7572 
 27.00 3.7620 
 27.50 3.7668 
 28.00 3.7717 
 28.50 3.7766 
 29.00 3.7815 
 29.50 3.7865 
 30.00 3.7916 
 30.50 3.7967 
 31.00 3.8020 
 31.50 3.8074 
 32.00 3.8128 
 32.50 3.8183 
 33.00 3.8241 
 33.50 3.8298 
 34.00 3.8356 
 34.50 3.8418 
 35.00 3.8481 
 35.50 3.8543 
 36.00 3.8610 
 36.50 3.8677 
 37.00 3.8745 
 37.50 3.8816 
 38.00 3.8889 
 38.50 3.8963 
 39.00 3.9039 
 39.50 3.9119 
 40.00 3.9200 
 40.50 3.9281 
 41.00 3.9369 
 41.50 3.9457 
 42.00 3.9545 
 42.50 3.9640 
 43.00 3.9737 
 43.50 3.9834 
 44.00 3.9935 
 44.50 4.0042 
 45.00 4.0149 
 45.50 4.0257 
 46.00 4.0374 
 46.50 4.0491 
 47.00 4.0607 
 47.50 4.0733 
 48.00 4.0860 
 48.50 4.0987 
 49.00 4.3114 
 49.50 4.3207 
 50.00 4.3299 
 50.50 4.3392 
 51.00 4.3485 
 51.50 4.3577 
 52.00 4.3670 
 52.50 4.3763 
 53.00 4.3842 
 53.50 4.3921 
 54.00 4.3999 
 54.50 4.4077 
 55.00 4.4155 
 55.50 4.4233 
 56.00 4.4312 
 56.50 4.4388 
 57.00 4.4452 
 57.50 4.4516 
 58.00 4.4580 
 58.50 4.4645 
 59.00 4.4709 
 59.50 4.4773 
 60.00 4.4837 
 60.50 4.4896 
 61.00 4.4948 
 61.50 4.4999 
 62.00 4.5051 
 62.50 4.5102 
 63.00 4.5153 
 63.50 4.5205 
 64.00 4.5256 
 64.50 4.5301 
 65.00 4.5340 
 65.50 4.5380 
 66.00 4.5420 
 66.50 4.5459 
 67.00 4.5499 
 67.50 4.5539 
 68.00 4.5578 
 68.50 4.5609 
 69.00 4.5638 
 69.50 4.5668 
 70.00 4.5697 
 70.50 4.5726 
 71.00 4.5755 
 71.50 4.5785 
 72.00 4.5813 
 72.50 4.5833 
 73.00 4.5853 
 73.50 4.5873 
 74.00 4.5893 
 74.50 4.5913 
 75.00 4.5933 
 75.50 4.5953 
 76.00 4.5970 
 76.50 4.5982 
 77.00 4.5994 
 77.50 4.6006 
 78.00 4.6017 
 78.50 4.6029 
 79.00 4.6041 
 79.50 4.6053 
 80.00 4.6061 
 80.50 4.6066 
 81.00 4.6070 
 81.50 4.6075 
 82.00 4.6080 
 82.50 4.6085 
 83.00 4.6089 
 83.50 4.6094 
 84.00 4.6094 
 84.50 4.6094 
 85.00 4.6093 
 85.50 4.6092 
 86.00 4.6091 
 86.50 4.6090 
 87.00 4.6090 
 87.50 4.6089 
 88.00 4.6083 
 88.50 4.6078 
 89.00 4.6072 
 89.50 4.6067 
 90.00 4.6061 
 90.50 4.6056 
 91.00 4.6050 
 91.50 4.6043 
 92.00 4.6034 
 92.50 4.6026 
 93.00 4.6017 
 93.50 4.6008 
 94.00 4.5999 
 94.50 4.5990 
 95.00 4.5981 
 95.50 4.5971 
 96.00 4.5960 
 96.50 4.5949 
 97.00 4.5938 
 97.50 4.5927 
 98.00 4.5916 
 98.50 4.5905 
 99.00 4.5893 
 99.50 4.5881 
100.00 4.5869 
100.50 4.5857 
101.00 4.5844 
101.50 4.5832 
102.00 4.5820 
102.50 4.5807 
103.00 4.5795 
103.50 4.5782 
104.00 4.5768 
104.50 4.5755 
105.00 4.5742 
105.50 4.5728 
106.00 4.5715 
106.50 4.5702 
107.00 4.5689 
107.50 4.5675 
108.00 4.5661 
108.50 4.5647 
109.00 4.5633 
109.50 4.5619 
110.00 4.5605 
110.50 4.5591 
111.00 4.5577 
111.50 4.5563 
112.00 4.5548 
112.50 4.5534 
113.00 4.5519 
113.50 4.5505 
114.00 4.5490 
114.50 4.5476 
115.00 4.5461 
115.50 4.5447 
116.00 4.5432 
116.50 4.5417 
117.00 4.5403 
117.50 4.5388 
118.00 4.5373 
118.50 4.5358 
119.00 4.5344 
119.50 4.5329 
120.00 4.5314 
120.50 4.5300 
121.00 4.5285 
121.50 4.5270 
122.00 4.5256 
122.50 4.5241 
123.00 4.5226 
123.50 4.5212 
124.00 4.5197 
124.50 4.5183 
125.00 4.5168 
125.50 4.5154 
126.00 4.5139 
126.50 4.5125 
127.00 4.5110 
127.50 4.5096 
128.00 4.5082 
128.50 4.5067 
129.00 4.5053 
129.50 4.5039 
130.00 4.5024 
130.50 4.5011 
131.00 4.4997 
131.50 4.4983 
132.00 4.4969 
132.50 4.4955 
133.00 4.4942 
133.50 4.4928 
134.00 4.4914 
134.50 4.4901 
135.00 4.4888 
135.50 4.4875 
136.00 4.4862 
136.50 4.4849 
137.00 4.4836 
137.50 4.4823 
138.00 4.4810 
138.50 4.4798 
139.00 4.4786 
139.50 4.4774 
140.00 4.4761 
140.50 4.4749 
141.00 4.4737 
141.50 4.4725 
142.00 4.4714 
142.50 4.4702 
143.00 4.4691 
143.50 4.4680 
144.00 4.4669 
144.50 4.4658 
145.00 4.4647 
145.50 4.4636 
146.00 4.4626 
146.50 4.4616 
147.00 4.4606 
147.50 4.4597 
148.00 4.4587 
148.50 4.4577 
149.00 4.4568 
149.50 4.4558 
150.00 4.4550 
