  0.00 1.4975 
  0.50 1.9706 
  1.00 2.4436 
  1.50 2.9678 
  2.00 3.0050 
  2.50 3.0400 
  3.00 3.0747 
  3.50 3.1072 
  4.00 3.1392 
  4.50 3.1692 
  5.00 3.1988 
  5.50 3.2265 
  6.00 3.2536 
  6.50 3.2791 
  7.00 3.3039 
  7.50 3.3273 
  8.00 3.3500 
  8.50 3.3714 
  9.00 3.3920 
  9.50 3.4115 
 10.00 3.4302 
 10.50 3.4479 
 11.00 3.4648 
 11.50 3.4809 
 12.00 3.4960 
 12.50 3.5106 
 13.00 3.5242 
 13.50 3.5372 
 14.00 3.5493 
 14.50 3.5610 
 15.00 3.5718 
 15.50 3.5823 
 16.00 3.5918 
 16.50 3.6012 
 17.00 3.6096 
 17.50 3.6180 
 18.00 3.6254 
 18.50 3.6328 
 19.00 3.6394 
 19.50 3.6460 
 20.00 3.6519 
 20.50 3.6577 
 21.00 3.6629 
 21.50 3.6682 
 22.00 3.6729 
 22.50 3.6776 
 23.00 3.6820 
 23.50 3.6864 
 24.00 3.6905 
 24.50 3.6946 
 25.00 3.6986 
 25.50 3.7025 
 26.00 3.7064 
 26.50 3.7103 
 27.00 3.7143 
 27.50 3.7183 
 28.00 3.7224 
 28.50 3.7266 
 29.00 3.7310 
 29.50 3.7355 
 30.00 3.7403 
 30.50 3.7453 
 31.00 3.8140 
 31.50 3.8286 
 32.00 3.8432 
 32.50 3.8577 
 33.00 3.8723 
 33.50 3.8868 
 34.00 3.9014 
 34.50 3.9160 
 35.00 3.9305 
 35.50 3.9434 
 36.00 3.9558 
 36.50 3.9682 
 37.00 3.9806 
 37.50 3.9930 
 38.00 4.0054 
 38.50 4.0179 
 39.00 4.0303 
 39.50 4.0424 
 40.00 4.0528 
 40.50 4.0631 
 41.00 4.0734 
 41.50 4.0837 
 42.00 4.0940 
 42.50 4.1043 
 43.00 4.1146 
 43.50 4.1250 
 44.00 4.1344 
 44.50 4.1428 
 45.00 4.1512 
 45.50 4.1596 
 46.00 4.1680 
 46.50 4.1764 
 47.00 4.1848 
 47.50 4.1932 
 48.00 4.2016 
 48.50 4.2087 
 49.00 4.2154 
 49.50 4.2220 
 50.00 4.2287 
 50.50 4.2354 
 51.00 4.2420 
 51.50 4.2487 
 52.00 4.2553 
 52.50 4.2619 
 53.00 4.2670 
 53.50 4.2721 
 54.00 4.2772 
 54.50 4.2824 
 55.00 4.2875 
 55.50 4.2926 
 56.00 4.2977 
 56.50 4.3028 
 57.00 4.3074 
 57.50 4.3111 
 58.00 4.3149 
 58.50 4.3186 
 59.00 4.3224 
 59.50 4.3261 
 60.00 4.3299 
 60.50 4.3336 
 61.00 4.3373 
 61.50 4.3402 
 62.00 4.3428 
 62.50 4.3453 
 63.00 4.3479 
 63.50 4.3504 
 64.00 4.3530 
 64.50 4.3555 
 65.00 4.3581 
 65.50 4.3606 
 66.00 4.3621 
 66.50 4.3637 
 67.00 4.3653 
 67.50 4.3668 
 68.00 4.3684 
 68.50 4.3700 
 69.00 4.3715 
 69.50 4.3731 
 70.00 4.3744 
 70.50 4.3751 
 71.00 4.3758 
 71.50 4.3765 
 72.00 4.3773 
 72.50 4.3780 
 73.00 4.3787 
 73.50 4.3794 
 74.00 4.3802 
 74.50 4.3805 
 75.00 4.3806 
 75.50 4.3807 
 76.00 4.3808 
 76.50 4.3809 
 77.00 4.3810 
 77.50 4.3811 
 78.00 4.3812 
 78.50 4.3813 
 79.00 4.3809 
 79.50 4.3806 
 80.00 4.3802 
 80.50 4.3798 
 81.00 4.3795 
 81.50 4.3791 
 82.00 4.3787 
 82.50 4.3784 
 83.00 4.3779 
 83.50 4.3773 
 84.00 4.3766 
 84.50 4.3760 
 85.00 4.3754 
 85.50 4.3748 
 86.00 4.3742 
 86.50 4.3735 
 87.00 4.3729 
 87.50 4.3722 
 88.00 4.3715 
 88.50 4.3707 
 89.00 4.3700 
 89.50 4.3692 
 90.00 4.3685 
 90.50 4.3677 
 91.00 4.3670 
 91.50 4.3662 
 92.00 4.3654 
 92.50 4.3646 
 93.00 4.3638 
 93.50 4.3629 
 94.00 4.3621 
 94.50 4.3613 
 95.00 4.3605 
 95.50 4.3597 
 96.00 4.3589 
 96.50 4.3580 
 97.00 4.3571 
 97.50 4.3563 
 98.00 4.3554 
 98.50 4.3546 
 99.00 4.3537 
 99.50 4.3529 
100.00 4.3520 
100.50 4.3512 
101.00 4.3503 
101.50 4.3494 
102.00 4.3486 
102.50 4.3477 
103.00 4.3468 
103.50 4.3460 
104.00 4.3451 
104.50 4.3443 
105.00 4.3434 
105.50 4.3425 
106.00 4.3417 
106.50 4.3408 
107.00 4.3399 
107.50 4.3391 
108.00 4.3382 
108.50 4.3373 
109.00 4.3365 
109.50 4.3357 
110.00 4.3348 
110.50 4.3340 
111.00 4.3332 
111.50 4.3323 
112.00 4.3315 
112.50 4.3307 
113.00 4.3299 
113.50 4.3291 
114.00 4.3283 
114.50 4.3275 
115.00 4.3267 
115.50 4.3260 
116.00 4.3252 
116.50 4.3244 
117.00 4.3236 
117.50 4.3229 
118.00 4.3222 
118.50 4.3215 
119.00 4.3208 
119.50 4.3201 
120.00 4.3194 
120.50 4.3187 
121.00 4.3180 
121.50 4.3173 
122.00 4.3167 
122.50 4.3161 
123.00 4.3155 
123.50 4.3149 
124.00 4.3144 
124.50 4.3138 
125.00 4.3132 
125.50 4.3126 
126.00 4.3121 
126.50 4.3116 
127.00 4.3111 
127.50 4.3107 
128.00 4.3102 
128.50 4.3098 
129.00 4.3093 
129.50 4.3089 
130.00 4.3084 
130.50 4.3080 
131.00 4.3076 
131.50 4.3074 
132.00 4.3071 
132.50 4.3068 
133.00 4.3065 
133.50 4.3062 
134.00 4.3059 
134.50 4.3056 
135.00 4.3054 
135.50 4.3053 
136.00 4.3052 
136.50 4.3050 
137.00 4.3049 
137.50 4.3048 
138.00 4.3047 
138.50 4.3046 
139.00 4.3045 
139.50 4.3045 
140.00 4.3046 
140.50 4.3047 
141.00 4.3048 
141.50 4.3049 
142.00 4.3050 
142.50 4.3051 
143.00 4.3052 
143.50 4.3053 
144.00 4.3056 
144.50 4.3059 
145.00 4.3062 
145.50 4.3065 
146.00 4.3069 
146.50 4.3072 
147.00 4.3075 
147.50 4.3078 
148.00 4.3082 
148.50 4.3088 
149.00 4.3093 
149.50 4.3099 
150.00 4.3105 
