  0.00 1.4103 
  0.50 3.1374 
  1.00 3.1585 
  1.50 3.1791 
  2.00 3.1979 
  2.50 3.2167 
  3.00 3.2336 
  3.50 3.2503 
  4.00 3.2659 
  4.50 3.2806 
  5.00 3.2949 
  5.50 3.3077 
  6.00 3.3206 
  6.50 3.3320 
  7.00 3.3432 
  7.50 3.3536 
  8.00 3.3633 
  8.50 3.3728 
  9.00 3.3812 
  9.50 3.3897 
 10.00 3.3972 
 10.50 3.4045 
 11.00 3.4114 
 11.50 3.4177 
 12.00 3.4240 
 12.50 3.4296 
 13.00 3.4353 
 13.50 3.4404 
 14.00 3.4455 
 14.50 3.4504 
 15.00 3.4550 
 15.50 3.4597 
 16.00 3.4641 
 16.50 3.4684 
 17.00 3.4728 
 17.50 3.4772 
 18.00 3.4817 
 18.50 3.4862 
 19.00 3.4907 
 19.50 3.4955 
 20.00 3.5003 
 20.50 3.5055 
 21.00 3.5108 
 21.50 3.5164 
 22.00 3.5224 
 22.50 3.5284 
 23.00 3.5353 
 23.50 3.5421 
 24.00 3.5496 
 24.50 3.5575 
 25.00 3.5657 
 25.50 3.5748 
 26.00 3.5839 
 26.50 3.5943 
 27.00 3.6048 
 27.50 3.6162 
 28.00 3.6282 
 28.50 3.6407 
 29.00 3.6545 
 29.50 3.6682 
 30.00 3.6838 
 30.50 3.6995 
 31.00 3.7164 
 31.50 3.7342 
 32.00 3.7525 
 32.50 3.7726 
 33.00 3.7927 
 33.50 3.8148 
 34.00 3.8372 
 34.50 4.0870 
 35.00 4.0921 
 35.50 4.0972 
 36.00 4.1024 
 36.50 4.1075 
 37.00 4.1127 
 37.50 4.1178 
 38.00 4.1229 
 38.50 4.1280 
 39.00 4.1320 
 39.50 4.1360 
 40.00 4.1399 
 40.50 4.1439 
 41.00 4.1479 
 41.50 4.1518 
 42.00 4.1558 
 42.50 4.1597 
 43.00 4.1631 
 43.50 4.1660 
 44.00 4.1689 
 44.50 4.1717 
 45.00 4.1746 
 45.50 4.1775 
 46.00 4.1803 
 46.50 4.1832 
 47.00 4.1861 
 47.50 4.1880 
 48.00 4.1899 
 48.50 4.1918 
 49.00 4.1937 
 49.50 4.1956 
 50.00 4.1976 
 50.50 4.1995 
 51.00 4.2014 
 51.50 4.2029 
 52.00 4.2040 
 52.50 4.2051 
 53.00 4.2062 
 53.50 4.2073 
 54.00 4.2084 
 54.50 4.2095 
 55.00 4.2105 
 55.50 4.2116 
 56.00 4.2120 
 56.50 4.2125 
 57.00 4.2129 
 57.50 4.2133 
 58.00 4.2137 
 58.50 4.2142 
 59.00 4.2146 
 59.50 4.2150 
 60.00 4.2151 
 60.50 4.2150 
 61.00 4.2149 
 61.50 4.2147 
 62.00 4.2146 
 62.50 4.2145 
 63.00 4.2143 
 63.50 4.2142 
 64.00 4.2141 
 64.50 4.2136 
 65.00 4.2130 
 65.50 4.2125 
 66.00 4.2120 
 66.50 4.2114 
 67.00 4.2109 
 67.50 4.2104 
 68.00 4.2099 
 68.50 4.2092 
 69.00 4.2084 
 69.50 4.2076 
 70.00 4.2067 
 70.50 4.2059 
 71.00 4.2051 
 71.50 4.2043 
 72.00 4.2035 
 72.50 4.2027 
 73.00 4.2017 
 73.50 4.2008 
 74.00 4.1998 
 74.50 4.1989 
 75.00 4.1980 
 75.50 4.1970 
 76.00 4.1961 
 76.50 4.1951 
 77.00 4.1942 
 77.50 4.1933 
 78.00 4.1924 
 78.50 4.1914 
 79.00 4.1905 
 79.50 4.1896 
 80.00 4.1886 
 80.50 4.1877 
 81.00 4.1868 
 81.50 4.1860 
 82.00 4.1852 
 82.50 4.1844 
 83.00 4.1836 
 83.50 4.1828 
 84.00 4.1820 
 84.50 4.1812 
 85.00 4.1804 
 85.50 4.1797 
 86.00 4.1792 
 86.50 4.1787 
 87.00 4.1781 
 87.50 4.1776 
 88.00 4.1771 
 88.50 4.1765 
 89.00 4.1760 
 89.50 4.1755 
 90.00 4.1754 
 90.50 4.1752 
 91.00 4.1751 
 91.50 4.1749 
 92.00 4.1748 
 92.50 4.1746 
 93.00 4.1745 
 93.50 4.1744 
 94.00 4.1744 
 94.50 4.1747 
 95.00 4.1749 
 95.50 4.1752 
 96.00 4.1754 
 96.50 4.1757 
 97.00 4.1759 
 97.50 4.1762 
 98.00 4.1764 
 98.50 4.1770 
 99.00 4.1776 
 99.50 4.1782 
100.00 4.1788 
100.50 4.1794 
101.00 4.1800 
101.50 4.1806 
102.00 4.1812 
102.50 4.1820 
103.00 4.1829 
103.50 4.1839 
104.00 4.1848 
104.50 4.1857 
105.00 4.1867 
105.50 4.1876 
106.00 4.1886 
106.50 4.1895 
107.00 4.1908 
107.50 4.1920 
108.00 4.1932 
108.50 4.1945 
109.00 4.1957 
109.50 4.1969 
110.00 4.1982 
110.50 4.1994 
111.00 4.2008 
111.50 4.2023 
112.00 4.2038 
112.50 4.2053 
113.00 4.2069 
113.50 4.2084 
114.00 4.2099 
114.50 4.2114 
115.00 4.2129 
115.50 4.2147 
116.00 4.2165 
116.50 4.2183 
117.00 4.2200 
117.50 4.2218 
118.00 4.2236 
118.50 4.2254 
119.00 4.2271 
119.50 4.2290 
120.00 4.2310 
120.50 4.2330 
121.00 4.2350 
121.50 4.2370 
122.00 4.2390 
122.50 4.2410 
123.00 4.2430 
123.50 4.2450 
124.00 4.2472 
124.50 4.2494 
125.00 4.2516 
125.50 4.2538 
126.00 4.2560 
126.50 4.2582 
127.00 4.2604 
127.50 4.2626 
128.00 4.2649 
128.50 4.2673 
129.00 4.2697 
129.50 4.2720 
130.00 4.2744 
130.50 4.2767 
131.00 4.2791 
131.50 4.2815 
132.00 4.2838 
132.50 4.2863 
133.00 4.2889 
133.50 4.2914 
134.00 4.2939 
134.50 4.2964 
135.00 4.2989 
135.50 4.3015 
136.00 4.3040 
136.50 4.3066 
137.00 4.3092 
137.50 4.3118 
138.00 4.3145 
138.50 4.3171 
139.00 4.3198 
139.50 4.3224 
140.00 4.3251 
140.50 4.3277 
141.00 4.3305 
141.50 4.3332 
142.00 4.3359 
142.50 4.3387 
143.00 4.3414 
143.50 4.3441 
144.00 4.3468 
144.50 4.3496 
145.00 4.3523 
145.50 4.3551 
146.00 4.3579 
146.50 4.3607 
147.00 4.3635 
147.50 4.3663 
148.00 4.3691 
148.50 4.3719 
149.00 4.3747 
149.50 4.3776 
150.00 4.3804 
