  0.00 1.3874 
  0.50 1.7433 
  1.00 2.0992 
  1.50 2.4551 
  2.00 3.2732 
  2.50 3.2906 
  3.00 3.3081 
  3.50 3.3255 
  4.00 3.3418 
  4.50 3.3580 
  5.00 3.3742 
  5.50 3.3897 
  6.00 3.4047 
  6.50 3.4196 
  7.00 3.4343 
  7.50 3.4482 
  8.00 3.4620 
  8.50 3.4758 
  9.00 3.4886 
  9.50 3.5013 
 10.00 3.5141 
 10.50 3.5262 
 11.00 3.5379 
 11.50 3.5496 
 12.00 3.5612 
 12.50 3.5719 
 13.00 3.5827 
 13.50 3.5934 
 14.00 3.6034 
 14.50 3.6133 
 15.00 3.6232 
 15.50 3.6327 
 16.00 3.6417 
 16.50 3.6508 
 17.00 3.6598 
 17.50 3.6681 
 18.00 3.6764 
 18.50 3.6848 
 19.00 3.6926 
 19.50 3.7003 
 20.00 3.7079 
 20.50 3.7153 
 21.00 3.7224 
 21.50 3.7295 
 22.00 3.7365 
 22.50 3.7431 
 23.00 3.7497 
 23.50 3.7562 
 24.00 3.7625 
 24.50 3.7686 
 25.00 3.7747 
 25.50 3.7807 
 26.00 3.7864 
 26.50 3.7921 
 27.00 3.7979 
 27.50 3.8033 
 28.00 3.8087 
 28.50 3.8141 
 29.00 3.8193 
 29.50 3.8245 
 30.00 3.8297 
 30.50 3.8349 
 31.00 3.8399 
 31.50 3.8449 
 32.00 3.8500 
 32.50 3.8549 
 33.00 3.8599 
 33.50 3.8649 
 34.00 3.8698 
 34.50 3.8747 
 35.00 3.8796 
 35.50 3.8845 
 36.00 3.8895 
 36.50 3.8944 
 37.00 3.8994 
 37.50 3.9045 
 38.00 3.9096 
 38.50 3.9147 
 39.00 3.9199 
 39.50 3.9252 
 40.00 3.9305 
 40.50 3.9358 
 41.00 3.9414 
 41.50 3.9469 
 42.00 3.9525 
 42.50 3.9583 
 43.00 3.9642 
 43.50 3.9701 
 44.00 3.9762 
 44.50 3.9825 
 45.00 3.9888 
 45.50 3.9952 
 46.00 4.0020 
 46.50 4.0088 
 47.00 4.0156 
 47.50 4.0228 
 48.00 4.0302 
 48.50 4.0375 
 49.00 4.0451 
 49.50 4.0530 
 50.00 4.0609 
 50.50 4.3642 
 51.00 4.3679 
 51.50 4.3716 
 52.00 4.3754 
 52.50 4.3791 
 53.00 4.3829 
 53.50 4.3866 
 54.00 4.3903 
 54.50 4.3941 
 55.00 4.3978 
 55.50 4.4016 
 56.00 4.4047 
 56.50 4.4076 
 57.00 4.4106 
 57.50 4.4135 
 58.00 4.4165 
 58.50 4.4194 
 59.00 4.4224 
 59.50 4.4253 
 60.00 4.4283 
 60.50 4.4312 
 61.00 4.4338 
 61.50 4.4360 
 62.00 4.4383 
 62.50 4.4405 
 63.00 4.4427 
 63.50 4.4449 
 64.00 4.4472 
 64.50 4.4494 
 65.00 4.4516 
 65.50 4.4538 
 66.00 4.4559 
 66.50 4.4576 
 67.00 4.4592 
 67.50 4.4608 
 68.00 4.4624 
 68.50 4.4640 
 69.00 4.4657 
 69.50 4.4673 
 70.00 4.4689 
 70.50 4.4705 
 71.00 4.4721 
 71.50 4.4733 
 72.00 4.4745 
 72.50 4.4756 
 73.00 4.4767 
 73.50 4.4778 
 74.00 4.4789 
 74.50 4.4800 
 75.00 4.4811 
 75.50 4.4822 
 76.00 4.4834 
 76.50 4.4843 
 77.00 4.4850 
 77.50 4.4857 
 78.00 4.4864 
 78.50 4.4871 
 79.00 4.4878 
 79.50 4.4885 
 80.00 4.4892 
 80.50 4.4899 
 81.00 4.4906 
 81.50 4.4913 
 82.00 4.4917 
 82.50 4.4921 
 83.00 4.4925 
 83.50 4.4930 
 84.00 4.4934 
 84.50 4.4938 
 85.00 4.4942 
 85.50 4.4946 
 86.00 4.4950 
 86.50 4.4955 
 87.00 4.4957 
 87.50 4.4959 
 88.00 4.4962 
 88.50 4.4964 
 89.00 4.4966 
 89.50 4.4969 
 90.00 4.4971 
 90.50 4.4973 
 91.00 4.4976 
 91.50 4.4978 
 92.00 4.4980 
 92.50 4.4981 
 93.00 4.4983 
 93.50 4.4984 
 94.00 4.4986 
 94.50 4.4987 
 95.00 4.4989 
 95.50 4.4990 
 96.00 4.4992 
 96.50 4.4993 
 97.00 4.4994 
 97.50 4.4996 
 98.00 4.4998 
 98.50 4.4999 
 99.00 4.5001 
 99.50 4.5003 
100.00 4.5004 
100.50 4.5006 
101.00 4.5008 
101.50 4.5009 
102.00 4.5011 
102.50 4.5013 
103.00 4.5016 
103.50 4.5019 
104.00 4.5021 
104.50 4.5023 
105.00 4.5026 
105.50 4.5028 
106.00 4.5031 
106.50 4.5034 
107.00 4.5036 
107.50 4.5039 
108.00 4.5042 
108.50 4.5046 
109.00 4.5049 
109.50 4.5052 
110.00 4.5056 
110.50 4.5059 
111.00 4.5062 
111.50 4.5065 
112.00 4.5069 
112.50 4.5072 
113.00 4.5076 
113.50 4.5080 
114.00 4.5084 
114.50 4.5088 
115.00 4.5092 
115.50 4.5096 
116.00 4.5100 
116.50 4.5104 
117.00 4.5108 
117.50 4.5112 
118.00 4.5117 
118.50 4.5121 
119.00 4.5126 
119.50 4.5130 
120.00 4.5135 
120.50 4.5139 
121.00 4.5144 
121.50 4.5149 
122.00 4.5153 
122.50 4.5158 
123.00 4.5163 
123.50 4.5168 
124.00 4.5173 
124.50 4.5178 
125.00 4.5183 
125.50 4.5188 
126.00 4.5193 
126.50 4.5198 
127.00 4.5203 
127.50 4.5208 
128.00 4.5213 
128.50 4.5218 
129.00 4.5224 
129.50 4.5229 
130.00 4.5235 
130.50 4.5240 
131.00 4.5246 
131.50 4.5251 
132.00 4.5257 
132.50 4.5262 
133.00 4.5267 
133.50 4.5273 
134.00 4.5279 
134.50 4.5285 
135.00 4.5290 
135.50 4.5296 
136.00 4.5302 
136.50 4.5308 
137.00 4.5313 
137.50 4.5319 
138.00 4.5325 
138.50 4.5331 
139.00 4.5336 
139.50 4.5342 
140.00 4.5348 
140.50 4.5354 
141.00 4.5360 
141.50 4.5366 
142.00 4.5372 
142.50 4.5378 
143.00 4.5384 
143.50 4.5390 
144.00 4.5396 
144.50 4.5402 
145.00 4.5408 
145.50 4.5414 
146.00 4.5420 
146.50 4.5426 
147.00 4.5432 
147.50 4.5439 
148.00 4.5445 
148.50 4.5451 
149.00 4.5457 
149.50 4.5463 
150.00 4.5469 
