  0.00 1.2902 
  0.50 3.1722 
  1.00 3.1919 
  1.50 3.2116 
  2.00 3.2295 
  2.50 3.2471 
  3.00 3.2639 
  3.50 3.2794 
  4.00 3.2948 
  4.50 3.3087 
  5.00 3.3223 
  5.50 3.3352 
  6.00 3.3470 
  6.50 3.3588 
  7.00 3.3692 
  7.50 3.3795 
  8.00 3.3892 
  8.50 3.3980 
  9.00 3.4068 
  9.50 3.4144 
 10.00 3.4220 
 10.50 3.4291 
 11.00 3.4355 
 11.50 3.4419 
 12.00 3.4475 
 12.50 3.4530 
 13.00 3.4582 
 13.50 3.4629 
 14.00 3.4677 
 14.50 3.4719 
 15.00 3.4760 
 15.50 3.4800 
 16.00 3.4836 
 16.50 3.4873 
 17.00 3.4907 
 17.50 3.4941 
 18.00 3.4975 
 18.50 3.5007 
 19.00 3.5040 
 19.50 3.5074 
 20.00 3.5107 
 20.50 3.5141 
 21.00 3.5177 
 21.50 3.5213 
 22.00 3.5252 
 22.50 3.5291 
 23.00 3.5333 
 23.50 3.5378 
 24.00 3.5422 
 24.50 3.5474 
 25.00 3.5526 
 25.50 3.5582 
 26.00 3.5642 
 26.50 3.5702 
 27.00 3.5773 
 27.50 3.5844 
 28.00 3.5921 
 28.50 3.6003 
 29.00 3.6086 
 29.50 3.6183 
 30.00 3.6279 
 30.50 3.6383 
 31.00 3.6495 
 31.50 3.6607 
 32.00 3.6735 
 32.50 3.6864 
 33.00 3.7002 
 33.50 3.7149 
 34.00 3.7297 
 34.50 3.7464 
 35.00 3.7631 
 35.50 3.7809 
 36.00 3.7997 
 36.50 4.2043 
 37.00 4.2034 
 37.50 4.2025 
 38.00 4.2015 
 38.50 4.2006 
 39.00 4.1997 
 39.50 4.1987 
 40.00 4.1978 
 40.50 4.1969 
 41.00 4.1961 
 41.50 4.1953 
 42.00 4.1946 
 42.50 4.1938 
 43.00 4.1931 
 43.50 4.1923 
 44.00 4.1916 
 44.50 4.1908 
 45.00 4.1901 
 45.50 4.1895 
 46.00 4.1889 
 46.50 4.1883 
 47.00 4.1877 
 47.50 4.1871 
 48.00 4.1865 
 48.50 4.1859 
 49.00 4.1853 
 49.50 4.1849 
 50.00 4.1845 
 50.50 4.1840 
 51.00 4.1836 
 51.50 4.1831 
 52.00 4.1827 
 52.50 4.1822 
 53.00 4.1818 
 53.50 4.1814 
 54.00 4.1811 
 54.50 4.1808 
 55.00 4.1806 
 55.50 4.1803 
 56.00 4.1799 
 56.50 4.1796 
 57.00 4.1794 
 57.50 4.1791 
 58.00 4.1789 
 58.50 4.1788 
 59.00 4.1786 
 59.50 4.1785 
 60.00 4.1783 
 60.50 4.1781 
 61.00 4.1780 
 61.50 4.1778 
 62.00 4.1778 
 62.50 4.1778 
 63.00 4.1777 
 63.50 4.1777 
 64.00 4.1777 
 64.50 4.1777 
 65.00 4.1776 
 65.50 4.1776 
 66.00 4.1776 
 66.50 4.1777 
 67.00 4.1779 
 67.50 4.1780 
 68.00 4.1781 
 68.50 4.1782 
 69.00 4.1783 
 69.50 4.1784 
 70.00 4.1785 
 70.50 4.1787 
 71.00 4.1789 
 71.50 4.1791 
 72.00 4.1794 
 72.50 4.1796 
 73.00 4.1798 
 73.50 4.1800 
 74.00 4.1802 
 74.50 4.1805 
 75.00 4.1808 
 75.50 4.1812 
 76.00 4.1815 
 76.50 4.1818 
 77.00 4.1822 
 77.50 4.1825 
 78.00 4.1828 
 78.50 4.1832 
 79.00 4.1836 
 79.50 4.1841 
 80.00 4.1845 
 80.50 4.1849 
 81.00 4.1853 
 81.50 4.1858 
 82.00 4.1862 
 82.50 4.1866 
 83.00 4.1871 
 83.50 4.1877 
 84.00 4.1882 
 84.50 4.1887 
 85.00 4.1892 
 85.50 4.1898 
 86.00 4.1903 
 86.50 4.1908 
 87.00 4.1914 
 87.50 4.1920 
 88.00 4.1926 
 88.50 4.1932 
 89.00 4.1938 
 89.50 4.1944 
 90.00 4.1950 
 90.50 4.1956 
 91.00 4.1962 
 91.50 4.1969 
 92.00 4.1976 
 92.50 4.1983 
 93.00 4.1990 
 93.50 4.1997 
 94.00 4.2004 
 94.50 4.2011 
 95.00 4.2018 
 95.50 4.2025 
 96.00 4.2033 
 96.50 4.2041 
 97.00 4.2048 
 97.50 4.2056 
 98.00 4.2064 
 98.50 4.2072 
 99.00 4.2079 
 99.50 4.2087 
100.00 4.2096 
100.50 4.2104 
101.00 4.2113 
101.50 4.2121 
102.00 4.2130 
102.50 4.2138 
103.00 4.2147 
103.50 4.2155 
104.00 4.2164 
104.50 4.2174 
105.00 4.2183 
105.50 4.2192 
106.00 4.2202 
106.50 4.2211 
107.00 4.2220 
107.50 4.2229 
108.00 4.2239 
108.50 4.2249 
109.00 4.2259 
109.50 4.2269 
110.00 4.2279 
110.50 4.2289 
111.00 4.2299 
111.50 4.2309 
112.00 4.2319 
112.50 4.2330 
113.00 4.2341 
113.50 4.2352 
114.00 4.2363 
114.50 4.2374 
115.00 4.2384 
115.50 4.2395 
116.00 4.2406 
116.50 4.2418 
117.00 4.2429 
117.50 4.2441 
118.00 4.2453 
118.50 4.2464 
119.00 4.2476 
119.50 4.2488 
120.00 4.2499 
120.50 4.2511 
121.00 4.2524 
121.50 4.2536 
122.00 4.2549 
122.50 4.2561 
123.00 4.2573 
123.50 4.2586 
124.00 4.2598 
124.50 4.2611 
125.00 4.2624 
125.50 4.2637 
126.00 4.2650 
126.50 4.2663 
127.00 4.2677 
127.50 4.2690 
128.00 4.2703 
128.50 4.2716 
129.00 4.2730 
129.50 4.2744 
130.00 4.2758 
130.50 4.2772 
131.00 4.2786 
131.50 4.2800 
132.00 4.2815 
132.50 4.2829 
133.00 4.2843 
133.50 4.2858 
134.00 4.2873 
134.50 4.2888 
135.00 4.2902 
135.50 4.2917 
136.00 4.2932 
136.50 4.2947 
137.00 4.2962 
137.50 4.2977 
138.00 4.2993 
138.50 4.3009 
139.00 4.3024 
139.50 4.3040 
140.00 4.3056 
140.50 4.3071 
141.00 4.3087 
141.50 4.3103 
142.00 4.3119 
142.50 4.3135 
143.00 4.3152 
143.50 4.3168 
144.00 4.3184 
144.50 4.3201 
145.00 4.3217 
145.50 4.3233 
146.00 4.3251 
146.50 4.3268 
147.00 4.3285 
147.50 4.3303 
148.00 4.3320 
148.50 4.3337 
149.00 4.3354 
149.50 4.3372 
150.00 4.3389 
