  0.00 1.3769 
  0.50 3.0802 
  1.00 3.1006 
  1.50 3.1209 
  2.00 3.1409 
  2.50 3.1602 
  3.00 3.1795 
  3.50 3.1981 
  4.00 3.2161 
  4.50 3.2342 
  5.00 3.2515 
  5.50 3.2684 
  6.00 3.2854 
  6.50 3.3014 
  7.00 3.3173 
  7.50 3.3331 
  8.00 3.3480 
  8.50 3.3629 
  9.00 3.3775 
  9.50 3.3916 
 10.00 3.4056 
 10.50 3.4192 
 11.00 3.4323 
 11.50 3.4455 
 12.00 3.4581 
 12.50 3.4704 
 13.00 3.4828 
 13.50 3.4945 
 14.00 3.5061 
 14.50 3.5177 
 15.00 3.5287 
 15.50 3.5396 
 16.00 3.5505 
 16.50 3.5608 
 17.00 3.5712 
 17.50 3.5814 
 18.00 3.5912 
 18.50 3.6010 
 19.00 3.6105 
 19.50 3.6199 
 20.00 3.6292 
 20.50 3.6383 
 21.00 3.6473 
 21.50 3.6562 
 22.00 3.6649 
 22.50 3.6735 
 23.00 3.6821 
 23.50 3.6904 
 24.00 3.6988 
 24.50 3.7071 
 25.00 3.7153 
 25.50 3.7235 
 26.00 3.7315 
 26.50 3.7395 
 27.00 3.7476 
 27.50 3.7555 
 28.00 3.7634 
 28.50 3.7713 
 29.00 3.7793 
 29.50 3.7872 
 30.00 3.7951 
 30.50 3.8031 
 31.00 3.8111 
 31.50 3.8191 
 32.00 3.8272 
 32.50 3.8353 
 33.00 3.8436 
 33.50 3.8519 
 34.00 3.8602 
 34.50 3.8687 
 35.00 3.8771 
 35.50 3.8857 
 36.00 3.8945 
 36.50 3.9033 
 37.00 3.9123 
 37.50 3.9215 
 38.00 3.9308 
 38.50 3.9402 
 39.00 3.9498 
 39.50 3.9594 
 40.00 3.9694 
 40.50 3.9794 
 41.00 3.9895 
 41.50 4.2623 
 42.00 4.2643 
 42.50 4.2663 
 43.00 4.2683 
 43.50 4.2702 
 44.00 4.2722 
 44.50 4.2742 
 45.00 4.2762 
 45.50 4.2777 
 46.00 4.2790 
 46.50 4.2804 
 47.00 4.2817 
 47.50 4.2831 
 48.00 4.2844 
 48.50 4.2857 
 49.00 4.2871 
 49.50 4.2881 
 50.00 4.2888 
 50.50 4.2896 
 51.00 4.2903 
 51.50 4.2911 
 52.00 4.2918 
 52.50 4.2926 
 53.00 4.2933 
 53.50 4.2939 
 54.00 4.2941 
 54.50 4.2943 
 55.00 4.2946 
 55.50 4.2948 
 56.00 4.2950 
 56.50 4.2953 
 57.00 4.2955 
 57.50 4.2957 
 58.00 4.2955 
 58.50 4.2953 
 59.00 4.2951 
 59.50 4.2949 
 60.00 4.2947 
 60.50 4.2945 
 61.00 4.2943 
 61.50 4.2941 
 62.00 4.2935 
 62.50 4.2930 
 63.00 4.2924 
 63.50 4.2919 
 64.00 4.2913 
 64.50 4.2907 
 65.00 4.2902 
 65.50 4.2896 
 66.00 4.2888 
 66.50 4.2880 
 67.00 4.2871 
 67.50 4.2863 
 68.00 4.2854 
 68.50 4.2846 
 69.00 4.2837 
 69.50 4.2829 
 70.00 4.2819 
 70.50 4.2809 
 71.00 4.2798 
 71.50 4.2788 
 72.00 4.2778 
 72.50 4.2767 
 73.00 4.2757 
 73.50 4.2747 
 74.00 4.2736 
 74.50 4.2724 
 75.00 4.2712 
 75.50 4.2700 
 76.00 4.2688 
 76.50 4.2677 
 77.00 4.2665 
 77.50 4.2653 
 78.00 4.2641 
 78.50 4.2629 
 79.00 4.2617 
 79.50 4.2605 
 80.00 4.2592 
 80.50 4.2580 
 81.00 4.2568 
 81.50 4.2556 
 82.00 4.2544 
 82.50 4.2532 
 83.00 4.2520 
 83.50 4.2508 
 84.00 4.2496 
 84.50 4.2484 
 85.00 4.2472 
 85.50 4.2460 
 86.00 4.2448 
 86.50 4.2437 
 87.00 4.2426 
 87.50 4.2415 
 88.00 4.2404 
 88.50 4.2393 
 89.00 4.2382 
 89.50 4.2371 
 90.00 4.2360 
 90.50 4.2351 
 91.00 4.2341 
 91.50 4.2332 
 92.00 4.2323 
 92.50 4.2314 
 93.00 4.2305 
 93.50 4.2295 
 94.00 4.2286 
 94.50 4.2279 
 95.00 4.2272 
 95.50 4.2265 
 96.00 4.2258 
 96.50 4.2251 
 97.00 4.2245 
 97.50 4.2238 
 98.00 4.2231 
 98.50 4.2226 
 99.00 4.2222 
 99.50 4.2217 
100.00 4.2213 
100.50 4.2209 
101.00 4.2204 
101.50 4.2200 
102.00 4.2196 
102.50 4.2193 
103.00 4.2191 
103.50 4.2189 
104.00 4.2187 
104.50 4.2184 
105.00 4.2182 
105.50 4.2180 
106.00 4.2178 
106.50 4.2177 
107.00 4.2177 
107.50 4.2178 
108.00 4.2178 
108.50 4.2179 
109.00 4.2179 
109.50 4.2179 
110.00 4.2180 
110.50 4.2181 
111.00 4.2183 
111.50 4.2186 
112.00 4.2188 
112.50 4.2191 
113.00 4.2194 
113.50 4.2196 
114.00 4.2199 
114.50 4.2202 
115.00 4.2206 
115.50 4.2211 
116.00 4.2216 
116.50 4.2221 
117.00 4.2226 
117.50 4.2230 
118.00 4.2235 
118.50 4.2240 
119.00 4.2247 
119.50 4.2254 
120.00 4.2260 
120.50 4.2267 
121.00 4.2274 
121.50 4.2281 
122.00 4.2288 
122.50 4.2295 
123.00 4.2304 
123.50 4.2313 
124.00 4.2322 
124.50 4.2331 
125.00 4.2340 
125.50 4.2349 
126.00 4.2358 
126.50 4.2367 
127.00 4.2378 
127.50 4.2389 
128.00 4.2399 
128.50 4.2410 
129.00 4.2421 
129.50 4.2432 
130.00 4.2443 
130.50 4.2454 
131.00 4.2466 
131.50 4.2479 
132.00 4.2492 
132.50 4.2505 
133.00 4.2518 
133.50 4.2530 
134.00 4.2543 
134.50 4.2556 
135.00 4.2570 
135.50 4.2585 
136.00 4.2599 
136.50 4.2614 
137.00 4.2629 
137.50 4.2644 
138.00 4.2659 
138.50 4.2674 
139.00 4.2689 
139.50 4.2706 
140.00 4.2722 
140.50 4.2739 
141.00 4.2755 
141.50 4.2772 
142.00 4.2788 
142.50 4.2805 
143.00 4.2822 
143.50 4.2840 
144.00 4.2858 
144.50 4.2877 
145.00 4.2895 
145.50 4.2913 
146.00 4.2931 
146.50 4.2950 
147.00 4.2968 
147.50 4.2988 
148.00 4.3008 
148.50 4.3028 
149.00 4.3048 
149.50 4.3068 
150.00 4.3088 
