  0.00 1.5378 
  0.50 3.1241 
  1.00 3.1446 
  1.50 3.1651 
  2.00 3.1844 
  2.50 3.2031 
  3.00 3.2219 
  3.50 3.2390 
  4.00 3.2560 
  4.50 3.2726 
  5.00 3.2879 
  5.50 3.3032 
  6.00 3.3178 
  6.50 3.3316 
  7.00 3.3455 
  7.50 3.3581 
  8.00 3.3704 
  8.50 3.3827 
  9.00 3.3937 
  9.50 3.4048 
 10.00 3.4154 
 10.50 3.4253 
 11.00 3.4352 
 11.50 3.4443 
 12.00 3.4532 
 12.50 3.4620 
 13.00 3.4698 
 13.50 3.4776 
 14.00 3.4851 
 14.50 3.4921 
 15.00 3.4991 
 15.50 3.5056 
 16.00 3.5118 
 16.50 3.5180 
 17.00 3.5237 
 17.50 3.5293 
 18.00 3.5347 
 18.50 3.5398 
 19.00 3.5449 
 19.50 3.5497 
 20.00 3.5543 
 20.50 3.5590 
 21.00 3.5634 
 21.50 3.5677 
 22.00 3.5721 
 22.50 3.5762 
 23.00 3.5804 
 23.50 3.5845 
 24.00 3.5885 
 24.50 3.5926 
 25.00 3.5967 
 25.50 3.6008 
 26.00 3.6049 
 26.50 3.6091 
 27.00 3.6133 
 27.50 3.6176 
 28.00 3.6221 
 28.50 3.6266 
 29.00 3.6313 
 29.50 3.6362 
 30.00 3.6410 
 30.50 3.6463 
 31.00 3.6516 
 31.50 3.6570 
 32.00 3.6630 
 32.50 3.6690 
 33.00 3.6752 
 33.50 3.6818 
 34.00 3.6885 
 34.50 3.6957 
 35.00 3.7032 
 35.50 3.7107 
 36.00 3.7190 
 36.50 3.7273 
 37.00 3.7360 
 37.50 3.7454 
 38.00 3.7549 
 38.50 3.7649 
 39.00 3.7754 
 39.50 3.7860 
 40.00 4.2856 
 40.50 4.2826 
 41.00 4.2796 
 41.50 4.2766 
 42.00 4.2736 
 42.50 4.2707 
 43.00 4.2677 
 43.50 4.2647 
 44.00 4.2619 
 44.50 4.2594 
 45.00 4.2568 
 45.50 4.2542 
 46.00 4.2517 
 46.50 4.2491 
 47.00 4.2465 
 47.50 4.2440 
 48.00 4.2416 
 48.50 4.2394 
 49.00 4.2373 
 49.50 4.2352 
 50.00 4.2331 
 50.50 4.2309 
 51.00 4.2288 
 51.50 4.2267 
 52.00 4.2246 
 52.50 4.2229 
 53.00 4.2211 
 53.50 4.2194 
 54.00 4.2177 
 54.50 4.2160 
 55.00 4.2142 
 55.50 4.2125 
 56.00 4.2108 
 56.50 4.2094 
 57.00 4.2081 
 57.50 4.2067 
 58.00 4.2054 
 58.50 4.2040 
 59.00 4.2027 
 59.50 4.2014 
 60.00 4.2000 
 60.50 4.1990 
 61.00 4.1980 
 61.50 4.1970 
 62.00 4.1961 
 62.50 4.1951 
 63.00 4.1941 
 63.50 4.1932 
 64.00 4.1922 
 64.50 4.1914 
 65.00 4.1908 
 65.50 4.1902 
 66.00 4.1895 
 66.50 4.1889 
 67.00 4.1883 
 67.50 4.1876 
 68.00 4.1870 
 68.50 4.1864 
 69.00 4.1861 
 69.50 4.1858 
 70.00 4.1855 
 70.50 4.1852 
 71.00 4.1849 
 71.50 4.1846 
 72.00 4.1843 
 72.50 4.1840 
 73.00 4.1840 
 73.50 4.1840 
 74.00 4.1840 
 74.50 4.1840 
 75.00 4.1839 
 75.50 4.1839 
 76.00 4.1839 
 76.50 4.1839 
 77.00 4.1841 
 77.50 4.1844 
 78.00 4.1846 
 78.50 4.1849 
 79.00 4.1852 
 79.50 4.1854 
 80.00 4.1857 
 80.50 4.1860 
 81.00 4.1864 
 81.50 4.1869 
 82.00 4.1875 
 82.50 4.1880 
 83.00 4.1885 
 83.50 4.1891 
 84.00 4.1896 
 84.50 4.1901 
 85.00 4.1907 
 85.50 4.1915 
 86.00 4.1922 
 86.50 4.1930 
 87.00 4.1937 
 87.50 4.1945 
 88.00 4.1953 
 88.50 4.1960 
 89.00 4.1968 
 89.50 4.1978 
 90.00 4.1987 
 90.50 4.1997 
 91.00 4.2007 
 91.50 4.2016 
 92.00 4.2026 
 92.50 4.2036 
 93.00 4.2046 
 93.50 4.2057 
 94.00 4.2069 
 94.50 4.2080 
 95.00 4.2092 
 95.50 4.2103 
 96.00 4.2115 
 96.50 4.2126 
 97.00 4.2138 
 97.50 4.2151 
 98.00 4.2164 
 98.50 4.2177 
 99.00 4.2191 
 99.50 4.2204 
100.00 4.2217 
100.50 4.2231 
101.00 4.2244 
101.50 4.2258 
102.00 4.2273 
102.50 4.2288 
103.00 4.2303 
103.50 4.2317 
104.00 4.2332 
104.50 4.2347 
105.00 4.2362 
105.50 4.2377 
106.00 4.2393 
106.50 4.2409 
107.00 4.2425 
107.50 4.2441 
108.00 4.2457 
108.50 4.2473 
109.00 4.2489 
109.50 4.2505 
110.00 4.2523 
110.50 4.2540 
111.00 4.2557 
111.50 4.2575 
112.00 4.2592 
112.50 4.2610 
113.00 4.2627 
113.50 4.2644 
114.00 4.2663 
114.50 4.2681 
115.00 4.2699 
115.50 4.2717 
116.00 4.2735 
116.50 4.2754 
117.00 4.2772 
117.50 4.2790 
118.00 4.2809 
118.50 4.2828 
119.00 4.2847 
119.50 4.2866 
120.00 4.2885 
120.50 4.2904 
121.00 4.2923 
121.50 4.2942 
122.00 4.2961 
122.50 4.2980 
123.00 4.3000 
123.50 4.3019 
124.00 4.3039 
124.50 4.3059 
125.00 4.3078 
125.50 4.3098 
126.00 4.3117 
126.50 4.3137 
127.00 4.3157 
127.50 4.3177 
128.00 4.3197 
128.50 4.3217 
129.00 4.3237 
129.50 4.3257 
130.00 4.3277 
130.50 4.3297 
131.00 4.3317 
131.50 4.3337 
132.00 4.3357 
132.50 4.3378 
133.00 4.3398 
133.50 4.3418 
134.00 4.3438 
134.50 4.3458 
135.00 4.3479 
135.50 4.3499 
136.00 4.3519 
136.50 4.3539 
137.00 4.3559 
137.50 4.3579 
138.00 4.3600 
138.50 4.3620 
139.00 4.3640 
139.50 4.3660 
140.00 4.3680 
140.50 4.3700 
141.00 4.3720 
141.50 4.3740 
142.00 4.3760 
142.50 4.3780 
143.00 4.3800 
143.50 4.3819 
144.00 4.3839 
144.50 4.3858 
145.00 4.3878 
145.50 4.3898 
146.00 4.3917 
146.50 4.3937 
147.00 4.3956 
147.50 4.3975 
148.00 4.3994 
148.50 4.4013 
149.00 4.4032 
149.50 4.4051 
150.00 4.4070 
