  0.00 1.2356 
  0.50 3.3972 
  1.00 3.4069 
  1.50 3.4165 
  2.00 3.4255 
  2.50 3.4344 
  3.00 3.4428 
  3.50 3.4509 
  4.00 3.4590 
  4.50 3.4663 
  5.00 3.4737 
  5.50 3.4808 
  6.00 3.4875 
  6.50 3.4942 
  7.00 3.5004 
  7.50 3.5065 
  8.00 3.5125 
  8.50 3.5182 
  9.00 3.5238 
  9.50 3.5292 
 10.00 3.5344 
 10.50 3.5395 
 11.00 3.5444 
 11.50 3.5493 
 12.00 3.5541 
 12.50 3.5588 
 13.00 3.5634 
 13.50 3.5679 
 14.00 3.5724 
 14.50 3.5768 
 15.00 3.5812 
 15.50 3.5855 
 16.00 3.5899 
 16.50 3.5943 
 17.00 3.5987 
 17.50 3.6032 
 18.00 3.6076 
 18.50 3.6122 
 19.00 3.6167 
 19.50 3.6214 
 20.00 3.6262 
 20.50 3.6310 
 21.00 3.6360 
 21.50 3.6412 
 22.00 3.6463 
 22.50 3.6519 
 23.00 3.6574 
 23.50 3.6632 
 24.00 3.6692 
 24.50 3.6752 
 25.00 3.6817 
 25.50 3.6883 
 26.00 3.6950 
 26.50 3.7022 
 27.00 3.7093 
 27.50 3.7170 
 28.00 3.7249 
 28.50 3.7330 
 29.00 3.7417 
 29.50 3.7504 
 30.00 3.7596 
 30.50 3.7692 
 31.00 3.7788 
 31.50 3.7894 
 32.00 3.7999 
 32.50 3.8109 
 33.00 3.8225 
 33.50 3.8340 
 34.00 3.8466 
 34.50 3.8593 
 35.00 3.8723 
 35.50 3.8862 
 36.00 3.9001 
 36.50 3.9149 
 37.00 3.9299 
 37.50 4.3566 
 38.00 4.3581 
 38.50 4.3595 
 39.00 4.3610 
 39.50 4.3625 
 40.00 4.3640 
 40.50 4.3655 
 41.00 4.3670 
 41.50 4.3685 
 42.00 4.3696 
 42.50 4.3707 
 43.00 4.3718 
 43.50 4.3729 
 44.00 4.3740 
 44.50 4.3751 
 45.00 4.3762 
 45.50 4.3773 
 46.00 4.3782 
 46.50 4.3789 
 47.00 4.3797 
 47.50 4.3804 
 48.00 4.3811 
 48.50 4.3819 
 49.00 4.3826 
 49.50 4.3834 
 50.00 4.3841 
 50.50 4.3845 
 51.00 4.3850 
 51.50 4.3854 
 52.00 4.3858 
 52.50 4.3863 
 53.00 4.3867 
 53.50 4.3872 
 54.00 4.3876 
 54.50 4.3879 
 55.00 4.3880 
 55.50 4.3882 
 56.00 4.3884 
 56.50 4.3886 
 57.00 4.3888 
 57.50 4.3890 
 58.00 4.3892 
 58.50 4.3893 
 59.00 4.3893 
 59.50 4.3893 
 60.00 4.3893 
 60.50 4.3892 
 61.00 4.3892 
 61.50 4.3892 
 62.00 4.3892 
 62.50 4.3892 
 63.00 4.3890 
 63.50 4.3888 
 64.00 4.3887 
 64.50 4.3885 
 65.00 4.3883 
 65.50 4.3882 
 66.00 4.3880 
 66.50 4.3878 
 67.00 4.3876 
 67.50 4.3873 
 68.00 4.3870 
 68.50 4.3868 
 69.00 4.3865 
 69.50 4.3862 
 70.00 4.3859 
 70.50 4.3856 
 71.00 4.3853 
 71.50 4.3850 
 72.00 4.3847 
 72.50 4.3844 
 73.00 4.3841 
 73.50 4.3837 
 74.00 4.3834 
 74.50 4.3831 
 75.00 4.3827 
 75.50 4.3824 
 76.00 4.3821 
 76.50 4.3818 
 77.00 4.3814 
 77.50 4.3811 
 78.00 4.3807 
 78.50 4.3804 
 79.00 4.3801 
 79.50 4.3798 
 80.00 4.3795 
 80.50 4.3792 
 81.00 4.3789 
 81.50 4.3786 
 82.00 4.3783 
 82.50 4.3780 
 83.00 4.3777 
 83.50 4.3775 
 84.00 4.3773 
 84.50 4.3771 
 85.00 4.3769 
 85.50 4.3767 
 86.00 4.3765 
 86.50 4.3763 
 87.00 4.3761 
 87.50 4.3759 
 88.00 4.3758 
 88.50 4.3758 
 89.00 4.3757 
 89.50 4.3757 
 90.00 4.3756 
 90.50 4.3755 
 91.00 4.3755 
 91.50 4.3754 
 92.00 4.3755 
 92.50 4.3756 
 93.00 4.3757 
 93.50 4.3758 
 94.00 4.3760 
 94.50 4.3761 
 95.00 4.3762 
 95.50 4.3763 
 96.00 4.3765 
 96.50 4.3768 
 97.00 4.3771 
 97.50 4.3774 
 98.00 4.3777 
 98.50 4.3780 
 99.00 4.3783 
 99.50 4.3785 
100.00 4.3788 
100.50 4.3793 
101.00 4.3798 
101.50 4.3803 
102.00 4.3808 
102.50 4.3812 
103.00 4.3817 
103.50 4.3822 
104.00 4.3827 
104.50 4.3833 
105.00 4.3839 
105.50 4.3846 
106.00 4.3852 
106.50 4.3858 
107.00 4.3865 
107.50 4.3871 
108.00 4.3877 
108.50 4.3884 
109.00 4.3892 
109.50 4.3901 
110.00 4.3909 
110.50 4.3917 
111.00 4.3925 
111.50 4.3933 
112.00 4.3941 
112.50 4.3949 
113.00 4.3958 
113.50 4.3968 
114.00 4.3977 
114.50 4.3987 
115.00 4.3996 
115.50 4.4006 
116.00 4.4015 
116.50 4.4025 
117.00 4.4035 
117.50 4.4046 
118.00 4.4057 
118.50 4.4069 
119.00 4.4079 
119.50 4.4090 
120.00 4.4102 
120.50 4.4113 
121.00 4.4124 
121.50 4.4136 
122.00 4.4149 
122.50 4.4161 
123.00 4.4174 
123.50 4.4186 
124.00 4.4198 
124.50 4.4211 
125.00 4.4223 
125.50 4.4237 
126.00 4.4251 
126.50 4.4264 
127.00 4.4278 
127.50 4.4292 
128.00 4.4306 
128.50 4.4320 
129.00 4.4333 
129.50 4.4348 
130.00 4.4363 
130.50 4.4378 
131.00 4.4393 
131.50 4.4408 
132.00 4.4422 
132.50 4.4437 
133.00 4.4452 
133.50 4.4468 
134.00 4.4484 
134.50 4.4500 
135.00 4.4516 
135.50 4.4532 
136.00 4.4549 
136.50 4.4565 
137.00 4.4581 
137.50 4.4597 
138.00 4.4615 
138.50 4.4632 
139.00 4.4649 
139.50 4.4666 
140.00 4.4684 
140.50 4.4701 
141.00 4.4718 
141.50 4.4735 
142.00 4.4753 
142.50 4.4772 
143.00 4.4790 
143.50 4.4809 
144.00 4.4827 
144.50 4.4845 
145.00 4.4863 
145.50 4.4882 
146.00 4.4901 
146.50 4.4920 
147.00 4.4939 
147.50 4.4958 
148.00 4.4978 
148.50 4.4997 
149.00 4.5016 
149.50 4.5036 
150.00 4.5055 
