  0.00 1.5954 
  0.50 1.8310 
  1.00 2.0667 
  1.50 2.3023 
  2.00 3.3303 
  2.50 3.3465 
  3.00 3.3627 
  3.50 3.3784 
  4.00 3.3931 
  4.50 3.4080 
  5.00 3.4217 
  5.50 3.4351 
  6.00 3.4484 
  6.50 3.4604 
  7.00 3.4725 
  7.50 3.4840 
  8.00 3.4949 
  8.50 3.5057 
  9.00 3.5158 
  9.50 3.5256 
 10.00 3.5353 
 10.50 3.5441 
 11.00 3.5529 
 11.50 3.5613 
 12.00 3.5692 
 12.50 3.5772 
 13.00 3.5845 
 13.50 3.5917 
 14.00 3.5988 
 14.50 3.6053 
 15.00 3.6118 
 15.50 3.6181 
 16.00 3.6240 
 16.50 3.6299 
 17.00 3.6355 
 17.50 3.6411 
 18.00 3.6465 
 18.50 3.6517 
 19.00 3.6568 
 19.50 3.6619 
 20.00 3.6668 
 20.50 3.6717 
 21.00 3.6766 
 21.50 3.6814 
 22.00 3.6862 
 22.50 3.6910 
 23.00 3.6958 
 23.50 3.7006 
 24.00 3.7055 
 24.50 3.7103 
 25.00 3.7153 
 25.50 3.7204 
 26.00 3.7255 
 26.50 3.7309 
 27.00 3.7363 
 27.50 3.7418 
 28.00 3.7477 
 28.50 3.7535 
 29.00 3.7597 
 29.50 3.7659 
 30.00 3.7723 
 30.50 3.7792 
 31.00 3.7862 
 31.50 3.7935 
 32.00 3.8011 
 32.50 3.8088 
 33.00 3.8171 
 33.50 3.8256 
 34.00 3.8343 
 34.50 3.8437 
 35.00 3.8531 
 35.50 3.8631 
 36.00 3.8736 
 36.50 3.8841 
 37.00 3.8956 
 37.50 3.9072 
 38.00 3.9191 
 38.50 3.9320 
 39.00 3.9449 
 39.50 3.9585 
 40.00 3.9727 
 40.50 3.9870 
 41.00 4.2925 
 41.50 4.2929 
 42.00 4.2933 
 42.50 4.2937 
 43.00 4.2941 
 43.50 4.2945 
 44.00 4.2949 
 44.50 4.2953 
 45.00 4.2957 
 45.50 4.2962 
 46.00 4.2966 
 46.50 4.2971 
 47.00 4.2976 
 47.50 4.2980 
 48.00 4.2985 
 48.50 4.2990 
 49.00 4.2995 
 49.50 4.3000 
 50.00 4.3005 
 50.50 4.3010 
 51.00 4.3016 
 51.50 4.3021 
 52.00 4.3026 
 52.50 4.3031 
 53.00 4.3037 
 53.50 4.3043 
 54.00 4.3049 
 54.50 4.3055 
 55.00 4.3060 
 55.50 4.3066 
 56.00 4.3072 
 56.50 4.3078 
 57.00 4.3084 
 57.50 4.3090 
 58.00 4.3097 
 58.50 4.3103 
 59.00 4.3110 
 59.50 4.3116 
 60.00 4.3123 
 60.50 4.3129 
 61.00 4.3136 
 61.50 4.3143 
 62.00 4.3150 
 62.50 4.3157 
 63.00 4.3164 
 63.50 4.3171 
 64.00 4.3178 
 64.50 4.3185 
 65.00 4.3193 
 65.50 4.3200 
 66.00 4.3208 
 66.50 4.3216 
 67.00 4.3223 
 67.50 4.3231 
 68.00 4.3239 
 68.50 4.3246 
 69.00 4.3254 
 69.50 4.3262 
 70.00 4.3270 
 70.50 4.3278 
 71.00 4.3287 
 71.50 4.3295 
 72.00 4.3303 
 72.50 4.3311 
 73.00 4.3319 
 73.50 4.3328 
 74.00 4.3337 
 74.50 4.3346 
 75.00 4.3355 
 75.50 4.3364 
 76.00 4.3373 
 76.50 4.3381 
 77.00 4.3390 
 77.50 4.3399 
 78.00 4.3409 
 78.50 4.3419 
 79.00 4.3428 
 79.50 4.3438 
 80.00 4.3447 
 80.50 4.3457 
 81.00 4.3466 
 81.50 4.3476 
 82.00 4.3486 
 82.50 4.3496 
 83.00 4.3506 
 83.50 4.3517 
 84.00 4.3527 
 84.50 4.3537 
 85.00 4.3547 
 85.50 4.3557 
 86.00 4.3568 
 86.50 4.3579 
 87.00 4.3589 
 87.50 4.3600 
 88.00 4.3611 
 88.50 4.3622 
 89.00 4.3632 
 89.50 4.3643 
 90.00 4.3654 
 90.50 4.3666 
 91.00 4.3677 
 91.50 4.3689 
 92.00 4.3700 
 92.50 4.3711 
 93.00 4.3723 
 93.50 4.3734 
 94.00 4.3746 
 94.50 4.3758 
 95.00 4.3770 
 95.50 4.3782 
 96.00 4.3794 
 96.50 4.3806 
 97.00 4.3818 
 97.50 4.3830 
 98.00 4.3842 
 98.50 4.3854 
 99.00 4.3867 
 99.50 4.3879 
100.00 4.3892 
100.50 4.3904 
101.00 4.3917 
101.50 4.3929 
102.00 4.3942 
102.50 4.3955 
103.00 4.3967 
103.50 4.3980 
104.00 4.3993 
104.50 4.4006 
105.00 4.4019 
105.50 4.4032 
106.00 4.4044 
106.50 4.4058 
107.00 4.4071 
107.50 4.4084 
108.00 4.4097 
108.50 4.4110 
109.00 4.4123 
109.50 4.4136 
110.00 4.4149 
110.50 4.4162 
111.00 4.4176 
111.50 4.4189 
112.00 4.4203 
112.50 4.4216 
113.00 4.4229 
113.50 4.4242 
114.00 4.4256 
114.50 4.4269 
115.00 4.4282 
115.50 4.4295 
116.00 4.4309 
116.50 4.4322 
117.00 4.4335 
117.50 4.4348 
118.00 4.4361 
118.50 4.4375 
119.00 4.4388 
119.50 4.4401 
120.00 4.4414 
120.50 4.4428 
121.00 4.4441 
121.50 4.4454 
122.00 4.4467 
122.50 4.4480 
123.00 4.4493 
123.50 4.4507 
124.00 4.4520 
124.50 4.4533 
125.00 4.4546 
125.50 4.4559 
126.00 4.4572 
126.50 4.4585 
127.00 4.4598 
127.50 4.4610 
128.00 4.4623 
128.50 4.4635 
129.00 4.4648 
129.50 4.4661 
130.00 4.4673 
130.50 4.4686 
131.00 4.4698 
131.50 4.4710 
132.00 4.4723 
132.50 4.4735 
133.00 4.4748 
133.50 4.4760 
134.00 4.4772 
134.50 4.4785 
135.00 4.4796 
135.50 4.4808 
136.00 4.4820 
136.50 4.4831 
137.00 4.4843 
137.50 4.4855 
138.00 4.4866 
138.50 4.4878 
139.00 4.4889 
139.50 4.4900 
140.00 4.4911 
140.50 4.4922 
141.00 4.4934 
141.50 4.4945 
142.00 4.4956 
142.50 4.4967 
143.00 4.4978 
143.50 4.4988 
144.00 4.4998 
144.50 4.5008 
145.00 4.5019 
145.50 4.5029 
146.00 4.5039 
146.50 4.5050 
147.00 4.5060 
147.50 4.5069 
148.00 4.5078 
148.50 4.5088 
149.00 4.5097 
149.50 4.5106 
150.00 4.5115 
