  0.00 1.3082 
  0.50 1.5809 
  1.00 1.8535 
  1.50 2.1262 
  2.00 2.3988 
  2.50 2.6715 
  3.00 3.4886 
  3.50 3.5012 
  4.00 3.5138 
  4.50 3.5255 
  5.00 3.5372 
  5.50 3.5488 
  6.00 3.5596 
  6.50 3.5703 
  7.00 3.5809 
  7.50 3.5908 
  8.00 3.6008 
  8.50 3.6104 
  9.00 3.6196 
  9.50 3.6287 
 10.00 3.6375 
 10.50 3.6460 
 11.00 3.6546 
 11.50 3.6626 
 12.00 3.6705 
 12.50 3.6784 
 13.00 3.6858 
 13.50 3.6932 
 14.00 3.7006 
 14.50 3.7075 
 15.00 3.7144 
 15.50 3.7212 
 16.00 3.7277 
 16.50 3.7342 
 17.00 3.7407 
 17.50 3.7469 
 18.00 3.7531 
 18.50 3.7592 
 19.00 3.7652 
 19.50 3.7712 
 20.00 3.7771 
 20.50 3.7830 
 21.00 3.7889 
 21.50 3.7947 
 22.00 3.8005 
 22.50 3.8063 
 23.00 3.8120 
 23.50 3.8178 
 24.00 3.8236 
 24.50 3.8295 
 25.00 3.8354 
 25.50 3.8413 
 26.00 3.8473 
 26.50 3.8533 
 27.00 3.8595 
 27.50 3.8657 
 28.00 3.8720 
 28.50 3.8785 
 29.00 3.8851 
 29.50 3.8916 
 30.00 3.8985 
 30.50 3.9055 
 31.00 3.9125 
 31.50 3.9199 
 32.00 3.9273 
 32.50 3.9348 
 33.00 3.9428 
 33.50 3.9507 
 34.00 3.9589 
 34.50 3.9674 
 35.00 3.9759 
 35.50 3.9849 
 36.00 3.9941 
 36.50 4.0033 
 37.00 4.0132 
 37.50 4.0231 
 38.00 4.0331 
 38.50 4.0439 
 39.00 4.0547 
 39.50 4.0656 
 40.00 4.0774 
 40.50 4.0891 
 41.00 4.1012 
 41.50 4.1139 
 42.00 4.1266 
 42.50 4.1398 
 43.00 4.1534 
 43.50 4.1671 
 44.00 4.4720 
 44.50 4.4757 
 45.00 4.4794 
 45.50 4.4832 
 46.00 4.4869 
 46.50 4.4906 
 47.00 4.4943 
 47.50 4.4980 
 48.00 4.5013 
 48.50 4.5045 
 49.00 4.5076 
 49.50 4.5108 
 50.00 4.5140 
 50.50 4.5171 
 51.00 4.5203 
 51.50 4.5234 
 52.00 4.5262 
 52.50 4.5288 
 53.00 4.5315 
 53.50 4.5341 
 54.00 4.5367 
 54.50 4.5393 
 55.00 4.5419 
 55.50 4.5445 
 56.00 4.5468 
 56.50 4.5489 
 57.00 4.5511 
 57.50 4.5532 
 58.00 4.5553 
 58.50 4.5574 
 59.00 4.5595 
 59.50 4.5617 
 60.00 4.5635 
 60.50 4.5652 
 61.00 4.5669 
 61.50 4.5686 
 62.00 4.5702 
 62.50 4.5719 
 63.00 4.5736 
 63.50 4.5753 
 64.00 4.5767 
 64.50 4.5780 
 65.00 4.5793 
 65.50 4.5806 
 66.00 4.5819 
 66.50 4.5831 
 67.00 4.5844 
 67.50 4.5857 
 68.00 4.5868 
 68.50 4.5877 
 69.00 4.5887 
 69.50 4.5897 
 70.00 4.5906 
 70.50 4.5916 
 71.00 4.5926 
 71.50 4.5935 
 72.00 4.5943 
 72.50 4.5949 
 73.00 4.5956 
 73.50 4.5962 
 74.00 4.5969 
 74.50 4.5975 
 75.00 4.5982 
 75.50 4.5988 
 76.00 4.5993 
 76.50 4.5998 
 77.00 4.6002 
 77.50 4.6006 
 78.00 4.6010 
 78.50 4.6014 
 79.00 4.6018 
 79.50 4.6022 
 80.00 4.6025 
 80.50 4.6028 
 81.00 4.6030 
 81.50 4.6032 
 82.00 4.6034 
 82.50 4.6037 
 83.00 4.6039 
 83.50 4.6041 
 84.00 4.6043 
 84.50 4.6043 
 85.00 4.6044 
 85.50 4.6045 
 86.00 4.6046 
 86.50 4.6047 
 87.00 4.6048 
 87.50 4.6049 
 88.00 4.6049 
 88.50 4.6049 
 89.00 4.6049 
 89.50 4.6049 
 90.00 4.6048 
 90.50 4.6048 
 91.00 4.6048 
 91.50 4.6048 
 92.00 4.6048 
 92.50 4.6047 
 93.00 4.6047 
 93.50 4.6046 
 94.00 4.6046 
 94.50 4.6045 
 95.00 4.6045 
 95.50 4.6044 
 96.00 4.6044 
 96.50 4.6043 
 97.00 4.6043 
 97.50 4.6042 
 98.00 4.6042 
 98.50 4.6041 
 99.00 4.6041 
 99.50 4.6040 
100.00 4.6040 
100.50 4.6040 
101.00 4.6039 
101.50 4.6039 
102.00 4.6038 
102.50 4.6038 
103.00 4.6038 
103.50 4.6037 
104.00 4.6037 
104.50 4.6037 
105.00 4.6036 
105.50 4.6036 
106.00 4.6035 
106.50 4.6035 
107.00 4.6035 
107.50 4.6034 
108.00 4.6034 
108.50 4.6033 
109.00 4.6033 
109.50 4.6033 
110.00 4.6032 
110.50 4.6032 
111.00 4.6032 
111.50 4.6031 
112.00 4.6031 
112.50 4.6031 
113.00 4.6031 
113.50 4.6031 
114.00 4.6030 
114.50 4.6030 
115.00 4.6030 
115.50 4.6030 
116.00 4.6030 
116.50 4.6030 
117.00 4.6030 
117.50 4.6030 
118.00 4.6029 
118.50 4.6029 
119.00 4.6029 
119.50 4.6029 
120.00 4.6029 
120.50 4.6029 
121.00 4.6029 
121.50 4.6029 
122.00 4.6029 
122.50 4.6028 
123.00 4.6028 
123.50 4.6028 
124.00 4.6028 
124.50 4.6028 
125.00 4.6028 
125.50 4.6028 
126.00 4.6028 
126.50 4.6028 
127.00 4.6028 
127.50 4.6028 
128.00 4.6028 
128.50 4.6028 
129.00 4.6028 
129.50 4.6028 
130.00 4.6028 
130.50 4.6028 
131.00 4.6028 
131.50 4.6028 
132.00 4.6028 
132.50 4.6028 
133.00 4.6028 
133.50 4.6028 
134.00 4.6029 
134.50 4.6029 
135.00 4.6029 
135.50 4.6029 
136.00 4.6029 
136.50 4.6029 
137.00 4.6029 
137.50 4.6029 
138.00 4.6029 
138.50 4.6029 
139.00 4.6029 
139.50 4.6029 
140.00 4.6029 
140.50 4.6029 
141.00 4.6030 
141.50 4.6030 
142.00 4.6030 
142.50 4.6030 
143.00 4.6031 
143.50 4.6031 
144.00 4.6031 
144.50 4.6031 
145.00 4.6031 
145.50 4.6031 
146.00 4.6032 
146.50 4.6032 
147.00 4.6032 
147.50 4.6032 
148.00 4.6032 
148.50 4.6032 
149.00 4.6033 
149.50 4.6033 
150.00 4.6033 
