  0.00 1.6921 
  0.50 1.9283 
  1.00 2.1644 
  1.50 2.4006 
  2.00 2.6368 
  2.50 2.8729 
  3.00 3.5030 
  3.50 3.5114 
  4.00 3.5199 
  4.50 3.5281 
  5.00 3.5363 
  5.50 3.5444 
  6.00 3.5523 
  6.50 3.5601 
  7.00 3.5679 
  7.50 3.5755 
  8.00 3.5830 
  8.50 3.5905 
  9.00 3.5979 
  9.50 3.6050 
 10.00 3.6122 
 10.50 3.6193 
 11.00 3.6263 
 11.50 3.6332 
 12.00 3.6401 
 12.50 3.6469 
 13.00 3.6536 
 13.50 3.6603 
 14.00 3.6669 
 14.50 3.6734 
 15.00 3.6799 
 15.50 3.6863 
 16.00 3.6927 
 16.50 3.6991 
 17.00 3.7054 
 17.50 3.7116 
 18.00 3.7179 
 18.50 3.7241 
 19.00 3.7302 
 19.50 3.7364 
 20.00 3.7425 
 20.50 3.7486 
 21.00 3.7548 
 21.50 3.7609 
 22.00 3.7670 
 22.50 3.7730 
 23.00 3.7791 
 23.50 3.7852 
 24.00 3.7913 
 24.50 3.7974 
 25.00 3.8035 
 25.50 3.8096 
 26.00 3.8158 
 26.50 3.8220 
 27.00 3.8282 
 27.50 3.8344 
 28.00 3.8406 
 28.50 3.8469 
 29.00 3.8533 
 29.50 3.8596 
 30.00 3.8661 
 30.50 3.8725 
 31.00 3.8790 
 31.50 3.8856 
 32.00 3.8923 
 32.50 3.8989 
 33.00 3.9057 
 33.50 3.9126 
 34.00 3.9194 
 34.50 3.9264 
 35.00 3.9335 
 35.50 3.9406 
 36.00 3.9478 
 36.50 3.9552 
 37.00 3.9626 
 37.50 3.9701 
 38.00 3.9777 
 38.50 3.9854 
 39.00 3.9931 
 39.50 4.0011 
 40.00 4.0092 
 40.50 4.0172 
 41.00 4.0255 
 41.50 4.0339 
 42.00 4.0423 
 42.50 4.0510 
 43.00 4.0598 
 43.50 4.0686 
 44.00 4.0776 
 44.50 4.0869 
 45.00 4.0961 
 45.50 4.1056 
 46.00 4.1153 
 46.50 4.1250 
 47.00 4.1348 
 47.50 4.1450 
 48.00 4.1552 
 48.50 4.1654 
 49.00 4.4068 
 49.50 4.4100 
 50.00 4.4132 
 50.50 4.4164 
 51.00 4.4196 
 51.50 4.4229 
 52.00 4.4261 
 52.50 4.4292 
 53.00 4.4318 
 53.50 4.4345 
 54.00 4.4371 
 54.50 4.4397 
 55.00 4.4424 
 55.50 4.4450 
 56.00 4.4476 
 56.50 4.4500 
 57.00 4.4520 
 57.50 4.4541 
 58.00 4.4561 
 58.50 4.4582 
 59.00 4.4602 
 59.50 4.4623 
 60.00 4.4643 
 60.50 4.4661 
 61.00 4.4676 
 61.50 4.4692 
 62.00 4.4708 
 62.50 4.4724 
 63.00 4.4739 
 63.50 4.4755 
 64.00 4.4771 
 64.50 4.4783 
 65.00 4.4794 
 65.50 4.4805 
 66.00 4.4816 
 66.50 4.4827 
 67.00 4.4839 
 67.50 4.4850 
 68.00 4.4861 
 68.50 4.4868 
 69.00 4.4876 
 69.50 4.4884 
 70.00 4.4892 
 70.50 4.4899 
 71.00 4.4907 
 71.50 4.4915 
 72.00 4.4921 
 72.50 4.4926 
 73.00 4.4931 
 73.50 4.4935 
 74.00 4.4940 
 74.50 4.4945 
 75.00 4.4949 
 75.50 4.4954 
 76.00 4.4957 
 76.50 4.4960 
 77.00 4.4962 
 77.50 4.4964 
 78.00 4.4967 
 78.50 4.4969 
 79.00 4.4971 
 79.50 4.4973 
 80.00 4.4974 
 80.50 4.4975 
 81.00 4.4976 
 81.50 4.4976 
 82.00 4.4977 
 82.50 4.4978 
 83.00 4.4978 
 83.50 4.4979 
 84.00 4.4979 
 84.50 4.4978 
 85.00 4.4978 
 85.50 4.4977 
 86.00 4.4977 
 86.50 4.4977 
 87.00 4.4976 
 87.50 4.4976 
 88.00 4.4975 
 88.50 4.4974 
 89.00 4.4973 
 89.50 4.4973 
 90.00 4.4972 
 90.50 4.4971 
 91.00 4.4970 
 91.50 4.4970 
 92.00 4.4969 
 92.50 4.4969 
 93.00 4.4968 
 93.50 4.4968 
 94.00 4.4967 
 94.50 4.4967 
 95.00 4.4966 
 95.50 4.4966 
 96.00 4.4967 
 96.50 4.4967 
 97.00 4.4967 
 97.50 4.4968 
 98.00 4.4968 
 98.50 4.4969 
 99.00 4.4969 
 99.50 4.4971 
100.00 4.4973 
100.50 4.4975 
101.00 4.4977 
101.50 4.4979 
102.00 4.4981 
102.50 4.4982 
103.00 4.4985 
103.50 4.4988 
104.00 4.4991 
104.50 4.4995 
105.00 4.4998 
105.50 4.5001 
106.00 4.5005 
106.50 4.5008 
107.00 4.5012 
107.50 4.5017 
108.00 4.5021 
108.50 4.5026 
109.00 4.5030 
109.50 4.5035 
110.00 4.5040 
110.50 4.5044 
111.00 4.5050 
111.50 4.5055 
112.00 4.5061 
112.50 4.5067 
113.00 4.5072 
113.50 4.5078 
114.00 4.5084 
114.50 4.5089 
115.00 4.5096 
115.50 4.5102 
116.00 4.5109 
116.50 4.5115 
117.00 4.5122 
117.50 4.5129 
118.00 4.5135 
118.50 4.5142 
119.00 4.5149 
119.50 4.5156 
120.00 4.5164 
120.50 4.5171 
121.00 4.5179 
121.50 4.5186 
122.00 4.5193 
122.50 4.5201 
123.00 4.5209 
123.50 4.5217 
124.00 4.5225 
124.50 4.5233 
125.00 4.5241 
125.50 4.5249 
126.00 4.5257 
126.50 4.5265 
127.00 4.5273 
127.50 4.5282 
128.00 4.5290 
128.50 4.5298 
129.00 4.5307 
129.50 4.5315 
130.00 4.5323 
130.50 4.5332 
131.00 4.5341 
131.50 4.5349 
132.00 4.5358 
132.50 4.5366 
133.00 4.5375 
133.50 4.5384 
134.00 4.5392 
134.50 4.5401 
135.00 4.5410 
135.50 4.5418 
136.00 4.5427 
136.50 4.5435 
137.00 4.5444 
137.50 4.5453 
138.00 4.5461 
138.50 4.5470 
139.00 4.5479 
139.50 4.5487 
140.00 4.5496 
140.50 4.5504 
141.00 4.5513 
141.50 4.5522 
142.00 4.5530 
142.50 4.5538 
143.00 4.5547 
143.50 4.5555 
144.00 4.5563 
144.50 4.5571 
145.00 4.5580 
145.50 4.5588 
146.00 4.5596 
146.50 4.5604 
147.00 4.5611 
147.50 4.5619 
148.00 4.5627 
148.50 4.5635 
149.00 4.5643 
149.50 4.5651 
150.00 4.5658 
