  0.00 0.5594 
  0.50 1.0248 
  1.00 1.4902 
  1.50 1.9557 
  2.00 2.4211 
  2.50 3.4375 
  3.00 3.4521 
  3.50 3.4667 
  4.00 3.4812 
  4.50 3.4946 
  5.00 3.5079 
  5.50 3.5212 
  6.00 3.5333 
  6.50 3.5453 
  7.00 3.5573 
  7.50 3.5682 
  8.00 3.5791 
  8.50 3.5899 
  9.00 3.5999 
  9.50 3.6096 
 10.00 3.6194 
 10.50 3.6285 
 11.00 3.6373 
 11.50 3.6461 
 12.00 3.6544 
 12.50 3.6623 
 13.00 3.6702 
 13.50 3.6778 
 14.00 3.6849 
 14.50 3.6921 
 15.00 3.6990 
 15.50 3.7055 
 16.00 3.7120 
 16.50 3.7184 
 17.00 3.7243 
 17.50 3.7303 
 18.00 3.7361 
 18.50 3.7417 
 19.00 3.7472 
 19.50 3.7527 
 20.00 3.7579 
 20.50 3.7630 
 21.00 3.7682 
 21.50 3.7732 
 22.00 3.7782 
 22.50 3.7832 
 23.00 3.7880 
 23.50 3.7928 
 24.00 3.7976 
 24.50 3.8025 
 25.00 3.8073 
 25.50 3.8121 
 26.00 3.8170 
 26.50 3.8219 
 27.00 3.8269 
 27.50 3.8319 
 28.00 3.8370 
 28.50 3.8421 
 29.00 3.8474 
 29.50 3.8528 
 30.00 3.8582 
 30.50 3.8638 
 31.00 3.8696 
 31.50 3.8754 
 32.00 3.8815 
 32.50 3.8878 
 33.00 3.8941 
 33.50 3.9006 
 34.00 3.9076 
 34.50 3.9145 
 35.00 3.9217 
 35.50 3.9293 
 36.00 3.9369 
 36.50 3.9448 
 37.00 3.9532 
 37.50 3.9617 
 38.00 3.9702 
 38.50 3.9797 
 39.00 3.9891 
 39.50 3.9985 
 40.00 4.0090 
 40.50 4.0194 
 41.00 4.0298 
 41.50 4.0414 
 42.00 4.0530 
 42.50 4.0646 
 43.00 4.0772 
 43.50 4.0900 
 44.00 4.1029 
 44.50 4.1167 
 45.00 4.1309 
 45.50 4.1451 
 46.00 4.1602 
 46.50 4.1758 
 47.00 4.1913 
 47.50 4.5052 
 48.00 4.5068 
 48.50 4.5084 
 49.00 4.5101 
 49.50 4.5117 
 50.00 4.5133 
 50.50 4.5150 
 51.00 4.5166 
 51.50 4.5183 
 52.00 4.5200 
 52.50 4.5217 
 53.00 4.5234 
 53.50 4.5251 
 54.00 4.5268 
 54.50 4.5285 
 55.00 4.5302 
 55.50 4.5319 
 56.00 4.5336 
 56.50 4.5354 
 57.00 4.5371 
 57.50 4.5389 
 58.00 4.5406 
 58.50 4.5423 
 59.00 4.5441 
 59.50 4.5458 
 60.00 4.5476 
 60.50 4.5493 
 61.00 4.5511 
 61.50 4.5528 
 62.00 4.5546 
 62.50 4.5563 
 63.00 4.5581 
 63.50 4.5598 
 64.00 4.5616 
 64.50 4.5633 
 65.00 4.5651 
 65.50 4.5669 
 66.00 4.5686 
 66.50 4.5704 
 67.00 4.5721 
 67.50 4.5739 
 68.00 4.5756 
 68.50 4.5774 
 69.00 4.5791 
 69.50 4.5809 
 70.00 4.5826 
 70.50 4.5844 
 71.00 4.5861 
 71.50 4.5878 
 72.00 4.5895 
 72.50 4.5912 
 73.00 4.5929 
 73.50 4.5946 
 74.00 4.5964 
 74.50 4.5981 
 75.00 4.5998 
 75.50 4.6014 
 76.00 4.6031 
 76.50 4.6048 
 77.00 4.6064 
 77.50 4.6081 
 78.00 4.6098 
 78.50 4.6115 
 79.00 4.6131 
 79.50 4.6147 
 80.00 4.6163 
 80.50 4.6179 
 81.00 4.6195 
 81.50 4.6211 
 82.00 4.6227 
 82.50 4.6243 
 83.00 4.6258 
 83.50 4.6274 
 84.00 4.6289 
 84.50 4.6304 
 85.00 4.6320 
 85.50 4.6335 
 86.00 4.6350 
 86.50 4.6365 
 87.00 4.6380 
 87.50 4.6394 
 88.00 4.6409 
 88.50 4.6423 
 89.00 4.6438 
 89.50 4.6452 
 90.00 4.6467 
 90.50 4.6480 
 91.00 4.6494 
 91.50 4.6507 
 92.00 4.6520 
 92.50 4.6533 
 93.00 4.6547 
 93.50 4.6560 
 94.00 4.6573 
 94.50 4.6586 
 95.00 4.6598 
 95.50 4.6610 
 96.00 4.6622 
 96.50 4.6634 
 97.00 4.6646 
 97.50 4.6658 
 98.00 4.6670 
 98.50 4.6681 
 99.00 4.6692 
 99.50 4.6702 
100.00 4.6713 
100.50 4.6724 
101.00 4.6734 
101.50 4.6745 
102.00 4.6756 
102.50 4.6765 
103.00 4.6775 
103.50 4.6784 
104.00 4.6793 
104.50 4.6802 
105.00 4.6811 
105.50 4.6820 
106.00 4.6829 
106.50 4.6837 
107.00 4.6845 
107.50 4.6853 
108.00 4.6861 
108.50 4.6869 
109.00 4.6877 
109.50 4.6885 
110.00 4.6893 
110.50 4.6899 
111.00 4.6905 
111.50 4.6912 
112.00 4.6918 
112.50 4.6925 
113.00 4.6932 
113.50 4.6938 
114.00 4.6944 
114.50 4.6950 
115.00 4.6955 
115.50 4.6960 
116.00 4.6966 
116.50 4.6971 
117.00 4.6976 
117.50 4.6982 
118.00 4.6986 
118.50 4.6990 
119.00 4.6994 
119.50 4.6998 
120.00 4.7002 
120.50 4.7006 
121.00 4.7010 
121.50 4.7014 
122.00 4.7017 
122.50 4.7020 
123.00 4.7023 
123.50 4.7025 
124.00 4.7028 
124.50 4.7031 
125.00 4.7034 
125.50 4.7037 
126.00 4.7039 
126.50 4.7040 
127.00 4.7042 
127.50 4.7043 
128.00 4.7045 
128.50 4.7047 
129.00 4.7048 
129.50 4.7050 
130.00 4.7050 
130.50 4.7051 
131.00 4.7052 
131.50 4.7052 
132.00 4.7053 
132.50 4.7053 
133.00 4.7054 
133.50 4.7054 
134.00 4.7053 
134.50 4.7053 
135.00 4.7052 
135.50 4.7052 
136.00 4.7051 
136.50 4.7051 
137.00 4.7050 
137.50 4.7049 
138.00 4.7047 
138.50 4.7046 
139.00 4.7044 
139.50 4.7042 
140.00 4.7040 
140.50 4.7039 
141.00 4.7037 
141.50 4.7035 
142.00 4.7032 
142.50 4.7029 
143.00 4.7027 
143.50 4.7024 
144.00 4.7021 
144.50 4.7019 
145.00 4.7016 
145.50 4.7012 
146.00 4.7009 
146.50 4.7005 
147.00 4.7001 
147.50 4.6998 
148.00 4.6994 
148.50 4.6990 
149.00 4.6986 
149.50 4.6982 
150.00 4.6977 
