  0.00 1.4151 
  0.50 3.2833 
  1.00 3.2926 
  1.50 3.3018 
  2.00 3.3106 
  2.50 3.3193 
  3.00 3.3279 
  3.50 3.3361 
  4.00 3.3441 
  4.50 3.3521 
  5.00 3.3597 
  5.50 3.3672 
  6.00 3.3746 
  6.50 3.3818 
  7.00 3.3889 
  7.50 3.3958 
  8.00 3.4026 
  8.50 3.4094 
  9.00 3.4160 
  9.50 3.4225 
 10.00 3.4290 
 10.50 3.4353 
 11.00 3.4416 
 11.50 3.4478 
 12.00 3.4540 
 12.50 3.4601 
 13.00 3.4663 
 13.50 3.4724 
 14.00 3.4785 
 14.50 3.4846 
 15.00 3.4907 
 15.50 3.4969 
 16.00 3.5031 
 16.50 3.5093 
 17.00 3.5155 
 17.50 3.5219 
 18.00 3.5282 
 18.50 3.5347 
 19.00 3.5413 
 19.50 3.5479 
 20.00 3.5548 
 20.50 3.5617 
 21.00 3.5686 
 21.50 3.5759 
 22.00 3.5832 
 22.50 3.5906 
 23.00 3.5983 
 23.50 3.6060 
 24.00 3.6140 
 24.50 3.6223 
 25.00 3.6306 
 25.50 3.6393 
 26.00 3.6481 
 26.50 3.6570 
 27.00 3.6665 
 27.50 3.6760 
 28.00 3.6857 
 28.50 3.6960 
 29.00 3.7063 
 29.50 3.7170 
 30.00 3.7280 
 30.50 3.7391 
 31.00 3.7508 
 31.50 3.7628 
 32.00 3.7748 
 32.50 3.7877 
 33.00 3.8007 
 33.50 3.8138 
 34.00 3.8278 
 34.50 3.8418 
 35.00 3.8563 
 35.50 3.8714 
 36.00 3.8865 
 36.50 3.9024 
 37.00 3.9186 
 37.50 3.9350 
 38.00 3.9524 
 38.50 3.9699 
 39.00 3.9876 
 39.50 4.0063 
 40.00 4.0251 
 40.50 4.2277 
 41.00 4.2276 
 41.50 4.2275 
 42.00 4.2275 
 42.50 4.2274 
 43.00 4.2273 
 43.50 4.2272 
 44.00 4.2272 
 44.50 4.2272 
 45.00 4.2276 
 45.50 4.2280 
 46.00 4.2283 
 46.50 4.2287 
 47.00 4.2291 
 47.50 4.2295 
 48.00 4.2299 
 48.50 4.2303 
 49.00 4.2311 
 49.50 4.2319 
 50.00 4.2327 
 50.50 4.2335 
 51.00 4.2343 
 51.50 4.2351 
 52.00 4.2359 
 52.50 4.2367 
 53.00 4.2377 
 53.50 4.2389 
 54.00 4.2401 
 54.50 4.2412 
 55.00 4.2424 
 55.50 4.2435 
 56.00 4.2447 
 56.50 4.2459 
 57.00 4.2472 
 57.50 4.2487 
 58.00 4.2501 
 58.50 4.2516 
 59.00 4.2531 
 59.50 4.2545 
 60.00 4.2560 
 60.50 4.2575 
 61.00 4.2591 
 61.50 4.2608 
 62.00 4.2625 
 62.50 4.2642 
 63.00 4.2659 
 63.50 4.2677 
 64.00 4.2694 
 64.50 4.2711 
 65.00 4.2729 
 65.50 4.2748 
 66.00 4.2768 
 66.50 4.2787 
 67.00 4.2806 
 67.50 4.2826 
 68.00 4.2845 
 68.50 4.2865 
 69.00 4.2884 
 69.50 4.2905 
 70.00 4.2926 
 70.50 4.2946 
 71.00 4.2967 
 71.50 4.2988 
 72.00 4.3009 
 72.50 4.3030 
 73.00 4.3050 
 73.50 4.3072 
 74.00 4.3094 
 74.50 4.3116 
 75.00 4.3138 
 75.50 4.3160 
 76.00 4.3182 
 76.50 4.3204 
 77.00 4.3226 
 77.50 4.3248 
 78.00 4.3270 
 78.50 4.3293 
 79.00 4.3315 
 79.50 4.3338 
 80.00 4.3360 
 80.50 4.3382 
 81.00 4.3405 
 81.50 4.3427 
 82.00 4.3449 
 82.50 4.3472 
 83.00 4.3494 
 83.50 4.3516 
 84.00 4.3539 
 84.50 4.3561 
 85.00 4.3583 
 85.50 4.3605 
 86.00 4.3627 
 86.50 4.3649 
 87.00 4.3671 
 87.50 4.3693 
 88.00 4.3715 
 88.50 4.3737 
 89.00 4.3758 
 89.50 4.3780 
 90.00 4.3801 
 90.50 4.3822 
 91.00 4.3843 
 91.50 4.3864 
 92.00 4.3885 
 92.50 4.3906 
 93.00 4.3926 
 93.50 4.3947 
 94.00 4.3967 
 94.50 4.3986 
 95.00 4.4006 
 95.50 4.4025 
 96.00 4.4044 
 96.50 4.4064 
 97.00 4.4083 
 97.50 4.4103 
 98.00 4.4121 
 98.50 4.4139 
 99.00 4.4157 
 99.50 4.4174 
100.00 4.4192 
100.50 4.4210 
101.00 4.4228 
101.50 4.4246 
102.00 4.4263 
102.50 4.4279 
103.00 4.4295 
103.50 4.4311 
104.00 4.4328 
104.50 4.4344 
105.00 4.4360 
105.50 4.4376 
106.00 4.4392 
106.50 4.4407 
107.00 4.4422 
107.50 4.4436 
108.00 4.4451 
108.50 4.4466 
109.00 4.4481 
109.50 4.4496 
110.00 4.4510 
110.50 4.4523 
111.00 4.4536 
111.50 4.4550 
112.00 4.4563 
112.50 4.4576 
113.00 4.4589 
113.50 4.4603 
114.00 4.4616 
114.50 4.4627 
115.00 4.4639 
115.50 4.4651 
116.00 4.4663 
116.50 4.4674 
117.00 4.4686 
117.50 4.4698 
118.00 4.4710 
118.50 4.4720 
119.00 4.4730 
119.50 4.4741 
120.00 4.4751 
120.50 4.4761 
121.00 4.4771 
121.50 4.4782 
122.00 4.4792 
122.50 4.4801 
123.00 4.4810 
123.50 4.4818 
124.00 4.4827 
124.50 4.4836 
125.00 4.4844 
125.50 4.4853 
126.00 4.4862 
126.50 4.4870 
127.00 4.4877 
127.50 4.4884 
128.00 4.4892 
128.50 4.4899 
129.00 4.4906 
129.50 4.4913 
130.00 4.4920 
130.50 4.4927 
131.00 4.4933 
131.50 4.4939 
132.00 4.4944 
132.50 4.4950 
133.00 4.4956 
133.50 4.4962 
134.00 4.4967 
134.50 4.4973 
135.00 4.4977 
135.50 4.4982 
136.00 4.4986 
136.50 4.4990 
137.00 4.4995 
137.50 4.4999 
138.00 4.5003 
138.50 4.5007 
139.00 4.5010 
139.50 4.5013 
140.00 4.5016 
140.50 4.5019 
141.00 4.5022 
141.50 4.5024 
142.00 4.5027 
142.50 4.5030 
143.00 4.5032 
143.50 4.5033 
144.00 4.5035 
144.50 4.5036 
145.00 4.5037 
145.50 4.5039 
146.00 4.5040 
146.50 4.5041 
147.00 4.5042 
147.50 4.5042 
148.00 4.5042 
148.50 4.5042 
149.00 4.5042 
149.50 4.5042 
150.00 4.5042 
