  0.00 1.4173 
  0.50 1.7805 
  1.00 2.1438 
  1.50 3.1801 
  2.00 3.2036 
  2.50 3.2271 
  3.00 3.2494 
  3.50 3.2709 
  4.00 3.2920 
  4.50 3.3115 
  5.00 3.3310 
  5.50 3.3491 
  6.00 3.3667 
  6.50 3.3838 
  7.00 3.3996 
  7.50 3.4154 
  8.00 3.4299 
  8.50 3.4440 
  9.00 3.4576 
  9.50 3.4702 
 10.00 3.4827 
 10.50 3.4941 
 11.00 3.5052 
 11.50 3.5158 
 12.00 3.5256 
 12.50 3.5354 
 13.00 3.5441 
 13.50 3.5527 
 14.00 3.5608 
 14.50 3.5683 
 15.00 3.5758 
 15.50 3.5824 
 16.00 3.5889 
 16.50 3.5950 
 17.00 3.6007 
 17.50 3.6063 
 18.00 3.6113 
 18.50 3.6162 
 19.00 3.6208 
 19.50 3.6251 
 20.00 3.6293 
 20.50 3.6331 
 21.00 3.6370 
 21.50 3.6405 
 22.00 3.6440 
 22.50 3.6473 
 23.00 3.6505 
 23.50 3.6536 
 24.00 3.6566 
 24.50 3.6596 
 25.00 3.6626 
 25.50 3.6656 
 26.00 3.6686 
 26.50 3.6716 
 27.00 3.6746 
 27.50 3.6777 
 28.00 3.6810 
 28.50 3.6842 
 29.00 3.6877 
 29.50 3.6913 
 30.00 3.6950 
 30.50 3.6990 
 31.00 3.7029 
 31.50 3.7074 
 32.00 3.7119 
 32.50 3.7168 
 33.00 3.7219 
 33.50 3.7271 
 34.00 3.7330 
 34.50 3.7390 
 35.00 3.7455 
 35.50 3.7523 
 36.00 3.7593 
 36.50 3.7671 
 37.00 3.7749 
 37.50 3.9325 
 38.00 3.9501 
 38.50 3.9676 
 39.00 3.9850 
 39.50 4.0025 
 40.00 4.0200 
 40.50 4.0375 
 41.00 4.0550 
 41.50 4.0716 
 42.00 4.0861 
 42.50 4.1005 
 43.00 4.1149 
 43.50 4.1293 
 44.00 4.1437 
 44.50 4.1582 
 45.00 4.1726 
 45.50 4.1870 
 46.00 4.1986 
 46.50 4.2101 
 47.00 4.2215 
 47.50 4.2330 
 48.00 4.2444 
 48.50 4.2559 
 49.00 4.2673 
 49.50 4.2788 
 50.00 4.2887 
 50.50 4.2975 
 51.00 4.3063 
 51.50 4.3151 
 52.00 4.3239 
 52.50 4.3327 
 53.00 4.3415 
 53.50 4.3503 
 54.00 4.3585 
 54.50 4.3650 
 55.00 4.3714 
 55.50 4.3779 
 56.00 4.3843 
 56.50 4.3907 
 57.00 4.3972 
 57.50 4.4036 
 58.00 4.4101 
 58.50 4.4147 
 59.00 4.4190 
 59.50 4.4234 
 60.00 4.4277 
 60.50 4.4321 
 61.00 4.4364 
 61.50 4.4408 
 62.00 4.4451 
 62.50 4.4485 
 63.00 4.4511 
 63.50 4.4536 
 64.00 4.4562 
 64.50 4.4588 
 65.00 4.4614 
 65.50 4.4639 
 66.00 4.4665 
 66.50 4.4688 
 67.00 4.4699 
 67.50 4.4709 
 68.00 4.4720 
 68.50 4.4731 
 69.00 4.4741 
 69.50 4.4752 
 70.00 4.4763 
 70.50 4.4773 
 71.00 4.4774 
 71.50 4.4773 
 72.00 4.4771 
 72.50 4.4770 
 73.00 4.4769 
 73.50 4.4767 
 74.00 4.4766 
 74.50 4.4765 
 75.00 4.4759 
 75.50 4.4748 
 76.00 4.4738 
 76.50 4.4728 
 77.00 4.4717 
 77.50 4.4707 
 78.00 4.4696 
 78.50 4.4686 
 79.00 4.4675 
 79.50 4.4658 
 80.00 4.4641 
 80.50 4.4624 
 81.00 4.4608 
 81.50 4.4591 
 82.00 4.4574 
 82.50 4.4557 
 83.00 4.4540 
 83.50 4.4521 
 84.00 4.4501 
 84.50 4.4481 
 85.00 4.4461 
 85.50 4.4441 
 86.00 4.4421 
 86.50 4.4400 
 87.00 4.4380 
 87.50 4.4360 
 88.00 4.4340 
 88.50 4.4319 
 89.00 4.4299 
 89.50 4.4278 
 90.00 4.4258 
 90.50 4.4237 
 91.00 4.4217 
 91.50 4.4196 
 92.00 4.4178 
 92.50 4.4159 
 93.00 4.4141 
 93.50 4.4122 
 94.00 4.4104 
 94.50 4.4085 
 95.00 4.4066 
 95.50 4.4048 
 96.00 4.4031 
 96.50 4.4015 
 97.00 4.3999 
 97.50 4.3982 
 98.00 4.3966 
 98.50 4.3950 
 99.00 4.3934 
 99.50 4.3918 
100.00 4.3903 
100.50 4.3889 
101.00 4.3875 
101.50 4.3861 
102.00 4.3848 
102.50 4.3834 
103.00 4.3820 
103.50 4.3806 
104.00 4.3792 
104.50 4.3781 
105.00 4.3770 
105.50 4.3758 
106.00 4.3747 
106.50 4.3736 
107.00 4.3724 
107.50 4.3713 
108.00 4.3701 
108.50 4.3692 
109.00 4.3683 
109.50 4.3674 
110.00 4.3665 
110.50 4.3656 
111.00 4.3647 
111.50 4.3638 
112.00 4.3629 
112.50 4.3621 
113.00 4.3614 
113.50 4.3607 
114.00 4.3600 
114.50 4.3593 
115.00 4.3586 
115.50 4.3580 
116.00 4.3573 
116.50 4.3566 
117.00 4.3562 
117.50 4.3557 
118.00 4.3553 
118.50 4.3548 
119.00 4.3544 
119.50 4.3539 
120.00 4.3535 
120.50 4.3531 
121.00 4.3528 
121.50 4.3525 
122.00 4.3523 
122.50 4.3521 
123.00 4.3518 
123.50 4.3516 
124.00 4.3514 
124.50 4.3512 
125.00 4.3510 
125.50 4.3510 
126.00 4.3510 
126.50 4.3510 
127.00 4.3510 
127.50 4.3509 
128.00 4.3509 
128.50 4.3509 
129.00 4.3509 
129.50 4.3511 
130.00 4.3513 
130.50 4.3515 
131.00 4.3518 
131.50 4.3520 
132.00 4.3522 
132.50 4.3524 
133.00 4.3526 
133.50 4.3529 
134.00 4.3534 
134.50 4.3538 
135.00 4.3542 
135.50 4.3546 
136.00 4.3550 
136.50 4.3555 
137.00 4.3559 
137.50 4.3563 
138.00 4.3570 
138.50 4.3576 
139.00 4.3583 
139.50 4.3589 
140.00 4.3595 
140.50 4.3602 
141.00 4.3608 
141.50 4.3614 
142.00 4.3623 
142.50 4.3631 
143.00 4.3640 
143.50 4.3648 
144.00 4.3657 
144.50 4.3665 
145.00 4.3674 
145.50 4.3682 
146.00 4.3692 
146.50 4.3702 
147.00 4.3712 
147.50 4.3723 
148.00 4.3733 
148.50 4.3744 
149.00 4.3754 
149.50 4.3765 
150.00 4.3775 
