  0.00 1.3803 
  0.50 3.1813 
  1.00 3.2009 
  1.50 3.2199 
  2.00 3.2373 
  2.50 3.2547 
  3.00 3.2703 
  3.50 3.2855 
  4.00 3.3001 
  4.50 3.3134 
  5.00 3.3268 
  5.50 3.3385 
  6.00 3.3500 
  6.50 3.3609 
  7.00 3.3708 
  7.50 3.3807 
  8.00 3.3892 
  8.50 3.3978 
  9.00 3.4056 
  9.50 3.4129 
 10.00 3.4201 
 10.50 3.4264 
 11.00 3.4326 
 11.50 3.4383 
 12.00 3.4436 
 12.50 3.4488 
 13.00 3.4535 
 13.50 3.4581 
 14.00 3.4624 
 14.50 3.4665 
 15.00 3.4705 
 15.50 3.4743 
 16.00 3.4780 
 16.50 3.4816 
 17.00 3.4852 
 17.50 3.4887 
 18.00 3.4923 
 18.50 3.4960 
 19.00 3.4997 
 19.50 3.5035 
 20.00 3.5074 
 20.50 3.5115 
 21.00 3.5157 
 21.50 3.5203 
 22.00 3.5250 
 22.50 3.5301 
 23.00 3.5354 
 23.50 3.5409 
 24.00 3.5471 
 24.50 3.5533 
 25.00 3.5604 
 25.50 3.5677 
 26.00 3.5754 
 26.50 3.5839 
 27.00 3.5923 
 27.50 3.6021 
 28.00 3.6120 
 28.50 3.6226 
 29.00 3.6341 
 29.50 3.6456 
 30.00 3.6589 
 30.50 3.6721 
 31.00 3.6865 
 31.50 3.7016 
 32.00 3.7171 
 32.50 3.7343 
 33.00 3.7516 
 33.50 3.7705 
 34.00 3.7900 
 34.50 3.8102 
 35.00 3.8321 
 35.50 3.8539 
 36.00 4.2077 
 36.50 4.2138 
 37.00 4.2198 
 37.50 4.2259 
 38.00 4.2320 
 38.50 4.2380 
 39.00 4.2441 
 39.50 4.2501 
 40.00 4.2556 
 40.50 4.2603 
 41.00 4.2650 
 41.50 4.2697 
 42.00 4.2743 
 42.50 4.2790 
 43.00 4.2837 
 43.50 4.2884 
 44.00 4.2930 
 44.50 4.2965 
 45.00 4.2999 
 45.50 4.3033 
 46.00 4.3067 
 46.50 4.3101 
 47.00 4.3135 
 47.50 4.3169 
 48.00 4.3203 
 48.50 4.3231 
 49.00 4.3254 
 49.50 4.3277 
 50.00 4.3299 
 50.50 4.3322 
 51.00 4.3345 
 51.50 4.3368 
 52.00 4.3391 
 52.50 4.3412 
 53.00 4.3425 
 53.50 4.3438 
 54.00 4.3451 
 54.50 4.3464 
 55.00 4.3477 
 55.50 4.3491 
 56.00 4.3504 
 56.50 4.3517 
 57.00 4.3524 
 57.50 4.3529 
 58.00 4.3534 
 58.50 4.3539 
 59.00 4.3544 
 59.50 4.3549 
 60.00 4.3554 
 60.50 4.3559 
 61.00 4.3563 
 61.50 4.3561 
 62.00 4.3559 
 62.50 4.3558 
 63.00 4.3556 
 63.50 4.3554 
 64.00 4.3553 
 64.50 4.3551 
 65.00 4.3549 
 65.50 4.3544 
 66.00 4.3537 
 66.50 4.3531 
 67.00 4.3524 
 67.50 4.3518 
 68.00 4.3511 
 68.50 4.3505 
 69.00 4.3498 
 69.50 4.3490 
 70.00 4.3480 
 70.50 4.3471 
 71.00 4.3461 
 71.50 4.3451 
 72.00 4.3441 
 72.50 4.3431 
 73.00 4.3421 
 73.50 4.3412 
 74.00 4.3400 
 74.50 4.3388 
 75.00 4.3376 
 75.50 4.3365 
 76.00 4.3353 
 76.50 4.3341 
 77.00 4.3330 
 77.50 4.3318 
 78.00 4.3306 
 78.50 4.3294 
 79.00 4.3282 
 79.50 4.3270 
 80.00 4.3258 
 80.50 4.3246 
 81.00 4.3234 
 81.50 4.3222 
 82.00 4.3210 
 82.50 4.3200 
 83.00 4.3189 
 83.50 4.3178 
 84.00 4.3167 
 84.50 4.3157 
 85.00 4.3146 
 85.50 4.3135 
 86.00 4.3125 
 86.50 4.3116 
 87.00 4.3108 
 87.50 4.3100 
 88.00 4.3092 
 88.50 4.3085 
 89.00 4.3077 
 89.50 4.3069 
 90.00 4.3061 
 90.50 4.3054 
 91.00 4.3051 
 91.50 4.3047 
 92.00 4.3044 
 92.50 4.3040 
 93.00 4.3036 
 93.50 4.3033 
 94.00 4.3029 
 94.50 4.3026 
 95.00 4.3026 
 95.50 4.3026 
 96.00 4.3027 
 96.50 4.3027 
 97.00 4.3028 
 97.50 4.3028 
 98.00 4.3029 
 98.50 4.3030 
 99.00 4.3031 
 99.50 4.3036 
100.00 4.3040 
100.50 4.3044 
101.00 4.3049 
101.50 4.3053 
102.00 4.3057 
102.50 4.3061 
103.00 4.3066 
103.50 4.3073 
104.00 4.3081 
104.50 4.3089 
105.00 4.3097 
105.50 4.3105 
106.00 4.3113 
106.50 4.3121 
107.00 4.3129 
107.50 4.3138 
108.00 4.3149 
108.50 4.3160 
109.00 4.3171 
109.50 4.3182 
110.00 4.3194 
110.50 4.3205 
111.00 4.3216 
111.50 4.3227 
112.00 4.3241 
112.50 4.3255 
113.00 4.3269 
113.50 4.3283 
114.00 4.3297 
114.50 4.3311 
115.00 4.3325 
115.50 4.3339 
116.00 4.3354 
116.50 4.3371 
117.00 4.3387 
117.50 4.3404 
118.00 4.3420 
118.50 4.3437 
119.00 4.3453 
119.50 4.3470 
120.00 4.3487 
120.50 4.3505 
121.00 4.3524 
121.50 4.3543 
122.00 4.3561 
122.50 4.3580 
123.00 4.3598 
123.50 4.3617 
124.00 4.3636 
124.50 4.3656 
125.00 4.3676 
125.50 4.3697 
126.00 4.3718 
126.50 4.3738 
127.00 4.3759 
127.50 4.3780 
128.00 4.3800 
128.50 4.3821 
129.00 4.3844 
129.50 4.3866 
130.00 4.3888 
130.50 4.3910 
131.00 4.3932 
131.50 4.3955 
132.00 4.3977 
132.50 4.3999 
133.00 4.4022 
133.50 4.4046 
134.00 4.4069 
134.50 4.4093 
135.00 4.4116 
135.50 4.4140 
136.00 4.4163 
136.50 4.4187 
137.00 4.4211 
137.50 4.4235 
138.00 4.4259 
138.50 4.4284 
139.00 4.4308 
139.50 4.4333 
140.00 4.4357 
140.50 4.4382 
141.00 4.4406 
141.50 4.4431 
142.00 4.4456 
142.50 4.4481 
143.00 4.4506 
143.50 4.4531 
144.00 4.4556 
144.50 4.4581 
145.00 4.4606 
145.50 4.4631 
146.00 4.4657 
146.50 4.4682 
147.00 4.4708 
147.50 4.4733 
148.00 4.4758 
148.50 4.4784 
149.00 4.4809 
149.50 4.4835 
150.00 4.4860 
