  0.00 1.4855 
  0.50 3.1843 
  1.00 3.2037 
  1.50 3.2230 
  2.00 3.2405 
  2.50 3.2577 
  3.00 3.2741 
  3.50 3.2893 
  4.00 3.3044 
  4.50 3.3177 
  5.00 3.3310 
  5.50 3.3434 
  6.00 3.3549 
  6.50 3.3664 
  7.00 3.3763 
  7.50 3.3862 
  8.00 3.3954 
  8.50 3.4040 
  9.00 3.4124 
  9.50 3.4198 
 10.00 3.4271 
 10.50 3.4338 
 11.00 3.4401 
 11.50 3.4462 
 12.00 3.4517 
 12.50 3.4571 
 13.00 3.4620 
 13.50 3.4668 
 14.00 3.4714 
 14.50 3.4756 
 15.00 3.4798 
 15.50 3.4838 
 16.00 3.4876 
 16.50 3.4915 
 17.00 3.4952 
 17.50 3.4989 
 18.00 3.5026 
 18.50 3.5063 
 19.00 3.5101 
 19.50 3.5140 
 20.00 3.5179 
 20.50 3.5221 
 21.00 3.5263 
 21.50 3.5308 
 22.00 3.5356 
 22.50 3.5404 
 23.00 3.5458 
 23.50 3.5513 
 24.00 3.5571 
 24.50 3.5634 
 25.00 3.5698 
 25.50 3.5772 
 26.00 3.5846 
 26.50 3.5926 
 27.00 3.6013 
 27.50 3.6100 
 28.00 3.6200 
 28.50 3.6300 
 29.00 3.6410 
 29.50 3.6526 
 30.00 3.6644 
 30.50 3.6778 
 31.00 3.6911 
 31.50 3.7057 
 32.00 3.7210 
 32.50 3.7367 
 33.00 3.7541 
 33.50 3.7714 
 34.00 3.7904 
 34.50 3.8100 
 35.00 3.8303 
 35.50 3.8522 
 36.00 3.8742 
 36.50 4.3725 
 37.00 4.3696 
 37.50 4.3667 
 38.00 4.3639 
 38.50 4.3610 
 39.00 4.3581 
 39.50 4.3552 
 40.00 4.3523 
 40.50 4.3496 
 41.00 4.3471 
 41.50 4.3447 
 42.00 4.3422 
 42.50 4.3398 
 43.00 4.3374 
 43.50 4.3349 
 44.00 4.3325 
 44.50 4.3301 
 45.00 4.3281 
 45.50 4.3261 
 46.00 4.3241 
 46.50 4.3221 
 47.00 4.3202 
 47.50 4.3182 
 48.00 4.3162 
 48.50 4.3143 
 49.00 4.3125 
 49.50 4.3110 
 50.00 4.3094 
 50.50 4.3079 
 51.00 4.3063 
 51.50 4.3048 
 52.00 4.3032 
 52.50 4.3017 
 53.00 4.3002 
 53.50 4.2991 
 54.00 4.2980 
 54.50 4.2968 
 55.00 4.2957 
 55.50 4.2946 
 56.00 4.2934 
 56.50 4.2923 
 57.00 4.2912 
 57.50 4.2903 
 58.00 4.2895 
 58.50 4.2888 
 59.00 4.2880 
 59.50 4.2872 
 60.00 4.2864 
 60.50 4.2857 
 61.00 4.2849 
 61.50 4.2843 
 62.00 4.2838 
 62.50 4.2834 
 63.00 4.2830 
 63.50 4.2825 
 64.00 4.2821 
 64.50 4.2817 
 65.00 4.2812 
 65.50 4.2808 
 66.00 4.2807 
 66.50 4.2806 
 67.00 4.2805 
 67.50 4.2804 
 68.00 4.2803 
 68.50 4.2802 
 69.00 4.2801 
 69.50 4.2800 
 70.00 4.2800 
 70.50 4.2802 
 71.00 4.2803 
 71.50 4.2805 
 72.00 4.2807 
 72.50 4.2808 
 73.00 4.2810 
 73.50 4.2812 
 74.00 4.2814 
 74.50 4.2818 
 75.00 4.2822 
 75.50 4.2826 
 76.00 4.2830 
 76.50 4.2834 
 77.00 4.2839 
 77.50 4.2843 
 78.00 4.2847 
 78.50 4.2853 
 79.00 4.2859 
 79.50 4.2866 
 80.00 4.2873 
 80.50 4.2879 
 81.00 4.2885 
 81.50 4.2892 
 82.00 4.2899 
 82.50 4.2906 
 83.00 4.2914 
 83.50 4.2922 
 84.00 4.2931 
 84.50 4.2939 
 85.00 4.2947 
 85.50 4.2956 
 86.00 4.2964 
 86.50 4.2972 
 87.00 4.2982 
 87.50 4.2992 
 88.00 4.3003 
 88.50 4.3013 
 89.00 4.3023 
 89.50 4.3033 
 90.00 4.3043 
 90.50 4.3053 
 91.00 4.3064 
 91.50 4.3075 
 92.00 4.3087 
 92.50 4.3098 
 93.00 4.3110 
 93.50 4.3121 
 94.00 4.3133 
 94.50 4.3144 
 95.00 4.3155 
 95.50 4.3168 
 96.00 4.3181 
 96.50 4.3194 
 97.00 4.3206 
 97.50 4.3219 
 98.00 4.3232 
 98.50 4.3245 
 99.00 4.3257 
 99.50 4.3271 
100.00 4.3285 
100.50 4.3298 
101.00 4.3312 
101.50 4.3326 
102.00 4.3339 
102.50 4.3353 
103.00 4.3367 
103.50 4.3381 
104.00 4.3395 
104.50 4.3410 
105.00 4.3425 
105.50 4.3440 
106.00 4.3454 
106.50 4.3469 
107.00 4.3484 
107.50 4.3499 
108.00 4.3514 
108.50 4.3530 
109.00 4.3545 
109.50 4.3561 
110.00 4.3576 
110.50 4.3592 
111.00 4.3608 
111.50 4.3623 
112.00 4.3639 
112.50 4.3655 
113.00 4.3672 
113.50 4.3688 
114.00 4.3704 
114.50 4.3721 
115.00 4.3737 
115.50 4.3753 
116.00 4.3770 
116.50 4.3787 
117.00 4.3803 
117.50 4.3820 
118.00 4.3837 
118.50 4.3854 
119.00 4.3871 
119.50 4.3888 
120.00 4.3905 
120.50 4.3922 
121.00 4.3939 
121.50 4.3957 
122.00 4.3974 
122.50 4.3991 
123.00 4.4009 
123.50 4.4026 
124.00 4.4044 
124.50 4.4061 
125.00 4.4079 
125.50 4.4097 
126.00 4.4114 
126.50 4.4132 
127.00 4.4150 
127.50 4.4167 
128.00 4.4185 
128.50 4.4203 
129.00 4.4221 
129.50 4.4239 
130.00 4.4256 
130.50 4.4274 
131.00 4.4292 
131.50 4.4310 
132.00 4.4328 
132.50 4.4346 
133.00 4.4364 
133.50 4.4382 
134.00 4.4400 
134.50 4.4418 
135.00 4.4436 
135.50 4.4454 
136.00 4.4472 
136.50 4.4490 
137.00 4.4508 
137.50 4.4526 
138.00 4.4544 
138.50 4.4562 
139.00 4.4580 
139.50 4.4597 
140.00 4.4615 
140.50 4.4633 
141.00 4.4651 
141.50 4.4669 
142.00 4.4687 
142.50 4.4705 
143.00 4.4722 
143.50 4.4740 
144.00 4.4758 
144.50 4.4776 
145.00 4.4794 
145.50 4.4812 
146.00 4.4829 
146.50 4.4847 
147.00 4.4864 
147.50 4.4882 
148.00 4.4899 
148.50 4.4916 
149.00 4.4934 
149.50 4.4951 
150.00 4.4969 
