  0.00 1.4556 
  0.50 3.2350 
  1.00 3.2552 
  1.50 3.2753 
  2.00 3.2935 
  2.50 3.3116 
  3.00 3.3287 
  3.50 3.3449 
  4.00 3.3610 
  4.50 3.3753 
  5.00 3.3897 
  5.50 3.4030 
  6.00 3.4157 
  6.50 3.4282 
  7.00 3.4394 
  7.50 3.4506 
  8.00 3.4609 
  8.50 3.4708 
  9.00 3.4804 
  9.50 3.4890 
 10.00 3.4977 
 10.50 3.5055 
 11.00 3.5131 
 11.50 3.5205 
 12.00 3.5272 
 12.50 3.5340 
 13.00 3.5401 
 13.50 3.5461 
 14.00 3.5519 
 14.50 3.5574 
 15.00 3.5628 
 15.50 3.5679 
 16.00 3.5729 
 16.50 3.5779 
 17.00 3.5827 
 17.50 3.5874 
 18.00 3.5921 
 18.50 3.5967 
 19.00 3.6014 
 19.50 3.6061 
 20.00 3.6109 
 20.50 3.6158 
 21.00 3.6207 
 21.50 3.6258 
 22.00 3.6311 
 22.50 3.6364 
 23.00 3.6423 
 23.50 3.6481 
 24.00 3.6543 
 24.50 3.6608 
 25.00 3.6674 
 25.50 3.6747 
 26.00 3.6821 
 26.50 3.6900 
 27.00 3.6983 
 27.50 3.7069 
 28.00 3.7163 
 28.50 3.7258 
 29.00 3.7362 
 29.50 3.7470 
 30.00 3.7582 
 30.50 3.7703 
 31.00 3.7825 
 31.50 3.7961 
 32.00 3.8099 
 32.50 3.8244 
 33.00 3.8399 
 33.50 3.8555 
 34.00 3.8728 
 34.50 3.8904 
 35.00 3.9087 
 35.50 3.9282 
 36.00 3.9476 
 36.50 4.3021 
 37.00 4.3022 
 37.50 4.3023 
 38.00 4.3025 
 38.50 4.3026 
 39.00 4.3027 
 39.50 4.3028 
 40.00 4.3030 
 40.50 4.3029 
 41.00 4.3028 
 41.50 4.3027 
 42.00 4.3026 
 42.50 4.3025 
 43.00 4.3024 
 43.50 4.3023 
 44.00 4.3022 
 44.50 4.3021 
 45.00 4.3018 
 45.50 4.3015 
 46.00 4.3012 
 46.50 4.3010 
 47.00 4.3007 
 47.50 4.3004 
 48.00 4.3001 
 48.50 4.2999 
 49.00 4.2995 
 49.50 4.2991 
 50.00 4.2987 
 50.50 4.2982 
 51.00 4.2978 
 51.50 4.2974 
 52.00 4.2970 
 52.50 4.2966 
 53.00 4.2961 
 53.50 4.2956 
 54.00 4.2951 
 54.50 4.2946 
 55.00 4.2941 
 55.50 4.2936 
 56.00 4.2931 
 56.50 4.2926 
 57.00 4.2920 
 57.50 4.2915 
 58.00 4.2909 
 58.50 4.2903 
 59.00 4.2898 
 59.50 4.2892 
 60.00 4.2886 
 60.50 4.2880 
 61.00 4.2875 
 61.50 4.2869 
 62.00 4.2863 
 62.50 4.2857 
 63.00 4.2851 
 63.50 4.2845 
 64.00 4.2839 
 64.50 4.2833 
 65.00 4.2827 
 65.50 4.2821 
 66.00 4.2816 
 66.50 4.2810 
 67.00 4.2805 
 67.50 4.2799 
 68.00 4.2793 
 68.50 4.2788 
 69.00 4.2782 
 69.50 4.2777 
 70.00 4.2771 
 70.50 4.2766 
 71.00 4.2761 
 71.50 4.2756 
 72.00 4.2751 
 72.50 4.2746 
 73.00 4.2741 
 73.50 4.2736 
 74.00 4.2731 
 74.50 4.2727 
 75.00 4.2723 
 75.50 4.2719 
 76.00 4.2715 
 76.50 4.2711 
 77.00 4.2707 
 77.50 4.2703 
 78.00 4.2699 
 78.50 4.2697 
 79.00 4.2694 
 79.50 4.2692 
 80.00 4.2689 
 80.50 4.2687 
 81.00 4.2684 
 81.50 4.2682 
 82.00 4.2679 
 82.50 4.2678 
 83.00 4.2677 
 83.50 4.2676 
 84.00 4.2675 
 84.50 4.2675 
 85.00 4.2674 
 85.50 4.2673 
 86.00 4.2673 
 86.50 4.2672 
 87.00 4.2674 
 87.50 4.2675 
 88.00 4.2677 
 88.50 4.2679 
 89.00 4.2680 
 89.50 4.2682 
 90.00 4.2684 
 90.50 4.2685 
 91.00 4.2689 
 91.50 4.2693 
 92.00 4.2697 
 92.50 4.2701 
 93.00 4.2705 
 93.50 4.2710 
 94.00 4.2714 
 94.50 4.2718 
 95.00 4.2723 
 95.50 4.2729 
 96.00 4.2736 
 96.50 4.2742 
 97.00 4.2749 
 97.50 4.2755 
 98.00 4.2762 
 98.50 4.2768 
 99.00 4.2775 
 99.50 4.2783 
100.00 4.2792 
100.50 4.2801 
101.00 4.2810 
101.50 4.2819 
102.00 4.2828 
102.50 4.2837 
103.00 4.2846 
103.50 4.2856 
104.00 4.2867 
104.50 4.2878 
105.00 4.2889 
105.50 4.2900 
106.00 4.2911 
106.50 4.2922 
107.00 4.2933 
107.50 4.2944 
108.00 4.2957 
108.50 4.2970 
109.00 4.2983 
109.50 4.2996 
110.00 4.3009 
110.50 4.3022 
111.00 4.3035 
111.50 4.3048 
112.00 4.3062 
112.50 4.3077 
113.00 4.3092 
113.50 4.3107 
114.00 4.3121 
114.50 4.3136 
115.00 4.3151 
115.50 4.3166 
116.00 4.3181 
116.50 4.3197 
117.00 4.3214 
117.50 4.3230 
118.00 4.3246 
118.50 4.3263 
119.00 4.3279 
119.50 4.3295 
120.00 4.3312 
120.50 4.3329 
121.00 4.3347 
121.50 4.3364 
122.00 4.3382 
122.50 4.3400 
123.00 4.3418 
123.50 4.3435 
124.00 4.3453 
124.50 4.3471 
125.00 4.3490 
125.50 4.3509 
126.00 4.3528 
126.50 4.3547 
127.00 4.3566 
127.50 4.3585 
128.00 4.3603 
128.50 4.3622 
129.00 4.3642 
129.50 4.3662 
130.00 4.3682 
130.50 4.3702 
131.00 4.3722 
131.50 4.3742 
132.00 4.3762 
132.50 4.3782 
133.00 4.3803 
133.50 4.3824 
134.00 4.3845 
134.50 4.3865 
135.00 4.3886 
135.50 4.3907 
136.00 4.3928 
136.50 4.3949 
137.00 4.3970 
137.50 4.3992 
138.00 4.4013 
138.50 4.4035 
139.00 4.4056 
139.50 4.4078 
140.00 4.4099 
140.50 4.4121 
141.00 4.4142 
141.50 4.4164 
142.00 4.4186 
142.50 4.4208 
143.00 4.4230 
143.50 4.4252 
144.00 4.4274 
144.50 4.4296 
145.00 4.4318 
145.50 4.4340 
146.00 4.4363 
146.50 4.4385 
147.00 4.4407 
147.50 4.4430 
148.00 4.4452 
148.50 4.4474 
149.00 4.4497 
149.50 4.4519 
150.00 4.4542 
