  0.00 0.6561 
  0.50 1.0286 
  1.00 1.4011 
  1.50 1.7736 
  2.00 2.1461 
  2.50 2.5186 
  3.00 3.2643 
  3.50 3.2885 
  4.00 3.3127 
  4.50 3.3363 
  5.00 3.3584 
  5.50 3.3805 
  6.00 3.4021 
  6.50 3.4221 
  7.00 3.4421 
  7.50 3.4617 
  8.00 3.4797 
  8.50 3.4977 
  9.00 3.5155 
  9.50 3.5317 
 10.00 3.5478 
 10.50 3.5639 
 11.00 3.5784 
 11.50 3.5928 
 12.00 3.6072 
 12.50 3.6202 
 13.00 3.6331 
 13.50 3.6459 
 14.00 3.6576 
 14.50 3.6690 
 15.00 3.6804 
 15.50 3.6909 
 16.00 3.7010 
 16.50 3.7112 
 17.00 3.7206 
 17.50 3.7296 
 18.00 3.7385 
 18.50 3.7470 
 19.00 3.7549 
 19.50 3.7629 
 20.00 3.7705 
 20.50 3.7776 
 21.00 3.7846 
 21.50 3.7915 
 22.00 3.7979 
 22.50 3.8042 
 23.00 3.8105 
 23.50 3.8163 
 24.00 3.8220 
 24.50 3.8278 
 25.00 3.8331 
 25.50 3.8384 
 26.00 3.8438 
 26.50 3.8488 
 27.00 3.8539 
 27.50 3.8589 
 28.00 3.8638 
 28.50 3.8687 
 29.00 3.8736 
 29.50 3.8785 
 30.00 3.8834 
 30.50 3.8883 
 31.00 3.8932 
 31.50 3.8982 
 32.00 3.9032 
 32.50 3.9084 
 33.00 3.9136 
 33.50 3.9189 
 34.00 3.9244 
 34.50 3.9301 
 35.00 3.9357 
 35.50 3.9417 
 36.00 3.9479 
 36.50 3.9540 
 37.00 3.9606 
 37.50 3.9675 
 38.00 3.9744 
 38.50 3.9816 
 39.00 3.9893 
 39.50 3.9970 
 40.00 4.0050 
 40.50 4.0137 
 41.00 4.0223 
 41.50 4.0312 
 42.00 4.0411 
 42.50 4.0509 
 43.00 4.0608 
 43.50 4.0718 
 44.00 4.0828 
 44.50 4.0939 
 45.00 4.1063 
 45.50 4.1188 
 46.00 4.1312 
 46.50 4.1450 
 47.00 4.1589 
 47.50 4.1728 
 48.00 4.4840 
 48.50 4.4917 
 49.00 4.4994 
 49.50 4.5070 
 50.00 4.5147 
 50.50 4.5224 
 51.00 4.5300 
 51.50 4.5376 
 52.00 4.5441 
 52.50 4.5505 
 53.00 4.5569 
 53.50 4.5634 
 54.00 4.5698 
 54.50 4.5762 
 55.00 4.5827 
 55.50 4.5889 
 56.00 4.5941 
 56.50 4.5993 
 57.00 4.6045 
 57.50 4.6098 
 58.00 4.6150 
 58.50 4.6203 
 59.00 4.6255 
 59.50 4.6303 
 60.00 4.6344 
 60.50 4.6385 
 61.00 4.6427 
 61.50 4.6468 
 62.00 4.6509 
 62.50 4.6551 
 63.00 4.6592 
 63.50 4.6628 
 64.00 4.6659 
 64.50 4.6691 
 65.00 4.6722 
 65.50 4.6754 
 66.00 4.6786 
 66.50 4.6817 
 67.00 4.6849 
 67.50 4.6874 
 68.00 4.6896 
 68.50 4.6919 
 69.00 4.6942 
 69.50 4.6965 
 70.00 4.6987 
 70.50 4.7010 
 71.00 4.7033 
 71.50 4.7048 
 72.00 4.7063 
 72.50 4.7078 
 73.00 4.7093 
 73.50 4.7107 
 74.00 4.7122 
 74.50 4.7137 
 75.00 4.7151 
 75.50 4.7160 
 76.00 4.7168 
 76.50 4.7176 
 77.00 4.7184 
 77.50 4.7193 
 78.00 4.7201 
 78.50 4.7209 
 79.00 4.7216 
 79.50 4.7218 
 80.00 4.7221 
 80.50 4.7224 
 81.00 4.7227 
 81.50 4.7229 
 82.00 4.7232 
 82.50 4.7235 
 83.00 4.7235 
 83.50 4.7233 
 84.00 4.7231 
 84.50 4.7229 
 85.00 4.7227 
 85.50 4.7225 
 86.00 4.7223 
 86.50 4.7221 
 87.00 4.7216 
 87.50 4.7211 
 88.00 4.7205 
 88.50 4.7200 
 89.00 4.7194 
 89.50 4.7189 
 90.00 4.7183 
 90.50 4.7178 
 91.00 4.7170 
 91.50 4.7162 
 92.00 4.7154 
 92.50 4.7146 
 93.00 4.7138 
 93.50 4.7130 
 94.00 4.7123 
 94.50 4.7115 
 95.00 4.7105 
 95.50 4.7096 
 96.00 4.7086 
 96.50 4.7077 
 97.00 4.7067 
 97.50 4.7058 
 98.00 4.7048 
 98.50 4.7039 
 99.00 4.7029 
 99.50 4.7019 
100.00 4.7009 
100.50 4.6999 
101.00 4.6989 
101.50 4.6979 
102.00 4.6969 
102.50 4.6959 
103.00 4.6948 
103.50 4.6938 
104.00 4.6928 
104.50 4.6918 
105.00 4.6908 
105.50 4.6897 
106.00 4.6887 
106.50 4.6877 
107.00 4.6866 
107.50 4.6856 
108.00 4.6845 
108.50 4.6835 
109.00 4.6824 
109.50 4.6814 
110.00 4.6803 
110.50 4.6793 
111.00 4.6782 
111.50 4.6771 
112.00 4.6761 
112.50 4.6750 
113.00 4.6740 
113.50 4.6729 
114.00 4.6718 
114.50 4.6708 
115.00 4.6697 
115.50 4.6687 
116.00 4.6676 
116.50 4.6665 
117.00 4.6655 
117.50 4.6644 
118.00 4.6633 
118.50 4.6623 
119.00 4.6612 
119.50 4.6601 
120.00 4.6591 
120.50 4.6580 
121.00 4.6570 
121.50 4.6559 
122.00 4.6548 
122.50 4.6538 
123.00 4.6528 
123.50 4.6517 
124.00 4.6506 
124.50 4.6496 
125.00 4.6486 
125.50 4.6475 
126.00 4.6465 
126.50 4.6454 
127.00 4.6444 
127.50 4.6434 
128.00 4.6424 
128.50 4.6414 
129.00 4.6403 
129.50 4.6393 
130.00 4.6383 
130.50 4.6373 
131.00 4.6363 
131.50 4.6353 
132.00 4.6342 
132.50 4.6332 
133.00 4.6322 
133.50 4.6312 
134.00 4.6303 
134.50 4.6293 
135.00 4.6283 
135.50 4.6274 
136.00 4.6264 
136.50 4.6254 
137.00 4.6245 
137.50 4.6235 
138.00 4.6226 
138.50 4.6217 
139.00 4.6208 
139.50 4.6199 
140.00 4.6190 
140.50 4.6181 
141.00 4.6172 
141.50 4.6163 
142.00 4.6154 
142.50 4.6145 
143.00 4.6137 
143.50 4.6128 
144.00 4.6119 
144.50 4.6111 
145.00 4.6102 
145.50 4.6094 
146.00 4.6086 
146.50 4.6078 
147.00 4.6070 
147.50 4.6062 
148.00 4.6054 
148.50 4.6046 
149.00 4.6038 
149.50 4.6030 
150.00 4.6023 
