  0.00 1.2133 
  0.50 2.8788 
  1.00 2.9070 
  1.50 2.9351 
  2.00 2.9625 
  2.50 2.9899 
  3.00 3.0166 
  3.50 3.0431 
  4.00 3.0692 
  4.50 3.0949 
  5.00 3.1203 
  5.50 3.1452 
  6.00 3.1700 
  6.50 3.1940 
  7.00 3.2182 
  7.50 3.2415 
  8.00 3.2649 
  8.50 3.2877 
  9.00 3.3103 
  9.50 3.3327 
 10.00 3.3546 
 10.50 3.3765 
 11.00 3.3977 
 11.50 3.4189 
 12.00 3.4396 
 12.50 3.4601 
 13.00 3.4804 
 13.50 3.5004 
 14.00 3.5202 
 14.50 3.5396 
 15.00 3.5589 
 15.50 3.5778 
 16.00 3.5967 
 16.50 3.6151 
 17.00 3.6334 
 17.50 3.6515 
 18.00 3.6694 
 18.50 3.6871 
 19.00 3.7045 
 19.50 3.7220 
 20.00 3.7389 
 20.50 3.7559 
 21.00 3.7726 
 21.50 3.7892 
 22.00 3.8056 
 22.50 3.8218 
 23.00 3.8379 
 23.50 3.8538 
 24.00 3.8697 
 24.50 3.8853 
 25.00 3.9009 
 25.50 3.9163 
 26.00 3.9316 
 26.50 3.9469 
 27.00 3.9619 
 27.50 3.9770 
 28.00 3.9918 
 28.50 4.0067 
 29.00 4.0214 
 29.50 4.0361 
 30.00 4.0507 
 30.50 4.0652 
 31.00 4.0797 
 31.50 4.0941 
 32.00 4.1085 
 32.50 4.1228 
 33.00 4.1370 
 33.50 4.3394 
 34.00 4.3393 
 34.50 4.3393 
 35.00 4.3392 
 35.50 4.3392 
 36.00 4.3391 
 36.50 4.3391 
 37.00 4.3390 
 37.50 4.3389 
 38.00 4.3387 
 38.50 4.3384 
 39.00 4.3381 
 39.50 4.3379 
 40.00 4.3376 
 40.50 4.3374 
 41.00 4.3371 
 41.50 4.3369 
 42.00 4.3365 
 42.50 4.3360 
 43.00 4.3356 
 43.50 4.3352 
 44.00 4.3347 
 44.50 4.3343 
 45.00 4.3339 
 45.50 4.3334 
 46.00 4.3330 
 46.50 4.3324 
 47.00 4.3318 
 47.50 4.3312 
 48.00 4.3306 
 48.50 4.3301 
 49.00 4.3295 
 49.50 4.3289 
 50.00 4.3283 
 50.50 4.3277 
 51.00 4.3270 
 51.50 4.3263 
 52.00 4.3256 
 52.50 4.3249 
 53.00 4.3242 
 53.50 4.3235 
 54.00 4.3228 
 54.50 4.3221 
 55.00 4.3214 
 55.50 4.3206 
 56.00 4.3199 
 56.50 4.3191 
 57.00 4.3183 
 57.50 4.3176 
 58.00 4.3168 
 58.50 4.3161 
 59.00 4.3153 
 59.50 4.3145 
 60.00 4.3137 
 60.50 4.3129 
 61.00 4.3121 
 61.50 4.3113 
 62.00 4.3104 
 62.50 4.3096 
 63.00 4.3088 
 63.50 4.3080 
 64.00 4.3072 
 64.50 4.3064 
 65.00 4.3056 
 65.50 4.3048 
 66.00 4.3039 
 66.50 4.3031 
 67.00 4.3023 
 67.50 4.3015 
 68.00 4.3007 
 68.50 4.2999 
 69.00 4.2991 
 69.50 4.2983 
 70.00 4.2975 
 70.50 4.2967 
 71.00 4.2959 
 71.50 4.2951 
 72.00 4.2944 
 72.50 4.2937 
 73.00 4.2930 
 73.50 4.2922 
 74.00 4.2915 
 74.50 4.2908 
 75.00 4.2900 
 75.50 4.2893 
 76.00 4.2886 
 76.50 4.2880 
 77.00 4.2874 
 77.50 4.2867 
 78.00 4.2861 
 78.50 4.2855 
 79.00 4.2848 
 79.50 4.2842 
 80.00 4.2836 
 80.50 4.2830 
 81.00 4.2825 
 81.50 4.2820 
 82.00 4.2815 
 82.50 4.2810 
 83.00 4.2805 
 83.50 4.2800 
 84.00 4.2794 
 84.50 4.2790 
 85.00 4.2786 
 85.50 4.2783 
 86.00 4.2779 
 86.50 4.2776 
 87.00 4.2773 
 87.50 4.2769 
 88.00 4.2766 
 88.50 4.2762 
 89.00 4.2760 
 89.50 4.2759 
 90.00 4.2757 
 90.50 4.2755 
 91.00 4.2754 
 91.50 4.2752 
 92.00 4.2751 
 92.50 4.2749 
 93.00 4.2748 
 93.50 4.2748 
 94.00 4.2749 
 94.50 4.2749 
 95.00 4.2749 
 95.50 4.2750 
 96.00 4.2750 
 96.50 4.2751 
 97.00 4.2751 
 97.50 4.2752 
 98.00 4.2754 
 98.50 4.2756 
 99.00 4.2758 
 99.50 4.2760 
100.00 4.2763 
100.50 4.2765 
101.00 4.2767 
101.50 4.2769 
102.00 4.2773 
102.50 4.2777 
103.00 4.2781 
103.50 4.2785 
104.00 4.2789 
104.50 4.2793 
105.00 4.2796 
105.50 4.2800 
106.00 4.2805 
106.50 4.2810 
107.00 4.2816 
107.50 4.2822 
108.00 4.2827 
108.50 4.2833 
109.00 4.2839 
109.50 4.2844 
110.00 4.2850 
110.50 4.2857 
111.00 4.2864 
111.50 4.2871 
112.00 4.2878 
112.50 4.2886 
113.00 4.2893 
113.50 4.2900 
114.00 4.2907 
114.50 4.2915 
115.00 4.2924 
115.50 4.2933 
116.00 4.2942 
116.50 4.2950 
117.00 4.2959 
117.50 4.2968 
118.00 4.2977 
118.50 4.2986 
119.00 4.2996 
119.50 4.3006 
120.00 4.3016 
120.50 4.3027 
121.00 4.3037 
121.50 4.3047 
122.00 4.3057 
122.50 4.3068 
123.00 4.3078 
123.50 4.3090 
124.00 4.3102 
124.50 4.3114 
125.00 4.3125 
125.50 4.3137 
126.00 4.3149 
126.50 4.3161 
127.00 4.3173 
127.50 4.3185 
128.00 4.3198 
128.50 4.3211 
129.00 4.3224 
129.50 4.3237 
130.00 4.3251 
130.50 4.3264 
131.00 4.3277 
131.50 4.3290 
132.00 4.3304 
132.50 4.3319 
133.00 4.3333 
133.50 4.3348 
134.00 4.3362 
134.50 4.3377 
135.00 4.3391 
135.50 4.3406 
136.00 4.3421 
136.50 4.3436 
137.00 4.3452 
137.50 4.3468 
138.00 4.3483 
138.50 4.3499 
139.00 4.3514 
139.50 4.3530 
140.00 4.3546 
140.50 4.3562 
141.00 4.3579 
141.50 4.3596 
142.00 4.3613 
142.50 4.3630 
143.00 4.3647 
143.50 4.3663 
144.00 4.3680 
144.50 4.3697 
145.00 4.3715 
145.50 4.3733 
146.00 4.3751 
146.50 4.3769 
147.00 4.3787 
147.50 4.3804 
148.00 4.3822 
148.50 4.3840 
149.00 4.3859 
149.50 4.3878 
150.00 4.3897 
