  0.00 1.2553 
  0.50 3.0900 
  1.00 3.1094 
  1.50 3.1288 
  2.00 3.1478 
  2.50 3.1663 
  3.00 3.1847 
  3.50 3.2026 
  4.00 3.2201 
  4.50 3.2376 
  5.00 3.2542 
  5.50 3.2707 
  6.00 3.2871 
  6.50 3.3027 
  7.00 3.3184 
  7.50 3.3336 
  8.00 3.3484 
  8.50 3.3632 
  9.00 3.3774 
  9.50 3.3914 
 10.00 3.4054 
 10.50 3.4186 
 11.00 3.4319 
 11.50 3.4449 
 12.00 3.4575 
 12.50 3.4701 
 13.00 3.4823 
 13.50 3.4942 
 14.00 3.5061 
 14.50 3.5175 
 15.00 3.5288 
 15.50 3.5400 
 16.00 3.5508 
 16.50 3.5615 
 17.00 3.5721 
 17.50 3.5823 
 18.00 3.5925 
 18.50 3.6025 
 19.00 3.6122 
 19.50 3.6220 
 20.00 3.6314 
 20.50 3.6408 
 21.00 3.6501 
 21.50 3.6591 
 22.00 3.6681 
 22.50 3.6769 
 23.00 3.6856 
 23.50 3.6943 
 24.00 3.7028 
 24.50 3.7112 
 25.00 3.7197 
 25.50 3.7279 
 26.00 3.7361 
 26.50 3.7443 
 27.00 3.7523 
 27.50 3.7604 
 28.00 3.7684 
 28.50 3.7763 
 29.00 3.7842 
 29.50 3.7921 
 30.00 3.7999 
 30.50 3.8078 
 31.00 3.8156 
 31.50 3.8235 
 32.00 3.8313 
 32.50 3.8392 
 33.00 3.8470 
 33.50 3.8549 
 34.00 3.8628 
 34.50 3.8708 
 35.00 3.8788 
 35.50 3.8869 
 36.00 3.8950 
 36.50 3.9032 
 37.00 3.9115 
 37.50 3.9198 
 38.00 3.9282 
 38.50 3.9367 
 39.00 3.9453 
 39.50 3.9539 
 40.00 3.9626 
 40.50 4.2827 
 41.00 4.2812 
 41.50 4.2797 
 42.00 4.2782 
 42.50 4.2767 
 43.00 4.2753 
 43.50 4.2738 
 44.00 4.2723 
 44.50 4.2711 
 45.00 4.2700 
 45.50 4.2689 
 46.00 4.2678 
 46.50 4.2667 
 47.00 4.2656 
 47.50 4.2645 
 48.00 4.2634 
 48.50 4.2625 
 49.00 4.2617 
 49.50 4.2610 
 50.00 4.2602 
 50.50 4.2594 
 51.00 4.2587 
 51.50 4.2579 
 52.00 4.2572 
 52.50 4.2565 
 53.00 4.2561 
 53.50 4.2557 
 54.00 4.2553 
 54.50 4.2548 
 55.00 4.2544 
 55.50 4.2540 
 56.00 4.2536 
 56.50 4.2532 
 57.00 4.2531 
 57.50 4.2529 
 58.00 4.2528 
 58.50 4.2527 
 59.00 4.2526 
 59.50 4.2524 
 60.00 4.2523 
 60.50 4.2522 
 61.00 4.2523 
 61.50 4.2525 
 62.00 4.2526 
 62.50 4.2528 
 63.00 4.2529 
 63.50 4.2531 
 64.00 4.2532 
 64.50 4.2534 
 65.00 4.2537 
 65.50 4.2541 
 66.00 4.2545 
 66.50 4.2549 
 67.00 4.2553 
 67.50 4.2556 
 68.00 4.2560 
 68.50 4.2564 
 69.00 4.2569 
 69.50 4.2575 
 70.00 4.2581 
 70.50 4.2587 
 71.00 4.2593 
 71.50 4.2599 
 72.00 4.2605 
 72.50 4.2611 
 73.00 4.2618 
 73.50 4.2626 
 74.00 4.2634 
 74.50 4.2641 
 75.00 4.2649 
 75.50 4.2657 
 76.00 4.2665 
 76.50 4.2673 
 77.00 4.2681 
 77.50 4.2691 
 78.00 4.2700 
 78.50 4.2710 
 79.00 4.2719 
 79.50 4.2729 
 80.00 4.2738 
 80.50 4.2748 
 81.00 4.2757 
 81.50 4.2768 
 82.00 4.2779 
 82.50 4.2790 
 83.00 4.2801 
 83.50 4.2812 
 84.00 4.2822 
 84.50 4.2833 
 85.00 4.2844 
 85.50 4.2856 
 86.00 4.2867 
 86.50 4.2879 
 87.00 4.2891 
 87.50 4.2902 
 88.00 4.2914 
 88.50 4.2926 
 89.00 4.2938 
 89.50 4.2950 
 90.00 4.2962 
 90.50 4.2975 
 91.00 4.2987 
 91.50 4.3000 
 92.00 4.3012 
 92.50 4.3025 
 93.00 4.3037 
 93.50 4.3050 
 94.00 4.3063 
 94.50 4.3076 
 95.00 4.3089 
 95.50 4.3102 
 96.00 4.3115 
 96.50 4.3128 
 97.00 4.3141 
 97.50 4.3154 
 98.00 4.3167 
 98.50 4.3180 
 99.00 4.3193 
 99.50 4.3207 
100.00 4.3220 
100.50 4.3233 
101.00 4.3247 
101.50 4.3260 
102.00 4.3273 
102.50 4.3287 
103.00 4.3300 
103.50 4.3314 
104.00 4.3327 
104.50 4.3341 
105.00 4.3354 
105.50 4.3368 
106.00 4.3382 
106.50 4.3395 
107.00 4.3409 
107.50 4.3423 
108.00 4.3436 
108.50 4.3450 
109.00 4.3464 
109.50 4.3477 
110.00 4.3491 
110.50 4.3505 
111.00 4.3518 
111.50 4.3532 
112.00 4.3545 
112.50 4.3559 
113.00 4.3573 
113.50 4.3586 
114.00 4.3600 
114.50 4.3614 
115.00 4.3627 
115.50 4.3641 
116.00 4.3654 
116.50 4.3668 
117.00 4.3681 
117.50 4.3695 
118.00 4.3708 
118.50 4.3722 
119.00 4.3735 
119.50 4.3749 
120.00 4.3762 
120.50 4.3775 
121.00 4.3789 
121.50 4.3802 
122.00 4.3815 
122.50 4.3829 
123.00 4.3842 
123.50 4.3855 
124.00 4.3868 
124.50 4.3881 
125.00 4.3894 
125.50 4.3907 
126.00 4.3920 
126.50 4.3933 
127.00 4.3945 
127.50 4.3958 
128.00 4.3971 
128.50 4.3983 
129.00 4.3996 
129.50 4.4009 
130.00 4.4021 
130.50 4.4034 
131.00 4.4046 
131.50 4.4058 
132.00 4.4070 
132.50 4.4083 
133.00 4.4095 
133.50 4.4107 
134.00 4.4119 
134.50 4.4131 
135.00 4.4143 
135.50 4.4154 
136.00 4.4165 
136.50 4.4177 
137.00 4.4188 
137.50 4.4200 
138.00 4.4211 
138.50 4.4223 
139.00 4.4234 
139.50 4.4245 
140.00 4.4255 
140.50 4.4266 
141.00 4.4277 
141.50 4.4288 
142.00 4.4299 
142.50 4.4310 
143.00 4.4320 
143.50 4.4330 
144.00 4.4340 
144.50 4.4350 
145.00 4.4360 
145.50 4.4370 
146.00 4.4380 
146.50 4.4390 
147.00 4.4399 
147.50 4.4408 
148.00 4.4417 
148.50 4.4427 
149.00 4.4436 
149.50 4.4445 
150.00 4.4454 
