  0.00 1.2919 
  0.50 3.2703 
  1.00 3.2852 
  1.50 3.3002 
  2.00 3.3142 
  2.50 3.3282 
  3.00 3.3419 
  3.50 3.3549 
  4.00 3.3678 
  4.50 3.3804 
  5.00 3.3923 
  5.50 3.4043 
  6.00 3.4157 
  6.50 3.4268 
  7.00 3.4379 
  7.50 3.4483 
  8.00 3.4586 
  8.50 3.4687 
  9.00 3.4783 
  9.50 3.4879 
 10.00 3.4972 
 10.50 3.5061 
 11.00 3.5151 
 11.50 3.5236 
 12.00 3.5319 
 12.50 3.5403 
 13.00 3.5481 
 13.50 3.5560 
 14.00 3.5637 
 14.50 3.5712 
 15.00 3.5786 
 15.50 3.5859 
 16.00 3.5930 
 16.50 3.6000 
 17.00 3.6069 
 17.50 3.6137 
 18.00 3.6205 
 18.50 3.6271 
 19.00 3.6337 
 19.50 3.6402 
 20.00 3.6467 
 20.50 3.6532 
 21.00 3.6596 
 21.50 3.6660 
 22.00 3.6723 
 22.50 3.6788 
 23.00 3.6852 
 23.50 3.6917 
 24.00 3.6982 
 24.50 3.7047 
 25.00 3.7113 
 25.50 3.7180 
 26.00 3.7247 
 26.50 3.7315 
 27.00 3.7384 
 27.50 3.7453 
 28.00 3.7525 
 28.50 3.7597 
 29.00 3.7670 
 29.50 3.7747 
 30.00 3.7823 
 30.50 3.7901 
 31.00 3.7982 
 31.50 3.8063 
 32.00 3.8147 
 32.50 3.8234 
 33.00 3.8320 
 33.50 3.8412 
 34.00 3.8504 
 34.50 3.8598 
 35.00 3.8697 
 35.50 3.8797 
 36.00 3.8899 
 36.50 3.9006 
 37.00 3.9113 
 37.50 3.9225 
 38.00 3.9341 
 38.50 3.9456 
 39.00 3.9579 
 39.50 3.9703 
 40.00 4.4220 
 40.50 4.4251 
 41.00 4.4282 
 41.50 4.4313 
 42.00 4.4344 
 42.50 4.4374 
 43.00 4.4405 
 43.50 4.4436 
 44.00 4.4467 
 44.50 4.4487 
 45.00 4.4508 
 45.50 4.4528 
 46.00 4.4548 
 46.50 4.4568 
 47.00 4.4588 
 47.50 4.4608 
 48.00 4.4628 
 48.50 4.4641 
 49.00 4.4651 
 49.50 4.4661 
 50.00 4.4672 
 50.50 4.4682 
 51.00 4.4693 
 51.50 4.4703 
 52.00 4.4713 
 52.50 4.4719 
 53.00 4.4721 
 53.50 4.4723 
 54.00 4.4725 
 54.50 4.4726 
 55.00 4.4728 
 55.50 4.4730 
 56.00 4.4732 
 56.50 4.4731 
 57.00 4.4726 
 57.50 4.4721 
 58.00 4.4715 
 58.50 4.4710 
 59.00 4.4705 
 59.50 4.4700 
 60.00 4.4695 
 60.50 4.4689 
 61.00 4.4677 
 61.50 4.4666 
 62.00 4.4655 
 62.50 4.4643 
 63.00 4.4632 
 63.50 4.4621 
 64.00 4.4609 
 64.50 4.4598 
 65.00 4.4582 
 65.50 4.4566 
 66.00 4.4550 
 66.50 4.4535 
 67.00 4.4519 
 67.50 4.4503 
 68.00 4.4487 
 68.50 4.4471 
 69.00 4.4452 
 69.50 4.4433 
 70.00 4.4414 
 70.50 4.4394 
 71.00 4.4375 
 71.50 4.4356 
 72.00 4.4336 
 72.50 4.4317 
 73.00 4.4296 
 73.50 4.4275 
 74.00 4.4253 
 74.50 4.4232 
 75.00 4.4211 
 75.50 4.4189 
 76.00 4.4168 
 76.50 4.4146 
 77.00 4.4125 
 77.50 4.4102 
 78.00 4.4080 
 78.50 4.4058 
 79.00 4.4035 
 79.50 4.4013 
 80.00 4.3991 
 80.50 4.3969 
 81.00 4.3946 
 81.50 4.3924 
 82.00 4.3902 
 82.50 4.3880 
 83.00 4.3859 
 83.50 4.3837 
 84.00 4.3815 
 84.50 4.3793 
 85.00 4.3771 
 85.50 4.3750 
 86.00 4.3730 
 86.50 4.3710 
 87.00 4.3690 
 87.50 4.3670 
 88.00 4.3649 
 88.50 4.3629 
 89.00 4.3609 
 89.50 4.3591 
 90.00 4.3574 
 90.50 4.3556 
 91.00 4.3539 
 91.50 4.3522 
 92.00 4.3505 
 92.50 4.3488 
 93.00 4.3471 
 93.50 4.3455 
 94.00 4.3442 
 94.50 4.3429 
 95.00 4.3415 
 95.50 4.3402 
 96.00 4.3389 
 96.50 4.3375 
 97.00 4.3362 
 97.50 4.3350 
 98.00 4.3341 
 98.50 4.3331 
 99.00 4.3322 
 99.50 4.3313 
100.00 4.3304 
100.50 4.3295 
101.00 4.3286 
101.50 4.3277 
102.00 4.3271 
102.50 4.3266 
103.00 4.3261 
103.50 4.3255 
104.00 4.3250 
104.50 4.3245 
105.00 4.3239 
105.50 4.3234 
106.00 4.3232 
106.50 4.3230 
107.00 4.3228 
107.50 4.3227 
108.00 4.3225 
108.50 4.3224 
109.00 4.3222 
109.50 4.3221 
110.00 4.3221 
110.50 4.3223 
111.00 4.3225 
111.50 4.3227 
112.00 4.3228 
112.50 4.3230 
113.00 4.3232 
113.50 4.3234 
114.00 4.3237 
114.50 4.3242 
115.00 4.3247 
115.50 4.3252 
116.00 4.3257 
116.50 4.3262 
117.00 4.3267 
117.50 4.3272 
118.00 4.3278 
118.50 4.3286 
119.00 4.3294 
119.50 4.3302 
120.00 4.3310 
120.50 4.3318 
121.00 4.3327 
121.50 4.3335 
122.00 4.3343 
122.50 4.3354 
123.00 4.3365 
123.50 4.3376 
124.00 4.3387 
124.50 4.3398 
125.00 4.3409 
125.50 4.3420 
126.00 4.3431 
126.50 4.3445 
127.00 4.3459 
127.50 4.3472 
128.00 4.3486 
128.50 4.3500 
129.00 4.3514 
129.50 4.3528 
130.00 4.3542 
130.50 4.3557 
131.00 4.3573 
131.50 4.3590 
132.00 4.3606 
132.50 4.3622 
133.00 4.3638 
133.50 4.3654 
134.00 4.3670 
134.50 4.3688 
135.00 4.3706 
135.50 4.3725 
136.00 4.3743 
136.50 4.3762 
137.00 4.3781 
137.50 4.3799 
138.00 4.3818 
138.50 4.3837 
139.00 4.3858 
139.50 4.3878 
140.00 4.3899 
140.50 4.3920 
141.00 4.3941 
141.50 4.3961 
142.00 4.3982 
142.50 4.4003 
143.00 4.4025 
143.50 4.4048 
144.00 4.4070 
144.50 4.4093 
145.00 4.4116 
145.50 4.4138 
146.00 4.4161 
146.50 4.4184 
147.00 4.4208 
147.50 4.4232 
148.00 4.4256 
148.50 4.4281 
149.00 4.4305 
149.50 4.4329 
150.00 4.4354 
