  0.00 1.2895 
  0.50 3.2713 
  1.00 3.2829 
  1.50 3.2944 
  2.00 3.3049 
  2.50 3.3154 
  3.00 3.3252 
  3.50 3.3347 
  4.00 3.3439 
  4.50 3.3524 
  5.00 3.3609 
  5.50 3.3687 
  6.00 3.3763 
  6.50 3.3836 
  7.00 3.3905 
  7.50 3.3974 
  8.00 3.4036 
  8.50 3.4098 
  9.00 3.4157 
  9.50 3.4213 
 10.00 3.4269 
 10.50 3.4322 
 11.00 3.4374 
 11.50 3.4423 
 12.00 3.4471 
 12.50 3.4518 
 13.00 3.4564 
 13.50 3.4610 
 14.00 3.4654 
 14.50 3.4698 
 15.00 3.4741 
 15.50 3.4785 
 16.00 3.4828 
 16.50 3.4871 
 17.00 3.4915 
 17.50 3.4959 
 18.00 3.5004 
 18.50 3.5050 
 19.00 3.5097 
 19.50 3.5144 
 20.00 3.5194 
 20.50 3.5244 
 21.00 3.5295 
 21.50 3.5351 
 22.00 3.5406 
 22.50 3.5464 
 23.00 3.5524 
 23.50 3.5587 
 24.00 3.5654 
 24.50 3.5721 
 25.00 3.5794 
 25.50 3.5868 
 26.00 3.5946 
 26.50 3.6028 
 27.00 3.6110 
 27.50 3.6202 
 28.00 3.6293 
 28.50 3.6391 
 29.00 3.6493 
 29.50 3.6597 
 30.00 3.6710 
 30.50 3.6824 
 31.00 3.6946 
 31.50 3.7072 
 32.00 3.7201 
 32.50 3.7340 
 33.00 3.7479 
 33.50 3.7630 
 34.00 3.7784 
 34.50 3.7944 
 35.00 3.8111 
 35.50 3.8279 
 36.00 4.4310 
 36.50 4.4282 
 37.00 4.4254 
 37.50 4.4225 
 38.00 4.4197 
 38.50 4.4169 
 39.00 4.4141 
 39.50 4.4112 
 40.00 4.4087 
 40.50 4.4062 
 41.00 4.4039 
 41.50 4.4014 
 42.00 4.3990 
 42.50 4.3966 
 43.00 4.3942 
 43.50 4.3918 
 44.00 4.3895 
 44.50 4.3875 
 45.00 4.3855 
 45.50 4.3835 
 46.00 4.3815 
 46.50 4.3795 
 47.00 4.3775 
 47.50 4.3755 
 48.00 4.3735 
 48.50 4.3718 
 49.00 4.3702 
 49.50 4.3686 
 50.00 4.3670 
 50.50 4.3654 
 51.00 4.3638 
 51.50 4.3622 
 52.00 4.3606 
 52.50 4.3591 
 53.00 4.3579 
 53.50 4.3567 
 54.00 4.3555 
 54.50 4.3543 
 55.00 4.3530 
 55.50 4.3518 
 56.00 4.3506 
 56.50 4.3494 
 57.00 4.3485 
 57.50 4.3476 
 58.00 4.3468 
 58.50 4.3459 
 59.00 4.3451 
 59.50 4.3442 
 60.00 4.3434 
 60.50 4.3425 
 61.00 4.3418 
 61.50 4.3413 
 62.00 4.3408 
 62.50 4.3403 
 63.00 4.3398 
 63.50 4.3393 
 64.00 4.3388 
 64.50 4.3383 
 65.00 4.3378 
 65.50 4.3376 
 66.00 4.3375 
 66.50 4.3373 
 67.00 4.3372 
 67.50 4.3370 
 68.00 4.3368 
 68.50 4.3366 
 69.00 4.3365 
 69.50 4.3365 
 70.00 4.3366 
 70.50 4.3368 
 71.00 4.3369 
 71.50 4.3371 
 72.00 4.3373 
 72.50 4.3374 
 73.00 4.3376 
 73.50 4.3377 
 74.00 4.3382 
 74.50 4.3386 
 75.00 4.3391 
 75.50 4.3395 
 76.00 4.3400 
 76.50 4.3404 
 77.00 4.3409 
 77.50 4.3413 
 78.00 4.3420 
 78.50 4.3427 
 79.00 4.3434 
 79.50 4.3442 
 80.00 4.3449 
 80.50 4.3456 
 81.00 4.3464 
 81.50 4.3471 
 82.00 4.3479 
 82.50 4.3489 
 83.00 4.3499 
 83.50 4.3509 
 84.00 4.3519 
 84.50 4.3529 
 85.00 4.3540 
 85.50 4.3550 
 86.00 4.3560 
 86.50 4.3571 
 87.00 4.3584 
 87.50 4.3596 
 88.00 4.3609 
 88.50 4.3621 
 89.00 4.3634 
 89.50 4.3646 
 90.00 4.3659 
 90.50 4.3672 
 91.00 4.3687 
 91.50 4.3702 
 92.00 4.3717 
 92.50 4.3732 
 93.00 4.3747 
 93.50 4.3761 
 94.00 4.3777 
 94.50 4.3791 
 95.00 4.3808 
 95.50 4.3825 
 96.00 4.3842 
 96.50 4.3859 
 97.00 4.3876 
 97.50 4.3893 
 98.00 4.3910 
 98.50 4.3927 
 99.00 4.3944 
 99.50 4.3963 
100.00 4.3982 
100.50 4.4000 
101.00 4.4019 
101.50 4.4038 
102.00 4.4056 
102.50 4.4075 
103.00 4.4093 
103.50 4.4114 
104.00 4.4134 
104.50 4.4154 
105.00 4.4174 
105.50 4.4195 
106.00 4.4215 
106.50 4.4235 
107.00 4.4256 
107.50 4.4277 
108.00 4.4298 
108.50 4.4320 
109.00 4.4341 
109.50 4.4363 
110.00 4.4384 
110.50 4.4406 
111.00 4.4428 
111.50 4.4449 
112.00 4.4472 
112.50 4.4494 
113.00 4.4517 
113.50 4.4539 
114.00 4.4562 
114.50 4.4585 
115.00 4.4607 
115.50 4.4630 
116.00 4.4653 
116.50 4.4676 
117.00 4.4699 
117.50 4.4722 
118.00 4.4745 
118.50 4.4769 
119.00 4.4792 
119.50 4.4815 
120.00 4.4839 
120.50 4.4862 
121.00 4.4886 
121.50 4.4909 
122.00 4.4933 
122.50 4.4957 
123.00 4.4980 
123.50 4.5004 
124.00 4.5027 
124.50 4.5051 
125.00 4.5075 
125.50 4.5099 
126.00 4.5123 
126.50 4.5146 
127.00 4.5170 
127.50 4.5194 
128.00 4.5218 
128.50 4.5242 
129.00 4.5266 
129.50 4.5289 
130.00 4.5313 
130.50 4.5337 
131.00 4.5361 
131.50 4.5385 
132.00 4.5408 
132.50 4.5432 
133.00 4.5456 
133.50 4.5479 
134.00 4.5502 
134.50 4.5526 
135.00 4.5549 
135.50 4.5572 
136.00 4.5596 
136.50 4.5619 
137.00 4.5642 
137.50 4.5665 
138.00 4.5688 
138.50 4.5710 
139.00 4.5733 
139.50 4.5756 
140.00 4.5779 
140.50 4.5801 
141.00 4.5824 
141.50 4.5846 
142.00 4.5868 
142.50 4.5890 
143.00 4.5911 
143.50 4.5933 
144.00 4.5955 
144.50 4.5977 
145.00 4.5999 
145.50 4.6020 
146.00 4.6040 
146.50 4.6061 
147.00 4.6082 
147.50 4.6102 
148.00 4.6123 
148.50 4.6143 
149.00 4.6164 
149.50 4.6184 
150.00 4.6204 
