  0.00 1.4139 
  0.50 3.2433 
  1.00 3.2547 
  1.50 3.2662 
  2.00 3.2768 
  2.50 3.2874 
  3.00 3.2978 
  3.50 3.3076 
  4.00 3.3174 
  4.50 3.3268 
  5.00 3.3358 
  5.50 3.3448 
  6.00 3.3533 
  6.50 3.3617 
  7.00 3.3700 
  7.50 3.3779 
  8.00 3.3858 
  8.50 3.3935 
  9.00 3.4009 
  9.50 3.4084 
 10.00 3.4156 
 10.50 3.4227 
 11.00 3.4297 
 11.50 3.4366 
 12.00 3.4434 
 12.50 3.4502 
 13.00 3.4569 
 13.50 3.4636 
 14.00 3.4703 
 14.50 3.4769 
 15.00 3.4835 
 15.50 3.4902 
 16.00 3.4969 
 16.50 3.5036 
 17.00 3.5104 
 17.50 3.5172 
 18.00 3.5242 
 18.50 3.5312 
 19.00 3.5383 
 19.50 3.5457 
 20.00 3.5530 
 20.50 3.5606 
 21.00 3.5683 
 21.50 3.5761 
 22.00 3.5842 
 22.50 3.5925 
 23.00 3.6008 
 23.50 3.6097 
 24.00 3.6186 
 24.50 3.6277 
 25.00 3.6373 
 25.50 3.6469 
 26.00 3.6571 
 26.50 3.6675 
 27.00 3.6778 
 27.50 3.6891 
 28.00 3.7004 
 28.50 3.7120 
 29.00 3.7243 
 29.50 3.7366 
 30.00 3.7495 
 30.50 3.7629 
 31.00 3.7762 
 31.50 3.7907 
 32.00 3.8052 
 32.50 3.8201 
 33.00 3.8359 
 33.50 3.8518 
 34.00 3.8684 
 34.50 3.8856 
 35.00 3.9027 
 35.50 3.9213 
 36.00 3.9399 
 36.50 3.9589 
 37.00 3.9791 
 37.50 3.9993 
 38.00 4.0204 
 38.50 4.0421 
 39.00 4.0638 
 39.50 4.2515 
 40.00 4.2514 
 40.50 4.2513 
 41.00 4.2512 
 41.50 4.2511 
 42.00 4.2510 
 42.50 4.2508 
 43.00 4.2507 
 43.50 4.2509 
 44.00 4.2511 
 44.50 4.2514 
 45.00 4.2516 
 45.50 4.2519 
 46.00 4.2521 
 46.50 4.2524 
 47.00 4.2527 
 47.50 4.2530 
 48.00 4.2537 
 48.50 4.2542 
 49.00 4.2549 
 49.50 4.2555 
 50.00 4.2561 
 50.50 4.2567 
 51.00 4.2573 
 51.50 4.2579 
 52.00 4.2588 
 52.50 4.2597 
 53.00 4.2606 
 53.50 4.2615 
 54.00 4.2624 
 54.50 4.2633 
 55.00 4.2642 
 55.50 4.2651 
 56.00 4.2662 
 56.50 4.2674 
 57.00 4.2685 
 57.50 4.2697 
 58.00 4.2708 
 58.50 4.2720 
 59.00 4.2731 
 59.50 4.2743 
 60.00 4.2756 
 60.50 4.2769 
 61.00 4.2783 
 61.50 4.2797 
 62.00 4.2810 
 62.50 4.2824 
 63.00 4.2838 
 63.50 4.2851 
 64.00 4.2866 
 64.50 4.2881 
 65.00 4.2897 
 65.50 4.2912 
 66.00 4.2927 
 66.50 4.2943 
 67.00 4.2958 
 67.50 4.2973 
 68.00 4.2989 
 68.50 4.3006 
 69.00 4.3023 
 69.50 4.3040 
 70.00 4.3056 
 70.50 4.3073 
 71.00 4.3090 
 71.50 4.3107 
 72.00 4.3124 
 72.50 4.3141 
 73.00 4.3159 
 73.50 4.3177 
 74.00 4.3194 
 74.50 4.3212 
 75.00 4.3230 
 75.50 4.3247 
 76.00 4.3265 
 76.50 4.3283 
 77.00 4.3302 
 77.50 4.3320 
 78.00 4.3338 
 78.50 4.3357 
 79.00 4.3375 
 79.50 4.3393 
 80.00 4.3411 
 80.50 4.3430 
 81.00 4.3448 
 81.50 4.3467 
 82.00 4.3485 
 82.50 4.3504 
 83.00 4.3522 
 83.50 4.3541 
 84.00 4.3559 
 84.50 4.3578 
 85.00 4.3596 
 85.50 4.3614 
 86.00 4.3632 
 86.50 4.3651 
 87.00 4.3669 
 87.50 4.3687 
 88.00 4.3705 
 88.50 4.3723 
 89.00 4.3741 
 89.50 4.3759 
 90.00 4.3776 
 90.50 4.3794 
 91.00 4.3811 
 91.50 4.3829 
 92.00 4.3846 
 92.50 4.3864 
 93.00 4.3881 
 93.50 4.3897 
 94.00 4.3914 
 94.50 4.3930 
 95.00 4.3947 
 95.50 4.3963 
 96.00 4.3980 
 96.50 4.3996 
 97.00 4.4012 
 97.50 4.4028 
 98.00 4.4043 
 98.50 4.4059 
 99.00 4.4074 
 99.50 4.4090 
100.00 4.4105 
100.50 4.4121 
101.00 4.4136 
101.50 4.4151 
102.00 4.4165 
102.50 4.4180 
103.00 4.4194 
103.50 4.4208 
104.00 4.4223 
104.50 4.4237 
105.00 4.4252 
105.50 4.4265 
106.00 4.4279 
106.50 4.4292 
107.00 4.4305 
107.50 4.4318 
108.00 4.4332 
108.50 4.4345 
109.00 4.4359 
109.50 4.4371 
110.00 4.4384 
110.50 4.4396 
111.00 4.4409 
111.50 4.4421 
112.00 4.4434 
112.50 4.4446 
113.00 4.4459 
113.50 4.4471 
114.00 4.4482 
114.50 4.4494 
115.00 4.4505 
115.50 4.4516 
116.00 4.4528 
116.50 4.4539 
117.00 4.4550 
117.50 4.4562 
118.00 4.4572 
118.50 4.4583 
119.00 4.4593 
119.50 4.4604 
120.00 4.4614 
120.50 4.4624 
121.00 4.4635 
121.50 4.4645 
122.00 4.4655 
122.50 4.4665 
123.00 4.4674 
123.50 4.4684 
124.00 4.4693 
124.50 4.4703 
125.00 4.4712 
125.50 4.4722 
126.00 4.4731 
126.50 4.4739 
127.00 4.4748 
127.50 4.4756 
128.00 4.4765 
128.50 4.4773 
129.00 4.4782 
129.50 4.4790 
130.00 4.4798 
130.50 4.4806 
131.00 4.4814 
131.50 4.4821 
132.00 4.4829 
132.50 4.4837 
133.00 4.4844 
133.50 4.4852 
134.00 4.4859 
134.50 4.4866 
135.00 4.4873 
135.50 4.4880 
136.00 4.4887 
136.50 4.4893 
137.00 4.4900 
137.50 4.4907 
138.00 4.4914 
138.50 4.4920 
139.00 4.4925 
139.50 4.4931 
140.00 4.4937 
140.50 4.4943 
141.00 4.4949 
141.50 4.4955 
142.00 4.4960 
142.50 4.4966 
143.00 4.4971 
143.50 4.4976 
144.00 4.4981 
144.50 4.4986 
145.00 4.4991 
145.50 4.4996 
146.00 4.5000 
146.50 4.5005 
147.00 4.5009 
147.50 4.5013 
148.00 4.5017 
148.50 4.5021 
149.00 4.5025 
149.50 4.5029 
150.00 4.5033 
