  0.00 1.5304 
  0.50 3.3157 
  1.00 3.3245 
  1.50 3.3334 
  2.00 3.3417 
  2.50 3.3498 
  3.00 3.3578 
  3.50 3.3651 
  4.00 3.3725 
  4.50 3.3795 
  5.00 3.3862 
  5.50 3.3930 
  6.00 3.3992 
  6.50 3.4054 
  7.00 3.4114 
  7.50 3.4172 
  8.00 3.4229 
  8.50 3.4284 
  9.00 3.4338 
  9.50 3.4391 
 10.00 3.4442 
 10.50 3.4493 
 11.00 3.4543 
 11.50 3.4592 
 12.00 3.4641 
 12.50 3.4690 
 13.00 3.4739 
 13.50 3.4787 
 14.00 3.4836 
 14.50 3.4884 
 15.00 3.4933 
 15.50 3.4983 
 16.00 3.5032 
 16.50 3.5084 
 17.00 3.5136 
 17.50 3.5189 
 18.00 3.5243 
 18.50 3.5297 
 19.00 3.5355 
 19.50 3.5414 
 20.00 3.5473 
 20.50 3.5536 
 21.00 3.5598 
 21.50 3.5665 
 22.00 3.5733 
 22.50 3.5802 
 23.00 3.5878 
 23.50 3.5953 
 24.00 3.6031 
 24.50 3.6113 
 25.00 3.6196 
 25.50 3.6286 
 26.00 3.6376 
 26.50 3.6470 
 27.00 3.6570 
 27.50 3.6670 
 28.00 3.6778 
 28.50 3.6888 
 29.00 3.6999 
 29.50 3.7121 
 30.00 3.7242 
 30.50 3.7369 
 31.00 3.7502 
 31.50 3.7636 
 32.00 3.7781 
 32.50 3.7928 
 33.00 3.8078 
 33.50 3.8239 
 34.00 3.8399 
 34.50 3.8569 
 35.00 3.8744 
 35.50 3.8920 
 36.00 3.9111 
 36.50 3.9302 
 37.00 3.9500 
 37.50 3.9707 
 38.00 3.9914 
 38.50 4.3218 
 39.00 4.3197 
 39.50 4.3175 
 40.00 4.3153 
 40.50 4.3132 
 41.00 4.3110 
 41.50 4.3089 
 42.00 4.3067 
 42.50 4.3049 
 43.00 4.3035 
 43.50 4.3021 
 44.00 4.3007 
 44.50 4.2993 
 45.00 4.2979 
 45.50 4.2964 
 46.00 4.2950 
 46.50 4.2937 
 47.00 4.2930 
 47.50 4.2922 
 48.00 4.2915 
 48.50 4.2908 
 49.00 4.2900 
 49.50 4.2893 
 50.00 4.2885 
 50.50 4.2878 
 51.00 4.2876 
 51.50 4.2874 
 52.00 4.2873 
 52.50 4.2871 
 53.00 4.2870 
 53.50 4.2868 
 54.00 4.2867 
 54.50 4.2866 
 55.00 4.2867 
 55.50 4.2871 
 56.00 4.2875 
 56.50 4.2879 
 57.00 4.2883 
 57.50 4.2887 
 58.00 4.2890 
 58.50 4.2894 
 59.00 4.2900 
 59.50 4.2908 
 60.00 4.2916 
 60.50 4.2924 
 61.00 4.2933 
 61.50 4.2941 
 62.00 4.2950 
 62.50 4.2958 
 63.00 4.2966 
 63.50 4.2978 
 64.00 4.2990 
 64.50 4.3003 
 65.00 4.3015 
 65.50 4.3027 
 66.00 4.3039 
 66.50 4.3051 
 67.00 4.3063 
 67.50 4.3078 
 68.00 4.3093 
 68.50 4.3108 
 69.00 4.3123 
 69.50 4.3138 
 70.00 4.3154 
 70.50 4.3169 
 71.00 4.3184 
 71.50 4.3200 
 72.00 4.3217 
 72.50 4.3235 
 73.00 4.3252 
 73.50 4.3270 
 74.00 4.3287 
 74.50 4.3305 
 75.00 4.3322 
 75.50 4.3340 
 76.00 4.3359 
 76.50 4.3378 
 77.00 4.3397 
 77.50 4.3416 
 78.00 4.3435 
 78.50 4.3454 
 79.00 4.3473 
 79.50 4.3492 
 80.00 4.3512 
 80.50 4.3532 
 81.00 4.3551 
 81.50 4.3571 
 82.00 4.3591 
 82.50 4.3610 
 83.00 4.3630 
 83.50 4.3650 
 84.00 4.3670 
 84.50 4.3690 
 85.00 4.3709 
 85.50 4.3729 
 86.00 4.3749 
 86.50 4.3769 
 87.00 4.3789 
 87.50 4.3809 
 88.00 4.3829 
 88.50 4.3848 
 89.00 4.3867 
 89.50 4.3886 
 90.00 4.3905 
 90.50 4.3924 
 91.00 4.3943 
 91.50 4.3962 
 92.00 4.3981 
 92.50 4.3999 
 93.00 4.4017 
 93.50 4.4034 
 94.00 4.4052 
 94.50 4.4070 
 95.00 4.4088 
 95.50 4.4106 
 96.00 4.4124 
 96.50 4.4140 
 97.00 4.4157 
 97.50 4.4173 
 98.00 4.4190 
 98.50 4.4206 
 99.00 4.4222 
 99.50 4.4239 
100.00 4.4255 
100.50 4.4271 
101.00 4.4286 
101.50 4.4301 
102.00 4.4316 
102.50 4.4331 
103.00 4.4346 
103.50 4.4361 
104.00 4.4376 
104.50 4.4391 
105.00 4.4404 
105.50 4.4418 
106.00 4.4432 
106.50 4.4446 
107.00 4.4459 
107.50 4.4473 
108.00 4.4487 
108.50 4.4501 
109.00 4.4513 
109.50 4.4526 
110.00 4.4538 
110.50 4.4551 
111.00 4.4563 
111.50 4.4575 
112.00 4.4588 
112.50 4.4600 
113.00 4.4612 
113.50 4.4623 
114.00 4.4634 
114.50 4.4646 
115.00 4.4657 
115.50 4.4668 
116.00 4.4679 
116.50 4.4691 
117.00 4.4702 
117.50 4.4712 
118.00 4.4722 
118.50 4.4732 
119.00 4.4742 
119.50 4.4752 
120.00 4.4762 
120.50 4.4772 
121.00 4.4783 
121.50 4.4792 
122.00 4.4801 
122.50 4.4810 
123.00 4.4819 
123.50 4.4828 
124.00 4.4837 
124.50 4.4846 
125.00 4.4855 
125.50 4.4864 
126.00 4.4872 
126.50 4.4880 
127.00 4.4888 
127.50 4.4896 
128.00 4.4904 
128.50 4.4912 
129.00 4.4920 
129.50 4.4928 
130.00 4.4935 
130.50 4.4942 
131.00 4.4949 
131.50 4.4957 
132.00 4.4964 
132.50 4.4971 
133.00 4.4978 
133.50 4.4985 
134.00 4.4991 
134.50 4.4997 
135.00 4.5004 
135.50 4.5010 
136.00 4.5016 
136.50 4.5022 
137.00 4.5028 
137.50 4.5034 
138.00 4.5040 
138.50 4.5045 
139.00 4.5050 
139.50 4.5056 
140.00 4.5061 
140.50 4.5066 
141.00 4.5072 
141.50 4.5077 
142.00 4.5082 
142.50 4.5087 
143.00 4.5091 
143.50 4.5095 
144.00 4.5100 
144.50 4.5104 
145.00 4.5109 
145.50 4.5113 
146.00 4.5118 
146.50 4.5122 
147.00 4.5125 
147.50 4.5129 
148.00 4.5133 
148.50 4.5137 
149.00 4.5140 
149.50 4.5144 
150.00 4.5148 
