  0.00 1.3442 
  0.50 3.4274 
  1.00 3.4345 
  1.50 3.4413 
  2.00 3.4475 
  2.50 3.4536 
  3.00 3.4590 
  3.50 3.4644 
  4.00 3.4692 
  4.50 3.4739 
  5.00 3.4782 
  5.50 3.4824 
  6.00 3.4864 
  6.50 3.4902 
  7.00 3.4939 
  7.50 3.4975 
  8.00 3.5011 
  8.50 3.5045 
  9.00 3.5080 
  9.50 3.5115 
 10.00 3.5150 
 10.50 3.5186 
 11.00 3.5223 
 11.50 3.5261 
 12.00 3.5302 
 12.50 3.5343 
 13.00 3.5388 
 13.50 3.5433 
 14.00 3.5484 
 14.50 3.5536 
 15.00 3.5592 
 15.50 3.5651 
 16.00 3.5713 
 16.50 3.5782 
 17.00 3.5852 
 17.50 3.5931 
 18.00 3.6010 
 18.50 3.6100 
 19.00 3.6192 
 19.50 3.6292 
 20.00 3.6397 
 20.50 3.6508 
 21.00 3.6629 
 21.50 3.6751 
 22.00 3.6888 
 22.50 3.7025 
 23.00 3.7178 
 23.50 3.7332 
 24.00 3.7500 
 24.50 3.7674 
 25.00 3.7857 
 25.50 3.8052 
 26.00 3.8252 
 26.50 3.8469 
 27.00 3.8687 
 27.50 3.8927 
 28.00 3.9169 
 28.50 3.9428 
 29.00 3.9694 
 29.50 3.9974 
 30.00 4.0267 
 30.50 4.0567 
 31.00 4.0888 
 31.50 4.1210 
 32.00 4.1559 
 32.50 4.1908 
 33.00 4.4297 
 33.50 4.4271 
 34.00 4.4244 
 34.50 4.4217 
 35.00 4.4190 
 35.50 4.4163 
 36.00 4.4136 
 36.50 4.4110 
 37.00 4.4084 
 37.50 4.4062 
 38.00 4.4041 
 38.50 4.4020 
 39.00 4.3998 
 39.50 4.3977 
 40.00 4.3955 
 40.50 4.3934 
 41.00 4.3913 
 41.50 4.3894 
 42.00 4.3877 
 42.50 4.3861 
 43.00 4.3844 
 43.50 4.3828 
 44.00 4.3811 
 44.50 4.3795 
 45.00 4.3778 
 45.50 4.3762 
 46.00 4.3750 
 46.50 4.3738 
 47.00 4.3726 
 47.50 4.3714 
 48.00 4.3702 
 48.50 4.3690 
 49.00 4.3678 
 49.50 4.3666 
 50.00 4.3655 
 50.50 4.3647 
 51.00 4.3639 
 51.50 4.3631 
 52.00 4.3623 
 52.50 4.3615 
 53.00 4.3607 
 53.50 4.3599 
 54.00 4.3591 
 54.50 4.3586 
 55.00 4.3582 
 55.50 4.3577 
 56.00 4.3573 
 56.50 4.3568 
 57.00 4.3564 
 57.50 4.3560 
 58.00 4.3555 
 58.50 4.3552 
 59.00 4.3550 
 59.50 4.3549 
 60.00 4.3547 
 60.50 4.3546 
 61.00 4.3545 
 61.50 4.3543 
 62.00 4.3542 
 62.50 4.3540 
 63.00 4.3541 
 63.50 4.3542 
 64.00 4.3543 
 64.50 4.3545 
 65.00 4.3546 
 65.50 4.3547 
 66.00 4.3549 
 66.50 4.3550 
 67.00 4.3551 
 67.50 4.3555 
 68.00 4.3558 
 68.50 4.3561 
 69.00 4.3564 
 69.50 4.3568 
 70.00 4.3571 
 70.50 4.3574 
 71.00 4.3577 
 71.50 4.3582 
 72.00 4.3586 
 72.50 4.3591 
 73.00 4.3596 
 73.50 4.3601 
 74.00 4.3606 
 74.50 4.3611 
 75.00 4.3616 
 75.50 4.3621 
 76.00 4.3627 
 76.50 4.3633 
 77.00 4.3639 
 77.50 4.3645 
 78.00 4.3651 
 78.50 4.3658 
 79.00 4.3664 
 79.50 4.3670 
 80.00 4.3676 
 80.50 4.3683 
 81.00 4.3690 
 81.50 4.3696 
 82.00 4.3703 
 82.50 4.3709 
 83.00 4.3716 
 83.50 4.3723 
 84.00 4.3729 
 84.50 4.3736 
 85.00 4.3743 
 85.50 4.3750 
 86.00 4.3757 
 86.50 4.3764 
 87.00 4.3771 
 87.50 4.3777 
 88.00 4.3784 
 88.50 4.3791 
 89.00 4.3798 
 89.50 4.3804 
 90.00 4.3811 
 90.50 4.3818 
 91.00 4.3824 
 91.50 4.3831 
 92.00 4.3838 
 92.50 4.3844 
 93.00 4.3851 
 93.50 4.3857 
 94.00 4.3864 
 94.50 4.3870 
 95.00 4.3876 
 95.50 4.3883 
 96.00 4.3889 
 96.50 4.3896 
 97.00 4.3902 
 97.50 4.3908 
 98.00 4.3914 
 98.50 4.3921 
 99.00 4.3927 
 99.50 4.3933 
100.00 4.3939 
100.50 4.3945 
101.00 4.3952 
101.50 4.3958 
102.00 4.3964 
102.50 4.3970 
103.00 4.3976 
103.50 4.3982 
104.00 4.3988 
104.50 4.3994 
105.00 4.4000 
105.50 4.4006 
106.00 4.4012 
106.50 4.4018 
107.00 4.4024 
107.50 4.4030 
108.00 4.4036 
108.50 4.4042 
109.00 4.4048 
109.50 4.4055 
110.00 4.4061 
110.50 4.4066 
111.00 4.4072 
111.50 4.4078 
112.00 4.4084 
112.50 4.4090 
113.00 4.4096 
113.50 4.4102 
114.00 4.4108 
114.50 4.4114 
115.00 4.4120 
115.50 4.4126 
116.00 4.4132 
116.50 4.4138 
117.00 4.4144 
117.50 4.4150 
118.00 4.4156 
118.50 4.4162 
119.00 4.4168 
119.50 4.4174 
120.00 4.4180 
120.50 4.4186 
121.00 4.4192 
121.50 4.4199 
122.00 4.4205 
122.50 4.4211 
123.00 4.4217 
123.50 4.4223 
124.00 4.4230 
124.50 4.4236 
125.00 4.4242 
125.50 4.4248 
126.00 4.4254 
126.50 4.4260 
127.00 4.4267 
127.50 4.4273 
128.00 4.4279 
128.50 4.4286 
129.00 4.4292 
129.50 4.4299 
130.00 4.4305 
130.50 4.4311 
131.00 4.4318 
131.50 4.4324 
132.00 4.4331 
132.50 4.4338 
133.00 4.4345 
133.50 4.4351 
134.00 4.4358 
134.50 4.4365 
135.00 4.4372 
135.50 4.4378 
136.00 4.4385 
136.50 4.4392 
137.00 4.4399 
137.50 4.4406 
138.00 4.4413 
138.50 4.4420 
139.00 4.4427 
139.50 4.4434 
140.00 4.4441 
140.50 4.4449 
141.00 4.4456 
141.50 4.4464 
142.00 4.4471 
142.50 4.4479 
143.00 4.4486 
143.50 4.4493 
144.00 4.4501 
144.50 4.4509 
145.00 4.4517 
145.50 4.4524 
146.00 4.4532 
146.50 4.4540 
147.00 4.4548 
147.50 4.4556 
148.00 4.4564 
148.50 4.4572 
149.00 4.4580 
149.50 4.4589 
150.00 4.4597 
