  0.00 0.6747 
  0.50 1.0747 
  1.00 1.4746 
  1.50 1.8746 
  2.00 2.2746 
  2.50 2.6745 
  3.00 3.5419 
  3.50 3.5521 
  4.00 3.5622 
  4.50 3.5723 
  5.00 3.5818 
  5.50 3.5913 
  6.00 3.6008 
  6.50 3.6098 
  7.00 3.6185 
  7.50 3.6273 
  8.00 3.6360 
  8.50 3.6441 
  9.00 3.6523 
  9.50 3.6604 
 10.00 3.6682 
 10.50 3.6757 
 11.00 3.6833 
 11.50 3.6907 
 12.00 3.6978 
 12.50 3.7048 
 13.00 3.7119 
 13.50 3.7186 
 14.00 3.7251 
 14.50 3.7317 
 15.00 3.7382 
 15.50 3.7443 
 16.00 3.7505 
 16.50 3.7567 
 17.00 3.7626 
 17.50 3.7684 
 18.00 3.7743 
 18.50 3.7800 
 19.00 3.7856 
 19.50 3.7911 
 20.00 3.7967 
 20.50 3.8021 
 21.00 3.8074 
 21.50 3.8127 
 22.00 3.8180 
 22.50 3.8231 
 23.00 3.8283 
 23.50 3.8335 
 24.00 3.8385 
 24.50 3.8436 
 25.00 3.8487 
 25.50 3.8537 
 26.00 3.8587 
 26.50 3.8638 
 27.00 3.8688 
 27.50 3.8738 
 28.00 3.8788 
 28.50 3.8839 
 29.00 3.8890 
 29.50 3.8941 
 30.00 3.8992 
 30.50 3.9043 
 31.00 3.9095 
 31.50 3.9148 
 32.00 3.9200 
 32.50 3.9253 
 33.00 3.9308 
 33.50 3.9362 
 34.00 3.9416 
 34.50 3.9473 
 35.00 3.9530 
 35.50 3.9587 
 36.00 3.9645 
 36.50 3.9705 
 37.00 3.9764 
 37.50 3.9825 
 38.00 3.9888 
 38.50 3.9952 
 39.00 4.0016 
 39.50 4.0082 
 40.00 4.0150 
 40.50 4.0218 
 41.00 4.0287 
 41.50 4.0359 
 42.00 4.0432 
 42.50 4.0504 
 43.00 4.0581 
 43.50 4.0659 
 44.00 4.0737 
 44.50 4.0817 
 45.00 4.0901 
 45.50 4.0985 
 46.00 4.1070 
 46.50 4.1159 
 47.00 4.1250 
 47.50 4.1341 
 48.00 4.1434 
 48.50 4.1532 
 49.00 4.1631 
 49.50 4.1729 
 50.00 4.1834 
 50.50 4.1939 
 51.00 4.2045 
 51.50 4.2154 
 52.00 4.2268 
 52.50 4.2381 
 53.00 4.2495 
 53.50 4.6566 
 54.00 4.6592 
 54.50 4.6618 
 55.00 4.6644 
 55.50 4.6670 
 56.00 4.6697 
 56.50 4.6723 
 57.00 4.6749 
 57.50 4.6776 
 58.00 4.6802 
 58.50 4.6827 
 59.00 4.6851 
 59.50 4.6876 
 60.00 4.6901 
 60.50 4.6925 
 61.00 4.6950 
 61.50 4.6975 
 62.00 4.6999 
 62.50 4.7024 
 63.00 4.7049 
 63.50 4.7072 
 64.00 4.7094 
 64.50 4.7117 
 65.00 4.7139 
 65.50 4.7162 
 66.00 4.7184 
 66.50 4.7207 
 67.00 4.7229 
 67.50 4.7252 
 68.00 4.7274 
 68.50 4.7295 
 69.00 4.7315 
 69.50 4.7335 
 70.00 4.7355 
 70.50 4.7375 
 71.00 4.7395 
 71.50 4.7415 
 72.00 4.7435 
 72.50 4.7455 
 73.00 4.7475 
 73.50 4.7494 
 74.00 4.7511 
 74.50 4.7527 
 75.00 4.7544 
 75.50 4.7561 
 76.00 4.7578 
 76.50 4.7595 
 77.00 4.7612 
 77.50 4.7629 
 78.00 4.7645 
 78.50 4.7661 
 79.00 4.7675 
 79.50 4.7688 
 80.00 4.7702 
 80.50 4.7715 
 81.00 4.7729 
 81.50 4.7742 
 82.00 4.7755 
 82.50 4.7769 
 83.00 4.7782 
 83.50 4.7795 
 84.00 4.7805 
 84.50 4.7814 
 85.00 4.7824 
 85.50 4.7833 
 86.00 4.7843 
 86.50 4.7853 
 87.00 4.7862 
 87.50 4.7872 
 88.00 4.7881 
 88.50 4.7891 
 89.00 4.7896 
 89.50 4.7901 
 90.00 4.7907 
 90.50 4.7912 
 91.00 4.7917 
 91.50 4.7922 
 92.00 4.7927 
 92.50 4.7933 
 93.00 4.7938 
 93.50 4.7943 
 94.00 4.7945 
 94.50 4.7945 
 95.00 4.7946 
 95.50 4.7946 
 96.00 4.7947 
 96.50 4.7947 
 97.00 4.7948 
 97.50 4.7949 
 98.00 4.7949 
 98.50 4.7950 
 99.00 4.7947 
 99.50 4.7942 
100.00 4.7937 
100.50 4.7933 
101.00 4.7928 
101.50 4.7923 
102.00 4.7919 
102.50 4.7914 
103.00 4.7910 
103.50 4.7905 
104.00 4.7897 
104.50 4.7888 
105.00 4.7878 
105.50 4.7868 
106.00 4.7858 
106.50 4.7848 
107.00 4.7839 
107.50 4.7829 
108.00 4.7819 
108.50 4.7809 
109.00 4.7798 
109.50 4.7784 
110.00 4.7770 
110.50 4.7755 
111.00 4.7741 
111.50 4.7727 
112.00 4.7713 
112.50 4.7699 
113.00 4.7685 
113.50 4.7671 
114.00 4.7656 
114.50 4.7638 
115.00 4.7620 
115.50 4.7603 
116.00 4.7585 
116.50 4.7567 
117.00 4.7550 
117.50 4.7532 
118.00 4.7514 
118.50 4.7497 
119.00 4.7478 
119.50 4.7458 
120.00 4.7438 
120.50 4.7417 
121.00 4.7396 
121.50 4.7376 
122.00 4.7355 
122.50 4.7335 
123.00 4.7314 
123.50 4.7294 
124.00 4.7273 
124.50 4.7251 
125.00 4.7228 
125.50 4.7206 
126.00 4.7184 
126.50 4.7161 
127.00 4.7139 
127.50 4.7116 
128.00 4.7094 
128.50 4.7072 
129.00 4.7049 
129.50 4.7026 
130.00 4.7002 
130.50 4.6979 
131.00 4.6955 
131.50 4.6932 
132.00 4.6908 
132.50 4.6884 
133.00 4.6861 
133.50 4.6837 
134.00 4.6814 
134.50 4.6790 
135.00 4.6766 
135.50 4.6742 
136.00 4.6718 
136.50 4.6694 
137.00 4.6670 
137.50 4.6646 
138.00 4.6622 
138.50 4.6598 
139.00 4.6574 
139.50 4.6550 
140.00 4.6527 
140.50 4.6503 
141.00 4.6479 
141.50 4.6456 
142.00 4.6432 
142.50 4.6409 
143.00 4.6385 
143.50 4.6362 
144.00 4.6338 
144.50 4.6315 
145.00 4.6293 
145.50 4.6270 
146.00 4.6248 
146.50 4.6226 
147.00 4.6204 
147.50 4.6181 
148.00 4.6159 
148.50 4.6137 
149.00 4.6114 
149.50 4.6093 
150.00 4.6073 
