  0.00 0.9818 
  0.50 1.3047 
  1.00 1.6275 
  1.50 1.9504 
  2.00 2.2732 
  2.50 2.5961 
  3.00 2.9189 
  3.50 3.5039 
  4.00 3.5157 
  4.50 3.5276 
  5.00 3.5389 
  5.50 3.5498 
  6.00 3.5608 
  6.50 3.5715 
  7.00 3.5815 
  7.50 3.5915 
  8.00 3.6016 
  8.50 3.6108 
  9.00 3.6200 
  9.50 3.6291 
 10.00 3.6379 
 10.50 3.6463 
 11.00 3.6547 
 11.50 3.6630 
 12.00 3.6707 
 12.50 3.6783 
 13.00 3.6860 
 13.50 3.6932 
 14.00 3.7002 
 14.50 3.7072 
 15.00 3.7140 
 15.50 3.7205 
 16.00 3.7270 
 16.50 3.7334 
 17.00 3.7394 
 17.50 3.7453 
 18.00 3.7513 
 18.50 3.7569 
 19.00 3.7625 
 19.50 3.7680 
 20.00 3.7734 
 20.50 3.7785 
 21.00 3.7837 
 21.50 3.7888 
 22.00 3.7937 
 22.50 3.7986 
 23.00 3.8035 
 23.50 3.8082 
 24.00 3.8128 
 24.50 3.8175 
 25.00 3.8221 
 25.50 3.8266 
 26.00 3.8311 
 26.50 3.8356 
 27.00 3.8400 
 27.50 3.8444 
 28.00 3.8488 
 28.50 3.8531 
 29.00 3.8575 
 29.50 3.8619 
 30.00 3.8663 
 30.50 3.8707 
 31.00 3.8751 
 31.50 3.8795 
 32.00 3.8841 
 32.50 3.8887 
 33.00 3.8932 
 33.50 3.8979 
 34.00 3.9026 
 34.50 3.9073 
 35.00 3.9120 
 35.50 3.9171 
 36.00 3.9221 
 36.50 3.9271 
 37.00 3.9324 
 37.50 3.9377 
 38.00 3.9430 
 38.50 3.9485 
 39.00 3.9542 
 39.50 3.9600 
 40.00 3.9657 
 40.50 3.9719 
 41.00 3.9781 
 41.50 3.9843 
 42.00 3.9908 
 42.50 3.9976 
 43.00 4.0043 
 43.50 4.0112 
 44.00 4.0185 
 44.50 4.0259 
 45.00 4.0333 
 45.50 4.0412 
 46.00 4.0492 
 46.50 4.0572 
 47.00 4.0656 
 47.50 4.0744 
 48.00 4.0831 
 48.50 4.0920 
 49.00 4.1016 
 49.50 4.1112 
 50.00 4.1209 
 50.50 4.1311 
 51.00 4.1415 
 51.50 4.1519 
 52.00 4.5889 
 52.50 4.5939 
 53.00 4.5988 
 53.50 4.6038 
 54.00 4.6088 
 54.50 4.6137 
 55.00 4.6187 
 55.50 4.6237 
 56.00 4.6287 
 56.50 4.6336 
 57.00 4.6383 
 57.50 4.6415 
 58.00 4.6447 
 58.50 4.6479 
 59.00 4.6511 
 59.50 4.6543 
 60.00 4.6574 
 60.50 4.6606 
 61.00 4.6638 
 61.50 4.6670 
 62.00 4.6702 
 62.50 4.6719 
 63.00 4.6734 
 63.50 4.6750 
 64.00 4.6766 
 64.50 4.6782 
 65.00 4.6798 
 65.50 4.6814 
 66.00 4.6830 
 66.50 4.6845 
 67.00 4.6861 
 67.50 4.6868 
 68.00 4.6871 
 68.50 4.6873 
 69.00 4.6876 
 69.50 4.6878 
 70.00 4.6881 
 70.50 4.6884 
 71.00 4.6886 
 71.50 4.6889 
 72.00 4.6892 
 72.50 4.6889 
 73.00 4.6881 
 73.50 4.6873 
 74.00 4.6864 
 74.50 4.6856 
 75.00 4.6848 
 75.50 4.6840 
 76.00 4.6832 
 76.50 4.6823 
 77.00 4.6815 
 77.50 4.6805 
 78.00 4.6788 
 78.50 4.6772 
 79.00 4.6755 
 79.50 4.6738 
 80.00 4.6722 
 80.50 4.6705 
 81.00 4.6689 
 81.50 4.6672 
 82.00 4.6656 
 82.50 4.6639 
 83.00 4.6617 
 83.50 4.6595 
 84.00 4.6572 
 84.50 4.6550 
 85.00 4.6528 
 85.50 4.6506 
 86.00 4.6483 
 86.50 4.6461 
 87.00 4.6439 
 87.50 4.6417 
 88.00 4.6392 
 88.50 4.6366 
 89.00 4.6341 
 89.50 4.6315 
 90.00 4.6290 
 90.50 4.6264 
 91.00 4.6239 
 91.50 4.6213 
 92.00 4.6188 
 92.50 4.6162 
 93.00 4.6136 
 93.50 4.6110 
 94.00 4.6084 
 94.50 4.6057 
 95.00 4.6031 
 95.50 4.6005 
 96.00 4.5979 
 96.50 4.5953 
 97.00 4.5926 
 97.50 4.5900 
 98.00 4.5875 
 98.50 4.5850 
 99.00 4.5826 
 99.50 4.5801 
100.00 4.5777 
100.50 4.5753 
101.00 4.5728 
101.50 4.5704 
102.00 4.5680 
102.50 4.5655 
103.00 4.5631 
103.50 4.5610 
104.00 4.5589 
104.50 4.5568 
105.00 4.5547 
105.50 4.5526 
106.00 4.5505 
106.50 4.5484 
107.00 4.5462 
107.50 4.5441 
108.00 4.5420 
108.50 4.5402 
109.00 4.5384 
109.50 4.5366 
110.00 4.5349 
110.50 4.5331 
111.00 4.5313 
111.50 4.5295 
112.00 4.5277 
112.50 4.5260 
113.00 4.5242 
113.50 4.5226 
114.00 4.5212 
114.50 4.5197 
115.00 4.5183 
115.50 4.5168 
116.00 4.5153 
116.50 4.5139 
117.00 4.5124 
117.50 4.5110 
118.00 4.5095 
118.50 4.5082 
119.00 4.5071 
119.50 4.5060 
120.00 4.5049 
120.50 4.5037 
121.00 4.5026 
121.50 4.5015 
122.00 4.5004 
122.50 4.4992 
123.00 4.4981 
123.50 4.4971 
124.00 4.4962 
124.50 4.4954 
125.00 4.4946 
125.50 4.4937 
126.00 4.4929 
126.50 4.4921 
127.00 4.4912 
127.50 4.4904 
128.00 4.4896 
128.50 4.4888 
129.00 4.4882 
129.50 4.4877 
130.00 4.4872 
130.50 4.4867 
131.00 4.4861 
131.50 4.4856 
132.00 4.4851 
132.50 4.4845 
133.00 4.4840 
133.50 4.4835 
134.00 4.4832 
134.50 4.4830 
135.00 4.4827 
135.50 4.4825 
136.00 4.4823 
136.50 4.4820 
137.00 4.4818 
137.50 4.4816 
138.00 4.4813 
138.50 4.4811 
139.00 4.4810 
139.50 4.4811 
140.00 4.4811 
140.50 4.4812 
141.00 4.4812 
141.50 4.4813 
142.00 4.4813 
142.50 4.4814 
143.00 4.4814 
143.50 4.4815 
144.00 4.4816 
144.50 4.4819 
145.00 4.4823 
145.50 4.4826 
146.00 4.4829 
146.50 4.4832 
147.00 4.4835 
147.50 4.4838 
148.00 4.4841 
148.50 4.4844 
149.00 4.4848 
149.50 4.4854 
150.00 4.4860 
