  0.00 1.2014 
  0.50 3.3430 
  1.00 3.3499 
  1.50 3.3568 
  2.00 3.3634 
  2.50 3.3699 
  3.00 3.3761 
  3.50 3.3822 
  4.00 3.3882 
  4.50 3.3939 
  5.00 3.3996 
  5.50 3.4050 
  6.00 3.4103 
  6.50 3.4156 
  7.00 3.4207 
  7.50 3.4257 
  8.00 3.4306 
  8.50 3.4354 
  9.00 3.4401 
  9.50 3.4448 
 10.00 3.4494 
 10.50 3.4539 
 11.00 3.4584 
 11.50 3.4628 
 12.00 3.4672 
 12.50 3.4716 
 13.00 3.4760 
 13.50 3.4804 
 14.00 3.4847 
 14.50 3.4891 
 15.00 3.4935 
 15.50 3.4980 
 16.00 3.5025 
 16.50 3.5070 
 17.00 3.5116 
 17.50 3.5161 
 18.00 3.5209 
 18.50 3.5256 
 19.00 3.5305 
 19.50 3.5355 
 20.00 3.5405 
 20.50 3.5458 
 21.00 3.5511 
 21.50 3.5565 
 22.00 3.5621 
 22.50 3.5677 
 23.00 3.5737 
 23.50 3.5797 
 24.00 3.5860 
 24.50 3.5924 
 25.00 3.5989 
 25.50 3.6058 
 26.00 3.6127 
 26.50 3.6199 
 27.00 3.6273 
 27.50 3.6348 
 28.00 3.6429 
 28.50 3.6509 
 29.00 3.6594 
 29.50 3.6680 
 30.00 3.6768 
 30.50 3.6862 
 31.00 3.6956 
 31.50 3.7054 
 32.00 3.7155 
 32.50 3.7258 
 33.00 3.7367 
 33.50 3.7476 
 34.00 3.7592 
 34.50 3.7710 
 35.00 3.7830 
 35.50 3.7955 
 36.00 3.8081 
 36.50 4.3521 
 37.00 4.3523 
 37.50 4.3524 
 38.00 4.3526 
 38.50 4.3527 
 39.00 4.3529 
 39.50 4.3530 
 40.00 4.3532 
 40.50 4.3534 
 41.00 4.3537 
 41.50 4.3540 
 42.00 4.3542 
 42.50 4.3545 
 43.00 4.3548 
 43.50 4.3551 
 44.00 4.3553 
 44.50 4.3556 
 45.00 4.3559 
 45.50 4.3563 
 46.00 4.3567 
 46.50 4.3570 
 47.00 4.3574 
 47.50 4.3577 
 48.00 4.3581 
 48.50 4.3585 
 49.00 4.3589 
 49.50 4.3593 
 50.00 4.3598 
 50.50 4.3603 
 51.00 4.3607 
 51.50 4.3612 
 52.00 4.3617 
 52.50 4.3621 
 53.00 4.3626 
 53.50 4.3632 
 54.00 4.3637 
 54.50 4.3642 
 55.00 4.3648 
 55.50 4.3653 
 56.00 4.3659 
 56.50 4.3664 
 57.00 4.3670 
 57.50 4.3676 
 58.00 4.3683 
 58.50 4.3689 
 59.00 4.3696 
 59.50 4.3702 
 60.00 4.3709 
 60.50 4.3715 
 61.00 4.3722 
 61.50 4.3729 
 62.00 4.3736 
 62.50 4.3743 
 63.00 4.3751 
 63.50 4.3758 
 64.00 4.3766 
 64.50 4.3773 
 65.00 4.3780 
 65.50 4.3788 
 66.00 4.3796 
 66.50 4.3804 
 67.00 4.3812 
 67.50 4.3821 
 68.00 4.3829 
 68.50 4.3837 
 69.00 4.3845 
 69.50 4.3853 
 70.00 4.3862 
 70.50 4.3871 
 71.00 4.3880 
 71.50 4.3890 
 72.00 4.3899 
 72.50 4.3908 
 73.00 4.3917 
 73.50 4.3926 
 74.00 4.3936 
 74.50 4.3946 
 75.00 4.3956 
 75.50 4.3966 
 76.00 4.3975 
 76.50 4.3986 
 77.00 4.3995 
 77.50 4.4005 
 78.00 4.4016 
 78.50 4.4026 
 79.00 4.4037 
 79.50 4.4048 
 80.00 4.4059 
 80.50 4.4069 
 81.00 4.4080 
 81.50 4.4091 
 82.00 4.4102 
 82.50 4.4113 
 83.00 4.4125 
 83.50 4.4136 
 84.00 4.4148 
 84.50 4.4160 
 85.00 4.4171 
 85.50 4.4183 
 86.00 4.4195 
 86.50 4.4206 
 87.00 4.4219 
 87.50 4.4231 
 88.00 4.4243 
 88.50 4.4256 
 89.00 4.4268 
 89.50 4.4280 
 90.00 4.4293 
 90.50 4.4305 
 91.00 4.4318 
 91.50 4.4331 
 92.00 4.4344 
 92.50 4.4357 
 93.00 4.4370 
 93.50 4.4383 
 94.00 4.4397 
 94.50 4.4410 
 95.00 4.4423 
 95.50 4.4437 
 96.00 4.4450 
 96.50 4.4464 
 97.00 4.4478 
 97.50 4.4492 
 98.00 4.4506 
 98.50 4.4519 
 99.00 4.4533 
 99.50 4.4547 
100.00 4.4562 
100.50 4.4576 
101.00 4.4590 
101.50 4.4604 
102.00 4.4619 
102.50 4.4633 
103.00 4.4647 
103.50 4.4662 
104.00 4.4676 
104.50 4.4691 
105.00 4.4706 
105.50 4.4720 
106.00 4.4735 
106.50 4.4749 
107.00 4.4764 
107.50 4.4779 
108.00 4.4794 
108.50 4.4809 
109.00 4.4823 
109.50 4.4838 
110.00 4.4853 
110.50 4.4868 
111.00 4.4883 
111.50 4.4898 
112.00 4.4913 
112.50 4.4928 
113.00 4.4942 
113.50 4.4957 
114.00 4.4972 
114.50 4.4987 
115.00 4.5002 
115.50 4.5017 
116.00 4.5031 
116.50 4.5046 
117.00 4.5061 
117.50 4.5076 
118.00 4.5091 
118.50 4.5106 
119.00 4.5121 
119.50 4.5136 
120.00 4.5150 
120.50 4.5165 
121.00 4.5180 
121.50 4.5195 
122.00 4.5210 
122.50 4.5224 
123.00 4.5239 
123.50 4.5254 
124.00 4.5269 
124.50 4.5283 
125.00 4.5297 
125.50 4.5312 
126.00 4.5326 
126.50 4.5340 
127.00 4.5355 
127.50 4.5369 
128.00 4.5383 
128.50 4.5397 
129.00 4.5411 
129.50 4.5425 
130.00 4.5439 
130.50 4.5453 
131.00 4.5467 
131.50 4.5481 
132.00 4.5495 
132.50 4.5509 
133.00 4.5522 
133.50 4.5536 
134.00 4.5549 
134.50 4.5562 
135.00 4.5576 
135.50 4.5589 
136.00 4.5602 
136.50 4.5616 
137.00 4.5629 
137.50 4.5642 
138.00 4.5654 
138.50 4.5667 
139.00 4.5679 
139.50 4.5692 
140.00 4.5705 
140.50 4.5717 
141.00 4.5730 
141.50 4.5742 
142.00 4.5754 
142.50 4.5766 
143.00 4.5777 
143.50 4.5789 
144.00 4.5801 
144.50 4.5813 
145.00 4.5824 
145.50 4.5836 
146.00 4.5847 
146.50 4.5857 
147.00 4.5868 
147.50 4.5879 
148.00 4.5889 
148.50 4.5900 
149.00 4.5911 
149.50 4.5922 
150.00 4.5931 
