  0.00 1.4189 
  0.50 2.9602 
  1.00 2.9938 
  1.50 3.0273 
  2.00 3.0584 
  2.50 3.0896 
  3.00 3.1194 
  3.50 3.1479 
  4.00 3.1765 
  4.50 3.2027 
  5.00 3.2289 
  5.50 3.2540 
  6.00 3.2778 
  6.50 3.3017 
  7.00 3.3235 
  7.50 3.3452 
  8.00 3.3660 
  8.50 3.3857 
  9.00 3.4053 
  9.50 3.4234 
 10.00 3.4411 
 10.50 3.4583 
 11.00 3.4743 
 11.50 3.4903 
 12.00 3.5050 
 12.50 3.5193 
 13.00 3.5333 
 13.50 3.5462 
 14.00 3.5591 
 14.50 3.5709 
 15.00 3.5824 
 15.50 3.5937 
 16.00 3.6040 
 16.50 3.6143 
 17.00 3.6239 
 17.50 3.6331 
 18.00 3.6422 
 18.50 3.6504 
 19.00 3.6586 
 19.50 3.6664 
 20.00 3.6738 
 20.50 3.6812 
 21.00 3.6879 
 21.50 3.6947 
 22.00 3.7011 
 22.50 3.7073 
 23.00 3.7135 
 23.50 3.7193 
 24.00 3.7250 
 24.50 3.7306 
 25.00 3.7361 
 25.50 3.7416 
 26.00 3.7469 
 26.50 3.7523 
 27.00 3.7576 
 27.50 3.7629 
 28.00 3.7683 
 28.50 3.7737 
 29.00 3.7792 
 29.50 3.7847 
 30.00 3.7904 
 30.50 3.7961 
 31.00 3.8021 
 31.50 3.8082 
 32.00 3.8145 
 32.50 3.8211 
 33.00 3.8277 
 33.50 3.8348 
 34.00 3.8421 
 34.50 3.8495 
 35.00 3.8575 
 35.50 3.8656 
 36.00 3.8742 
 36.50 3.8832 
 37.00 4.2267 
 37.50 4.2275 
 38.00 4.2282 
 38.50 4.2290 
 39.00 4.2297 
 39.50 4.2305 
 40.00 4.2312 
 40.50 4.2319 
 41.00 4.2327 
 41.50 4.2334 
 42.00 4.2340 
 42.50 4.2347 
 43.00 4.2354 
 43.50 4.2361 
 44.00 4.2368 
 44.50 4.2374 
 45.00 4.2381 
 45.50 4.2388 
 46.00 4.2394 
 46.50 4.2401 
 47.00 4.2407 
 47.50 4.2414 
 48.00 4.2420 
 48.50 4.2427 
 49.00 4.2433 
 49.50 4.2440 
 50.00 4.2446 
 50.50 4.2452 
 51.00 4.2458 
 51.50 4.2465 
 52.00 4.2471 
 52.50 4.2477 
 53.00 4.2483 
 53.50 4.2489 
 54.00 4.2496 
 54.50 4.2502 
 55.00 4.2508 
 55.50 4.2514 
 56.00 4.2520 
 56.50 4.2527 
 57.00 4.2533 
 57.50 4.2539 
 58.00 4.2545 
 58.50 4.2552 
 59.00 4.2558 
 59.50 4.2564 
 60.00 4.2571 
 60.50 4.2577 
 61.00 4.2583 
 61.50 4.2590 
 62.00 4.2596 
 62.50 4.2603 
 63.00 4.2610 
 63.50 4.2617 
 64.00 4.2623 
 64.50 4.2630 
 65.00 4.2637 
 65.50 4.2644 
 66.00 4.2651 
 66.50 4.2658 
 67.00 4.2665 
 67.50 4.2672 
 68.00 4.2680 
 68.50 4.2687 
 69.00 4.2694 
 69.50 4.2702 
 70.00 4.2709 
 70.50 4.2716 
 71.00 4.2724 
 71.50 4.2732 
 72.00 4.2740 
 72.50 4.2748 
 73.00 4.2756 
 73.50 4.2764 
 74.00 4.2772 
 74.50 4.2780 
 75.00 4.2789 
 75.50 4.2798 
 76.00 4.2807 
 76.50 4.2816 
 77.00 4.2824 
 77.50 4.2833 
 78.00 4.2842 
 78.50 4.2851 
 79.00 4.2861 
 79.50 4.2871 
 80.00 4.2881 
 80.50 4.2891 
 81.00 4.2901 
 81.50 4.2911 
 82.00 4.2921 
 82.50 4.2931 
 83.00 4.2941 
 83.50 4.2953 
 84.00 4.2964 
 84.50 4.2975 
 85.00 4.2987 
 85.50 4.2998 
 86.00 4.3009 
 86.50 4.3021 
 87.00 4.3032 
 87.50 4.3045 
 88.00 4.3057 
 88.50 4.3070 
 89.00 4.3083 
 89.50 4.3096 
 90.00 4.3109 
 90.50 4.3121 
 91.00 4.3134 
 91.50 4.3148 
 92.00 4.3162 
 92.50 4.3176 
 93.00 4.3191 
 93.50 4.3205 
 94.00 4.3219 
 94.50 4.3234 
 95.00 4.3248 
 95.50 4.3262 
 96.00 4.3278 
 96.50 4.3294 
 97.00 4.3310 
 97.50 4.3326 
 98.00 4.3342 
 98.50 4.3358 
 99.00 4.3374 
 99.50 4.3390 
100.00 4.3406 
100.50 4.3423 
101.00 4.3440 
101.50 4.3457 
102.00 4.3474 
102.50 4.3491 
103.00 4.3508 
103.50 4.3525 
104.00 4.3543 
104.50 4.3561 
105.00 4.3579 
105.50 4.3596 
106.00 4.3614 
106.50 4.3632 
107.00 4.3650 
107.50 4.3668 
108.00 4.3686 
108.50 4.3705 
109.00 4.3723 
109.50 4.3742 
110.00 4.3760 
110.50 4.3779 
111.00 4.3797 
111.50 4.3816 
112.00 4.3834 
112.50 4.3853 
113.00 4.3872 
113.50 4.3891 
114.00 4.3911 
114.50 4.3930 
115.00 4.3949 
115.50 4.3968 
116.00 4.3987 
116.50 4.4006 
117.00 4.4026 
117.50 4.4045 
118.00 4.4064 
118.50 4.4083 
119.00 4.4103 
119.50 4.4122 
120.00 4.4141 
120.50 4.4160 
121.00 4.4180 
121.50 4.4199 
122.00 4.4218 
122.50 4.4237 
123.00 4.4256 
123.50 4.4275 
124.00 4.4294 
124.50 4.4313 
125.00 4.4332 
125.50 4.4351 
126.00 4.4370 
126.50 4.4389 
127.00 4.4408 
127.50 4.4427 
128.00 4.4446 
128.50 4.4465 
129.00 4.4483 
129.50 4.4502 
130.00 4.4520 
130.50 4.4539 
131.00 4.4557 
131.50 4.4576 
132.00 4.4594 
132.50 4.4612 
133.00 4.4631 
133.50 4.4648 
134.00 4.4666 
134.50 4.4684 
135.00 4.4701 
135.50 4.4719 
136.00 4.4736 
136.50 4.4754 
137.00 4.4771 
137.50 4.4789 
138.00 4.4805 
138.50 4.4822 
139.00 4.4838 
139.50 4.4855 
140.00 4.4871 
140.50 4.4888 
141.00 4.4904 
141.50 4.4920 
142.00 4.4936 
142.50 4.4951 
143.00 4.4966 
143.50 4.4981 
144.00 4.4996 
144.50 4.5011 
145.00 4.5027 
145.50 4.5042 
146.00 4.5056 
146.50 4.5070 
147.00 4.5084 
147.50 4.5097 
148.00 4.5111 
148.50 4.5125 
149.00 4.5138 
149.50 4.5152 
150.00 4.5165 
