  0.00 1.3195 
  0.50 3.4348 
  1.00 3.4409 
  1.50 3.4469 
  2.00 3.4526 
  2.50 3.4583 
  3.00 3.4638 
  3.50 3.4692 
  4.00 3.4745 
  4.50 3.4796 
  5.00 3.4847 
  5.50 3.4896 
  6.00 3.4945 
  6.50 3.4993 
  7.00 3.5041 
  7.50 3.5088 
  8.00 3.5135 
  8.50 3.5182 
  9.00 3.5228 
  9.50 3.5275 
 10.00 3.5322 
 10.50 3.5369 
 11.00 3.5417 
 11.50 3.5465 
 12.00 3.5513 
 12.50 3.5563 
 13.00 3.5613 
 13.50 3.5664 
 14.00 3.5716 
 14.50 3.5770 
 15.00 3.5825 
 15.50 3.5881 
 16.00 3.5940 
 16.50 3.5999 
 17.00 3.6060 
 17.50 3.6124 
 18.00 3.6187 
 18.50 3.6256 
 19.00 3.6325 
 19.50 3.6398 
 20.00 3.6472 
 20.50 3.6548 
 21.00 3.6629 
 21.50 3.6710 
 22.00 3.6797 
 22.50 3.6885 
 23.00 3.6977 
 23.50 3.7072 
 24.00 3.7170 
 24.50 3.7273 
 25.00 3.7376 
 25.50 3.7487 
 26.00 3.7599 
 26.50 3.7716 
 27.00 3.7838 
 27.50 3.7961 
 28.00 3.8093 
 28.50 3.8225 
 29.00 3.8366 
 29.50 3.8509 
 30.00 3.8657 
 30.50 3.8811 
 31.00 3.8966 
 31.50 3.9132 
 32.00 3.9298 
 32.50 3.9474 
 33.00 3.9653 
 33.50 3.9836 
 34.00 4.0027 
 34.50 4.0218 
 35.00 4.4747 
 35.50 4.4726 
 36.00 4.4706 
 36.50 4.4685 
 37.00 4.4664 
 37.50 4.4644 
 38.00 4.4623 
 38.50 4.4602 
 39.00 4.4582 
 39.50 4.4562 
 40.00 4.4543 
 40.50 4.4523 
 41.00 4.4503 
 41.50 4.4483 
 42.00 4.4463 
 42.50 4.4444 
 43.00 4.4424 
 43.50 4.4405 
 44.00 4.4386 
 44.50 4.4368 
 45.00 4.4349 
 45.50 4.4330 
 46.00 4.4311 
 46.50 4.4293 
 47.00 4.4274 
 47.50 4.4256 
 48.00 4.4238 
 48.50 4.4221 
 49.00 4.4203 
 49.50 4.4186 
 50.00 4.4168 
 50.50 4.4150 
 51.00 4.4133 
 51.50 4.4115 
 52.00 4.4099 
 52.50 4.4083 
 53.00 4.4067 
 53.50 4.4051 
 54.00 4.4035 
 54.50 4.4019 
 55.00 4.4002 
 55.50 4.3986 
 56.00 4.3971 
 56.50 4.3956 
 57.00 4.3942 
 57.50 4.3927 
 58.00 4.3913 
 58.50 4.3898 
 59.00 4.3883 
 59.50 4.3869 
 60.00 4.3854 
 60.50 4.3841 
 61.00 4.3828 
 61.50 4.3815 
 62.00 4.3801 
 62.50 4.3788 
 63.00 4.3775 
 63.50 4.3762 
 64.00 4.3749 
 64.50 4.3736 
 65.00 4.3725 
 65.50 4.3714 
 66.00 4.3702 
 66.50 4.3691 
 67.00 4.3679 
 67.50 4.3668 
 68.00 4.3656 
 68.50 4.3645 
 69.00 4.3636 
 69.50 4.3626 
 70.00 4.3616 
 70.50 4.3606 
 71.00 4.3597 
 71.50 4.3587 
 72.00 4.3578 
 72.50 4.3568 
 73.00 4.3559 
 73.50 4.3552 
 74.00 4.3544 
 74.50 4.3536 
 75.00 4.3529 
 75.50 4.3521 
 76.00 4.3513 
 76.50 4.3506 
 77.00 4.3498 
 77.50 4.3493 
 78.00 4.3487 
 78.50 4.3481 
 79.00 4.3476 
 79.50 4.3470 
 80.00 4.3464 
 80.50 4.3459 
 81.00 4.3453 
 81.50 4.3449 
 82.00 4.3445 
 82.50 4.3442 
 83.00 4.3438 
 83.50 4.3435 
 84.00 4.3431 
 84.50 4.3428 
 85.00 4.3424 
 85.50 4.3421 
 86.00 4.3419 
 86.50 4.3418 
 87.00 4.3417 
 87.50 4.3416 
 88.00 4.3414 
 88.50 4.3413 
 89.00 4.3412 
 89.50 4.3410 
 90.00 4.3411 
 90.50 4.3412 
 91.00 4.3412 
 91.50 4.3413 
 92.00 4.3414 
 92.50 4.3415 
 93.00 4.3416 
 93.50 4.3417 
 94.00 4.3419 
 94.50 4.3422 
 95.00 4.3425 
 95.50 4.3428 
 96.00 4.3432 
 96.50 4.3435 
 97.00 4.3438 
 97.50 4.3442 
 98.00 4.3445 
 98.50 4.3450 
 99.00 4.3455 
 99.50 4.3460 
100.00 4.3465 
100.50 4.3471 
101.00 4.3476 
101.50 4.3481 
102.00 4.3487 
102.50 4.3492 
103.00 4.3500 
103.50 4.3507 
104.00 4.3514 
104.50 4.3521 
105.00 4.3528 
105.50 4.3536 
106.00 4.3543 
106.50 4.3550 
107.00 4.3558 
107.50 4.3567 
108.00 4.3576 
108.50 4.3585 
109.00 4.3594 
109.50 4.3602 
110.00 4.3611 
110.50 4.3620 
111.00 4.3629 
111.50 4.3640 
112.00 4.3650 
112.50 4.3661 
113.00 4.3671 
113.50 4.3682 
114.00 4.3692 
114.50 4.3703 
115.00 4.3713 
115.50 4.3725 
116.00 4.3736 
116.50 4.3748 
117.00 4.3760 
117.50 4.3772 
118.00 4.3784 
118.50 4.3795 
119.00 4.3807 
119.50 4.3819 
120.00 4.3832 
120.50 4.3845 
121.00 4.3858 
121.50 4.3872 
122.00 4.3885 
122.50 4.3898 
123.00 4.3911 
123.50 4.3924 
124.00 4.3938 
124.50 4.3952 
125.00 4.3966 
125.50 4.3980 
126.00 4.3994 
126.50 4.4008 
127.00 4.4022 
127.50 4.4036 
128.00 4.4050 
128.50 4.4065 
129.00 4.4080 
129.50 4.4095 
130.00 4.4110 
130.50 4.4125 
131.00 4.4140 
131.50 4.4155 
132.00 4.4170 
132.50 4.4185 
133.00 4.4201 
133.50 4.4217 
134.00 4.4232 
134.50 4.4248 
135.00 4.4264 
135.50 4.4279 
136.00 4.4295 
136.50 4.4311 
137.00 4.4327 
137.50 4.4343 
138.00 4.4359 
138.50 4.4375 
139.00 4.4392 
139.50 4.4408 
140.00 4.4424 
140.50 4.4440 
141.00 4.4456 
141.50 4.4473 
142.00 4.4490 
142.50 4.4506 
143.00 4.4523 
143.50 4.4540 
144.00 4.4556 
144.50 4.4573 
145.00 4.4589 
145.50 4.4606 
146.00 4.4623 
146.50 4.4640 
147.00 4.4657 
147.50 4.4674 
148.00 4.4691 
148.50 4.4707 
149.00 4.4724 
149.50 4.4741 
150.00 4.4758 
