  0.00 1.7647 
  0.50 2.3253 
  1.00 2.9908 
  1.50 3.0216 
  2.00 3.0517 
  2.50 3.0800 
  3.00 3.1082 
  3.50 3.1341 
  4.00 3.1596 
  4.50 3.1839 
  5.00 3.2070 
  5.50 3.2298 
  6.00 3.2506 
  6.50 3.2714 
  7.00 3.2906 
  7.50 3.3093 
  8.00 3.3272 
  8.50 3.3438 
  9.00 3.3605 
  9.50 3.3754 
 10.00 3.3902 
 10.50 3.4040 
 11.00 3.4172 
 11.50 3.4301 
 12.00 3.4417 
 12.50 3.4534 
 13.00 3.4640 
 13.50 3.4743 
 14.00 3.4842 
 14.50 3.4933 
 15.00 3.5024 
 15.50 3.5105 
 16.00 3.5186 
 16.50 3.5262 
 17.00 3.5335 
 17.50 3.5406 
 18.00 3.5472 
 18.50 3.5538 
 19.00 3.5599 
 19.50 3.5660 
 20.00 3.5719 
 20.50 3.5776 
 21.00 3.5833 
 21.50 3.5888 
 22.00 3.5943 
 22.50 3.5998 
 23.00 3.6052 
 23.50 3.6107 
 24.00 3.6163 
 24.50 3.6219 
 25.00 3.6278 
 25.50 3.6337 
 26.00 3.6398 
 26.50 3.6461 
 27.00 3.6525 
 27.50 3.6594 
 28.00 3.6664 
 28.50 3.6739 
 29.00 3.6816 
 29.50 3.6897 
 30.00 3.6984 
 30.50 3.7070 
 31.00 3.7168 
 31.50 3.7265 
 32.00 3.7371 
 32.50 3.7481 
 33.00 3.7595 
 33.50 3.7719 
 34.00 3.7843 
 34.50 3.7980 
 35.00 3.8119 
 35.50 4.0100 
 36.00 4.0198 
 36.50 4.0297 
 37.00 4.0396 
 37.50 4.0495 
 38.00 4.0593 
 38.50 4.0692 
 39.00 4.0791 
 39.50 4.0889 
 40.00 4.0976 
 40.50 4.1064 
 41.00 4.1152 
 41.50 4.1239 
 42.00 4.1327 
 42.50 4.1414 
 43.00 4.1502 
 43.50 4.1590 
 44.00 4.1670 
 44.50 4.1747 
 45.00 4.1823 
 45.50 4.1899 
 46.00 4.1976 
 46.50 4.2052 
 47.00 4.2129 
 47.50 4.2205 
 48.00 4.2280 
 48.50 4.2346 
 49.00 4.2412 
 49.50 4.2478 
 50.00 4.2544 
 50.50 4.2610 
 51.00 4.2676 
 51.50 4.2742 
 52.00 4.2808 
 52.50 4.2868 
 53.00 4.2924 
 53.50 4.2981 
 54.00 4.3038 
 54.50 4.3094 
 55.00 4.3151 
 55.50 4.3208 
 56.00 4.3265 
 56.50 4.3319 
 57.00 4.3367 
 57.50 4.3415 
 58.00 4.3463 
 58.50 4.3511 
 59.00 4.3559 
 59.50 4.3607 
 60.00 4.3655 
 60.50 4.3704 
 61.00 4.3745 
 61.50 4.3786 
 62.00 4.3826 
 62.50 4.3867 
 63.00 4.3907 
 63.50 4.3948 
 64.00 4.3988 
 64.50 4.4029 
 65.00 4.4067 
 65.50 4.4101 
 66.00 4.4134 
 66.50 4.4168 
 67.00 4.4201 
 67.50 4.4235 
 68.00 4.4269 
 68.50 4.4302 
 69.00 4.4336 
 69.50 4.4364 
 70.00 4.4392 
 70.50 4.4419 
 71.00 4.4447 
 71.50 4.4475 
 72.00 4.4502 
 72.50 4.4530 
 73.00 4.4558 
 73.50 4.4583 
 74.00 4.4606 
 74.50 4.4629 
 75.00 4.4651 
 75.50 4.4674 
 76.00 4.4696 
 76.50 4.4719 
 77.00 4.4742 
 77.50 4.4764 
 78.00 4.4783 
 78.50 4.4801 
 79.00 4.4820 
 79.50 4.4838 
 80.00 4.4856 
 80.50 4.4875 
 81.00 4.4893 
 81.50 4.4912 
 82.00 4.4928 
 82.50 4.4943 
 83.00 4.4958 
 83.50 4.4973 
 84.00 4.4989 
 84.50 4.5004 
 85.00 4.5019 
 85.50 4.5034 
 86.00 4.5048 
 86.50 4.5061 
 87.00 4.5074 
 87.50 4.5086 
 88.00 4.5099 
 88.50 4.5112 
 89.00 4.5124 
 89.50 4.5137 
 90.00 4.5150 
 90.50 4.5161 
 91.00 4.5172 
 91.50 4.5183 
 92.00 4.5194 
 92.50 4.5205 
 93.00 4.5216 
 93.50 4.5226 
 94.00 4.5237 
 94.50 4.5248 
 95.00 4.5257 
 95.50 4.5267 
 96.00 4.5276 
 96.50 4.5285 
 97.00 4.5295 
 97.50 4.5304 
 98.00 4.5313 
 98.50 4.5323 
 99.00 4.5331 
 99.50 4.5339 
100.00 4.5347 
100.50 4.5355 
101.00 4.5363 
101.50 4.5371 
102.00 4.5379 
102.50 4.5387 
103.00 4.5394 
103.50 4.5401 
104.00 4.5407 
104.50 4.5414 
105.00 4.5421 
105.50 4.5427 
106.00 4.5434 
106.50 4.5441 
107.00 4.5447 
107.50 4.5453 
108.00 4.5458 
108.50 4.5463 
109.00 4.5468 
109.50 4.5473 
110.00 4.5479 
110.50 4.5484 
111.00 4.5489 
111.50 4.5494 
112.00 4.5498 
112.50 4.5502 
113.00 4.5506 
113.50 4.5510 
114.00 4.5514 
114.50 4.5518 
115.00 4.5522 
115.50 4.5526 
116.00 4.5529 
116.50 4.5532 
117.00 4.5534 
117.50 4.5537 
118.00 4.5540 
118.50 4.5543 
119.00 4.5546 
119.50 4.5549 
120.00 4.5551 
120.50 4.5553 
121.00 4.5555 
121.50 4.5557 
122.00 4.5559 
122.50 4.5560 
123.00 4.5562 
123.50 4.5564 
124.00 4.5566 
124.50 4.5567 
125.00 4.5568 
125.50 4.5568 
126.00 4.5569 
126.50 4.5570 
127.00 4.5570 
127.50 4.5571 
128.00 4.5572 
128.50 4.5572 
129.00 4.5572 
129.50 4.5572 
130.00 4.5572 
130.50 4.5572 
131.00 4.5571 
131.50 4.5571 
132.00 4.5571 
132.50 4.5571 
133.00 4.5570 
133.50 4.5569 
134.00 4.5568 
134.50 4.5567 
135.00 4.5566 
135.50 4.5565 
136.00 4.5564 
136.50 4.5563 
137.00 4.5562 
137.50 4.5560 
138.00 4.5558 
138.50 4.5556 
139.00 4.5555 
139.50 4.5553 
140.00 4.5551 
140.50 4.5549 
141.00 4.5547 
141.50 4.5545 
142.00 4.5542 
142.50 4.5540 
143.00 4.5537 
143.50 4.5535 
144.00 4.5532 
144.50 4.5530 
145.00 4.5527 
145.50 4.5524 
146.00 4.5521 
146.50 4.5518 
147.00 4.5515 
147.50 4.5512 
148.00 4.5508 
148.50 4.5505 
149.00 4.5502 
149.50 4.5499 
150.00 4.5495 
