  0.00 1.2516 
  0.50 3.3319 
  1.00 3.3481 
  1.50 3.3638 
  2.00 3.3785 
  2.50 3.3929 
  3.00 3.4060 
  3.50 3.4190 
  4.00 3.4308 
  4.50 3.4425 
  5.00 3.4532 
  5.50 3.4636 
  6.00 3.4735 
  6.50 3.4828 
  7.00 3.4918 
  7.50 3.5000 
  8.00 3.5082 
  8.50 3.5156 
  9.00 3.5231 
  9.50 3.5299 
 10.00 3.5366 
 10.50 3.5431 
 11.00 3.5492 
 11.50 3.5552 
 12.00 3.5608 
 12.50 3.5665 
 13.00 3.5719 
 13.50 3.5773 
 14.00 3.5827 
 14.50 3.5880 
 15.00 3.5932 
 15.50 3.5985 
 16.00 3.6038 
 16.50 3.6093 
 17.00 3.6148 
 17.50 3.6205 
 18.00 3.6263 
 18.50 3.6324 
 19.00 3.6386 
 19.50 3.6451 
 20.00 3.6519 
 20.50 3.6589 
 21.00 3.6664 
 21.50 3.6740 
 22.00 3.6824 
 22.50 3.6908 
 23.00 3.7000 
 23.50 3.7094 
 24.00 3.7195 
 24.50 3.7300 
 25.00 3.7411 
 25.50 3.7530 
 26.00 3.7651 
 26.50 3.7784 
 27.00 3.7917 
 27.50 3.8064 
 28.00 3.8213 
 28.50 3.8373 
 29.00 3.8540 
 29.50 3.8714 
 30.00 3.8899 
 30.50 3.9088 
 31.00 3.9293 
 31.50 3.9499 
 32.00 3.9724 
 32.50 3.9949 
 33.00 4.3232 
 33.50 4.3245 
 34.00 4.3257 
 34.50 4.3270 
 35.00 4.3283 
 35.50 4.3296 
 36.00 4.3308 
 36.50 4.3321 
 37.00 4.3333 
 37.50 4.3339 
 38.00 4.3345 
 38.50 4.3351 
 39.00 4.3357 
 39.50 4.3363 
 40.00 4.3369 
 40.50 4.3375 
 41.00 4.3381 
 41.50 4.3384 
 42.00 4.3384 
 42.50 4.3385 
 43.00 4.3385 
 43.50 4.3386 
 44.00 4.3386 
 44.50 4.3386 
 45.00 4.3387 
 45.50 4.3387 
 46.00 4.3383 
 46.50 4.3379 
 47.00 4.3374 
 47.50 4.3370 
 48.00 4.3366 
 48.50 4.3361 
 49.00 4.3357 
 49.50 4.3353 
 50.00 4.3347 
 50.50 4.3339 
 51.00 4.3331 
 51.50 4.3324 
 52.00 4.3316 
 52.50 4.3308 
 53.00 4.3300 
 53.50 4.3292 
 54.00 4.3285 
 54.50 4.3275 
 55.00 4.3264 
 55.50 4.3254 
 56.00 4.3243 
 56.50 4.3233 
 57.00 4.3222 
 57.50 4.3212 
 58.00 4.3201 
 58.50 4.3190 
 59.00 4.3178 
 59.50 4.3167 
 60.00 4.3155 
 60.50 4.3143 
 61.00 4.3131 
 61.50 4.3119 
 62.00 4.3107 
 62.50 4.3095 
 63.00 4.3083 
 63.50 4.3071 
 64.00 4.3058 
 64.50 4.3046 
 65.00 4.3033 
 65.50 4.3021 
 66.00 4.3008 
 66.50 4.2996 
 67.00 4.2983 
 67.50 4.2972 
 68.00 4.2960 
 68.50 4.2948 
 69.00 4.2936 
 69.50 4.2924 
 70.00 4.2912 
 70.50 4.2900 
 71.00 4.2888 
 71.50 4.2877 
 72.00 4.2867 
 72.50 4.2856 
 73.00 4.2846 
 73.50 4.2836 
 74.00 4.2825 
 74.50 4.2815 
 75.00 4.2805 
 75.50 4.2794 
 76.00 4.2786 
 76.50 4.2778 
 77.00 4.2771 
 77.50 4.2763 
 78.00 4.2755 
 78.50 4.2748 
 79.00 4.2740 
 79.50 4.2732 
 80.00 4.2726 
 80.50 4.2722 
 81.00 4.2718 
 81.50 4.2713 
 82.00 4.2709 
 82.50 4.2705 
 83.00 4.2701 
 83.50 4.2697 
 84.00 4.2693 
 84.50 4.2692 
 85.00 4.2693 
 85.50 4.2694 
 86.00 4.2694 
 86.50 4.2695 
 87.00 4.2695 
 87.50 4.2696 
 88.00 4.2697 
 88.50 4.2698 
 89.00 4.2704 
 89.50 4.2710 
 90.00 4.2716 
 90.50 4.2722 
 91.00 4.2728 
 91.50 4.2734 
 92.00 4.2740 
 92.50 4.2746 
 93.00 4.2755 
 93.50 4.2766 
 94.00 4.2778 
 94.50 4.2789 
 95.00 4.2800 
 95.50 4.2811 
 96.00 4.2822 
 96.50 4.2834 
 97.00 4.2845 
 97.50 4.2860 
 98.00 4.2876 
 98.50 4.2892 
 99.00 4.2908 
 99.50 4.2923 
100.00 4.2939 
100.50 4.2955 
101.00 4.2970 
101.50 4.2988 
102.00 4.3007 
102.50 4.3027 
103.00 4.3047 
103.50 4.3067 
104.00 4.3086 
104.50 4.3106 
105.00 4.3126 
105.50 4.3145 
106.00 4.3168 
106.50 4.3191 
107.00 4.3214 
107.50 4.3237 
108.00 4.3261 
108.50 4.3284 
109.00 4.3307 
109.50 4.3330 
110.00 4.3354 
110.50 4.3380 
111.00 4.3406 
111.50 4.3432 
112.00 4.3458 
112.50 4.3484 
113.00 4.3510 
113.50 4.3536 
114.00 4.3562 
114.50 4.3589 
115.00 4.3618 
115.50 4.3646 
116.00 4.3674 
116.50 4.3703 
117.00 4.3731 
117.50 4.3759 
118.00 4.3788 
118.50 4.3816 
119.00 4.3846 
119.50 4.3876 
120.00 4.3906 
120.50 4.3936 
121.00 4.3966 
121.50 4.3996 
122.00 4.4025 
122.50 4.4055 
123.00 4.4086 
123.50 4.4117 
124.00 4.4148 
124.50 4.4179 
125.00 4.4210 
125.50 4.4242 
126.00 4.4273 
126.50 4.4304 
127.00 4.4335 
127.50 4.4366 
128.00 4.4398 
128.50 4.4430 
129.00 4.4461 
129.50 4.4493 
130.00 4.4524 
130.50 4.4556 
131.00 4.4588 
131.50 4.4619 
132.00 4.4651 
132.50 4.4682 
133.00 4.4714 
133.50 4.4745 
134.00 4.4777 
134.50 4.4809 
135.00 4.4840 
135.50 4.4872 
136.00 4.4903 
136.50 4.4934 
137.00 4.4965 
137.50 4.4996 
138.00 4.5027 
138.50 4.5058 
139.00 4.5089 
139.50 4.5120 
140.00 4.5151 
140.50 4.5180 
141.00 4.5210 
141.50 4.5240 
142.00 4.5270 
142.50 4.5300 
143.00 4.5330 
143.50 4.5360 
144.00 4.5390 
144.50 4.5419 
145.00 4.5447 
145.50 4.5475 
146.00 4.5503 
146.50 4.5531 
147.00 4.5559 
147.50 4.5587 
148.00 4.5616 
148.50 4.5644 
149.00 4.5669 
149.50 4.5695 
150.00 4.5721 
