  0.00 0.5395 
  0.50 1.1273 
  1.00 1.7150 
  1.50 2.3028 
  2.00 3.5056 
  2.50 3.5143 
  3.00 3.5231 
  3.50 3.5314 
  4.00 3.5394 
  4.50 3.5473 
  5.00 3.5548 
  5.50 3.5619 
  6.00 3.5690 
  6.50 3.5757 
  7.00 3.5821 
  7.50 3.5885 
  8.00 3.5945 
  8.50 3.6002 
  9.00 3.6060 
  9.50 3.6115 
 10.00 3.6166 
 10.50 3.6218 
 11.00 3.6268 
 11.50 3.6315 
 12.00 3.6363 
 12.50 3.6409 
 13.00 3.6452 
 13.50 3.6496 
 14.00 3.6540 
 14.50 3.6581 
 15.00 3.6622 
 15.50 3.6663 
 16.00 3.6703 
 16.50 3.6743 
 17.00 3.6782 
 17.50 3.6821 
 18.00 3.6860 
 18.50 3.6899 
 19.00 3.6939 
 19.50 3.6978 
 20.00 3.7018 
 20.50 3.7059 
 21.00 3.7100 
 21.50 3.7141 
 22.00 3.7184 
 22.50 3.7228 
 23.00 3.7271 
 23.50 3.7318 
 24.00 3.7364 
 24.50 3.7411 
 25.00 3.7462 
 25.50 3.7512 
 26.00 3.7563 
 26.50 3.7619 
 27.00 3.7674 
 27.50 3.7730 
 28.00 3.7792 
 28.50 3.7854 
 29.00 3.7916 
 29.50 3.7986 
 30.00 3.8055 
 30.50 3.8124 
 31.00 3.8201 
 31.50 3.8278 
 32.00 3.8355 
 32.50 3.8441 
 33.00 3.8528 
 33.50 3.8614 
 34.00 3.8709 
 34.50 3.8805 
 35.00 3.8901 
 35.50 3.9007 
 36.00 3.9114 
 36.50 3.9222 
 37.00 3.9339 
 37.50 3.9458 
 38.00 3.9577 
 38.50 3.9707 
 39.00 3.9839 
 39.50 3.9971 
 40.00 4.0114 
 40.50 4.0260 
 41.00 4.0406 
 41.50 4.0563 
 42.00 4.0723 
 42.50 4.0884 
 43.00 4.1056 
 43.50 4.1233 
 44.00 4.1410 
 44.50 4.1597 
 45.00 4.1789 
 45.50 4.1981 
 46.00 4.6749 
 46.50 4.6719 
 47.00 4.6688 
 47.50 4.6658 
 48.00 4.6628 
 48.50 4.6598 
 49.00 4.6568 
 49.50 4.6538 
 50.00 4.6511 
 50.50 4.6485 
 51.00 4.6459 
 51.50 4.6433 
 52.00 4.6407 
 52.50 4.6381 
 53.00 4.6355 
 53.50 4.6329 
 54.00 4.6306 
 54.50 4.6284 
 55.00 4.6262 
 55.50 4.6241 
 56.00 4.6219 
 56.50 4.6197 
 57.00 4.6175 
 57.50 4.6153 
 58.00 4.6135 
 58.50 4.6117 
 59.00 4.6099 
 59.50 4.6081 
 60.00 4.6063 
 60.50 4.6045 
 61.00 4.6027 
 61.50 4.6009 
 62.00 4.5995 
 62.50 4.5980 
 63.00 4.5966 
 63.50 4.5952 
 64.00 4.5937 
 64.50 4.5923 
 65.00 4.5908 
 65.50 4.5894 
 66.00 4.5883 
 66.50 4.5872 
 67.00 4.5862 
 67.50 4.5851 
 68.00 4.5840 
 68.50 4.5829 
 69.00 4.5818 
 69.50 4.5808 
 70.00 4.5800 
 70.50 4.5792 
 71.00 4.5785 
 71.50 4.5777 
 72.00 4.5769 
 72.50 4.5762 
 73.00 4.5754 
 73.50 4.5747 
 74.00 4.5742 
 74.50 4.5737 
 75.00 4.5732 
 75.50 4.5728 
 76.00 4.5723 
 76.50 4.5718 
 77.00 4.5713 
 77.50 4.5709 
 78.00 4.5707 
 78.50 4.5705 
 79.00 4.5703 
 79.50 4.5701 
 80.00 4.5699 
 80.50 4.5697 
 81.00 4.5695 
 81.50 4.5694 
 82.00 4.5694 
 82.50 4.5695 
 83.00 4.5695 
 83.50 4.5695 
 84.00 4.5695 
 84.50 4.5696 
 85.00 4.5696 
 85.50 4.5697 
 86.00 4.5700 
 86.50 4.5703 
 87.00 4.5705 
 87.50 4.5708 
 88.00 4.5711 
 88.50 4.5713 
 89.00 4.5716 
 89.50 4.5720 
 90.00 4.5724 
 90.50 4.5729 
 91.00 4.5733 
 91.50 4.5738 
 92.00 4.5742 
 92.50 4.5747 
 93.00 4.5751 
 93.50 4.5757 
 94.00 4.5764 
 94.50 4.5770 
 95.00 4.5776 
 95.50 4.5783 
 96.00 4.5789 
 96.50 4.5795 
 97.00 4.5801 
 97.50 4.5809 
 98.00 4.5817 
 98.50 4.5825 
 99.00 4.5832 
 99.50 4.5840 
100.00 4.5848 
100.50 4.5856 
101.00 4.5864 
101.50 4.5873 
102.00 4.5882 
102.50 4.5891 
103.00 4.5900 
103.50 4.5910 
104.00 4.5919 
104.50 4.5928 
105.00 4.5937 
105.50 4.5948 
106.00 4.5958 
106.50 4.5968 
107.00 4.5978 
107.50 4.5988 
108.00 4.5998 
108.50 4.6008 
109.00 4.6018 
109.50 4.6029 
110.00 4.6040 
110.50 4.6052 
111.00 4.6063 
111.50 4.6074 
112.00 4.6085 
112.50 4.6096 
113.00 4.6107 
113.50 4.6119 
114.00 4.6131 
114.50 4.6143 
115.00 4.6154 
115.50 4.6166 
116.00 4.6178 
116.50 4.6189 
117.00 4.6201 
117.50 4.6214 
118.00 4.6226 
118.50 4.6238 
119.00 4.6250 
119.50 4.6263 
120.00 4.6275 
120.50 4.6287 
121.00 4.6300 
121.50 4.6312 
122.00 4.6324 
122.50 4.6337 
123.00 4.6349 
123.50 4.6361 
124.00 4.6374 
124.50 4.6386 
125.00 4.6399 
125.50 4.6411 
126.00 4.6424 
126.50 4.6436 
127.00 4.6449 
127.50 4.6461 
128.00 4.6474 
128.50 4.6486 
129.00 4.6498 
129.50 4.6511 
130.00 4.6523 
130.50 4.6535 
131.00 4.6548 
131.50 4.6560 
132.00 4.6572 
132.50 4.6584 
133.00 4.6596 
133.50 4.6608 
134.00 4.6620 
134.50 4.6632 
135.00 4.6644 
135.50 4.6656 
136.00 4.6668 
136.50 4.6680 
137.00 4.6691 
137.50 4.6702 
138.00 4.6714 
138.50 4.6725 
139.00 4.6736 
139.50 4.6747 
140.00 4.6758 
140.50 4.6770 
141.00 4.6780 
141.50 4.6791 
142.00 4.6801 
142.50 4.6812 
143.00 4.6822 
143.50 4.6833 
144.00 4.6843 
144.50 4.6854 
145.00 4.6864 
145.50 4.6873 
146.00 4.6883 
146.50 4.6892 
147.00 4.6902 
147.50 4.6911 
148.00 4.6920 
148.50 4.6930 
149.00 4.6938 
149.50 4.6947 
150.00 4.6955 
