  0.00 1.3058 
  0.50 2.9832 
  1.00 3.0105 
  1.50 3.0378 
  2.00 3.0626 
  2.50 3.0875 
  3.00 3.1108 
  3.50 3.1332 
  4.00 3.1551 
  4.50 3.1753 
  5.00 3.1955 
  5.50 3.2139 
  6.00 3.2320 
  6.50 3.2492 
  7.00 3.2653 
  7.50 3.2814 
  8.00 3.2958 
  8.50 3.3102 
  9.00 3.3236 
  9.50 3.3364 
 10.00 3.3489 
 10.50 3.3604 
 11.00 3.3718 
 11.50 3.3822 
 12.00 3.3925 
 12.50 3.4023 
 13.00 3.4114 
 13.50 3.4206 
 14.00 3.4289 
 14.50 3.4373 
 15.00 3.4451 
 15.50 3.4528 
 16.00 3.4603 
 16.50 3.4674 
 17.00 3.4745 
 17.50 3.4814 
 18.00 3.4882 
 18.50 3.4949 
 19.00 3.5015 
 19.50 3.5082 
 20.00 3.5148 
 20.50 3.5214 
 21.00 3.5282 
 21.50 3.5351 
 22.00 3.5420 
 22.50 3.5492 
 23.00 3.5563 
 23.50 3.5640 
 24.00 3.5717 
 24.50 3.5798 
 25.00 3.5882 
 25.50 3.5967 
 26.00 3.6061 
 26.50 3.6154 
 27.00 3.6254 
 27.50 3.6358 
 28.00 3.6465 
 28.50 3.6581 
 29.00 3.6698 
 29.50 3.6827 
 30.00 3.6957 
 30.50 3.7095 
 31.00 3.7241 
 31.50 3.7390 
 32.00 3.7553 
 32.50 3.7717 
 33.00 3.7895 
 33.50 3.8078 
 34.00 3.8267 
 34.50 3.8471 
 35.00 3.8674 
 35.50 4.2313 
 36.00 4.2317 
 36.50 4.2321 
 37.00 4.2325 
 37.50 4.2329 
 38.00 4.2333 
 38.50 4.2337 
 39.00 4.2341 
 39.50 4.2347 
 40.00 4.2355 
 40.50 4.2363 
 41.00 4.2371 
 41.50 4.2379 
 42.00 4.2387 
 42.50 4.2395 
 43.00 4.2403 
 43.50 4.2411 
 44.00 4.2423 
 44.50 4.2434 
 45.00 4.2446 
 45.50 4.2457 
 46.00 4.2469 
 46.50 4.2480 
 47.00 4.2492 
 47.50 4.2504 
 48.00 4.2517 
 48.50 4.2532 
 49.00 4.2547 
 49.50 4.2562 
 50.00 4.2576 
 50.50 4.2591 
 51.00 4.2606 
 51.50 4.2621 
 52.00 4.2636 
 52.50 4.2654 
 53.00 4.2671 
 53.50 4.2689 
 54.00 4.2707 
 54.50 4.2724 
 55.00 4.2742 
 55.50 4.2760 
 56.00 4.2777 
 56.50 4.2796 
 57.00 4.2816 
 57.50 4.2836 
 58.00 4.2856 
 58.50 4.2876 
 59.00 4.2896 
 59.50 4.2916 
 60.00 4.2936 
 60.50 4.2956 
 61.00 4.2978 
 61.50 4.3000 
 62.00 4.3022 
 62.50 4.3044 
 63.00 4.3066 
 63.50 4.3088 
 64.00 4.3110 
 64.50 4.3132 
 65.00 4.3155 
 65.50 4.3179 
 66.00 4.3202 
 66.50 4.3225 
 67.00 4.3249 
 67.50 4.3272 
 68.00 4.3296 
 68.50 4.3319 
 69.00 4.3343 
 69.50 4.3367 
 70.00 4.3392 
 70.50 4.3417 
 71.00 4.3441 
 71.50 4.3466 
 72.00 4.3490 
 72.50 4.3515 
 73.00 4.3540 
 73.50 4.3565 
 74.00 4.3590 
 74.50 4.3615 
 75.00 4.3641 
 75.50 4.3666 
 76.00 4.3691 
 76.50 4.3716 
 77.00 4.3742 
 77.50 4.3767 
 78.00 4.3793 
 78.50 4.3819 
 79.00 4.3844 
 79.50 4.3870 
 80.00 4.3895 
 80.50 4.3921 
 81.00 4.3947 
 81.50 4.3972 
 82.00 4.3998 
 82.50 4.4024 
 83.00 4.4049 
 83.50 4.4074 
 84.00 4.4100 
 84.50 4.4126 
 85.00 4.4151 
 85.50 4.4177 
 86.00 4.4202 
 86.50 4.4227 
 87.00 4.4252 
 87.50 4.4277 
 88.00 4.4302 
 88.50 4.4327 
 89.00 4.4352 
 89.50 4.4377 
 90.00 4.4402 
 90.50 4.4427 
 91.00 4.4451 
 91.50 4.4475 
 92.00 4.4499 
 92.50 4.4523 
 93.00 4.4547 
 93.50 4.4571 
 94.00 4.4596 
 94.50 4.4619 
 95.00 4.4642 
 95.50 4.4665 
 96.00 4.4688 
 96.50 4.4711 
 97.00 4.4734 
 97.50 4.4757 
 98.00 4.4780 
 98.50 4.4803 
 99.00 4.4826 
 99.50 4.4848 
100.00 4.4870 
100.50 4.4892 
101.00 4.4914 
101.50 4.4936 
102.00 4.4958 
102.50 4.4980 
103.00 4.5002 
103.50 4.5023 
104.00 4.5043 
104.50 4.5064 
105.00 4.5085 
105.50 4.5106 
106.00 4.5126 
106.50 4.5147 
107.00 4.5168 
107.50 4.5188 
108.00 4.5207 
108.50 4.5227 
109.00 4.5247 
109.50 4.5266 
110.00 4.5286 
110.50 4.5305 
111.00 4.5325 
111.50 4.5344 
112.00 4.5362 
112.50 4.5380 
113.00 4.5398 
113.50 4.5416 
114.00 4.5435 
114.50 4.5453 
115.00 4.5471 
115.50 4.5489 
116.00 4.5506 
116.50 4.5523 
117.00 4.5540 
117.50 4.5557 
118.00 4.5574 
118.50 4.5591 
119.00 4.5607 
119.50 4.5624 
120.00 4.5640 
120.50 4.5655 
121.00 4.5671 
121.50 4.5686 
122.00 4.5701 
122.50 4.5716 
123.00 4.5732 
123.50 4.5747 
124.00 4.5762 
124.50 4.5775 
125.00 4.5789 
125.50 4.5803 
126.00 4.5817 
126.50 4.5831 
127.00 4.5845 
127.50 4.5858 
128.00 4.5872 
128.50 4.5885 
129.00 4.5897 
129.50 4.5909 
130.00 4.5921 
130.50 4.5933 
131.00 4.5945 
131.50 4.5957 
132.00 4.5969 
132.50 4.5981 
133.00 4.5991 
133.50 4.6001 
134.00 4.6012 
134.50 4.6022 
135.00 4.6033 
135.50 4.6043 
136.00 4.6053 
136.50 4.6064 
137.00 4.6073 
137.50 4.6081 
138.00 4.6090 
138.50 4.6098 
139.00 4.6107 
139.50 4.6115 
140.00 4.6124 
140.50 4.6132 
141.00 4.6140 
141.50 4.6146 
142.00 4.6153 
142.50 4.6159 
143.00 4.6166 
143.50 4.6172 
144.00 4.6179 
144.50 4.6185 
145.00 4.6192 
145.50 4.6197 
146.00 4.6201 
146.50 4.6206 
147.00 4.6210 
147.50 4.6215 
148.00 4.6220 
148.50 4.6224 
149.00 4.6229 
149.50 4.6232 
150.00 4.6235 
