  0.00 1.1585 
  0.50 3.4464 
  1.00 3.4511 
  1.50 3.4558 
  2.00 3.4600 
  2.50 3.4641 
  3.00 3.4680 
  3.50 3.4717 
  4.00 3.4753 
  4.50 3.4785 
  5.00 3.4817 
  5.50 3.4848 
  6.00 3.4876 
  6.50 3.4905 
  7.00 3.4931 
  7.50 3.4957 
  8.00 3.4982 
  8.50 3.5006 
  9.00 3.5029 
  9.50 3.5052 
 10.00 3.5074 
 10.50 3.5097 
 11.00 3.5118 
 11.50 3.5141 
 12.00 3.5162 
 12.50 3.5184 
 13.00 3.5207 
 13.50 3.5230 
 14.00 3.5254 
 14.50 3.5278 
 15.00 3.5303 
 15.50 3.5328 
 16.00 3.5356 
 16.50 3.5384 
 17.00 3.5414 
 17.50 3.5445 
 18.00 3.5476 
 18.50 3.5512 
 19.00 3.5547 
 19.50 3.5585 
 20.00 3.5625 
 20.50 3.5666 
 21.00 3.5711 
 21.50 3.5757 
 22.00 3.5805 
 22.50 3.5858 
 23.00 3.5911 
 23.50 3.5969 
 24.00 3.6029 
 24.50 3.6091 
 25.00 3.6159 
 25.50 3.6227 
 26.00 3.6301 
 26.50 3.6379 
 27.00 3.6457 
 27.50 3.6544 
 28.00 3.6631 
 28.50 3.6724 
 29.00 3.6821 
 29.50 3.6918 
 30.00 3.7027 
 30.50 3.7135 
 31.00 3.7249 
 31.50 3.7370 
 32.00 3.7490 
 32.50 3.7623 
 33.00 3.7756 
 33.50 3.7894 
 34.00 3.8041 
 34.50 3.8188 
 35.00 3.8347 
 35.50 3.8508 
 36.00 3.8673 
 36.50 3.8849 
 37.00 3.9024 
 37.50 4.3954 
 38.00 4.3936 
 38.50 4.3918 
 39.00 4.3901 
 39.50 4.3883 
 40.00 4.3865 
 40.50 4.3847 
 41.00 4.3830 
 41.50 4.3814 
 42.00 4.3803 
 42.50 4.3792 
 43.00 4.3780 
 43.50 4.3769 
 44.00 4.3758 
 44.50 4.3747 
 45.00 4.3735 
 45.50 4.3724 
 46.00 4.3719 
 46.50 4.3713 
 47.00 4.3708 
 47.50 4.3703 
 48.00 4.3698 
 48.50 4.3692 
 49.00 4.3687 
 49.50 4.3682 
 50.00 4.3680 
 50.50 4.3680 
 51.00 4.3679 
 51.50 4.3679 
 52.00 4.3679 
 52.50 4.3679 
 53.00 4.3678 
 53.50 4.3678 
 54.00 4.3679 
 54.50 4.3684 
 55.00 4.3688 
 55.50 4.3692 
 56.00 4.3697 
 56.50 4.3701 
 57.00 4.3705 
 57.50 4.3709 
 58.00 4.3714 
 58.50 4.3721 
 59.00 4.3729 
 59.50 4.3737 
 60.00 4.3745 
 60.50 4.3753 
 61.00 4.3761 
 61.50 4.3769 
 62.00 4.3777 
 62.50 4.3786 
 63.00 4.3797 
 63.50 4.3808 
 64.00 4.3819 
 64.50 4.3829 
 65.00 4.3840 
 65.50 4.3851 
 66.00 4.3862 
 66.50 4.3873 
 67.00 4.3886 
 67.50 4.3899 
 68.00 4.3911 
 68.50 4.3924 
 69.00 4.3937 
 69.50 4.3950 
 70.00 4.3963 
 70.50 4.3975 
 71.00 4.3990 
 71.50 4.4004 
 72.00 4.4018 
 72.50 4.4032 
 73.00 4.4046 
 73.50 4.4060 
 74.00 4.4074 
 74.50 4.4088 
 75.00 4.4103 
 75.50 4.4117 
 76.00 4.4132 
 76.50 4.4147 
 77.00 4.4161 
 77.50 4.4176 
 78.00 4.4190 
 78.50 4.4205 
 79.00 4.4220 
 79.50 4.4234 
 80.00 4.4248 
 80.50 4.4263 
 81.00 4.4277 
 81.50 4.4291 
 82.00 4.4306 
 82.50 4.4320 
 83.00 4.4335 
 83.50 4.4348 
 84.00 4.4361 
 84.50 4.4375 
 85.00 4.4388 
 85.50 4.4401 
 86.00 4.4414 
 86.50 4.4428 
 87.00 4.4441 
 87.50 4.4454 
 88.00 4.4465 
 88.50 4.4477 
 89.00 4.4488 
 89.50 4.4500 
 90.00 4.4512 
 90.50 4.4523 
 91.00 4.4535 
 91.50 4.4546 
 92.00 4.4555 
 92.50 4.4564 
 93.00 4.4573 
 93.50 4.4583 
 94.00 4.4592 
 94.50 4.4601 
 95.00 4.4610 
 95.50 4.4619 
 96.00 4.4626 
 96.50 4.4633 
 97.00 4.4640 
 97.50 4.4647 
 98.00 4.4654 
 98.50 4.4660 
 99.00 4.4667 
 99.50 4.4674 
100.00 4.4680 
100.50 4.4685 
101.00 4.4690 
101.50 4.4694 
102.00 4.4699 
102.50 4.4704 
103.00 4.4709 
103.50 4.4714 
104.00 4.4718 
104.50 4.4721 
105.00 4.4724 
105.50 4.4727 
106.00 4.4730 
106.50 4.4733 
107.00 4.4736 
107.50 4.4739 
108.00 4.4742 
108.50 4.4744 
109.00 4.4745 
109.50 4.4747 
110.00 4.4748 
110.50 4.4750 
111.00 4.4751 
111.50 4.4753 
112.00 4.4754 
112.50 4.4755 
113.00 4.4755 
113.50 4.4756 
114.00 4.4756 
114.50 4.4756 
115.00 4.4756 
115.50 4.4756 
116.00 4.4757 
116.50 4.4757 
117.00 4.4756 
117.50 4.4755 
118.00 4.4755 
118.50 4.4754 
119.00 4.4753 
119.50 4.4752 
120.00 4.4751 
120.50 4.4750 
121.00 4.4749 
121.50 4.4747 
122.00 4.4746 
122.50 4.4744 
123.00 4.4743 
123.50 4.4741 
124.00 4.4740 
124.50 4.4738 
125.00 4.4736 
125.50 4.4734 
126.00 4.4732 
126.50 4.4730 
127.00 4.4728 
127.50 4.4726 
128.00 4.4724 
128.50 4.4722 
129.00 4.4720 
129.50 4.4718 
130.00 4.4715 
130.50 4.4713 
131.00 4.4711 
131.50 4.4709 
132.00 4.4706 
132.50 4.4704 
133.00 4.4702 
133.50 4.4700 
134.00 4.4698 
134.50 4.4695 
135.00 4.4693 
135.50 4.4691 
136.00 4.4689 
136.50 4.4687 
137.00 4.4685 
137.50 4.4683 
138.00 4.4681 
138.50 4.4679 
139.00 4.4677 
139.50 4.4675 
140.00 4.4673 
140.50 4.4671 
141.00 4.4669 
141.50 4.4667 
142.00 4.4666 
142.50 4.4665 
143.00 4.4663 
143.50 4.4662 
144.00 4.4661 
144.50 4.4659 
145.00 4.4658 
145.50 4.4657 
146.00 4.4656 
146.50 4.4655 
147.00 4.4655 
147.50 4.4654 
148.00 4.4654 
148.50 4.4653 
149.00 4.4653 
149.50 4.4652 
150.00 4.4652 
