0.0000 1.2802 0.3889
0.3431 2.2235 0.4041
0.3431 3.1865 0.4041
1.6958 3.2504 0.1351
3.0484 3.3073 0.0905
4.4011 3.3571 0.0721
5.7538 3.4005 0.0566
7.1065 3.4380 0.0437
8.4592 3.4701 0.0332
9.8119 3.4971 0.0288
11.1646 3.5198 0.0270
12.5173 3.5387 0.0273
13.8700 3.5541 0.0284
15.2227 3.5666 0.0296
16.5754 3.5768 0.0306
17.9281 3.5851 0.0313
19.2808 3.5921 0.0315
20.6335 3.5983 0.0315
21.9861 3.6042 0.0310
23.3388 3.6103 0.0303
24.6915 3.6171 0.0294
26.0442 3.6251 0.0283
27.3969 3.6349 0.0272
28.7496 3.6469 0.0266
30.1023 3.6618 0.0269
31.4550 3.6799 0.0288
32.8077 3.7018 0.0333
34.1604 3.7280 0.0405
35.5131 3.7590 0.0513
36.8658 3.7954 0.0847
38.2185 3.8376 0.1595
39.5712 3.8859 0.1829
39.5712 4.3235 0.1829
43.6847 4.3251 0.0836
47.7983 4.3272 0.0575
51.9119 4.3296 0.0437
56.0254 4.3323 0.0429
60.1390 4.3354 0.0449
64.2525 4.3389 0.0464
68.3661 4.3427 0.0462
72.4797 4.3469 0.0450
76.5932 4.3515 0.0444
80.7068 4.3564 0.0457
84.8204 4.3616 0.0487
88.9339 4.3672 0.0530
93.0475 4.3731 0.0575
97.1611 4.3794 0.0604
101.2750 4.3860 0.0618
105.3880 4.3929 0.0617
109.5020 4.4001 0.0607
113.6150 4.4075 0.0601
117.7290 4.4153 0.0607
121.8420 4.4232 0.0630
125.9560 4.4314 0.0673
130.0700 4.4398 0.0741
134.1830 4.4485 0.0825
138.2970 4.4572 0.0905
142.4100 4.4662 0.0991
146.5240 4.4753 0.1073
150.6370 4.4846 0.1134
154.7510 4.4940 0.1182
158.8650 4.5034 0.1206
162.9780 4.5130 0.1206
167.0920 4.5227 0.1172
171.2050 4.5324 0.1111
175.3190 4.5422 0.1035
179.4320 4.5519 0.0950
183.5460 4.5617 0.0879
187.6590 4.5716 0.0884
191.7730 4.5813 0.0977
195.8870 4.5911 0.1335
200.0000 4.6007 0.1535
