0.0000 1.4637 0.4758
0.1859 2.1825 0.4173
0.1859 3.1894 0.4173
1.1885 3.2383 0.0827
2.1911 3.2810 0.0682
3.1937 3.3176 0.0535
4.1964 3.3487 0.0414
5.1990 3.3749 0.0337
6.2016 3.3966 0.0271
7.2043 3.4145 0.0247
8.2069 3.4291 0.0233
9.2095 3.4409 0.0234
10.2121 3.4504 0.0243
11.2148 3.4583 0.0250
12.2174 3.4650 0.0257
13.2200 3.4711 0.0261
14.2226 3.4772 0.0263
15.2253 3.4837 0.0261
16.2279 3.4913 0.0259
17.2305 3.5004 0.0255
18.2332 3.5117 0.0251
19.2358 3.5256 0.0250
20.2384 3.5428 0.0252
21.2410 3.5636 0.0266
22.2437 3.5888 0.0292
23.2463 3.6189 0.0339
24.2489 3.6543 0.0416
25.2515 3.6956 0.0511
26.2542 3.7434 0.0718
27.2568 3.7983 0.1190
28.2594 3.8607 0.1582
29.2621 3.9307 0.1454
29.2621 4.2375 0.1454
33.6400 4.2740 0.0576
38.0178 4.3012 0.0431
42.3957 4.3197 0.0360
46.7736 4.3305 0.0363
51.1515 4.3346 0.0368
55.5294 4.3331 0.0365
59.9073 4.3269 0.0354
64.2852 4.3170 0.0347
68.6631 4.3044 0.0356
73.0410 4.2902 0.0386
77.4189 4.2753 0.0426
81.7968 4.2608 0.0475
86.1747 4.2476 0.0514
90.5526 4.2366 0.0532
94.9305 4.2279 0.0527
99.3084 4.2215 0.0507
103.6860 4.2173 0.0484
108.0640 4.2153 0.0467
112.4420 4.2154 0.0472
116.8200 4.2176 0.0511
121.1980 4.2219 0.0576
125.5760 4.2282 0.0644
129.9540 4.2364 0.0757
134.3320 4.2466 0.0862
138.7090 4.2586 0.0947
143.0870 4.2725 0.1018
147.4650 4.2882 0.1092
151.8430 4.3057 0.1142
156.2210 4.3248 0.1157
160.5990 4.3457 0.1138
164.9770 4.3681 0.1098
169.3550 4.3921 0.1042
173.7330 4.4177 0.0982
178.1110 4.4448 0.0885
182.4880 4.4733 0.0849
186.8660 4.5033 0.0977
191.2440 4.5346 0.1316
195.6220 4.5672 0.1652
200.0000 4.6009 0.1830
