0.0000 1.7189 0.4131
0.7234 2.5782 0.3121
0.7234 3.2041 0.3121
2.0823 3.2587 0.1467
3.4411 3.3087 0.0741
4.7999 3.3539 0.0486
6.1588 3.3949 0.0371
7.5176 3.4318 0.0314
8.8764 3.4650 0.0304
10.2353 3.4949 0.0316
11.5941 3.5219 0.0330
12.9529 3.5461 0.0339
14.3118 3.5680 0.0340
15.6706 3.5879 0.0335
17.0294 3.6061 0.0328
18.3883 3.6231 0.0317
19.7471 3.6390 0.0307
21.1059 3.6542 0.0296
22.4648 3.6692 0.0287
23.8236 3.6841 0.0279
25.1824 3.6994 0.0272
26.5413 3.7153 0.0269
27.9001 3.7323 0.0277
29.2589 3.7506 0.0308
30.6178 3.7706 0.0322
31.9766 3.7926 0.0341
33.3354 3.8169 0.0397
34.6943 3.8440 0.0459
36.0531 3.8740 0.0579
37.4119 3.9074 0.0700
38.7708 3.9445 0.0737
40.1296 3.9854 0.0702
40.1296 4.1611 0.0702
44.2288 4.2173 0.0665
48.3281 4.2633 0.0591
52.4273 4.2995 0.0492
56.5265 4.3272 0.0457
60.6258 4.3473 0.0463
64.7250 4.3611 0.0464
68.8242 4.3695 0.0454
72.9235 4.3737 0.0444
77.0227 4.3747 0.0448
81.1219 4.3737 0.0476
85.2211 4.3717 0.0522
89.3204 4.3699 0.0572
93.4196 4.3693 0.0624
97.5188 4.3707 0.0657
101.6180 4.3743 0.0666
105.7170 4.3798 0.0652
109.8170 4.3870 0.0628
113.9160 4.3958 0.0600
118.0150 4.4059 0.0588
122.1140 4.4173 0.0597
126.2130 4.4295 0.0636
130.3130 4.4426 0.0703
134.4120 4.4562 0.0792
138.5110 4.4702 0.0891
142.6100 4.4845 0.0985
146.7100 4.4988 0.1081
150.8090 4.5129 0.1166
154.9080 4.5266 0.1218
159.0070 4.5398 0.1251
163.1070 4.5522 0.1262
167.2060 4.5637 0.1226
171.3050 4.5741 0.1164
175.4040 4.5831 0.1077
179.5030 4.5907 0.0970
183.6030 4.5966 0.0873
187.7020 4.6006 0.0875
191.8010 4.6025 0.0991
195.9000 4.6021 0.1329
200.0000 4.5993 0.1514
