0.0000 0.5991 0.2100
0.8428 1.7143 0.3905
0.8428 2.9202 0.3905
1.5956 2.9944 0.1700
2.3485 3.0639 0.1438
3.1013 3.1284 0.1239
3.8542 3.1881 0.1052
4.6070 3.2435 0.0894
5.3599 3.2946 0.0744
6.1128 3.3419 0.0623
6.8656 3.3855 0.0531
7.6185 3.4257 0.0469
8.3713 3.4627 0.0429
9.1242 3.4968 0.0412
9.8770 3.5284 0.0412
10.6299 3.5575 0.0422
11.3827 3.5845 0.0445
12.1356 3.6097 0.0467
12.8884 3.6333 0.0489
13.6413 3.6556 0.0507
14.3942 3.6768 0.0524
15.1470 3.6971 0.0542
15.8999 3.7169 0.0555
16.6527 3.7364 0.0569
17.4056 3.7559 0.0584
18.1584 3.7755 0.0605
18.9113 3.7957 0.0636
19.6641 3.8165 0.0728
20.4170 3.8384 0.0876
21.1699 3.8615 0.1006
21.9227 3.8861 0.1094
22.6756 3.9123 0.1147
22.6756 4.1076 0.1147
27.2223 4.2082 0.0768
31.7691 4.2884 0.0578
36.3159 4.3490 0.0473
40.8626 4.3920 0.0480
45.4094 4.4193 0.0511
49.9562 4.4327 0.0530
54.5029 4.4342 0.0531
59.0497 4.4256 0.0517
63.5965 4.4089 0.0495
68.1433 4.3858 0.0474
72.6900 4.3585 0.0466
77.2368 4.3286 0.0484
81.7836 4.2981 0.0499
86.3303 4.2687 0.0503
90.8771 4.2408 0.0505
95.4239 4.2148 0.0519
99.9706 4.1909 0.0501
104.5170 4.1692 0.0477
109.0640 4.1502 0.0460
113.6110 4.1341 0.0460
118.1580 4.1211 0.0464
122.7040 4.1115 0.0490
127.2510 4.1055 0.0531
131.7980 4.1034 0.0575
136.3450 4.1055 0.0629
140.8920 4.1120 0.0695
145.4380 4.1232 0.0755
149.9850 4.1393 0.0788
154.5320 4.1607 0.0810
159.0790 4.1875 0.0838
163.6250 4.2200 0.0858
168.1720 4.2585 0.0845
172.7190 4.3032 0.0811
177.2660 4.3544 0.0798
181.8120 4.4124 0.0801
186.3590 4.4774 0.0845
190.9060 4.5497 0.0989
195.4530 4.6296 0.1159
200.0000 4.7165 0.1256
