0.0000 1.1809 0.4088
1.3289 2.3988 0.2052
1.3289 3.2188 0.2052
2.5317 3.2694 0.2054
3.7345 3.3151 0.0805
4.9373 3.3557 0.0581
6.1400 3.3917 0.0460
7.3428 3.4234 0.0375
8.5456 3.4513 0.0326
9.7484 3.4756 0.0295
10.9512 3.4968 0.0284
12.1540 3.5151 0.0282
13.3568 3.5311 0.0286
14.5595 3.5450 0.0289
15.7623 3.5572 0.0294
16.9651 3.5680 0.0295
18.1679 3.5780 0.0294
19.3707 3.5873 0.0290
20.5735 3.5964 0.0284
21.7763 3.6057 0.0277
22.9791 3.6155 0.0268
24.1818 3.6262 0.0261
25.3846 3.6381 0.0257
26.5874 3.6516 0.0261
27.7902 3.6672 0.0280
28.9930 3.6850 0.0311
30.1958 3.7056 0.0351
31.3986 3.7293 0.0429
32.6013 3.7565 0.0580
33.8041 3.7875 0.0922
35.0069 3.8226 0.1357
36.2097 3.8621 0.1782
36.2097 4.3368 0.1782
40.4094 4.3104 0.1042
44.6092 4.2881 0.0702
48.8089 4.2700 0.0596
53.0087 4.2557 0.0509
57.2084 4.2449 0.0483
61.4082 4.2373 0.0469
65.6079 4.2326 0.0447
69.8076 4.2305 0.0424
74.0074 4.2306 0.0410
78.2071 4.2327 0.0412
82.4069 4.2364 0.0433
86.6066 4.2414 0.0465
90.8064 4.2474 0.0498
95.0061 4.2542 0.0521
99.2059 4.2616 0.0531
103.4060 4.2695 0.0532
107.6050 4.2780 0.0528
111.8050 4.2869 0.0531
116.0050 4.2962 0.0544
120.2050 4.3059 0.0566
124.4040 4.3157 0.0625
128.6040 4.3258 0.0692
132.8040 4.3360 0.0761
137.0040 4.3462 0.0853
141.2030 4.3564 0.0934
145.4030 4.3666 0.1001
149.6030 4.3766 0.1056
153.8030 4.3865 0.1092
158.0020 4.3961 0.1105
162.2020 4.4053 0.1100
166.4020 4.4142 0.1035
170.6010 4.4226 0.0965
174.8010 4.4305 0.0886
179.0010 4.4379 0.0784
183.2010 4.4446 0.0754
187.4000 4.4506 0.0867
191.6000 4.4558 0.1130
195.8000 4.4602 0.1468
200.0000 4.4637 0.1648
