0.0000 1.2631 0.4664
0.2232 2.3657 0.4172
0.2232 3.1662 0.4172
1.1977 3.2108 0.1022
2.1722 3.2506 0.0800
3.1467 3.2858 0.0643
4.1212 3.3168 0.0535
5.0958 3.3439 0.0439
6.0703 3.3676 0.0371
7.0448 3.3881 0.0325
8.0193 3.4060 0.0299
8.9939 3.4216 0.0289
9.9684 3.4353 0.0288
10.9429 3.4475 0.0292
11.9174 3.4586 0.0299
12.8919 3.4689 0.0306
13.8665 3.4789 0.0313
14.8410 3.4890 0.0319
15.8155 3.4995 0.0323
16.7900 3.5108 0.0327
17.7645 3.5234 0.0328
18.7391 3.5375 0.0328
19.7136 3.5537 0.0329
20.6881 3.5723 0.0330
21.6626 3.5936 0.0336
22.6371 3.6182 0.0352
23.6117 3.6463 0.0381
24.5862 3.6783 0.0436
25.5607 3.7147 0.0521
26.5352 3.7559 0.0695
27.5097 3.8022 0.1137
28.4843 3.8536 0.1842
28.4843 4.3472 0.1842
32.8821 4.3403 0.0782
37.2800 4.3330 0.0489
41.6778 4.3255 0.0400
46.0757 4.3179 0.0374
50.4735 4.3103 0.0380
54.8713 4.3028 0.0375
59.2692 4.2955 0.0362
63.6670 4.2886 0.0346
68.0649 4.2821 0.0340
72.4627 4.2763 0.0364
76.8606 4.2711 0.0400
81.2584 4.2667 0.0445
85.6563 4.2632 0.0490
90.0541 4.2606 0.0513
94.4520 4.2592 0.0515
98.8498 4.2587 0.0499
103.2480 4.2593 0.0471
107.6450 4.2610 0.0451
112.0430 4.2637 0.0442
116.4410 4.2675 0.0460
120.8390 4.2723 0.0513
125.2370 4.2783 0.0579
129.6350 4.2853 0.0678
134.0330 4.2935 0.0788
138.4300 4.3027 0.0869
142.8280 4.3131 0.0946
147.2260 4.3246 0.1022
151.6240 4.3373 0.1076
156.0220 4.3510 0.1097
160.4200 4.3660 0.1089
164.8170 4.3821 0.1054
169.2150 4.3993 0.1000
173.6130 4.4178 0.0936
178.0110 4.4374 0.0829
182.4090 4.4583 0.0771
186.8070 4.4803 0.0858
191.2050 4.5035 0.1131
195.6020 4.5280 0.1452
200.0000 4.5535 0.1629
