0.0000 1.3160 0.3635
0.5124 2.3819 0.4399
0.5124 3.1158 0.4399
1.4204 3.1732 0.0888
2.3284 3.2246 0.0748
3.2364 3.2702 0.0590
4.1444 3.3104 0.0488
5.0523 3.3456 0.0389
5.9603 3.3761 0.0327
6.8683 3.4024 0.0286
7.7763 3.4249 0.0269
8.6843 3.4441 0.0269
9.5923 3.4603 0.0281
10.5003 3.4739 0.0293
11.4082 3.4853 0.0311
12.3162 3.4950 0.0325
13.2242 3.5034 0.0339
14.1322 3.5109 0.0348
15.0402 3.5178 0.0354
15.9482 3.5246 0.0358
16.8562 3.5318 0.0359
17.7642 3.5397 0.0356
18.6721 3.5487 0.0353
19.5801 3.5592 0.0352
20.4881 3.5717 0.0354
21.3961 3.5865 0.0366
22.3041 3.6042 0.0401
23.2121 3.6250 0.0463
24.1201 3.6494 0.0575
25.0280 3.6778 0.0928
25.9360 3.7106 0.1662
26.8440 3.7480 0.2405
26.8440 4.3984 0.2405
31.2839 4.3622 0.0779
35.7238 4.3325 0.0523
40.1637 4.3090 0.0367
44.6036 4.2911 0.0314
49.0435 4.2782 0.0311
53.4834 4.2697 0.0308
57.9233 4.2649 0.0301
62.3632 4.2632 0.0299
66.8031 4.2641 0.0310
71.2430 4.2668 0.0339
75.6829 4.2709 0.0387
80.1228 4.2756 0.0438
84.5627 4.2803 0.0475
89.0026 4.2846 0.0487
93.4425 4.2885 0.0472
97.8824 4.2920 0.0442
102.3220 4.2952 0.0408
106.7620 4.2982 0.0387
111.2020 4.3011 0.0404
115.6420 4.3040 0.0456
120.0820 4.3071 0.0534
124.5220 4.3103 0.0632
128.9620 4.3139 0.0757
133.4020 4.3178 0.0884
137.8410 4.3222 0.0979
142.2810 4.3272 0.1079
146.7210 4.3328 0.1157
151.1610 4.3393 0.1198
155.6010 4.3466 0.1212
160.0410 4.3548 0.1178
164.4810 4.3641 0.1119
168.9210 4.3746 0.1040
173.3610 4.3863 0.0946
177.8010 4.3994 0.0792
182.2400 4.4139 0.0715
186.6800 4.4299 0.0854
191.1200 4.4475 0.1269
195.5600 4.4669 0.1675
200.0000 4.4879 0.1890
