0.0000 1.3984 0.4780
0.2738 2.3971 0.4255
0.2738 3.1498 0.4255
1.3534 3.1896 0.1022
2.4331 3.2258 0.0819
3.5127 3.2586 0.0670
4.5923 3.2881 0.0550
5.6719 3.3148 0.0453
6.7515 3.3389 0.0380
7.8312 3.3607 0.0341
8.9108 3.3805 0.0318
9.9904 3.3987 0.0311
11.0700 3.4154 0.0315
12.1496 3.4311 0.0323
13.2292 3.4461 0.0333
14.3089 3.4606 0.0344
15.3885 3.4749 0.0353
16.4681 3.4893 0.0360
17.5477 3.5042 0.0367
18.6273 3.5199 0.0371
19.7069 3.5366 0.0372
20.7866 3.5547 0.0371
21.8662 3.5744 0.0371
22.9458 3.5962 0.0373
24.0254 3.6201 0.0378
25.1050 3.6467 0.0393
26.1846 3.6761 0.0433
27.2643 3.7087 0.0502
28.3439 3.7448 0.0633
29.4235 3.7847 0.0841
30.5031 3.8287 0.1298
31.5827 3.8768 0.1856
31.5827 4.2856 0.1856
35.9011 4.2716 0.0686
40.2195 4.2599 0.0530
44.5379 4.2503 0.0446
48.8563 4.2429 0.0420
53.1746 4.2375 0.0406
57.4930 4.2341 0.0394
61.8114 4.2325 0.0382
66.1298 4.2328 0.0369
70.4482 4.2347 0.0367
74.7666 4.2383 0.0376
79.0850 4.2434 0.0399
83.4033 4.2499 0.0428
87.7217 4.2578 0.0459
92.0401 4.2670 0.0477
96.3585 4.2772 0.0482
100.6770 4.2885 0.0480
104.9950 4.3004 0.0477
109.3140 4.3130 0.0483
113.6320 4.3261 0.0502
117.9500 4.3394 0.0549
122.2690 4.3529 0.0613
126.5870 4.3663 0.0684
130.9060 4.3796 0.0760
135.2240 4.3924 0.0849
139.5420 4.4048 0.0928
143.8610 4.4164 0.0984
148.1790 4.4272 0.1041
152.4970 4.4369 0.1078
156.8160 4.4455 0.1086
161.1340 4.4527 0.1073
165.4530 4.4584 0.1024
169.7710 4.4624 0.0963
174.0890 4.4646 0.0899
178.4080 4.4647 0.0810
182.7260 4.4627 0.0777
187.0450 4.4584 0.0882
191.3630 4.4516 0.1152
195.6810 4.4420 0.1477
200.0000 4.4298 0.1654
