0.0000 0.7204 0.3077
0.7369 1.8096 0.2871
0.7369 3.0112 0.2871
1.5430 3.0762 0.1412
2.3490 3.1366 0.1195
3.1550 3.1921 0.1006
3.9611 3.2430 0.0861
4.7671 3.2898 0.0727
5.5731 3.3325 0.0612
6.3791 3.3716 0.0525
7.1852 3.4074 0.0457
7.9912 3.4400 0.0417
8.7972 3.4697 0.0390
9.6032 3.4970 0.0380
10.4093 3.5220 0.0382
11.2153 3.5450 0.0390
12.0213 3.5664 0.0404
12.8274 3.5863 0.0418
13.6334 3.6052 0.0430
14.4394 3.6231 0.0441
15.2454 3.6406 0.0450
16.0515 3.6578 0.0458
16.8575 3.6750 0.0465
17.6635 3.6925 0.0473
18.4695 3.7106 0.0484
19.2756 3.7296 0.0503
20.0816 3.7497 0.0539
20.8876 3.7713 0.0629
21.6937 3.7946 0.0743
22.4997 3.8199 0.0910
23.3057 3.8476 0.1422
24.1117 3.8776 0.2106
24.1117 4.2386 0.2106
28.6217 4.2908 0.0695
33.1316 4.3311 0.0515
37.6416 4.3601 0.0430
42.1515 4.3790 0.0433
46.6615 4.3889 0.0449
51.1714 4.3909 0.0443
55.6814 4.3861 0.0430
60.1913 4.3756 0.0414
64.7013 4.3606 0.0403
69.2112 4.3422 0.0404
73.7212 4.3215 0.0423
78.2311 4.2996 0.0462
82.7411 4.2776 0.0493
87.2510 4.2565 0.0507
91.7610 4.2367 0.0510
96.2709 4.2184 0.0511
100.7810 4.2017 0.0489
105.2910 4.1869 0.0463
109.8010 4.1742 0.0442
114.3110 4.1638 0.0437
118.8210 4.1558 0.0447
123.3310 4.1506 0.0484
127.8410 4.1482 0.0542
132.3510 4.1490 0.0602
136.8600 4.1531 0.0662
141.3700 4.1607 0.0741
145.8800 4.1719 0.0807
150.3900 4.1872 0.0844
154.9000 4.2065 0.0869
159.4100 4.2302 0.0890
163.9200 4.2584 0.0899
168.4300 4.2914 0.0880
172.9400 4.3293 0.0842
177.4500 4.3723 0.0810
181.9600 4.4207 0.0798
186.4700 4.4747 0.0850
190.9800 4.5344 0.1024
195.4900 4.6001 0.1225
200.0000 4.6714 0.1338
