0.0000 1.1242 0.3295
0.4275 1.8926 0.3900
0.4275 3.0841 0.3900
1.3348 3.1360 0.1255
2.2422 3.1855 0.1090
3.1495 3.2323 0.0963
4.0569 3.2764 0.0841
4.9642 3.3182 0.0750
5.8716 3.3577 0.0662
6.7789 3.3950 0.0592
7.6863 3.4303 0.0536
8.5936 3.4637 0.0490
9.5010 3.4953 0.0455
10.4083 3.5253 0.0435
11.3157 3.5539 0.0422
12.2230 3.5810 0.0424
13.1304 3.6070 0.0432
14.0377 3.6319 0.0447
14.9451 3.6558 0.0467
15.8524 3.6789 0.0494
16.7598 3.7014 0.0520
17.6671 3.7233 0.0550
18.5745 3.7448 0.0582
19.4819 3.7660 0.0631
20.3892 3.7871 0.0768
21.2966 3.8081 0.0873
22.2039 3.8293 0.0892
23.1113 3.8508 0.0902
24.0186 3.8727 0.0912
24.9260 3.8951 0.0983
25.8333 3.9181 0.1248
26.7407 3.9419 0.1189
26.7407 4.2786 0.1189
31.1832 4.3117 0.0878
35.6257 4.3354 0.0701
40.0683 4.3505 0.0589
44.5108 4.3579 0.0549
48.9534 4.3586 0.0539
53.3959 4.3538 0.0537
57.8384 4.3442 0.0533
62.2810 4.3311 0.0528
66.7235 4.3153 0.0533
71.1660 4.2980 0.0558
75.6086 4.2801 0.0578
80.0511 4.2626 0.0606
84.4937 4.2466 0.0639
88.9362 4.2328 0.0659
93.3787 4.2214 0.0668
97.8213 4.2123 0.0671
102.2640 4.2054 0.0672
106.7060 4.2007 0.0676
111.1490 4.1981 0.0692
115.5910 4.1974 0.0726
120.0340 4.1987 0.0768
124.4770 4.2019 0.0818
128.9190 4.2068 0.0887
133.3620 4.2134 0.0950
137.8040 4.2217 0.0997
142.2470 4.2315 0.1045
146.6890 4.2427 0.1095
151.1320 4.2554 0.1130
155.5740 4.2694 0.1147
160.0170 4.2847 0.1155
164.4590 4.3011 0.1154
168.9020 4.3187 0.1140
173.3440 4.3372 0.1118
177.7870 4.3568 0.1135
182.2300 4.3772 0.1180
186.6720 4.3983 0.1322
191.1150 4.4203 0.1645
195.5570 4.4428 0.1943
200.0000 4.4658 0.2098
