0.0000 1.2738 0.4292
0.3413 2.3897 0.4704
0.3413 3.1789 0.4704
1.2751 3.2205 0.1085
2.2090 3.2582 0.0773
3.1428 3.2919 0.0636
4.0767 3.3221 0.0529
5.0105 3.3489 0.0439
5.9443 3.3727 0.0378
6.8782 3.3938 0.0331
7.8120 3.4125 0.0306
8.7459 3.4290 0.0293
9.6797 3.4438 0.0293
10.6135 3.4569 0.0294
11.5474 3.4689 0.0301
12.4812 3.4799 0.0308
13.4150 3.4902 0.0314
14.3489 3.5002 0.0321
15.2827 3.5101 0.0326
16.2165 3.5203 0.0332
17.1504 3.5310 0.0335
18.0842 3.5425 0.0338
19.0181 3.5552 0.0340
19.9519 3.5693 0.0344
20.8857 3.5851 0.0349
21.8196 3.6029 0.0358
22.7534 3.6230 0.0376
23.6873 3.6457 0.0411
24.6211 3.6713 0.0464
25.5549 3.7001 0.0542
26.4888 3.7324 0.0802
27.4226 3.7682 0.1499
27.4226 4.3374 0.1499
31.8477 4.3278 0.0966
36.2727 4.3186 0.0531
40.6978 4.3097 0.0394
45.1228 4.3012 0.0355
49.5479 4.2933 0.0362
53.9729 4.2859 0.0361
58.3980 4.2791 0.0349
62.8230 4.2730 0.0331
67.2481 4.2676 0.0323
71.6731 4.2630 0.0338
76.0982 4.2593 0.0374
80.5232 4.2565 0.0426
84.9483 4.2546 0.0471
89.3733 4.2537 0.0494
93.7984 4.2539 0.0493
98.2234 4.2550 0.0474
102.6480 4.2570 0.0447
107.0740 4.2600 0.0426
111.4990 4.2639 0.0427
115.9240 4.2687 0.0451
120.3490 4.2744 0.0505
124.7740 4.2808 0.0588
129.1990 4.2881 0.0691
133.6240 4.2962 0.0799
138.0490 4.3050 0.0882
142.4740 4.3146 0.0974
146.8990 4.3249 0.1050
151.3240 4.3359 0.1091
155.7490 4.3475 0.1112
160.1740 4.3598 0.1097
164.5990 4.3728 0.1054
169.0240 4.3863 0.0992
173.4490 4.4004 0.0916
177.8740 4.4150 0.0807
182.2990 4.4302 0.0752
186.7240 4.4459 0.0860
191.1500 4.4620 0.1185
195.5750 4.4786 0.1544
200.0000 4.4955 0.1739
