0.0000 1.1522 0.3579
0.1762 2.0869 0.4539
0.1762 3.2908 0.4539
1.1246 3.3339 0.1367
2.0731 3.3740 0.1143
3.0215 3.4111 0.1004
3.9700 3.4454 0.0864
4.9184 3.4770 0.0768
5.8668 3.5061 0.0667
6.8153 3.5329 0.0590
7.7637 3.5576 0.0525
8.7121 3.5804 0.0470
9.6606 3.6014 0.0431
10.6090 3.6209 0.0398
11.5575 3.6390 0.0378
12.5059 3.6559 0.0365
13.4543 3.6718 0.0363
14.4028 3.6870 0.0367
15.3512 3.7014 0.0376
16.2997 3.7155 0.0389
17.2481 3.7293 0.0405
18.1965 3.7430 0.0423
19.1450 3.7569 0.0443
20.0934 3.7710 0.0464
21.0418 3.7857 0.0488
21.9903 3.8010 0.0512
22.9387 3.8172 0.0538
23.8872 3.8344 0.0579
24.8356 3.8528 0.0662
25.7840 3.8727 0.0821
26.7325 3.8942 0.1096
27.6809 3.9173 0.1198
27.6809 4.2176 0.1198
32.0993 4.3082 0.0827
36.5178 4.3748 0.0599
40.9362 4.4191 0.0490
45.3547 4.4436 0.0456
49.7731 4.4508 0.0444
54.1915 4.4434 0.0441
58.6100 4.4238 0.0432
63.0284 4.3945 0.0420
67.4468 4.3581 0.0421
71.8653 4.3170 0.0441
76.2837 4.2739 0.0451
80.7021 4.2312 0.0466
85.1206 4.1914 0.0484
89.5390 4.1567 0.0498
93.9574 4.1274 0.0495
98.3759 4.1032 0.0485
102.7940 4.0842 0.0470
107.2130 4.0700 0.0451
111.6310 4.0607 0.0453
116.0500 4.0560 0.0476
120.4680 4.0558 0.0518
124.8870 4.0601 0.0566
129.3050 4.0685 0.0644
133.7230 4.0811 0.0721
138.1420 4.0977 0.0784
142.5600 4.1181 0.0841
146.9790 4.1422 0.0907
151.3970 4.1699 0.0957
155.8160 4.2010 0.0971
160.2340 4.2354 0.0984
164.6520 4.2729 0.0979
169.0710 4.3135 0.0944
173.4890 4.3570 0.0888
177.9080 4.4031 0.0852
182.3260 4.4520 0.0844
186.7450 4.5032 0.0923
191.1630 4.5568 0.1147
195.5810 4.6126 0.1380
200.0000 4.6700 0.1504
