0.0000 1.1952 0.3476
0.2424 2.0198 0.5136
0.2424 3.2391 0.5136
1.2018 3.2831 0.1404
2.1612 3.3240 0.1088
3.1206 3.3618 0.0955
4.0800 3.3966 0.0821
5.0394 3.4286 0.0723
5.9988 3.4581 0.0634
6.9582 3.4853 0.0558
7.9176 3.5103 0.0501
8.8769 3.5333 0.0453
9.8363 3.5546 0.0420
10.7957 3.5742 0.0397
11.7551 3.5925 0.0385
12.7145 3.6096 0.0384
13.6739 3.6257 0.0391
14.6333 3.6410 0.0403
15.5927 3.6557 0.0420
16.5521 3.6700 0.0439
17.5114 3.6841 0.0460
18.4708 3.6981 0.0484
19.4302 3.7124 0.0508
20.3896 3.7270 0.0552
21.3490 3.7422 0.0618
22.3084 3.7581 0.0660
23.2678 3.7750 0.0692
24.2272 3.7930 0.0744
25.1866 3.8124 0.0863
26.1459 3.8333 0.1116
27.1053 3.8560 0.1294
28.0647 3.8805 0.1170
28.0647 4.2900 0.1170
32.4733 4.3379 0.0789
36.8819 4.3700 0.0599
41.2905 4.3878 0.0514
45.6991 4.3929 0.0484
50.1077 4.3873 0.0475
54.5163 4.3727 0.0472
58.9249 4.3509 0.0464
63.3334 4.3238 0.0455
67.7420 4.2930 0.0461
72.1506 4.2604 0.0484
76.5592 4.2278 0.0500
80.9678 4.1970 0.0524
85.3764 4.1698 0.0547
89.7850 4.1476 0.0559
94.1936 4.1306 0.0559
98.6022 4.1185 0.0552
103.0110 4.1109 0.0543
107.4190 4.1077 0.0536
111.8280 4.1086 0.0546
116.2370 4.1134 0.0580
120.6450 4.1218 0.0627
125.0540 4.1335 0.0683
129.4620 4.1482 0.0764
133.8710 4.1658 0.0839
138.2790 4.1860 0.0899
142.6880 4.2085 0.0956
147.0970 4.2330 0.1016
151.5050 4.2593 0.1057
155.9140 4.2872 0.1073
160.3220 4.3164 0.1075
164.7310 4.3466 0.1064
169.1400 4.3775 0.1033
173.5480 4.4090 0.0987
177.9570 4.4408 0.0963
182.3650 4.4725 0.0971
186.7740 4.5040 0.1081
191.1830 4.5350 0.1362
195.5910 4.5652 0.1636
200.0000 4.5942 0.1780
