0.0000 1.3344 0.4232
0.2903 2.3706 0.4909
0.2903 3.2390 0.4909
1.2353 3.2748 0.1050
2.1802 3.3071 0.0725
3.1252 3.3358 0.0601
4.0702 3.3612 0.0495
5.0152 3.3837 0.0415
5.9601 3.4034 0.0354
6.9051 3.4206 0.0311
7.8501 3.4356 0.0288
8.7950 3.4486 0.0274
9.7400 3.4600 0.0275
10.6850 3.4700 0.0277
11.6299 3.4789 0.0285
12.5749 3.4869 0.0293
13.5199 3.4943 0.0299
14.4648 3.5013 0.0306
15.4098 3.5084 0.0311
16.3548 3.5156 0.0315
17.2997 3.5232 0.0318
18.2447 3.5316 0.0320
19.1897 3.5411 0.0322
20.1347 3.5518 0.0326
21.0796 3.5640 0.0333
22.0246 3.5781 0.0347
22.9696 3.5942 0.0371
23.9145 3.6126 0.0410
24.8595 3.6337 0.0468
25.8045 3.6577 0.0556
26.7494 3.6848 0.0907
27.6944 3.7151 0.1694
27.6944 4.3223 0.1694
32.1125 4.3151 0.0814
36.5306 4.3074 0.0536
40.9487 4.2996 0.0411
45.3668 4.2917 0.0373
49.7849 4.2839 0.0370
54.2030 4.2764 0.0361
58.6211 4.2693 0.0341
63.0392 4.2627 0.0323
67.4573 4.2569 0.0324
71.8754 4.2520 0.0342
76.2935 4.2482 0.0386
80.7116 4.2456 0.0442
85.1297 4.2444 0.0483
89.5478 4.2446 0.0504
93.9659 4.2463 0.0497
98.3840 4.2494 0.0472
102.8020 4.2537 0.0445
107.2200 4.2591 0.0424
111.6380 4.2656 0.0433
116.0560 4.2730 0.0469
120.4750 4.2812 0.0536
124.8930 4.2903 0.0635
129.3110 4.2999 0.0747
133.7290 4.3102 0.0857
138.1470 4.3209 0.0946
142.5650 4.3319 0.1046
146.9830 4.3433 0.1123
151.4010 4.3547 0.1163
155.8190 4.3663 0.1182
160.2370 4.3778 0.1160
164.6560 4.3892 0.1109
169.0740 4.4003 0.1039
173.4920 4.4112 0.0949
177.9100 4.4216 0.0819
182.3280 4.4315 0.0749
186.7460 4.4407 0.0857
191.1640 4.4493 0.1203
195.5820 4.4570 0.1583
200.0000 4.4637 0.1789
