0.0000 1.3713 0.4098
0.2641 2.3263 0.3671
0.2641 3.2970 0.3671
1.3693 3.3319 0.0825
2.4745 3.3630 0.0654
3.5797 3.3903 0.0536
4.6849 3.4142 0.0432
5.7901 3.4349 0.0354
6.8953 3.4528 0.0296
8.0006 3.4682 0.0259
9.1058 3.4813 0.0241
10.2110 3.4924 0.0236
11.3162 3.5019 0.0240
12.4214 3.5100 0.0248
13.5266 3.5170 0.0257
14.6318 3.5233 0.0267
15.7370 3.5292 0.0274
16.8422 3.5348 0.0280
17.9474 3.5406 0.0283
19.0526 3.5468 0.0285
20.1578 3.5537 0.0284
21.2630 3.5617 0.0283
22.3682 3.5710 0.0283
23.4734 3.5819 0.0288
24.5787 3.5947 0.0299
25.6839 3.6097 0.0323
26.7891 3.6272 0.0361
27.8943 3.6475 0.0417
28.9995 3.6710 0.0507
30.1047 3.6978 0.0754
31.2099 3.7283 0.1395
32.3151 3.7626 0.2266
32.3151 4.3735 0.2266
36.6147 4.3556 0.0756
40.9143 4.3370 0.0563
45.2140 4.3183 0.0484
49.5136 4.2998 0.0465
53.8132 4.2817 0.0453
58.1128 4.2645 0.0433
62.4124 4.2485 0.0400
66.7120 4.2339 0.0375
71.0116 4.2211 0.0372
75.3113 4.2105 0.0387
79.6109 4.2024 0.0429
83.9105 4.1970 0.0482
88.2101 4.1947 0.0526
92.5097 4.1958 0.0553
96.8093 4.2000 0.0553
101.1090 4.2070 0.0539
105.4090 4.2165 0.0519
109.7080 4.2282 0.0502
114.0080 4.2417 0.0506
118.3070 4.2567 0.0534
122.6070 4.2730 0.0592
126.9070 4.2901 0.0677
131.2060 4.3078 0.0770
135.5060 4.3257 0.0867
139.8050 4.3435 0.0960
144.1050 4.3610 0.1045
148.4050 4.3777 0.1115
152.7040 4.3934 0.1163
157.0040 4.4078 0.1185
161.3040 4.4204 0.1175
165.6030 4.4311 0.1131
169.9030 4.4395 0.1069
174.2020 4.4452 0.0994
178.5020 4.4479 0.0877
182.8020 4.4474 0.0815
187.1010 4.4433 0.0880
191.4010 4.4353 0.1105
195.7000 4.4230 0.1465
200.0000 4.4063 0.1668
