0.0000 1.6130 0.2407
2.2381 2.7961 0.1755
2.2381 3.4243 0.1755
3.8002 3.4618 0.0712
5.3624 3.4965 0.0511
6.9245 3.5284 0.0405
8.4866 3.5577 0.0326
10.0488 3.5848 0.0275
11.6109 3.6096 0.0248
13.1731 3.6327 0.0239
14.7352 3.6542 0.0234
16.2974 3.6742 0.0233
17.8595 3.6932 0.0231
19.4217 3.7113 0.0226
20.9838 3.7288 0.0221
22.5460 3.7458 0.0216
24.1081 3.7628 0.0212
25.6702 3.7798 0.0210
27.2324 3.7971 0.0210
28.7945 3.8150 0.0213
30.3567 3.8337 0.0218
31.9188 3.8535 0.0224
33.4810 3.8746 0.0233
35.0431 3.8972 0.0242
36.6053 3.9217 0.0258
38.1674 3.9481 0.0289
39.7295 3.9768 0.0329
41.2917 4.0080 0.0369
42.8538 4.0420 0.0461
44.4160 4.0790 0.0588
45.9781 4.1192 0.0865
47.5403 4.1626 0.0875
47.5403 4.4137 0.0875
51.4495 4.5061 0.0766
55.3587 4.5833 0.0637
59.2680 4.6456 0.0525
63.1772 4.6945 0.0489
67.0864 4.7311 0.0480
70.9957 4.7567 0.0474
74.9049 4.7726 0.0465
78.8141 4.7802 0.0458
82.7233 4.7806 0.0461
86.6326 4.7752 0.0481
90.5418 4.7652 0.0519
94.4510 4.7519 0.0571
98.3603 4.7365 0.0619
102.2700 4.7203 0.0653
106.1790 4.7035 0.0669
110.0880 4.6863 0.0676
113.9970 4.6689 0.0678
117.9060 4.6515 0.0682
121.8160 4.6343 0.0697
125.7250 4.6174 0.0725
129.6340 4.6011 0.0770
133.5430 4.5855 0.0828
137.4530 4.5708 0.0903
141.3620 4.5572 0.0981
145.2710 4.5448 0.1053
149.1800 4.5339 0.1122
153.0900 4.5247 0.1174
156.9990 4.5173 0.1206
160.9080 4.5118 0.1223
164.8170 4.5086 0.1209
168.7260 4.5077 0.1170
172.6360 4.5094 0.1100
176.5450 4.5139 0.1022
180.4540 4.5212 0.0951
184.3630 4.5316 0.0892
188.2730 4.5454 0.0919
192.1820 4.5626 0.1027
196.0910 4.5835 0.1429
200.0000 4.6079 0.1630
