0.0000 1.7063 0.2979
2.3038 2.7434 0.1857
2.3038 3.3361 0.1857
3.8471 3.3790 0.1334
5.3904 3.4187 0.0671
6.9337 3.4553 0.0506
8.4770 3.4890 0.0389
10.0203 3.5201 0.0317
11.5636 3.5488 0.0280
13.1069 3.5755 0.0262
14.6502 3.6002 0.0256
16.1935 3.6235 0.0252
17.7368 3.6454 0.0245
19.2801 3.6662 0.0238
20.8234 3.6863 0.0230
22.3667 3.7058 0.0226
23.9100 3.7251 0.0226
25.4532 3.7443 0.0232
26.9965 3.7639 0.0242
28.5398 3.7839 0.0255
30.0831 3.8047 0.0269
31.6264 3.8266 0.0280
33.1697 3.8498 0.0293
34.7130 3.8746 0.0306
36.2563 3.9011 0.0326
37.7996 3.9298 0.0363
39.3429 3.9609 0.0434
40.8862 3.9945 0.0519
42.4295 4.0311 0.0609
43.9728 4.0708 0.0825
45.5161 4.1139 0.1244
47.0594 4.1603 0.1136
47.0594 4.4478 0.1136
50.9810 4.5202 0.0742
54.9025 4.5787 0.0664
58.8241 4.6238 0.0634
62.7457 4.6569 0.0612
66.6672 4.6794 0.0608
70.5888 4.6926 0.0595
74.5103 4.6977 0.0582
78.4319 4.6962 0.0575
82.3535 4.6893 0.0586
86.2750 4.6783 0.0616
90.1966 4.6646 0.0662
94.1182 4.6495 0.0717
98.0397 4.6344 0.0764
101.9610 4.6202 0.0798
105.8830 4.6073 0.0808
109.8040 4.5956 0.0802
113.7260 4.5851 0.0785
117.6480 4.5757 0.0765
121.5690 4.5675 0.0749
125.4910 4.5604 0.0748
129.4120 4.5544 0.0775
133.3340 4.5495 0.0823
137.2550 4.5457 0.0886
141.1770 4.5429 0.0972
145.0990 4.5412 0.1065
149.0200 4.5405 0.1151
152.9420 4.5407 0.1223
156.8630 4.5420 0.1280
160.7850 4.5442 0.1323
164.7060 4.5473 0.1334
168.6280 4.5514 0.1315
172.5490 4.5564 0.1258
176.4710 4.5622 0.1194
180.3930 4.5689 0.1124
184.3140 4.5765 0.1031
188.2360 4.5849 0.1009
192.1570 4.5941 0.1060
196.0790 4.6040 0.1373
200.0000 4.6147 0.1532
