0.0000 1.7305 0.3037
2.4212 2.8679 0.1730
2.4212 3.3832 0.1730
4.0690 3.4306 0.0701
5.7168 3.4736 0.0515
7.3646 3.5124 0.0409
9.0124 3.5473 0.0336
10.6601 3.5787 0.0295
12.3079 3.6069 0.0279
13.9557 3.6324 0.0274
15.6035 3.6554 0.0273
17.2513 3.6764 0.0267
18.8990 3.6957 0.0260
20.5468 3.7137 0.0246
22.1946 3.7308 0.0234
23.8424 3.7474 0.0222
25.4902 3.7637 0.0212
27.1379 3.7802 0.0205
28.7857 3.7973 0.0204
30.4335 3.8152 0.0206
32.0813 3.8345 0.0210
33.7290 3.8554 0.0216
35.3768 3.8783 0.0222
37.0246 3.9037 0.0227
38.6724 3.9318 0.0244
40.3202 3.9630 0.0272
41.9679 3.9977 0.0318
43.6157 4.0364 0.0377
45.2635 4.0792 0.0488
46.9113 4.1267 0.0756
48.5591 4.1791 0.0956
50.2068 4.2366 0.0929
50.2068 4.5522 0.0929
55.3721 4.6310 0.0733
60.5374 4.6892 0.0545
65.7027 4.7285 0.0501
70.8679 4.7514 0.0498
76.0332 4.7601 0.0494
81.1985 4.7571 0.0494
86.3638 4.7447 0.0521
91.5290 4.7252 0.0578
96.6943 4.7009 0.0654
101.8600 4.6743 0.0717
107.0250 4.6469 0.0744
112.1900 4.6194 0.0753
117.3550 4.5921 0.0749
122.5210 4.5656 0.0755
127.6860 4.5403 0.0781
132.8510 4.5167 0.0840
138.0170 4.4952 0.0925
143.1820 4.4763 0.1027
148.3470 4.4604 0.1121
153.5120 4.4481 0.1201
158.6780 4.4398 0.1249
163.8430 4.4360 0.1252
169.0080 4.4370 0.1213
174.1730 4.4435 0.1130
179.3390 4.4558 0.1024
184.5040 4.4744 0.0949
189.6690 4.4998 0.1001
194.8350 4.5324 0.1344
200.0000 4.5725 0.1674
