0.0000 1.4396 0.3413
0.5535 2.3524 0.3819
0.5535 3.2848 0.3819
1.9967 3.3341 0.0748
3.4398 3.3786 0.0557
4.8830 3.4183 0.0436
6.3262 3.4536 0.0335
7.7694 3.4850 0.0267
9.2126 3.5127 0.0230
10.6558 3.5371 0.0219
12.0990 3.5587 0.0222
13.5422 3.5777 0.0232
14.9854 3.5945 0.0242
16.4286 3.6096 0.0247
17.8717 3.6233 0.0250
19.3149 3.6359 0.0250
20.7581 3.6479 0.0248
22.2013 3.6595 0.0243
23.6445 3.6713 0.0238
25.0877 3.6834 0.0232
26.5309 3.6964 0.0228
27.9741 3.7106 0.0235
29.4173 3.7263 0.0250
30.8604 3.7439 0.0261
32.3036 3.7639 0.0288
33.7468 3.7865 0.0331
35.1900 3.8121 0.0385
36.6332 3.8411 0.0497
38.0764 3.8740 0.0678
39.5196 3.9110 0.0949
40.9628 3.9524 0.1046
42.4060 3.9985 0.0921
42.4060 4.2795 0.0921
46.4468 4.2961 0.0639
50.4877 4.3054 0.0483
54.5286 4.3083 0.0424
58.5695 4.3058 0.0436
62.6103 4.2987 0.0464
66.6512 4.2881 0.0479
70.6921 4.2749 0.0480
74.7329 4.2600 0.0473
78.7738 4.2444 0.0471
82.8147 4.2290 0.0481
86.8556 4.2149 0.0498
90.8964 4.2028 0.0522
94.9373 4.1939 0.0544
98.9782 4.1887 0.0551
103.0190 4.1873 0.0548
107.0600 4.1893 0.0542
111.1010 4.1945 0.0541
115.1420 4.2024 0.0550
119.1830 4.2129 0.0581
123.2230 4.2256 0.0642
127.2640 4.2402 0.0717
131.3050 4.2563 0.0803
135.3460 4.2738 0.0910
139.3870 4.2922 0.1007
143.4280 4.3113 0.1088
147.4690 4.3308 0.1168
151.5100 4.3504 0.1227
155.5500 4.3697 0.1258
159.5910 4.3884 0.1255
163.6320 4.4064 0.1232
167.6730 4.4231 0.1178
171.7140 4.4384 0.1078
175.7550 4.4520 0.0972
179.7960 4.4634 0.0886
183.8360 4.4725 0.0855
187.8770 4.4789 0.0917
191.9180 4.4824 0.1082
195.9590 4.4825 0.1594
200.0000 4.4790 0.1871
