0.0000 1.6114 0.2839
0.5342 2.4812 0.2489
0.5342 3.3497 0.2489
1.9915 3.3885 0.1205
3.4489 3.4239 0.0606
4.9062 3.4559 0.0453
6.3635 3.4847 0.0342
7.8209 3.5107 0.0265
9.2782 3.5341 0.0230
10.7356 3.5551 0.0223
12.1929 3.5740 0.0232
13.6502 3.5911 0.0246
15.1076 3.6067 0.0256
16.5649 3.6209 0.0260
18.0223 3.6341 0.0259
19.4796 3.6465 0.0254
20.9370 3.6584 0.0246
22.3943 3.6701 0.0236
23.8516 3.6817 0.0227
25.3090 3.6937 0.0216
26.7663 3.7061 0.0210
28.2237 3.7194 0.0208
29.6810 3.7337 0.0218
31.1383 3.7494 0.0228
32.5957 3.7666 0.0240
34.0530 3.7857 0.0259
35.5104 3.8068 0.0289
36.9677 3.8304 0.0337
38.4250 3.8565 0.0414
39.8824 3.8856 0.0599
41.3397 3.9178 0.1004
42.7971 3.9532 0.1077
42.7971 4.2222 0.1077
46.8279 4.2287 0.0647
50.8588 4.2333 0.0505
54.8896 4.2363 0.0450
58.9205 4.2378 0.0442
62.9513 4.2384 0.0442
66.9822 4.2381 0.0433
71.0130 4.2374 0.0416
75.0438 4.2365 0.0398
79.0747 4.2357 0.0400
83.1055 4.2353 0.0431
87.1364 4.2356 0.0484
91.1672 4.2368 0.0536
95.1981 4.2394 0.0579
99.2289 4.2434 0.0606
103.2600 4.2489 0.0609
107.2910 4.2558 0.0584
111.3210 4.2639 0.0553
115.3520 4.2731 0.0525
119.3830 4.2834 0.0509
123.4140 4.2945 0.0526
127.4450 4.3065 0.0577
131.4760 4.3191 0.0659
135.5070 4.3323 0.0761
139.5370 4.3460 0.0864
143.5680 4.3601 0.0975
147.5990 4.3744 0.1074
151.6300 4.3888 0.1154
155.6610 4.4033 0.1214
159.6920 4.4177 0.1247
163.7220 4.4318 0.1252
167.7530 4.4457 0.1218
171.7840 4.4592 0.1146
175.8150 4.4721 0.1054
179.8460 4.4844 0.0949
183.8770 4.4960 0.0832
187.9080 4.5067 0.0813
191.9380 4.5165 0.0907
195.9690 4.5252 0.1249
200.0000 4.5326 0.1431
