0.0000 1.0456 0.2302
1.2368 2.2062 0.2816
1.2368 3.3523 0.2816
2.5225 3.3907 0.0950
3.8083 3.4249 0.0593
5.0941 3.4552 0.0450
6.3799 3.4817 0.0331
7.6656 3.5050 0.0250
8.9514 3.5251 0.0199
10.2372 3.5426 0.0176
11.5230 3.5577 0.0176
12.8087 3.5706 0.0185
14.0945 3.5819 0.0197
15.3803 3.5917 0.0206
16.6660 3.6003 0.0210
17.9518 3.6082 0.0212
19.2376 3.6156 0.0211
20.5234 3.6228 0.0208
21.8091 3.6302 0.0204
23.0949 3.6381 0.0201
24.3807 3.6468 0.0198
25.6665 3.6566 0.0196
26.9522 3.6679 0.0197
28.2380 3.6809 0.0206
29.5238 3.6959 0.0223
30.8095 3.7134 0.0245
32.0953 3.7337 0.0285
33.3811 3.7569 0.0349
34.6669 3.7835 0.0415
35.9526 3.8138 0.0580
37.2384 3.8481 0.0917
38.5242 3.8865 0.1123
38.5242 4.1882 0.1123
42.6646 4.2035 0.0872
46.8050 4.2170 0.0701
50.9454 4.2288 0.0568
55.0858 4.2390 0.0481
59.2262 4.2477 0.0434
63.3666 4.2552 0.0415
67.5071 4.2615 0.0403
71.6475 4.2668 0.0408
75.7879 4.2712 0.0432
79.9283 4.2748 0.0469
84.0687 4.2779 0.0518
88.2091 4.2805 0.0579
92.3495 4.2828 0.0622
96.4899 4.2849 0.0637
100.6300 4.2869 0.0633
104.7710 4.2889 0.0602
108.9110 4.2910 0.0560
113.0520 4.2932 0.0521
117.1920 4.2957 0.0506
121.3320 4.2986 0.0522
125.4730 4.3019 0.0584
129.6130 4.3057 0.0673
133.7540 4.3102 0.0785
137.8940 4.3153 0.0907
142.0340 4.3212 0.1021
146.1750 4.3280 0.1130
150.3150 4.3357 0.1226
154.4560 4.3445 0.1283
158.5960 4.3544 0.1320
162.7360 4.3656 0.1332
166.8770 4.3780 0.1286
171.0170 4.3919 0.1213
175.1580 4.4072 0.1110
179.2980 4.4241 0.0983
183.4390 4.4427 0.0877
187.5790 4.4630 0.0871
191.7190 4.4852 0.0983
195.8600 4.5092 0.1382
200.0000 4.5351 0.1602
