0.0000 1.4033 0.3278
1.1614 2.4783 0.2333
1.1614 3.1970 0.2333
2.5498 3.2573 0.0935
3.9381 3.3120 0.1019
5.3265 3.3613 0.0535
6.7148 3.4053 0.0404
8.1031 3.4445 0.0330
9.4915 3.4793 0.0286
10.8798 3.5099 0.0262
12.2682 3.5366 0.0248
13.6565 3.5600 0.0245
15.0449 3.5802 0.0245
16.4332 3.5976 0.0244
17.8215 3.6126 0.0241
19.2099 3.6255 0.0235
20.5982 3.6367 0.0230
21.9866 3.6465 0.0224
23.3749 3.6553 0.0219
24.7632 3.6633 0.0216
26.1516 3.6710 0.0215
27.5399 3.6786 0.0214
28.9283 3.6866 0.0216
30.3166 3.6952 0.0221
31.7050 3.7049 0.0230
33.0933 3.7159 0.0244
34.4816 3.7286 0.0273
35.8700 3.7433 0.0344
37.2583 3.7605 0.0433
38.6467 3.7803 0.0599
40.0350 3.8033 0.0998
41.4233 3.8295 0.1454
41.4233 4.2901 0.1454
45.4894 4.2553 0.1038
49.5555 4.2271 0.0612
53.6216 4.2052 0.0488
57.6876 4.1892 0.0445
61.7537 4.1783 0.0447
65.8198 4.1722 0.0448
69.8859 4.1700 0.0435
73.9520 4.1714 0.0416
78.0180 4.1757 0.0403
82.0841 4.1823 0.0409
86.1502 4.1908 0.0436
90.2163 4.2004 0.0473
94.2823 4.2107 0.0510
98.3484 4.2211 0.0540
102.4140 4.2317 0.0562
106.4810 4.2422 0.0560
110.5470 4.2529 0.0547
114.6130 4.2636 0.0532
118.6790 4.2744 0.0513
122.7450 4.2853 0.0513
126.8110 4.2963 0.0538
130.8770 4.3074 0.0582
134.9430 4.3186 0.0661
139.0090 4.3299 0.0748
143.0750 4.3412 0.0819
147.1410 4.3528 0.0904
151.2070 4.3644 0.0977
155.2730 4.3761 0.1017
159.3400 4.3880 0.1050
163.4060 4.3999 0.1065
167.4720 4.4120 0.1047
171.5380 4.4243 0.1005
175.6040 4.4367 0.0956
179.6700 4.4492 0.0909
183.7360 4.4618 0.0855
187.8020 4.4747 0.0860
191.8680 4.4876 0.0934
195.9340 4.5007 0.1211
200.0000 4.5139 0.1358
