0.0000 0.9267 0.1788
1.2068 2.4293 0.2811
1.2068 3.4775 0.2811
2.6118 3.5016 0.0776
4.0168 3.5231 0.0517
5.4218 3.5423 0.0407
6.8267 3.5592 0.0295
8.2317 3.5742 0.0222
9.6367 3.5875 0.0179
11.0417 3.5995 0.0161
12.4467 3.6103 0.0164
13.8517 3.6203 0.0175
15.2567 3.6297 0.0185
16.6617 3.6387 0.0192
18.0667 3.6477 0.0195
19.4716 3.6568 0.0198
20.8766 3.6664 0.0196
22.2816 3.6766 0.0194
23.6866 3.6879 0.0193
25.0916 3.7004 0.0194
26.4966 3.7143 0.0193
27.9016 3.7301 0.0196
29.3066 3.7478 0.0207
30.7116 3.7678 0.0215
32.1166 3.7904 0.0225
33.5215 3.8157 0.0253
34.9265 3.8442 0.0293
36.3315 3.8759 0.0365
37.7365 3.9113 0.0524
39.1415 3.9505 0.0693
40.5465 3.9938 0.0707
41.9515 4.0412 0.0701
41.9515 4.1956 0.0701
46.0040 4.2436 0.0575
50.0566 4.2809 0.0471
54.1091 4.3082 0.0406
58.1616 4.3267 0.0402
62.2142 4.3374 0.0415
66.2667 4.3413 0.0432
70.3192 4.3397 0.0442
74.3718 4.3337 0.0453
78.4243 4.3242 0.0470
82.4769 4.3124 0.0492
86.5294 4.2995 0.0525
90.5819 4.2864 0.0560
94.6345 4.2744 0.0578
98.6870 4.2642 0.0580
102.7400 4.2562 0.0571
106.7920 4.2501 0.0544
110.8450 4.2459 0.0520
114.8970 4.2437 0.0509
118.9500 4.2432 0.0533
123.0020 4.2446 0.0584
127.0550 4.2476 0.0661
131.1070 4.2523 0.0758
135.1600 4.2586 0.0866
139.2120 4.2665 0.0972
143.2650 4.2759 0.1074
147.3170 4.2867 0.1164
151.3700 4.2989 0.1236
155.4230 4.3124 0.1280
159.4750 4.3272 0.1298
163.5280 4.3432 0.1288
167.5800 4.3603 0.1239
171.6330 4.3786 0.1157
175.6850 4.3979 0.1053
179.7380 4.4183 0.0945
183.7900 4.4395 0.0877
187.8430 4.4617 0.0901
191.8950 4.4846 0.1025
195.9480 4.5084 0.1453
200.0000 4.5327 0.1684
