0.0000 1.1036 0.2088
1.3571 2.4034 0.2022
1.3571 3.4175 0.2022
2.7585 3.4527 0.1159
4.1598 3.4842 0.0599
5.5612 3.5121 0.0449
6.9625 3.5368 0.0328
8.3639 3.5585 0.0249
9.7652 3.5776 0.0203
11.1666 3.5944 0.0187
12.5680 3.6092 0.0191
13.9693 3.6224 0.0201
15.3707 3.6341 0.0210
16.7720 3.6449 0.0215
18.1734 3.6549 0.0215
19.5748 3.6645 0.0213
20.9761 3.6740 0.0207
22.3775 3.6837 0.0201
23.7788 3.6940 0.0197
25.1802 3.7051 0.0196
26.5816 3.7174 0.0196
27.9829 3.7312 0.0200
29.3843 3.7468 0.0208
30.7856 3.7645 0.0220
32.1870 3.7847 0.0235
33.5883 3.8076 0.0263
34.9897 3.8336 0.0309
36.3911 3.8630 0.0383
37.7924 3.8961 0.0532
39.1938 3.9332 0.0758
40.5951 3.9747 0.0874
41.9965 4.0205 0.0934
41.9965 4.2428 0.0934
46.0479 4.2707 0.0716
50.0992 4.2930 0.0577
54.1506 4.3100 0.0493
58.2019 4.3223 0.0485
62.2533 4.3305 0.0501
66.3047 4.3352 0.0510
70.3560 4.3371 0.0511
74.4074 4.3367 0.0506
78.4587 4.3346 0.0506
82.5101 4.3316 0.0517
86.5614 4.3280 0.0550
90.6128 4.3247 0.0595
94.6642 4.3221 0.0627
98.7155 4.3208 0.0646
102.7670 4.3208 0.0652
106.8180 4.3221 0.0638
110.8700 4.3245 0.0618
114.9210 4.3280 0.0604
118.9720 4.3326 0.0612
123.0240 4.3381 0.0638
127.0750 4.3445 0.0691
131.1260 4.3517 0.0773
135.1780 4.3596 0.0869
139.2290 4.3682 0.0971
143.2800 4.3775 0.1073
147.3320 4.3872 0.1168
151.3830 4.3974 0.1247
155.4350 4.4080 0.1297
159.4860 4.4189 0.1326
163.5370 4.4301 0.1327
167.5890 4.4414 0.1285
171.6400 4.4528 0.1208
175.6910 4.4643 0.1112
179.7430 4.4757 0.1008
183.7940 4.4870 0.0916
187.8450 4.4981 0.0910
191.8970 4.5090 0.1003
195.9480 4.5195 0.1375
200.0000 4.5295 0.1576
