0.0000 1.2568 0.4342
0.5799 2.1456 0.2953
0.5799 3.3431 0.2953
1.9440 3.3788 0.0726
3.3081 3.4108 0.0573
4.6723 3.4394 0.0432
6.0364 3.4648 0.0324
7.4005 3.4872 0.0258
8.7646 3.5070 0.0217
10.1288 3.5244 0.0211
11.4929 3.5397 0.0219
12.8570 3.5531 0.0232
14.2212 3.5650 0.0246
15.5853 3.5756 0.0256
16.9494 3.5852 0.0260
18.3136 3.5941 0.0262
19.6777 3.6026 0.0261
21.0418 3.6109 0.0257
22.4060 3.6193 0.0252
23.7701 3.6280 0.0248
25.1342 3.6375 0.0244
26.4984 3.6478 0.0241
27.8625 3.6594 0.0241
29.2266 3.6725 0.0248
30.5907 3.6874 0.0261
31.9549 3.7043 0.0286
33.3190 3.7235 0.0330
34.6831 3.7454 0.0393
36.0473 3.7701 0.0456
37.4114 3.7980 0.0575
38.7755 3.8293 0.0826
40.1397 3.8641 0.0941
40.1397 4.0607 0.0941
44.2386 4.1340 0.0781
48.3376 4.1916 0.0574
52.4366 4.2345 0.0454
56.5356 4.2643 0.0453
60.6345 4.2825 0.0463
64.7335 4.2909 0.0463
68.8325 4.2909 0.0452
72.9315 4.2842 0.0437
77.0304 4.2724 0.0434
81.1294 4.2571 0.0454
85.2284 4.2398 0.0504
89.3274 4.2222 0.0559
93.4263 4.2059 0.0600
97.5253 4.1922 0.0623
101.6240 4.1813 0.0632
105.7230 4.1730 0.0616
109.8220 4.1674 0.0592
113.9210 4.1643 0.0570
118.0200 4.1637 0.0568
122.1190 4.1655 0.0591
126.2180 4.1695 0.0642
130.3170 4.1758 0.0715
134.4160 4.1842 0.0816
138.5150 4.1946 0.0926
142.6140 4.2069 0.1016
146.7130 4.2211 0.1111
150.8120 4.2371 0.1189
154.9110 4.2549 0.1236
159.0100 4.2742 0.1262
163.1090 4.2950 0.1260
167.2080 4.3174 0.1224
171.3070 4.3410 0.1148
175.4060 4.3660 0.1060
179.5050 4.3921 0.0988
183.6040 4.4194 0.0933
187.7030 4.4477 0.0966
191.8020 4.4770 0.1112
195.9010 4.5071 0.1594
200.0000 4.5377 0.1860
