0.0000 1.2941 0.3242
0.5012 2.3244 0.2471
0.5012 3.0704 0.2471
1.5611 3.1208 0.1425
2.6210 3.1671 0.0997
3.6810 3.2093 0.0833
4.7409 3.2475 0.0704
5.8008 3.2821 0.0608
6.8607 3.3133 0.0546
7.9206 3.3414 0.0507
8.9806 3.3666 0.0490
10.0405 3.3893 0.0479
11.1004 3.4096 0.0477
12.1603 3.4279 0.0473
13.2202 3.4443 0.0467
14.2802 3.4592 0.0457
15.3401 3.4728 0.0446
16.4000 3.4855 0.0435
17.4599 3.4973 0.0426
18.5198 3.5087 0.0420
19.5798 3.5198 0.0418
20.6397 3.5310 0.0423
21.6996 3.5425 0.0434
22.7595 3.5545 0.0461
23.8195 3.5673 0.0507
24.8794 3.5813 0.0557
25.9393 3.5966 0.0600
26.9992 3.6135 0.0661
28.0591 3.6323 0.0774
29.1191 3.6532 0.1053
30.1790 3.6765 0.1525
31.2389 3.7023 0.1379
31.2389 4.2534 0.1379
35.5661 4.2921 0.0851
39.8933 4.3200 0.0632
44.2205 4.3379 0.0540
48.5477 4.3471 0.0520
52.8749 4.3489 0.0528
57.2021 4.3444 0.0516
61.5293 4.3349 0.0486
65.8565 4.3216 0.0464
70.1837 4.3058 0.0458
74.5109 4.2887 0.0470
78.8382 4.2716 0.0503
83.1654 4.2556 0.0547
87.4926 4.2420 0.0587
91.8198 4.2319 0.0619
96.1470 4.2252 0.0625
100.4740 4.2216 0.0607
104.8010 4.2211 0.0588
109.1290 4.2234 0.0571
113.4560 4.2282 0.0566
117.7830 4.2354 0.0588
122.1100 4.2447 0.0641
126.4370 4.2558 0.0713
130.7650 4.2687 0.0804
135.0920 4.2831 0.0900
139.4190 4.2988 0.0994
143.7460 4.3154 0.1077
148.0730 4.3329 0.1145
152.4010 4.3510 0.1193
156.7280 4.3695 0.1214
161.0550 4.3882 0.1207
165.3820 4.4068 0.1158
169.7090 4.4252 0.1094
174.0370 4.4431 0.1031
178.3640 4.4603 0.0915
182.6910 4.4766 0.0864
187.0180 4.4917 0.0961
191.3450 4.5056 0.1238
195.6730 4.5178 0.1599
200.0000 4.5282 0.1800
