0.0000 1.2728 0.3207
0.5523 2.2401 0.2282
0.5523 3.0707 0.2282
1.6557 3.1262 0.1381
2.7590 3.1771 0.0972
3.8624 3.2234 0.0815
4.9657 3.2653 0.0691
6.0691 3.3031 0.0597
7.1724 3.3372 0.0537
8.2758 3.3677 0.0501
9.3791 3.3951 0.0484
10.4825 3.4195 0.0478
11.5858 3.4413 0.0475
12.6892 3.4607 0.0472
13.7925 3.4781 0.0468
14.8959 3.4937 0.0461
15.9992 3.5079 0.0454
17.1026 3.5209 0.0447
18.2060 3.5330 0.0440
19.3093 3.5444 0.0435
20.4127 3.5556 0.0434
21.5160 3.5667 0.0440
22.6194 3.5781 0.0455
23.7227 3.5900 0.0499
24.8261 3.6027 0.0556
25.9294 3.6166 0.0600
27.0328 3.6319 0.0645
28.1361 3.6489 0.0733
29.2395 3.6679 0.0893
30.3428 3.6892 0.1327
31.4462 3.7130 0.1350
32.5495 3.7395 0.1205
32.5495 4.2060 0.1205
36.8431 4.2651 0.0816
41.1367 4.3093 0.0588
45.4303 4.3396 0.0517
49.7239 4.3578 0.0506
54.0175 4.3655 0.0522
58.3111 4.3644 0.0518
62.6047 4.3561 0.0494
66.8982 4.3422 0.0475
71.1918 4.3244 0.0466
75.4854 4.3044 0.0465
79.7790 4.2837 0.0485
84.0726 4.2641 0.0519
88.3662 4.2472 0.0553
92.6598 4.2344 0.0581
96.9534 4.2256 0.0591
101.2470 4.2206 0.0581
105.5410 4.2191 0.0573
109.8340 4.2209 0.0569
114.1280 4.2257 0.0575
118.4210 4.2332 0.0603
122.7150 4.2431 0.0658
127.0080 4.2551 0.0726
131.3020 4.2691 0.0805
135.5960 4.2846 0.0885
139.8890 4.3015 0.0965
144.1830 4.3195 0.1036
148.4760 4.3383 0.1088
152.7700 4.3575 0.1123
157.0640 4.3770 0.1136
161.3570 4.3965 0.1123
165.6510 4.4157 0.1071
169.9440 4.4343 0.1010
174.2380 4.4521 0.0953
178.5320 4.4687 0.0863
182.8250 4.4840 0.0838
187.1190 4.4975 0.0950
191.4120 4.5091 0.1224
195.7060 4.5186 0.1581
200.0000 4.5254 0.1778
