0.0000 1.3076 0.2487
1.3237 2.3703 0.1670
1.3237 2.9739 0.1670
2.1962 3.0332 0.1110
3.0688 3.0885 0.1055
3.9413 3.1397 0.1169
4.8139 3.1871 0.1275
5.6864 3.2308 0.1431
6.5590 3.2711 0.1128
7.4315 3.3082 0.0949
8.3041 3.3424 0.0876
9.1766 3.3739 0.0816
10.0492 3.4029 0.0763
10.9217 3.4297 0.0728
11.7942 3.4545 0.0711
12.6668 3.4774 0.0669
13.5393 3.4989 0.0618
14.4119 3.5190 0.0602
15.2844 3.5380 0.0592
16.1570 3.5562 0.0589
17.0295 3.5737 0.0588
17.9021 3.5909 0.0589
18.7746 3.6079 0.0594
19.6472 3.6250 0.0600
20.5197 3.6423 0.0613
21.3923 3.6603 0.0627
22.2648 3.6790 0.0641
23.1374 3.6987 0.0659
24.0099 3.7196 0.0686
24.8825 3.7420 0.0784
25.7550 3.7661 0.0912
26.6276 3.7920 0.1257
26.6276 4.4201 0.1257
31.0730 4.4223 0.1493
35.5184 4.4204 0.0881
39.9639 4.4149 0.0676
44.4093 4.4064 0.0618
48.8547 4.3954 0.0617
53.3002 4.3825 0.0623
57.7456 4.3683 0.0610
62.1911 4.3534 0.0584
66.6365 4.3382 0.0557
71.0819 4.3233 0.0541
75.5274 4.3094 0.0555
79.9728 4.2969 0.0594
84.4182 4.2865 0.0646
88.8637 4.2786 0.0685
93.3091 4.2732 0.0706
97.7545 4.2701 0.0704
102.2000 4.2693 0.0683
106.6450 4.2706 0.0653
111.0910 4.2738 0.0622
115.5360 4.2790 0.0603
119.9820 4.2859 0.0612
124.4270 4.2945 0.0654
128.8730 4.3046 0.0720
133.3180 4.3162 0.0811
137.7630 4.3290 0.0910
142.2090 4.3429 0.1009
146.6540 4.3579 0.1102
151.1000 4.3739 0.1176
155.5450 4.3906 0.1228
159.9910 4.4081 0.1258
164.4360 4.4261 0.1257
168.8820 4.4446 0.1232
173.3270 4.4634 0.1190
177.7720 4.4824 0.1107
182.2180 4.5015 0.1054
186.6630 4.5206 0.1096
191.1090 4.5395 0.1275
195.5540 4.5582 0.1521
200.0000 4.5763 0.1661
