0.0000 1.4928 0.3942
0.3393 2.5764 0.2656
0.3393 3.3731 0.2656
1.5973 3.4028 0.0971
2.8553 3.4295 0.0546
4.1133 3.4531 0.0422
5.3713 3.4740 0.0322
6.6293 3.4923 0.0248
7.8873 3.5082 0.0199
9.1453 3.5221 0.0177
10.4032 3.5341 0.0174
11.6612 3.5445 0.0180
12.9192 3.5534 0.0190
14.1772 3.5612 0.0201
15.4352 3.5680 0.0209
16.6932 3.5741 0.0215
17.9512 3.5798 0.0219
19.2092 3.5851 0.0221
20.4672 3.5904 0.0221
21.7252 3.5959 0.0221
22.9831 3.6018 0.0218
24.2411 3.6084 0.0215
25.4991 3.6159 0.0214
26.7571 3.6244 0.0218
28.0151 3.6343 0.0229
29.2731 3.6458 0.0260
30.5311 3.6591 0.0304
31.7891 3.6743 0.0347
33.0471 3.6919 0.0412
34.3050 3.7119 0.0619
35.5630 3.7346 0.1244
36.8210 3.7602 0.1759
36.8210 4.2100 0.1759
41.0051 4.2383 0.0784
45.1892 4.2580 0.0495
49.3733 4.2699 0.0386
53.5573 4.2750 0.0371
57.7414 4.2743 0.0386
61.9255 4.2688 0.0403
66.1096 4.2595 0.0403
70.2936 4.2473 0.0398
74.4777 4.2334 0.0400
78.6618 4.2186 0.0414
82.8459 4.2039 0.0443
87.0300 4.1905 0.0478
91.2140 4.1791 0.0502
95.3981 4.1708 0.0508
99.5822 4.1654 0.0501
103.7660 4.1628 0.0485
107.9500 4.1629 0.0462
112.1340 4.1655 0.0447
116.3180 4.1705 0.0457
120.5030 4.1777 0.0499
124.6870 4.1870 0.0562
128.8710 4.1981 0.0638
133.0550 4.2110 0.0738
137.2390 4.2254 0.0841
141.4230 4.2413 0.0929
145.6070 4.2584 0.1012
149.7910 4.2767 0.1080
153.9750 4.2959 0.1119
158.1590 4.3159 0.1131
162.3430 4.3366 0.1117
166.5270 4.3577 0.1064
170.7110 4.3792 0.0983
174.8960 4.4009 0.0895
179.0800 4.4225 0.0793
183.2640 4.4440 0.0744
187.4480 4.4653 0.0818
191.6320 4.4861 0.1024
195.8160 4.5062 0.1470
200.0000 4.5255 0.1719
