0.0000 1.4101 0.4183
0.4100 2.4785 0.3458
0.4100 3.3287 0.3458
1.9839 3.3782 0.1131
3.5578 3.4219 0.0600
5.1317 3.4601 0.0445
6.7057 3.4931 0.0330
8.2796 3.5216 0.0266
9.8535 3.5458 0.0237
11.4274 3.5664 0.0235
13.0013 3.5836 0.0245
14.5752 3.5981 0.0254
16.1492 3.6103 0.0262
17.7231 3.6205 0.0260
19.2970 3.6294 0.0255
20.8709 3.6372 0.0245
22.4448 3.6446 0.0233
24.0187 3.6519 0.0220
25.5927 3.6597 0.0208
27.1666 3.6684 0.0199
28.7405 3.6783 0.0193
30.3144 3.6901 0.0193
31.8883 3.7042 0.0197
33.4623 3.7209 0.0209
35.0362 3.7409 0.0226
36.6101 3.7645 0.0259
38.1840 3.7921 0.0312
39.7579 3.8244 0.0380
41.3318 3.8617 0.0498
42.9058 3.9044 0.0764
44.4797 3.9531 0.1155
46.0536 4.0079 0.1264
46.0536 4.2472 0.1264
50.0009 4.2412 0.0779
53.9483 4.2367 0.0540
57.8956 4.2337 0.0459
61.8429 4.2321 0.0458
65.7903 4.2319 0.0481
69.7376 4.2329 0.0479
73.6849 4.2351 0.0461
77.6323 4.2384 0.0434
81.5796 4.2428 0.0419
85.5269 4.2481 0.0429
89.4743 4.2544 0.0466
93.4216 4.2615 0.0521
97.3689 4.2694 0.0571
101.3160 4.2781 0.0608
105.2640 4.2873 0.0621
109.2110 4.2971 0.0618
113.1580 4.3075 0.0602
117.1060 4.3183 0.0590
121.0530 4.3294 0.0586
125.0000 4.3409 0.0605
128.9480 4.3527 0.0653
132.8950 4.3646 0.0724
136.8420 4.3767 0.0814
140.7900 4.3889 0.0914
144.7370 4.4010 0.1010
148.6840 4.4131 0.1102
152.6320 4.4250 0.1174
156.5790 4.4368 0.1224
160.5260 4.4483 0.1256
164.4740 4.4595 0.1253
168.4210 4.4703 0.1215
172.3680 4.4807 0.1127
176.3160 4.4906 0.1037
180.2630 4.4999 0.0945
184.2100 4.5085 0.0819
188.1580 4.5164 0.0788
192.1050 4.5236 0.0858
196.0520 4.5300 0.1273
200.0000 4.5354 0.1485
