0.0000 0.9887 0.2113
1.4755 2.3141 0.2072
1.4755 3.1199 0.2072
2.4447 3.1848 0.1153
3.4138 3.2448 0.1182
4.3830 3.2997 0.1293
5.3522 3.3499 0.1358
6.3214 3.3956 0.1425
7.2906 3.4372 0.1125
8.2597 3.4749 0.0990
9.2289 3.5090 0.0912
10.1981 3.5398 0.0847
11.1673 3.5676 0.0785
12.1365 3.5928 0.0748
13.1056 3.6155 0.0714
14.0748 3.6361 0.0653
15.0440 3.6548 0.0606
16.0132 3.6721 0.0584
16.9823 3.6880 0.0571
17.9515 3.7031 0.0563
18.9207 3.7174 0.0556
19.8899 3.7314 0.0554
20.8591 3.7454 0.0555
21.8282 3.7595 0.0562
22.7974 3.7741 0.0581
23.7666 3.7896 0.0630
24.7358 3.8061 0.0711
25.7050 3.8240 0.0776
26.6741 3.8436 0.0812
27.6433 3.8651 0.0835
28.6125 3.8889 0.0850
29.5817 3.9152 0.0880
29.5817 4.1829 0.0880
33.9514 4.2387 0.1103
38.3211 4.2858 0.0865
42.6908 4.3246 0.0607
47.0604 4.3559 0.0559
51.4301 4.3805 0.0597
55.7998 4.3994 0.0643
60.1695 4.4133 0.0644
64.5392 4.4232 0.0614
68.9089 4.4299 0.0561
73.2786 4.4342 0.0511
77.6483 4.4370 0.0482
82.0180 4.4392 0.0491
86.3877 4.4415 0.0532
90.7574 4.4448 0.0586
95.1271 4.4490 0.0637
99.4968 4.4540 0.0669
103.8660 4.4598 0.0688
108.2360 4.4662 0.0697
112.6060 4.4731 0.0695
116.9760 4.4804 0.0700
121.3450 4.4879 0.0711
125.7150 4.4957 0.0736
130.0850 4.5035 0.0774
134.4540 4.5112 0.0822
138.8240 4.5188 0.0875
143.1940 4.5261 0.0926
147.5630 4.5330 0.0965
151.9330 4.5394 0.0995
156.3030 4.5452 0.1010
160.6720 4.5503 0.1011
165.0420 4.5545 0.0983
169.4120 4.5579 0.0948
173.7820 4.5601 0.0921
178.1510 4.5612 0.0888
182.5210 4.5610 0.0887
186.8910 4.5594 0.0984
191.2600 4.5563 0.1217
195.6300 4.5516 0.1465
200.0000 4.5452 0.1598
