0.0000 1.6045 0.1884
3.1518 2.6972 0.0901
3.1518 3.3050 0.0901
4.6429 3.3551 0.0955
6.1339 3.4000 0.0520
7.6249 3.4398 0.0337
9.1160 3.4749 0.0281
10.6070 3.5057 0.0246
12.0981 3.5327 0.0227
13.5891 3.5562 0.0214
15.0802 3.5766 0.0207
16.5712 3.5942 0.0202
18.0623 3.6096 0.0194
19.5533 3.6231 0.0187
21.0443 3.6351 0.0181
22.5354 3.6460 0.0177
24.0264 3.6561 0.0175
25.5175 3.6660 0.0176
27.0085 3.6760 0.0179
28.4996 3.6864 0.0185
29.9906 3.6977 0.0191
31.4817 3.7104 0.0198
32.9727 3.7246 0.0209
34.4638 3.7410 0.0225
35.9548 3.7599 0.0260
37.4458 3.7816 0.0316
38.9369 3.8066 0.0367
40.4279 3.8352 0.0436
41.9190 3.8679 0.0587
43.4100 3.9051 0.0830
44.9011 3.9472 0.1090
46.3921 3.9942 0.1140
46.3921 4.2746 0.1140
50.3308 4.2827 0.0729
54.2694 4.2877 0.0543
58.2081 4.2901 0.0448
62.1468 4.2902 0.0436
66.0854 4.2885 0.0470
70.0241 4.2856 0.0484
73.9628 4.2817 0.0474
77.9014 4.2775 0.0448
81.8401 4.2733 0.0416
85.7788 4.2697 0.0396
89.7174 4.2670 0.0391
93.6561 4.2657 0.0424
97.5948 4.2664 0.0467
101.5330 4.2693 0.0509
105.4720 4.2744 0.0542
109.4110 4.2815 0.0568
113.3490 4.2904 0.0582
117.2880 4.3011 0.0596
121.2270 4.3133 0.0614
125.1650 4.3269 0.0633
129.1040 4.3416 0.0665
133.0430 4.3574 0.0703
136.9810 4.3741 0.0742
140.9200 4.3915 0.0790
144.8590 4.4094 0.0838
148.7970 4.4278 0.0881
152.7360 4.4463 0.0922
156.6750 4.4649 0.0947
160.6130 4.4834 0.0956
164.5520 4.5016 0.0951
168.4910 4.5194 0.0928
172.4290 4.5366 0.0887
176.3680 4.5530 0.0842
180.3070 4.5685 0.0804
184.2450 4.5829 0.0793
188.1840 4.5960 0.0843
192.1230 4.6077 0.0956
196.0610 4.6178 0.1247
200.0000 4.6262 0.1395
