0.0000 0.8632 0.3180
0.6725 1.9987 0.2033
0.6725 3.1605 0.2033
1.8094 3.2107 0.1184
2.9462 3.2572 0.0997
4.0831 3.2999 0.0904
5.2199 3.3391 0.0797
6.3568 3.3750 0.0705
7.4937 3.4078 0.0633
8.6305 3.4378 0.0579
9.7674 3.4652 0.0541
10.9043 3.4903 0.0511
12.0411 3.5133 0.0490
13.1780 3.5345 0.0476
14.3149 3.5540 0.0459
15.4517 3.5721 0.0448
16.5886 3.5891 0.0443
17.7255 3.6051 0.0442
18.8623 3.6205 0.0442
19.9992 3.6355 0.0442
21.1361 3.6503 0.0445
22.2729 3.6651 0.0451
23.4098 3.6803 0.0470
24.5467 3.6959 0.0520
25.6835 3.7123 0.0563
26.8204 3.7297 0.0591
27.9573 3.7484 0.0633
29.0941 3.7686 0.0718
30.2310 3.7904 0.0887
31.3679 3.8143 0.0999
32.5047 3.8403 0.0937
33.6416 3.8686 0.0957
33.6416 4.0982 0.0957
37.9072 4.1457 0.0787
42.1728 4.1874 0.0540
46.4384 4.2236 0.0488
50.7040 4.2546 0.0504
54.9695 4.2810 0.0547
59.2351 4.3033 0.0560
63.5007 4.3220 0.0540
67.7663 4.3377 0.0505
72.0319 4.3509 0.0468
76.2975 4.3621 0.0446
80.5631 4.3717 0.0446
84.8287 4.3804 0.0476
89.0943 4.3887 0.0525
93.3598 4.3969 0.0571
97.6254 4.4051 0.0610
101.8910 4.4133 0.0635
106.1570 4.4216 0.0651
110.4220 4.4298 0.0659
114.6880 4.4379 0.0665
118.9530 4.4459 0.0683
123.2190 4.4538 0.0704
127.4850 4.4616 0.0733
131.7500 4.4691 0.0774
136.0160 4.4765 0.0813
140.2810 4.4837 0.0855
144.5470 4.4907 0.0894
148.8130 4.4973 0.0920
153.0780 4.5037 0.0937
157.3440 4.5098 0.0943
161.6090 4.5155 0.0930
165.8750 4.5208 0.0902
170.1400 4.5258 0.0874
174.4060 4.5303 0.0850
178.6720 4.5344 0.0843
182.9370 4.5380 0.0873
187.2030 4.5411 0.1000
191.4680 4.5437 0.1248
195.7340 4.5457 0.1525
200.0000 4.5472 0.1674
