0.0000 1.8139 0.1673
4.1678 3.0249 0.0989
4.1678 3.4537 0.0989
5.7367 3.4811 0.0722
7.3057 3.5056 0.0338
8.8746 3.5273 0.0273
10.4436 3.5466 0.0223
12.0125 3.5638 0.0195
13.5814 3.5791 0.0179
15.1504 3.5930 0.0168
16.7193 3.6057 0.0165
18.2883 3.6175 0.0162
19.8572 3.6288 0.0159
21.4262 3.6398 0.0156
22.9951 3.6509 0.0155
24.5641 3.6624 0.0154
26.1330 3.6747 0.0157
27.7020 3.6880 0.0159
29.2709 3.7026 0.0164
30.8399 3.7189 0.0169
32.4088 3.7372 0.0176
33.9778 3.7577 0.0186
35.5467 3.7809 0.0203
37.1157 3.8070 0.0233
38.6846 3.8364 0.0276
40.2536 3.8694 0.0317
41.8225 3.9062 0.0371
43.3915 3.9472 0.0468
44.9604 3.9927 0.0663
46.5294 4.0431 0.0856
48.0983 4.0986 0.0857
49.6673 4.1592 0.0850
49.6673 4.3393 0.0850
53.5220 4.3474 0.0608
57.3766 4.3530 0.0459
61.2313 4.3563 0.0388
65.0860 4.3576 0.0380
68.9407 4.3572 0.0403
72.7954 4.3553 0.0417
76.6501 4.3523 0.0414
80.5048 4.3483 0.0397
84.3595 4.3438 0.0374
88.2142 4.3389 0.0355
92.0689 4.3340 0.0346
95.9236 4.3294 0.0364
99.7783 4.3252 0.0389
103.6330 4.3218 0.0415
107.4880 4.3194 0.0437
111.3420 4.3178 0.0457
115.1970 4.3173 0.0472
119.0520 4.3180 0.0486
122.9060 4.3198 0.0505
126.7610 4.3229 0.0526
130.6160 4.3274 0.0557
134.4700 4.3333 0.0594
138.3250 4.3408 0.0627
142.1800 4.3498 0.0663
146.0350 4.3605 0.0700
149.8890 4.3730 0.0732
153.7440 4.3873 0.0761
157.5990 4.4036 0.0773
161.4530 4.4218 0.0768
165.3080 4.4421 0.0754
169.1630 4.4645 0.0732
173.0170 4.4892 0.0696
176.8720 4.5163 0.0654
180.7270 4.5457 0.0623
184.5810 4.5775 0.0622
188.4360 4.6120 0.0665
192.2910 4.6490 0.0756
196.1460 4.6888 0.1019
200.0000 4.7310 0.1148
