0.0000 1.7937 0.1329
4.5824 3.0666 0.1003
4.5824 3.5172 0.1003
6.1097 3.5379 0.0754
7.6370 3.5562 0.0314
9.1644 3.5722 0.0243
10.6917 3.5864 0.0192
12.2190 3.5989 0.0166
13.7464 3.6101 0.0150
15.2737 3.6204 0.0145
16.8010 3.6299 0.0146
18.3284 3.6390 0.0145
19.8557 3.6480 0.0145
21.3830 3.6573 0.0145
22.9104 3.6670 0.0146
24.4377 3.6776 0.0147
25.9650 3.6893 0.0151
27.4924 3.7024 0.0154
29.0197 3.7172 0.0159
30.5470 3.7341 0.0167
32.0744 3.7533 0.0173
33.6017 3.7751 0.0187
35.1290 3.7999 0.0205
36.6564 3.8279 0.0237
38.1837 3.8595 0.0282
39.7111 3.8949 0.0321
41.2384 3.9345 0.0374
42.7657 3.9785 0.0453
44.2931 4.0273 0.0679
45.8204 4.0811 0.0954
47.3477 4.1403 0.0934
48.8751 4.2048 0.0915
48.8751 4.4079 0.0915
52.7501 4.4038 0.0640
56.6251 4.3992 0.0479
60.5001 4.3943 0.0399
64.3751 4.3891 0.0382
68.2501 4.3838 0.0397
72.1251 4.3784 0.0407
76.0001 4.3730 0.0402
79.8751 4.3677 0.0383
83.7501 4.3625 0.0359
87.6251 4.3575 0.0339
91.5001 4.3527 0.0329
95.3751 4.3483 0.0345
99.2501 4.3444 0.0374
103.1250 4.3410 0.0402
107.0000 4.3381 0.0423
110.8750 4.3360 0.0443
114.7500 4.3347 0.0454
118.6250 4.3344 0.0462
122.5000 4.3351 0.0468
126.3750 4.3370 0.0477
130.2500 4.3401 0.0494
134.1250 4.3447 0.0517
138.0000 4.3507 0.0539
141.8750 4.3583 0.0565
145.7500 4.3677 0.0597
149.6250 4.3788 0.0626
153.5000 4.3919 0.0654
157.3750 4.4071 0.0669
161.2500 4.4244 0.0672
165.1250 4.4439 0.0667
169.0000 4.4659 0.0655
172.8750 4.4903 0.0633
176.7500 4.5173 0.0605
180.6250 4.5470 0.0585
184.5000 4.5796 0.0580
188.3750 4.6151 0.0604
192.2500 4.6536 0.0662
196.1250 4.6952 0.0857
200.0000 4.7398 0.0953
