0.0000 1.4681 0.3475
0.7309 2.3524 0.2245
0.7309 3.1557 0.2245
2.0249 3.2276 0.1397
3.3189 3.2923 0.0563
4.6129 3.3498 0.0436
5.9069 3.4007 0.0341
7.2008 3.4452 0.0287
8.4948 3.4840 0.0262
9.7888 3.5176 0.0247
11.0828 3.5464 0.0236
12.3768 3.5709 0.0234
13.6708 3.5915 0.0233
14.9648 3.6089 0.0233
16.2588 3.6233 0.0233
17.5527 3.6355 0.0236
18.8467 3.6457 0.0243
20.1407 3.6545 0.0254
21.4347 3.6624 0.0266
22.7287 3.6698 0.0277
24.0227 3.6773 0.0287
25.3167 3.6853 0.0294
26.6106 3.6944 0.0296
27.9046 3.7049 0.0297
29.1986 3.7174 0.0304
30.4926 3.7323 0.0333
31.7866 3.7502 0.0390
33.0806 3.7715 0.0498
34.3746 3.7967 0.0652
35.6685 3.8263 0.0721
36.9625 3.8608 0.0715
38.2565 3.9003 0.0859
38.2565 3.9989 0.0859
42.4038 4.0698 0.0669
46.5510 4.1312 0.0491
50.6983 4.1831 0.0405
54.8455 4.2263 0.0433
58.9928 4.2615 0.0493
63.1401 4.2894 0.0535
67.2873 4.3107 0.0545
71.4346 4.3261 0.0528
75.5818 4.3364 0.0504
79.7291 4.3422 0.0478
83.8763 4.3443 0.0469
88.0236 4.3434 0.0482
92.1709 4.3401 0.0505
96.3181 4.3352 0.0528
100.4650 4.3290 0.0548
104.6130 4.3219 0.0560
108.7600 4.3139 0.0566
112.9070 4.3056 0.0573
117.0540 4.2971 0.0591
121.2020 4.2888 0.0621
125.3490 4.2809 0.0658
129.4960 4.2738 0.0706
133.6430 4.2677 0.0766
137.7910 4.2629 0.0831
141.9380 4.2597 0.0892
146.0850 4.2585 0.0950
150.2320 4.2594 0.0999
154.3800 4.2629 0.1031
158.5270 4.2691 0.1044
162.6740 4.2784 0.1040
166.8210 4.2910 0.1000
170.9690 4.3074 0.0952
175.1160 4.3276 0.0899
179.2630 4.3521 0.0847
183.4100 4.3812 0.0850
187.5580 4.4150 0.0977
191.7050 4.4540 0.1227
195.8520 4.4984 0.1566
200.0000 4.5481 0.1746
