0.0000 1.8097 0.1890
3.9486 3.0430 0.1173
3.9486 3.5257 0.1173
5.4547 3.5445 0.0661
6.9608 3.5609 0.0339
8.4669 3.5750 0.0267
9.9730 3.5871 0.0217
11.4790 3.5975 0.0182
12.9851 3.6065 0.0164
14.4912 3.6144 0.0153
15.9973 3.6215 0.0152
17.5034 3.6280 0.0153
19.0095 3.6341 0.0155
20.5155 3.6403 0.0153
22.0216 3.6468 0.0153
23.5277 3.6538 0.0153
25.0338 3.6617 0.0149
26.5399 3.6707 0.0150
28.0460 3.6810 0.0150
29.5520 3.6931 0.0148
31.0581 3.7071 0.0152
32.5642 3.7234 0.0157
34.0703 3.7422 0.0172
35.5764 3.7639 0.0189
37.0825 3.7886 0.0227
38.5885 3.8167 0.0273
40.0946 3.8484 0.0324
41.6007 3.8841 0.0398
43.1068 3.9240 0.0530
44.6129 3.9684 0.0851
46.1189 4.0175 0.1114
47.6250 4.0714 0.1083
47.6250 4.3655 0.1083
51.5321 4.3744 0.0824
55.4391 4.3806 0.0517
59.3462 4.3844 0.0392
63.2532 4.3859 0.0368
67.1603 4.3854 0.0380
71.0673 4.3833 0.0396
74.9744 4.3798 0.0399
78.8814 4.3751 0.0386
82.7885 4.3695 0.0363
86.6955 4.3633 0.0339
90.6026 4.3568 0.0324
94.5096 4.3502 0.0328
98.4167 4.3438 0.0350
102.3240 4.3379 0.0373
106.2310 4.3326 0.0394
110.1380 4.3279 0.0414
114.0450 4.3242 0.0429
117.9520 4.3214 0.0444
121.8590 4.3197 0.0459
125.7660 4.3193 0.0479
129.6730 4.3201 0.0507
133.5800 4.3225 0.0543
137.4870 4.3265 0.0574
141.3940 4.3322 0.0605
145.3010 4.3398 0.0638
149.2080 4.3493 0.0667
153.1150 4.3609 0.0690
157.0220 4.3748 0.0699
160.9300 4.3910 0.0693
164.8370 4.4097 0.0678
168.7440 4.4310 0.0656
172.6510 4.4551 0.0622
176.5580 4.4820 0.0586
180.4650 4.5119 0.0562
184.3720 4.5449 0.0568
188.2790 4.5811 0.0606
192.1860 4.6207 0.0680
196.0930 4.6638 0.0931
200.0000 4.7101 0.1057
