0.0000 1.6778 0.2313
2.2760 2.8918 0.0992
2.2760 3.3931 0.0992
3.9146 3.4235 0.0703
5.5533 3.4506 0.0589
7.1920 3.4744 0.0346
8.8307 3.4954 0.0268
10.4693 3.5139 0.0229
12.1080 3.5302 0.0208
13.7467 3.5447 0.0199
15.3853 3.5577 0.0190
17.0240 3.5694 0.0187
18.6627 3.5804 0.0183
20.3014 3.5908 0.0179
21.9400 3.6010 0.0173
23.5787 3.6115 0.0166
25.2174 3.6224 0.0163
26.8561 3.6341 0.0161
28.4947 3.6470 0.0159
30.1334 3.6614 0.0164
31.7721 3.6777 0.0168
33.4107 3.6961 0.0180
35.0494 3.7170 0.0196
36.6881 3.7408 0.0228
38.3268 3.7677 0.0270
39.9654 3.7982 0.0336
41.6041 3.8325 0.0448
43.2428 3.8709 0.0574
44.8815 3.9139 0.0707
46.5201 3.9617 0.0892
48.1588 4.0148 0.0877
49.7975 4.0729 0.0871
49.7975 4.2534 0.0871
53.6488 4.2755 0.0720
57.5002 4.2931 0.0527
61.3515 4.3064 0.0441
65.2029 4.3159 0.0436
69.0543 4.3221 0.0459
72.9056 4.3254 0.0480
76.7570 4.3263 0.0479
80.6083 4.3252 0.0462
84.4597 4.3226 0.0434
88.3111 4.3190 0.0412
92.1624 4.3149 0.0403
96.0138 4.3106 0.0417
99.8651 4.3067 0.0442
103.7160 4.3035 0.0469
107.5680 4.3012 0.0494
111.4190 4.2999 0.0513
115.2710 4.2995 0.0528
119.1220 4.3003 0.0541
122.9730 4.3022 0.0560
126.8250 4.3053 0.0584
130.6760 4.3096 0.0616
134.5270 4.3153 0.0656
138.3790 4.3225 0.0696
142.2300 4.3311 0.0740
146.0810 4.3412 0.0784
149.9330 4.3530 0.0825
153.7840 4.3664 0.0858
157.6360 4.3816 0.0877
161.4870 4.3985 0.0879
165.3380 4.4174 0.0865
169.1900 4.4382 0.0841
173.0410 4.4609 0.0804
176.8920 4.4858 0.0756
180.7440 4.5128 0.0715
184.5950 4.5420 0.0706
188.4460 4.5735 0.0749
192.2980 4.6072 0.0846
196.1490 4.6434 0.1152
200.0000 4.6818 0.1299
