0.0000 1.4596 0.3383
0.9901 2.4148 0.2992
0.9901 3.2351 0.2992
2.4090 3.2917 0.1379
3.8280 3.3431 0.0712
5.2469 3.3892 0.0566
6.6659 3.4304 0.0458
8.0849 3.4671 0.0384
9.5038 3.4997 0.0334
10.9228 3.5285 0.0303
12.3417 3.5539 0.0287
13.7607 3.5763 0.0274
15.1797 3.5961 0.0265
16.5986 3.6136 0.0256
18.0176 3.6292 0.0250
19.4366 3.6432 0.0244
20.8555 3.6561 0.0243
22.2745 3.6682 0.0242
23.6934 3.6799 0.0244
25.1124 3.6915 0.0246
26.5314 3.7035 0.0248
27.9503 3.7161 0.0253
29.3693 3.7299 0.0262
30.7883 3.7450 0.0275
32.2072 3.7621 0.0302
33.6262 3.7812 0.0368
35.0451 3.8030 0.0432
36.4641 3.8277 0.0491
37.8831 3.8557 0.0594
39.3020 3.8874 0.0687
40.7210 3.9231 0.0704
42.1400 3.9630 0.0727
42.1400 4.1349 0.0727
46.1876 4.1770 0.0744
50.2353 4.2137 0.0628
54.2830 4.2452 0.0493
58.3307 4.2719 0.0492
62.3784 4.2942 0.0540
66.4261 4.3128 0.0585
70.4738 4.3279 0.0594
74.5215 4.3401 0.0578
78.5692 4.3498 0.0551
82.6169 4.3576 0.0529
86.6646 4.3638 0.0527
90.7123 4.3690 0.0543
94.7600 4.3736 0.0576
98.8076 4.3780 0.0610
102.8550 4.3824 0.0638
106.9030 4.3866 0.0654
110.9510 4.3907 0.0666
114.9980 4.3947 0.0677
119.0460 4.3987 0.0695
123.0940 4.4025 0.0725
127.1410 4.4063 0.0768
131.1890 4.4100 0.0819
135.2370 4.4136 0.0888
139.2850 4.4172 0.0958
143.3320 4.4207 0.1021
147.3800 4.4242 0.1085
151.4280 4.4276 0.1137
155.4750 4.4310 0.1169
159.5230 4.4343 0.1180
163.5710 4.4376 0.1170
167.6180 4.4408 0.1127
171.6660 4.4441 0.1069
175.7140 4.4473 0.0991
179.7610 4.4505 0.0903
183.8090 4.4537 0.0877
187.8570 4.4569 0.0946
191.9050 4.4600 0.1106
195.9520 4.4632 0.1483
200.0000 4.4664 0.1684
