0.0000 1.1674 0.4388
0.8138 2.0541 0.3606
0.8138 3.1793 0.3606
1.9032 3.2245 0.1326
2.9926 3.2647 0.0763
4.0820 3.3000 0.0606
5.1714 3.3307 0.0485
6.2607 3.3573 0.0396
7.3501 3.3801 0.0328
8.4395 3.3996 0.0293
9.5289 3.4160 0.0278
10.6183 3.4299 0.0272
11.7077 3.4416 0.0273
12.7971 3.4514 0.0277
13.8864 3.4599 0.0281
14.9758 3.4673 0.0283
16.0652 3.4740 0.0285
17.1546 3.4806 0.0283
18.2440 3.4872 0.0280
19.3334 3.4944 0.0274
20.4228 3.5025 0.0268
21.5121 3.5119 0.0262
22.6015 3.5230 0.0254
23.6909 3.5362 0.0250
24.7803 3.5518 0.0258
25.8697 3.5703 0.0277
26.9591 3.5921 0.0338
28.0485 3.6176 0.0410
29.1378 3.6470 0.0548
30.2272 3.6809 0.0764
31.3166 3.7196 0.1088
32.4060 3.7633 0.1945
32.4060 4.2895 0.1945
36.7033 4.2858 0.1083
41.0006 4.2811 0.0661
45.2978 4.2757 0.0482
49.5951 4.2696 0.0395
53.8924 4.2631 0.0379
58.1897 4.2565 0.0370
62.4870 4.2498 0.0360
66.7843 4.2433 0.0346
71.0815 4.2371 0.0344
75.3788 4.2315 0.0358
79.6761 4.2266 0.0388
83.9734 4.2227 0.0425
88.2707 4.2199 0.0452
92.5680 4.2184 0.0463
96.8652 4.2182 0.0460
101.1630 4.2193 0.0436
105.4600 4.2218 0.0405
109.7570 4.2256 0.0378
114.0540 4.2307 0.0372
118.3520 4.2372 0.0404
122.6490 4.2450 0.0466
126.9460 4.2541 0.0545
131.2430 4.2646 0.0627
135.5410 4.2765 0.0741
139.8380 4.2897 0.0848
144.1350 4.3043 0.0919
148.4330 4.3202 0.1003
152.7300 4.3375 0.1056
157.0270 4.3562 0.1076
161.3240 4.3763 0.1074
165.6220 4.3977 0.1035
169.9190 4.4206 0.0978
174.2160 4.4448 0.0915
178.5140 4.4704 0.0787
182.8110 4.4974 0.0712
187.1080 4.5258 0.0774
191.4050 4.5556 0.1001
195.7030 4.5868 0.1283
200.0000 4.6192 0.1437
