0.0000 1.1454 0.4040
0.4061 2.2156 0.4837
0.4061 3.0693 0.4837
1.7193 3.1327 0.0877
3.0325 3.1897 0.0651
4.3457 3.2406 0.0499
5.6589 3.2856 0.0378
6.9721 3.3253 0.0312
8.2852 3.3601 0.0285
9.5984 3.3904 0.0283
10.9116 3.4168 0.0299
12.2248 3.4396 0.0315
13.5380 3.4593 0.0323
14.8512 3.4763 0.0324
16.1644 3.4911 0.0317
17.4775 3.5041 0.0305
18.7907 3.5159 0.0291
20.1039 3.5267 0.0275
21.4171 3.5372 0.0259
22.7303 3.5476 0.0246
24.0435 3.5586 0.0237
25.3567 3.5704 0.0234
26.6698 3.5836 0.0239
27.9830 3.5987 0.0253
29.2962 3.6159 0.0274
30.6094 3.6359 0.0336
31.9226 3.6591 0.0405
33.2358 3.6858 0.0551
34.5490 3.7166 0.0738
35.8622 3.7519 0.1192
37.1753 3.7921 0.1910
38.4885 3.8375 0.1834
38.4885 4.3870 0.1834
42.6298 4.3404 0.0946
46.7711 4.2998 0.0650
50.9124 4.2649 0.0520
55.0538 4.2355 0.0459
59.1951 4.2112 0.0421
63.3364 4.1916 0.0402
67.4777 4.1764 0.0394
71.6190 4.1652 0.0401
75.7603 4.1576 0.0419
79.9016 4.1533 0.0451
84.0429 4.1520 0.0498
88.1842 4.1531 0.0538
92.3255 4.1565 0.0569
96.4668 4.1616 0.0584
100.6080 4.1685 0.0575
104.7490 4.1769 0.0549
108.8910 4.1867 0.0519
113.0320 4.1977 0.0494
117.1730 4.2099 0.0507
121.3150 4.2230 0.0550
125.4560 4.2370 0.0621
129.5970 4.2516 0.0723
133.7390 4.2668 0.0831
137.8800 4.2825 0.0941
142.0210 4.2984 0.1044
146.1630 4.3144 0.1135
150.3040 4.3305 0.1208
154.4450 4.3464 0.1255
158.5860 4.3620 0.1277
162.7280 4.3772 0.1276
166.8690 4.3918 0.1218
171.0100 4.4058 0.1142
175.1520 4.4188 0.1052
179.2930 4.4310 0.0943
183.4340 4.4420 0.0861
187.5760 4.4517 0.0882
191.7170 4.4600 0.1032
195.8580 4.4668 0.1510
200.0000 4.4719 0.1780
