0.0000 1.4014 0.2228
1.2880 2.2078 0.1079
1.2880 2.8573 0.1079
2.1116 2.9085 0.0782
2.9353 2.9563 0.0843
3.7589 3.0009 0.0819
4.5825 3.0425 0.0804
5.4062 3.0814 0.1008
6.2298 3.1180 0.0817
7.0535 3.1525 0.0657
7.8771 3.1853 0.0629
8.7007 3.2166 0.0607
9.5244 3.2468 0.0590
10.3480 3.2763 0.0571
11.1716 3.3052 0.0569
11.9953 3.3339 0.0568
12.8189 3.3627 0.0557
13.6426 3.3920 0.0563
14.4662 3.4220 0.0561
15.2898 3.4530 0.0562
16.1135 3.4854 0.0573
16.9371 3.5194 0.0586
17.7607 3.5554 0.0607
18.5844 3.5937 0.0634
19.4080 3.6346 0.0668
20.2317 3.6784 0.0729
21.0553 3.7254 0.0809
21.8789 3.7759 0.0958
22.7026 3.8303 0.1159
23.5262 3.8887 0.1367
24.3499 3.9517 0.1571
25.1735 4.0189 0.1775
25.1735 4.4030 0.1775
29.6562 4.3925 0.1104
34.1390 4.3816 0.0833
38.6217 4.3706 0.0654
43.1045 4.3594 0.0547
47.5872 4.3483 0.0512
52.0700 4.3373 0.0499
56.5527 4.3266 0.0490
61.0354 4.3163 0.0490
65.5182 4.3064 0.0504
70.0009 4.2971 0.0529
74.4837 4.2885 0.0562
78.9664 4.2807 0.0602
83.4492 4.2738 0.0635
87.9319 4.2680 0.0657
92.4146 4.2632 0.0667
96.8974 4.2594 0.0667
101.3800 4.2566 0.0665
105.8630 4.2548 0.0664
110.3460 4.2541 0.0677
114.8280 4.2543 0.0708
119.3110 4.2555 0.0751
123.7940 4.2577 0.0824
128.2770 4.2609 0.0913
132.7590 4.2651 0.0998
137.2420 4.2703 0.1078
141.7250 4.2764 0.1161
146.2080 4.2834 0.1229
150.6900 4.2914 0.1270
155.1730 4.3004 0.1291
159.6560 4.3103 0.1280
164.1390 4.3211 0.1255
168.6210 4.3329 0.1214
173.1040 4.3455 0.1161
177.5870 4.3591 0.1148
182.0700 4.3736 0.1176
186.5520 4.3890 0.1328
191.0350 4.4053 0.1691
195.5180 4.4225 0.2041
200.0000 4.4404 0.2228
