0.0000 0.9839 0.3105
0.3543 2.0713 0.3382
0.3543 3.1185 0.3382
1.4597 3.1819 0.1253
2.5652 3.2402 0.1036
3.6706 3.2932 0.0889
4.7761 3.3414 0.0741
5.8815 3.3851 0.0635
6.9870 3.4245 0.0542
8.0924 3.4601 0.0475
9.1978 3.4921 0.0426
10.3033 3.5208 0.0395
11.4087 3.5466 0.0375
12.5142 3.5699 0.0369
13.6196 3.5908 0.0370
14.7251 3.6098 0.0378
15.8305 3.6272 0.0389
16.9360 3.6433 0.0402
18.0414 3.6584 0.0415
19.1468 3.6728 0.0429
20.2523 3.6869 0.0440
21.3577 3.7011 0.0450
22.4632 3.7155 0.0459
23.5686 3.7306 0.0468
24.6741 3.7466 0.0482
25.7795 3.7640 0.0502
26.8850 3.7830 0.0537
27.9904 3.8039 0.0597
29.0959 3.8270 0.0702
30.2013 3.8528 0.0815
31.3067 3.8815 0.0874
32.4122 3.9132 0.0915
32.4122 4.1320 0.0915
36.7093 4.1922 0.0714
41.0064 4.2389 0.0574
45.3036 4.2732 0.0489
49.6007 4.2964 0.0493
53.8978 4.3099 0.0505
58.1950 4.3152 0.0501
62.4921 4.3136 0.0480
66.7892 4.3067 0.0452
71.0863 4.2958 0.0436
75.3835 4.2823 0.0442
79.6806 4.2677 0.0469
83.9777 4.2533 0.0514
88.2749 4.2407 0.0555
92.5720 4.2309 0.0577
96.8691 4.2241 0.0580
101.1660 4.2200 0.0567
105.4630 4.2187 0.0545
109.7600 4.2199 0.0525
114.0580 4.2235 0.0521
118.3550 4.2293 0.0538
122.6520 4.2371 0.0577
126.9490 4.2470 0.0643
131.2460 4.2586 0.0732
135.5430 4.2718 0.0819
139.8400 4.2866 0.0913
144.1380 4.3026 0.1000
148.4350 4.3199 0.1071
152.7320 4.3383 0.1127
157.0290 4.3575 0.1156
161.3260 4.3775 0.1150
165.6230 4.3981 0.1118
169.9200 4.4192 0.1068
174.2170 4.4406 0.1002
178.5150 4.4621 0.0901
182.8120 4.4837 0.0848
187.1090 4.5051 0.0914
191.4060 4.5263 0.1134
195.7030 4.5470 0.1475
200.0000 4.5671 0.1667
