0.0000 1.3311 0.4072
0.2299 2.3653 0.2922
0.2299 3.3033 0.2922
1.8956 3.3293 0.0723
3.5613 3.3519 0.0442
5.2271 3.3713 0.0277
6.8928 3.3877 0.0197
8.5585 3.4016 0.0151
10.2242 3.4132 0.0136
11.8900 3.4229 0.0142
13.5557 3.4310 0.0155
15.2214 3.4379 0.0167
16.8871 3.4437 0.0176
18.5528 3.4490 0.0180
20.2186 3.4540 0.0180
21.8843 3.4590 0.0176
23.5500 3.4643 0.0169
25.2157 3.4703 0.0160
26.8815 3.4774 0.0152
28.5472 3.4857 0.0147
30.2129 3.4958 0.0150
31.8786 3.5078 0.0160
33.5444 3.5221 0.0182
35.2101 3.5391 0.0214
36.8758 3.5590 0.0262
38.5415 3.5822 0.0326
40.2073 3.6091 0.0437
41.8730 3.6398 0.0669
43.5387 3.6749 0.0786
45.2044 3.7145 0.0892
46.8702 3.7590 0.1337
48.5359 3.8085 0.2068
48.5359 4.3669 0.2068
52.4196 4.3392 0.0868
56.3033 4.3153 0.0634
60.1870 4.2953 0.0537
64.0707 4.2789 0.0502
67.9543 4.2660 0.0502
71.8380 4.2563 0.0501
75.7217 4.2496 0.0486
79.6054 4.2457 0.0458
83.4891 4.2444 0.0430
87.3728 4.2455 0.0418
91.2565 4.2487 0.0430
95.1402 4.2539 0.0463
99.0239 4.2608 0.0501
102.9080 4.2693 0.0533
106.7910 4.2790 0.0554
110.6750 4.2900 0.0565
114.5590 4.3020 0.0571
118.4420 4.3147 0.0579
122.3260 4.3281 0.0610
126.2100 4.3420 0.0655
130.0930 4.3562 0.0709
133.9770 4.3704 0.0779
137.8610 4.3846 0.0858
141.7440 4.3986 0.0945
145.6280 4.4121 0.1024
149.5120 4.4251 0.1086
153.3960 4.4373 0.1134
157.2790 4.4485 0.1173
161.1630 4.4586 0.1195
165.0470 4.4674 0.1170
168.9300 4.4748 0.1122
172.8140 4.4805 0.1041
176.6980 4.4843 0.0963
180.5810 4.4862 0.0888
184.4650 4.4859 0.0812
188.3490 4.4832 0.0824
192.2320 4.4780 0.0920
196.1160 4.4701 0.1341
200.0000 4.4594 0.1548
