0.0000 1.2001 0.3227
0.6525 2.0699 0.3031
0.6525 3.0970 0.3031
1.8106 3.1539 0.1039
2.9686 3.2053 0.0634
4.1266 3.2511 0.0496
5.2846 3.2917 0.0387
6.4426 3.3276 0.0309
7.6006 3.3591 0.0258
8.7586 3.3865 0.0231
9.9167 3.4102 0.0226
11.0747 3.4307 0.0232
12.2327 3.4482 0.0241
13.3907 3.4631 0.0251
14.5487 3.4759 0.0259
15.7067 3.4869 0.0265
16.8647 3.4964 0.0268
18.0228 3.5049 0.0268
19.1808 3.5127 0.0266
20.3388 3.5202 0.0262
21.4968 3.5277 0.0256
22.6548 3.5356 0.0249
23.8128 3.5444 0.0245
24.9708 3.5543 0.0247
26.1289 3.5657 0.0258
27.2869 3.5791 0.0280
28.4449 3.5948 0.0326
29.6029 3.6131 0.0427
30.7609 3.6345 0.0642
31.9189 3.6592 0.1071
33.0769 3.6877 0.1802
34.2349 3.7202 0.1662
34.2349 4.4546 0.1662
38.4853 4.4028 0.1034
42.7357 4.3586 0.0633
46.9861 4.3217 0.0483
51.2365 4.2917 0.0413
55.4869 4.2679 0.0400
59.7373 4.2497 0.0395
63.9876 4.2365 0.0377
68.2380 4.2279 0.0364
72.4884 4.2231 0.0364
76.7388 4.2216 0.0385
80.9892 4.2228 0.0423
85.2396 4.2261 0.0467
89.4899 4.2310 0.0503
93.7403 4.2369 0.0514
97.9907 4.2437 0.0506
102.2410 4.2514 0.0480
106.4910 4.2598 0.0448
110.7420 4.2688 0.0416
114.9920 4.2786 0.0399
119.2430 4.2888 0.0417
123.4930 4.2996 0.0482
127.7430 4.3108 0.0566
131.9940 4.3224 0.0658
136.2440 4.3342 0.0774
140.4950 4.3463 0.0884
144.7450 4.3586 0.0970
148.9950 4.3709 0.1043
153.2460 4.3833 0.1104
157.4960 4.3957 0.1139
161.7460 4.4079 0.1138
165.9970 4.4200 0.1098
170.2470 4.4319 0.1041
174.4980 4.4435 0.0969
178.7480 4.4547 0.0818
182.9980 4.4654 0.0727
187.2490 4.4757 0.0766
191.4990 4.4854 0.0949
195.7500 4.4945 0.1204
200.0000 4.5028 0.1344
