0.0000 0.8430 0.1539
1.6587 2.6945 0.2381
1.6587 3.4338 0.2381
3.1123 3.4584 0.0570
4.5659 3.4807 0.0423
6.0195 3.5008 0.0308
7.4731 3.5190 0.0226
8.9267 3.5356 0.0177
10.3803 3.5508 0.0153
11.8339 3.5650 0.0151
13.2874 3.5783 0.0158
14.7410 3.5912 0.0167
16.1946 3.6038 0.0173
17.6482 3.6165 0.0174
19.1018 3.6295 0.0177
20.5554 3.6431 0.0178
22.0090 3.6576 0.0180
23.4626 3.6732 0.0183
24.9162 3.6903 0.0188
26.3698 3.7091 0.0194
27.8234 3.7299 0.0200
29.2770 3.7530 0.0207
30.7306 3.7787 0.0215
32.1842 3.8072 0.0222
33.6377 3.8388 0.0239
35.0913 3.8738 0.0268
36.5449 3.9125 0.0322
37.9985 3.9551 0.0409
39.4521 4.0020 0.0567
40.9057 4.0534 0.0859
42.3593 4.1096 0.1295
43.8129 4.1705 0.1614
43.8129 4.5448 0.1614
47.8177 4.5275 0.0783
51.8225 4.5166 0.0557
55.8273 4.5116 0.0476
59.8321 4.5116 0.0458
63.8369 4.5158 0.0453
67.8417 4.5234 0.0454
71.8465 4.5335 0.0451
75.8513 4.5454 0.0454
79.8561 4.5582 0.0472
83.8608 4.5711 0.0512
87.8656 4.5833 0.0574
91.8704 4.5940 0.0640
95.8752 4.6024 0.0688
99.8800 4.6078 0.0716
103.8850 4.6103 0.0724
107.8900 4.6102 0.0713
111.8940 4.6079 0.0689
115.8990 4.6036 0.0664
119.9040 4.5976 0.0642
123.9090 4.5902 0.0670
127.9140 4.5816 0.0712
131.9180 4.5722 0.0768
135.9230 4.5623 0.0870
139.9280 4.5522 0.0973
143.9330 4.5421 0.1067
147.9380 4.5323 0.1175
151.9420 4.5232 0.1262
155.9470 4.5149 0.1315
159.9520 4.5080 0.1358
163.9570 4.5025 0.1371
167.9620 4.4988 0.1342
171.9660 4.4971 0.1265
175.9710 4.4979 0.1178
179.9760 4.5013 0.1087
183.9810 4.5077 0.0950
187.9860 4.5174 0.0898
191.9900 4.5305 0.0947
195.9950 4.5476 0.1322
200.0000 4.5685 0.1520
