0.0000 1.1562 0.3776
0.3978 2.1347 0.4518
0.3978 2.7386 0.4518
1.2467 2.7817 0.0890
2.0957 2.8218 0.0708
2.9446 2.8588 0.0626
3.7935 2.8930 0.0583
4.6425 2.9247 0.0543
5.4914 2.9543 0.0534
6.3403 2.9819 0.0519
7.1893 3.0079 0.0508
8.0382 3.0326 0.0491
8.8872 3.0561 0.0478
9.7361 3.0789 0.0460
10.5850 3.1011 0.0442
11.4340 3.1231 0.0424
12.2829 3.1452 0.0413
13.1319 3.1675 0.0402
13.9808 3.1905 0.0402
14.8297 3.2144 0.0406
15.6787 3.2394 0.0417
16.5276 3.2658 0.0427
17.3765 3.2940 0.0447
18.2255 3.3241 0.0469
19.0744 3.3566 0.0499
19.9234 3.3916 0.0543
20.7723 3.4295 0.0623
21.6212 3.4705 0.0800
22.4702 3.5149 0.1107
23.3191 3.5629 0.1492
24.1681 3.6149 0.1785
25.0170 3.6709 0.1666
25.0170 4.0407 0.1666
29.5037 4.1565 0.1031
33.9905 4.2481 0.0686
38.4772 4.3169 0.0556
42.9640 4.3651 0.0516
47.4507 4.3950 0.0507
51.9374 4.4090 0.0497
56.4242 4.4095 0.0474
60.9109 4.3987 0.0449
65.3977 4.3791 0.0430
69.8844 4.3529 0.0428
74.3712 4.3224 0.0467
78.8579 4.2901 0.0522
83.3447 4.2582 0.0562
87.8314 4.2287 0.0595
92.3181 4.2020 0.0616
96.8049 4.1782 0.0619
101.2920 4.1573 0.0606
105.7780 4.1393 0.0584
110.2650 4.1243 0.0568
114.7520 4.1124 0.0562
119.2390 4.1036 0.0569
123.7250 4.0979 0.0606
128.2120 4.0953 0.0658
132.6990 4.0960 0.0710
137.1860 4.0999 0.0760
141.6720 4.1072 0.0840
146.1590 4.1178 0.0906
150.6460 4.1318 0.0946
155.1330 4.1492 0.0983
159.6190 4.1702 0.1016
164.1060 4.1946 0.1038
168.5930 4.2226 0.1048
173.0800 4.2543 0.1066
177.5660 4.2896 0.1100
182.0530 4.3286 0.1155
186.5400 4.3714 0.1301
191.0270 4.4180 0.1627
195.5130 4.4684 0.1927
200.0000 4.5222 0.2084
