0.0000 1.3458 0.3246
0.5049 2.3017 0.2419
0.5049 3.1748 0.2419
2.1996 3.2337 0.0936
3.8944 3.2860 0.0596
5.5891 3.3320 0.0393
7.2838 3.3719 0.0285
8.9785 3.4065 0.0223
10.6732 3.4362 0.0199
12.3679 3.4614 0.0196
14.0627 3.4827 0.0202
15.7574 3.5007 0.0205
17.4521 3.5158 0.0202
19.1468 3.5284 0.0198
20.8415 3.5393 0.0190
22.5362 3.5488 0.0182
24.2310 3.5574 0.0175
25.9257 3.5656 0.0170
27.6204 3.5741 0.0170
29.3151 3.5832 0.0172
31.0098 3.5935 0.0175
32.7045 3.6054 0.0183
34.3993 3.6196 0.0196
36.0940 3.6365 0.0217
37.7887 3.6566 0.0253
39.4834 3.6804 0.0309
41.1781 3.7084 0.0382
42.8728 3.7412 0.0490
44.5676 3.7792 0.0650
46.2623 3.8230 0.1053
47.9570 3.8730 0.1321
49.6517 3.9294 0.1367
49.6517 4.1761 0.1367
53.5068 4.2229 0.0846
57.3619 4.2616 0.0667
61.2169 4.2925 0.0607
65.0720 4.3165 0.0600
68.9271 4.3344 0.0651
72.7822 4.3469 0.0685
76.6373 4.3549 0.0688
80.4923 4.3592 0.0671
84.3474 4.3606 0.0643
88.2025 4.3598 0.0619
92.0576 4.3577 0.0619
95.9126 4.3551 0.0636
99.7677 4.3528 0.0667
103.6230 4.3514 0.0697
107.4780 4.3511 0.0722
111.3330 4.3517 0.0738
115.1880 4.3533 0.0752
119.0430 4.3557 0.0769
122.8980 4.3590 0.0796
126.7530 4.3629 0.0835
130.6080 4.3676 0.0892
134.4630 4.3729 0.0967
138.3180 4.3788 0.1054
142.1740 4.3852 0.1148
146.0290 4.3921 0.1239
149.8840 4.3994 0.1322
153.7390 4.4070 0.1380
157.5940 4.4149 0.1422
161.4490 4.4231 0.1441
165.3040 4.4314 0.1423
169.1590 4.4399 0.1375
173.0140 4.4485 0.1279
176.8690 4.4570 0.1173
180.7240 4.4655 0.1063
184.5790 4.4739 0.0952
188.4340 4.4822 0.0946
192.2900 4.4902 0.1037
196.1450 4.4980 0.1502
200.0000 4.5054 0.1727
