0.0000 1.9633 0.2081
2.8895 2.7575 0.1251
2.8895 3.2238 0.1251
4.2856 3.2852 0.1164
5.6818 3.3410 0.0583
7.0779 3.3910 0.0460
8.4740 3.4358 0.0341
9.8702 3.4755 0.0267
11.2663 3.5107 0.0266
12.6625 3.5417 0.0260
14.0586 3.5688 0.0259
15.4547 3.5925 0.0253
16.8509 3.6132 0.0247
18.2470 3.6311 0.0237
19.6432 3.6468 0.0226
21.0393 3.6605 0.0216
22.4354 3.6727 0.0206
23.8316 3.6837 0.0200
25.2277 3.6939 0.0199
26.6239 3.7037 0.0202
28.0200 3.7135 0.0207
29.4162 3.7236 0.0215
30.8123 3.7344 0.0222
32.2084 3.7464 0.0232
33.6046 3.7598 0.0244
35.0007 3.7750 0.0268
36.3969 3.7925 0.0308
37.7930 3.8126 0.0364
39.1891 3.8357 0.0456
40.5853 3.8622 0.0666
41.9814 3.8924 0.0962
43.3776 3.9265 0.0980
43.3776 4.1544 0.0980
47.3935 4.2474 0.0764
51.4095 4.3216 0.0616
55.4254 4.3780 0.0515
59.4414 4.4185 0.0506
63.4573 4.4451 0.0518
67.4733 4.4595 0.0535
71.4892 4.4637 0.0532
75.5052 4.4596 0.0504
79.5211 4.4491 0.0473
83.5371 4.4341 0.0451
87.5530 4.4163 0.0459
91.5690 4.3979 0.0494
95.5849 4.3805 0.0543
99.6009 4.3659 0.0582
103.6170 4.3541 0.0605
107.6330 4.3451 0.0614
111.6490 4.3388 0.0613
115.6650 4.3350 0.0606
119.6810 4.3336 0.0604
123.6970 4.3345 0.0610
127.7120 4.3375 0.0633
131.7280 4.3426 0.0673
135.7440 4.3497 0.0731
139.7600 4.3585 0.0797
143.7760 4.3690 0.0874
147.7920 4.3811 0.0944
151.8080 4.3946 0.1007
155.8240 4.4095 0.1057
159.8400 4.4255 0.1083
163.8560 4.4426 0.1090
167.8720 4.4607 0.1071
171.8880 4.4795 0.1018
175.9040 4.4992 0.0955
179.9200 4.5193 0.0891
183.9360 4.5400 0.0823
187.9520 4.5610 0.0825
191.9680 4.5822 0.0908
195.9840 4.6036 0.1222
200.0000 4.6247 0.1389
