0.0000 1.2133 0.3382
0.1645 2.2954 0.2894
0.1645 3.2814 0.2894
1.8669 3.3158 0.0592
3.5694 3.3457 0.0418
5.2718 3.3712 0.0305
6.9743 3.3928 0.0216
8.6768 3.4109 0.0162
10.3792 3.4260 0.0155
12.0817 3.4385 0.0167
13.7841 3.4487 0.0183
15.4866 3.4572 0.0194
17.1891 3.4643 0.0199
18.8915 3.4705 0.0199
20.5940 3.4763 0.0193
22.2964 3.4819 0.0184
23.9989 3.4880 0.0174
25.7014 3.4948 0.0164
27.4038 3.5028 0.0156
29.1063 3.5125 0.0153
30.8087 3.5242 0.0154
32.5112 3.5385 0.0161
34.2136 3.5557 0.0175
35.9161 3.5762 0.0197
37.6186 3.6005 0.0234
39.3210 3.6290 0.0282
41.0235 3.6622 0.0352
42.7259 3.7004 0.0455
44.4284 3.7441 0.0605
46.1309 3.7938 0.1105
47.8333 3.8497 0.1429
49.5358 3.9121 0.1506
49.5358 4.2724 0.1506
53.3938 4.2778 0.0875
57.2519 4.2831 0.0658
61.1099 4.2882 0.0567
64.9680 4.2931 0.0566
68.8260 4.2978 0.0601
72.6841 4.3025 0.0615
76.5421 4.3071 0.0599
80.4002 4.3116 0.0564
84.2582 4.3161 0.0522
88.1163 4.3206 0.0496
91.9743 4.3251 0.0505
95.8324 4.3296 0.0543
99.6904 4.3342 0.0596
103.5480 4.3389 0.0646
107.4070 4.3437 0.0687
111.2650 4.3487 0.0705
115.1230 4.3540 0.0711
118.9810 4.3594 0.0708
122.8390 4.3652 0.0704
126.6970 4.3713 0.0707
130.5550 4.3777 0.0727
134.4130 4.3846 0.0765
138.2710 4.3919 0.0816
142.1290 4.3998 0.0887
145.9870 4.4082 0.0963
149.8450 4.4171 0.1039
153.7030 4.4267 0.1104
157.5610 4.4369 0.1154
161.4190 4.4479 0.1188
165.2770 4.4596 0.1193
169.1350 4.4720 0.1172
172.9930 4.4853 0.1113
176.8510 4.4995 0.1045
180.7100 4.5145 0.0973
184.5680 4.5305 0.0892
188.4260 4.5475 0.0882
192.2840 4.5656 0.0939
196.1420 4.5846 0.1280
200.0000 4.6047 0.1446
