0.0000 1.2204 0.3997
0.7189 2.1815 0.4720
0.7189 3.0909 0.4720
1.7970 3.1418 0.1481
2.8752 3.1873 0.0849
3.9534 3.2273 0.0639
5.0316 3.2624 0.0513
6.1097 3.2931 0.0419
7.1879 3.3198 0.0375
8.2661 3.3430 0.0359
9.3443 3.3630 0.0362
10.4224 3.3805 0.0374
11.5006 3.3957 0.0381
12.5788 3.4093 0.0383
13.6570 3.4215 0.0381
14.7351 3.4330 0.0375
15.8133 3.4441 0.0365
16.8915 3.4553 0.0352
17.9697 3.4670 0.0338
19.0479 3.4798 0.0324
20.1260 3.4941 0.0312
21.2042 3.5102 0.0301
22.2824 3.5288 0.0296
23.3606 3.5502 0.0305
24.4387 3.5748 0.0356
25.5169 3.6033 0.0431
26.5951 3.6359 0.0529
27.6733 3.6732 0.0642
28.7514 3.7155 0.0808
29.8296 3.7635 0.1116
30.9078 3.8175 0.1359
31.9860 3.8775 0.1260
31.9860 4.1858 0.1260
36.2940 4.2307 0.0864
40.6021 4.2636 0.0598
44.9101 4.2854 0.0439
49.2182 4.2975 0.0387
53.5262 4.3014 0.0392
57.8343 4.2985 0.0399
62.1423 4.2901 0.0395
66.4504 4.2777 0.0378
70.7584 4.2626 0.0367
75.0665 4.2464 0.0378
79.3745 4.2304 0.0406
83.6826 4.2160 0.0443
87.9906 4.2046 0.0476
92.2987 4.1974 0.0496
96.6067 4.1943 0.0498
100.9150 4.1950 0.0485
105.2230 4.1992 0.0466
109.5310 4.2066 0.0454
113.8390 4.2168 0.0465
118.1470 4.2295 0.0496
122.4550 4.2445 0.0558
126.7630 4.2614 0.0637
131.0710 4.2799 0.0727
135.3790 4.2997 0.0828
139.6870 4.3204 0.0920
143.9950 4.3418 0.0992
148.3030 4.3635 0.1061
152.6110 4.3852 0.1107
156.9190 4.4066 0.1124
161.2280 4.4274 0.1111
165.5360 4.4472 0.1063
169.8440 4.4658 0.0998
174.1520 4.4829 0.0926
178.4600 4.4980 0.0826
182.7680 4.5110 0.0793
187.0760 4.5214 0.0921
191.3840 4.5290 0.1244
195.6920 4.5335 0.1571
200.0000 4.5345 0.1743
