0.0000 1.1390 0.2806
0.9153 2.0612 0.1661
0.9153 2.8517 0.1661
1.9021 2.9079 0.0917
2.8889 2.9613 0.1574
3.8757 3.0116 0.0903
4.8626 3.0591 0.0644
5.8494 3.1038 0.0571
6.8362 3.1459 0.0533
7.8231 3.1856 0.0501
8.8099 3.2230 0.0480
9.7967 3.2582 0.0477
10.7835 3.2914 0.0474
11.7704 3.3228 0.0488
12.7572 3.3525 0.0494
13.7440 3.3807 0.0504
14.7308 3.4075 0.0511
15.7177 3.4330 0.0521
16.7045 3.4575 0.0523
17.6913 3.4810 0.0530
18.6782 3.5037 0.0528
19.6650 3.5258 0.0527
20.6518 3.5473 0.0517
21.6386 3.5686 0.0512
22.6255 3.5896 0.0504
23.6123 3.6107 0.0515
24.5991 3.6318 0.0520
25.5860 3.6532 0.0544
26.5728 3.6749 0.0606
27.5596 3.6973 0.0740
28.5464 3.7203 0.1252
29.5333 3.7441 0.1506
29.5333 4.0992 0.1506
33.9042 4.1125 0.0929
38.2752 4.1272 0.0713
42.6461 4.1430 0.0552
47.0171 4.1598 0.0457
51.3880 4.1775 0.0444
55.7590 4.1958 0.0459
60.1299 4.2146 0.0460
64.5009 4.2337 0.0446
68.8718 4.2530 0.0430
73.2427 4.2723 0.0409
77.6137 4.2914 0.0409
81.9846 4.3102 0.0438
86.3556 4.3286 0.0446
90.7265 4.3463 0.0459
95.0975 4.3632 0.0480
99.4684 4.3795 0.0498
103.8390 4.3951 0.0510
108.2100 4.4099 0.0518
112.5810 4.4239 0.0535
116.9520 4.4370 0.0562
121.3230 4.4494 0.0598
125.6940 4.4608 0.0642
130.0650 4.4714 0.0693
134.4360 4.4810 0.0747
138.8070 4.4897 0.0801
143.1780 4.4973 0.0846
147.5490 4.5040 0.0876
151.9200 4.5097 0.0902
156.2910 4.5142 0.0917
160.6620 4.5177 0.0909
165.0330 4.5201 0.0880
169.4040 4.5213 0.0849
173.7750 4.5214 0.0816
178.1460 4.5202 0.0790
182.5160 4.5179 0.0797
186.8870 4.5142 0.0893
191.2580 4.5093 0.1117
195.6290 4.5031 0.1386
200.0000 4.4956 0.1533
