0.0000 1.2407 0.3680
0.6987 2.1697 0.4664
0.6987 3.1025 0.4664
1.7922 3.1530 0.1045
2.8857 3.1978 0.0714
3.9792 3.2370 0.0569
5.0727 3.2712 0.0444
6.1662 3.3009 0.0351
7.2597 3.3264 0.0307
8.3531 3.3482 0.0294
9.4466 3.3669 0.0301
10.5401 3.3828 0.0318
11.6336 3.3965 0.0331
12.7271 3.4085 0.0340
13.8206 3.4190 0.0344
14.9141 3.4288 0.0343
16.0076 3.4381 0.0339
17.1010 3.4475 0.0331
18.1945 3.4575 0.0320
19.2880 3.4684 0.0309
20.3815 3.4809 0.0298
21.4750 3.4952 0.0289
22.5685 3.5120 0.0285
23.6620 3.5316 0.0300
24.7554 3.5546 0.0350
25.8489 3.5814 0.0428
26.9424 3.6124 0.0523
28.0359 3.6482 0.0656
29.1294 3.6892 0.0867
30.2229 3.7359 0.1241
31.3164 3.7887 0.1473
32.4098 3.8477 0.1304
32.4098 4.2291 0.1304
36.7070 4.2657 0.0840
41.0042 4.2917 0.0564
45.3014 4.3078 0.0428
49.5986 4.3153 0.0380
53.8957 4.3157 0.0378
58.1929 4.3101 0.0381
62.4901 4.2998 0.0372
66.7873 4.2861 0.0355
71.0845 4.2703 0.0346
75.3816 4.2537 0.0362
79.6788 4.2376 0.0395
83.9760 4.2232 0.0437
88.2732 4.2118 0.0473
92.5704 4.2044 0.0491
96.8675 4.2011 0.0489
101.1650 4.2015 0.0474
105.4620 4.2053 0.0448
109.7590 4.2122 0.0428
114.0560 4.2219 0.0431
118.3530 4.2341 0.0456
122.6510 4.2485 0.0515
126.9480 4.2648 0.0592
131.2450 4.2828 0.0685
135.5420 4.3020 0.0786
139.8390 4.3223 0.0878
144.1370 4.3433 0.0953
148.4340 4.3647 0.1024
152.7310 4.3862 0.1072
157.0280 4.4075 0.1094
161.3250 4.4283 0.1086
165.6220 4.4484 0.1042
169.9200 4.4673 0.0982
174.2170 4.4849 0.0914
178.5140 4.5008 0.0812
182.8110 4.5147 0.0771
187.1080 4.5263 0.0881
191.4050 4.5354 0.1173
195.7030 4.5415 0.1476
200.0000 4.5445 0.1637
