0.0000 0.9145 0.1489
3.3806 2.7961 0.2109
3.3806 3.4286 0.2109
4.9737 3.4570 0.0756
6.5668 3.4833 0.0394
8.1599 3.5076 0.0279
9.7530 3.5301 0.0216
11.3461 3.5509 0.0194
12.9391 3.5704 0.0198
14.5322 3.5888 0.0206
16.1253 3.6063 0.0211
17.7184 3.6231 0.0210
19.3115 3.6395 0.0204
20.9046 3.6556 0.0192
22.4977 3.6718 0.0180
24.0907 3.6883 0.0171
25.6838 3.7053 0.0168
27.2769 3.7230 0.0172
28.8700 3.7416 0.0179
30.4631 3.7614 0.0195
32.0562 3.7827 0.0206
33.6493 3.8056 0.0222
35.2423 3.8303 0.0233
36.8354 3.8572 0.0245
38.4285 3.8864 0.0259
40.0216 3.9182 0.0293
41.6147 3.9528 0.0344
43.2078 3.9905 0.0483
44.8009 4.0313 0.0663
46.3939 4.0757 0.0912
47.9870 4.1239 0.1198
49.5801 4.1756 0.1099
49.5801 4.4102 0.1099
53.4370 4.4267 0.0844
57.2940 4.4421 0.0686
61.1509 4.4565 0.0580
65.0078 4.4698 0.0586
68.8647 4.4819 0.0608
72.7217 4.4929 0.0625
76.5786 4.5026 0.0605
80.4355 4.5112 0.0572
84.2924 4.5185 0.0538
88.1494 4.5245 0.0539
92.0063 4.5293 0.0570
95.8632 4.5327 0.0625
99.7201 4.5349 0.0691
103.5770 4.5357 0.0751
107.4340 4.5352 0.0792
111.2910 4.5338 0.0822
115.1480 4.5313 0.0842
119.0050 4.5281 0.0854
122.8620 4.5242 0.0870
126.7190 4.5198 0.0894
130.5760 4.5150 0.0930
134.4320 4.5099 0.0972
138.2890 4.5047 0.1021
142.1460 4.4996 0.1084
146.0030 4.4947 0.1143
149.8600 4.4900 0.1198
153.7170 4.4858 0.1252
157.5740 4.4821 0.1292
161.4310 4.4792 0.1315
165.2880 4.4771 0.1308
169.1450 4.4761 0.1276
173.0020 4.4762 0.1210
176.8590 4.4775 0.1136
180.7160 4.4802 0.1054
184.5720 4.4845 0.0948
188.4290 4.4905 0.0937
192.2860 4.4983 0.1012
196.1430 4.5081 0.1390
200.0000 4.5199 0.1575
