0.0000 0.7241 0.0943
1.7669 2.6318 0.2472
1.7669 3.3955 0.2472
3.2772 3.4271 0.0634
4.7875 3.4567 0.0489
6.2977 3.4845 0.0359
7.8080 3.5105 0.0269
9.3183 3.5350 0.0210
10.8286 3.5580 0.0178
12.3389 3.5799 0.0170
13.8491 3.6008 0.0176
15.3594 3.6208 0.0187
16.8697 3.6401 0.0191
18.3800 3.6590 0.0193
19.8903 3.6775 0.0191
21.4005 3.6960 0.0189
22.9108 3.7145 0.0186
24.4211 3.7332 0.0181
25.9314 3.7524 0.0177
27.4417 3.7721 0.0180
28.9519 3.7927 0.0185
30.4622 3.8142 0.0193
31.9725 3.8369 0.0209
33.4828 3.8609 0.0229
34.9931 3.8864 0.0259
36.5033 3.9135 0.0304
38.0136 3.9426 0.0365
39.5239 3.9737 0.0452
41.0342 4.0070 0.0746
42.5445 4.0427 0.1145
44.0547 4.0810 0.1570
45.5650 4.1219 0.1625
45.5650 4.4900 0.1625
49.5249 4.5284 0.0895
53.4848 4.5609 0.0616
57.4446 4.5878 0.0499
61.4045 4.6095 0.0474
65.3644 4.6266 0.0477
69.3242 4.6396 0.0472
73.2841 4.6491 0.0463
77.2440 4.6555 0.0453
81.2039 4.6594 0.0453
85.1637 4.6613 0.0476
89.1236 4.6618 0.0521
93.0835 4.6614 0.0581
97.0433 4.6605 0.0640
101.0030 4.6597 0.0686
104.9630 4.6589 0.0714
108.9230 4.6582 0.0729
112.8830 4.6573 0.0733
116.8430 4.6564 0.0732
120.8030 4.6553 0.0731
124.7620 4.6540 0.0744
128.7220 4.6524 0.0763
132.6820 4.6505 0.0790
136.6420 4.6481 0.0839
140.6020 4.6453 0.0887
144.5620 4.6420 0.0936
148.5220 4.6381 0.0997
152.4820 4.6335 0.1044
156.4410 4.6283 0.1076
160.4010 4.6223 0.1105
164.3610 4.6155 0.1112
168.3210 4.6079 0.1097
172.2810 4.5993 0.1067
176.2410 4.5897 0.1029
180.2010 4.5790 0.0992
184.1610 4.5673 0.0961
188.1200 4.5544 0.0978
192.0800 4.5403 0.1048
196.0400 4.5249 0.1324
200.0000 4.5083 0.1466
