0.0000 0.4894 0.0853
2.6530 2.7257 0.2080
2.6530 3.3454 0.2080
4.2238 3.3872 0.0736
5.7947 3.4257 0.0520
7.3656 3.4611 0.0373
8.9365 3.4936 0.0266
10.5074 3.5235 0.0215
12.0782 3.5511 0.0204
13.6491 3.5767 0.0220
15.2200 3.6006 0.0236
16.7909 3.6230 0.0246
18.3618 3.6443 0.0246
19.9326 3.6648 0.0239
21.5035 3.6846 0.0226
23.0744 3.7042 0.0211
24.6453 3.7238 0.0200
26.2161 3.7437 0.0199
27.7870 3.7642 0.0203
29.3579 3.7856 0.0216
30.9288 3.8081 0.0232
32.4997 3.8320 0.0253
34.0705 3.8577 0.0285
35.6414 3.8855 0.0317
37.2123 3.9155 0.0363
38.7832 3.9482 0.0428
40.3541 3.9837 0.0500
41.9249 4.0225 0.0591
43.4958 4.0647 0.0761
45.0667 4.1106 0.0998
46.6376 4.1606 0.1248
48.2085 4.2146 0.1231
48.2085 4.4878 0.1231
52.1005 4.5145 0.1004
55.9926 4.5360 0.0826
59.8847 4.5527 0.0659
63.7768 4.5651 0.0616
67.6688 4.5737 0.0610
71.5609 4.5793 0.0623
75.4530 4.5823 0.0613
79.3451 4.5833 0.0589
83.2372 4.5829 0.0559
87.1292 4.5816 0.0547
91.0213 4.5801 0.0554
94.9134 4.5789 0.0585
98.8055 4.5786 0.0627
102.6980 4.5796 0.0671
106.5900 4.5819 0.0706
110.4820 4.5853 0.0732
114.3740 4.5896 0.0751
118.2660 4.5948 0.0768
122.1580 4.6007 0.0786
126.0500 4.6070 0.0815
129.9420 4.6136 0.0840
133.8340 4.6204 0.0866
137.7260 4.6272 0.0902
141.6180 4.6339 0.0936
145.5100 4.6402 0.0968
149.4020 4.6460 0.1003
153.2950 4.6512 0.1029
157.1870 4.6556 0.1045
161.0790 4.6591 0.1051
164.9710 4.6614 0.1036
168.8630 4.6624 0.1008
172.7550 4.6620 0.0965
176.6470 4.6600 0.0916
180.5390 4.6562 0.0873
184.4310 4.6505 0.0852
188.3230 4.6427 0.0888
192.2150 4.6327 0.0986
196.1070 4.6202 0.1319
199.9990 4.6053 0.1485
