0.0000 1.3429 0.3991
0.4198 2.3911 0.4991
0.4198 3.0936 0.4991
1.4998 3.1520 0.0979
2.5799 3.2038 0.0750
3.6599 3.2492 0.0580
4.7400 3.2887 0.0448
5.8201 3.3228 0.0343
6.9001 3.3521 0.0280
7.9802 3.3771 0.0259
9.0603 3.3983 0.0262
10.1403 3.4163 0.0275
11.2204 3.4314 0.0291
12.3004 3.4444 0.0305
13.3805 3.4557 0.0315
14.4606 3.4658 0.0316
15.5406 3.4752 0.0314
16.6207 3.4845 0.0308
17.7008 3.4943 0.0297
18.7808 3.5049 0.0282
19.8609 3.5170 0.0265
20.9409 3.5311 0.0251
22.0210 3.5476 0.0242
23.1011 3.5672 0.0249
24.1811 3.5903 0.0277
25.2612 3.6175 0.0333
26.3413 3.6492 0.0425
27.4213 3.6861 0.0593
28.5014 3.7286 0.0812
29.5814 3.7773 0.1149
30.6615 3.8326 0.1910
31.7416 3.8948 0.2077
31.7416 4.3942 0.2077
36.0559 4.3646 0.0717
40.3702 4.3369 0.0486
44.6845 4.3111 0.0377
48.9988 4.2876 0.0345
53.3131 4.2663 0.0350
57.6274 4.2473 0.0345
61.9417 4.2307 0.0325
66.2560 4.2166 0.0303
70.5703 4.2050 0.0308
74.8846 4.1960 0.0337
79.1989 4.1898 0.0382
83.5133 4.1863 0.0438
87.8276 4.1856 0.0482
92.1419 4.1879 0.0504
96.4562 4.1929 0.0507
100.7700 4.2003 0.0485
105.0850 4.2100 0.0454
109.3990 4.2217 0.0427
113.7130 4.2352 0.0422
118.0280 4.2503 0.0442
122.3420 4.2666 0.0499
126.6560 4.2841 0.0579
130.9710 4.3024 0.0665
135.2850 4.3213 0.0776
139.5990 4.3407 0.0881
143.9140 4.3601 0.0956
148.2280 4.3796 0.1030
152.5420 4.3987 0.1085
156.8560 4.4173 0.1113
161.1710 4.4352 0.1114
165.4850 4.4520 0.1075
169.7990 4.4677 0.1020
174.1140 4.4819 0.0962
178.4280 4.4944 0.0859
182.7420 4.5050 0.0817
187.0570 4.5134 0.0922
191.3710 4.5195 0.1203
195.6850 4.5229 0.1515
200.0000 4.5236 0.1683
