0.0000 1.1471 0.4015
0.3611 2.2323 0.5872
0.3611 3.0121 0.5872
1.5040 3.0795 0.1191
2.6470 3.1401 0.0956
3.7900 3.1938 0.0753
4.9329 3.2411 0.0596
6.0759 3.2826 0.0476
7.2189 3.3187 0.0387
8.3618 3.3500 0.0333
9.5048 3.3768 0.0309
10.6478 3.3997 0.0308
11.7907 3.4193 0.0319
12.9337 3.4360 0.0337
14.0767 3.4502 0.0354
15.2197 3.4626 0.0369
16.3626 3.4735 0.0382
17.5056 3.4835 0.0391
18.6486 3.4930 0.0397
19.7915 3.5027 0.0400
20.9345 3.5129 0.0401
22.0775 3.5241 0.0402
23.2204 3.5369 0.0405
24.3634 3.5517 0.0420
25.5064 3.5691 0.0451
26.6493 3.5895 0.0479
27.7923 3.6134 0.0525
28.9353 3.6413 0.0610
30.0782 3.6737 0.0760
31.2212 3.7112 0.1095
32.3642 3.7541 0.1444
33.5072 3.8027 0.1462
33.5072 4.1997 0.1462
37.7762 4.1920 0.0968
42.0453 4.1842 0.0687
46.3143 4.1765 0.0527
50.5834 4.1692 0.0476
54.8524 4.1624 0.0477
59.1215 4.1564 0.0492
63.3905 4.1514 0.0498
67.6596 4.1476 0.0498
71.9286 4.1452 0.0503
76.1977 4.1444 0.0514
80.4667 4.1455 0.0538
84.7358 4.1486 0.0565
89.0048 4.1541 0.0586
93.2739 4.1619 0.0588
97.5429 4.1719 0.0570
101.8120 4.1840 0.0544
106.0810 4.1979 0.0513
110.3500 4.2134 0.0502
114.6190 4.2301 0.0521
118.8880 4.2480 0.0575
123.1570 4.2667 0.0672
127.4260 4.2860 0.0795
131.6950 4.3058 0.0905
135.9640 4.3257 0.1037
140.2330 4.3455 0.1162
144.5020 4.3651 0.1258
148.7720 4.3841 0.1327
153.0410 4.4024 0.1384
157.3100 4.4196 0.1408
161.5790 4.4357 0.1386
165.8480 4.4503 0.1307
170.1170 4.4632 0.1209
174.3860 4.4742 0.1097
178.6550 4.4830 0.0898
182.9240 4.4895 0.0788
187.1930 4.4933 0.0870
191.4620 4.4943 0.1168
195.7310 4.4923 0.1611
200.0000 4.4870 0.1858
