0.0000 0.9336 0.1433
3.3875 2.5634 0.2318
3.3875 3.4695 0.2318
5.0019 3.4980 0.0653
6.6163 3.5238 0.0388
8.2307 3.5471 0.0274
9.8450 3.5682 0.0215
11.4594 3.5873 0.0191
13.0738 3.6047 0.0192
14.6881 3.6206 0.0199
16.3025 3.6355 0.0205
17.9169 3.6494 0.0205
19.5312 3.6627 0.0200
21.1456 3.6758 0.0192
22.7600 3.6888 0.0184
24.3743 3.7020 0.0181
25.9887 3.7157 0.0183
27.6031 3.7302 0.0192
29.2174 3.7457 0.0204
30.8318 3.7626 0.0221
32.4462 3.7811 0.0232
34.0606 3.8014 0.0244
35.6749 3.8239 0.0251
37.2893 3.8489 0.0258
38.9037 3.8765 0.0271
40.5180 3.9071 0.0306
42.1324 3.9410 0.0352
43.7468 3.9784 0.0477
45.3611 4.0196 0.0652
46.9755 4.0649 0.0981
48.5899 4.1146 0.1367
50.2042 4.1686 0.1257
50.2042 4.5054 0.1257
55.3696 4.5007 0.0789
60.5350 4.4995 0.0612
65.7004 4.5013 0.0630
70.8658 4.5053 0.0667
76.0311 4.5111 0.0654
81.1965 4.5178 0.0596
86.3619 4.5249 0.0542
91.5273 4.5317 0.0541
96.6927 4.5377 0.0599
101.8580 4.5421 0.0681
107.0230 4.5446 0.0749
112.1890 4.5456 0.0802
117.3540 4.5451 0.0834
122.5200 4.5436 0.0862
127.6850 4.5412 0.0897
132.8500 4.5383 0.0941
138.0160 4.5351 0.0996
143.1810 4.5318 0.1061
148.3460 4.5287 0.1122
153.5120 4.5262 0.1175
158.6770 4.5243 0.1210
163.8430 4.5235 0.1211
169.0080 4.5239 0.1172
174.1730 4.5259 0.1089
179.3390 4.5296 0.1006
184.5040 4.5354 0.0911
189.6690 4.5436 0.0926
194.8350 4.5543 0.1203
200.0000 4.5678 0.1481
