0.0000 1.1644 0.3933
0.5044 2.1188 0.5163
0.5044 3.0137 0.5163
1.6590 3.0820 0.1185
2.8137 3.1439 0.0955
3.9683 3.1993 0.0764
5.1229 3.2486 0.0612
6.2776 3.2923 0.0495
7.4322 3.3309 0.0402
8.5868 3.3646 0.0339
9.7415 3.3940 0.0305
10.8961 3.4194 0.0296
12.0507 3.4414 0.0302
13.2054 3.4602 0.0318
14.3600 3.4764 0.0335
15.5146 3.4904 0.0354
16.6693 3.5025 0.0370
17.8239 3.5133 0.0383
18.9785 3.5231 0.0394
20.1332 3.5323 0.0402
21.2878 3.5415 0.0407
22.4425 3.5509 0.0412
23.5971 3.5610 0.0418
24.7517 3.5723 0.0434
25.9064 3.5852 0.0460
27.0610 3.6001 0.0481
28.2156 3.6174 0.0518
29.3703 3.6375 0.0585
30.5249 3.6609 0.0711
31.6795 3.6880 0.0999
32.8342 3.7192 0.1501
33.9888 3.7547 0.1609
33.9888 4.1914 0.1609
38.2455 4.1860 0.0981
42.5022 4.1801 0.0709
46.7589 4.1741 0.0547
51.0156 4.1683 0.0501
55.2723 4.1627 0.0502
59.5289 4.1578 0.0511
63.7856 4.1538 0.0510
68.0423 4.1508 0.0502
72.2990 4.1491 0.0499
76.5557 4.1491 0.0504
80.8124 4.1508 0.0526
85.0691 4.1546 0.0554
89.3258 4.1606 0.0577
93.5825 4.1691 0.0585
97.8392 4.1800 0.0575
102.0960 4.1928 0.0553
106.3530 4.2076 0.0528
110.6090 4.2239 0.0521
114.8660 4.2416 0.0539
119.1230 4.2604 0.0585
123.3790 4.2802 0.0673
127.6360 4.3006 0.0786
131.8930 4.3214 0.0890
136.1490 4.3425 0.1012
140.4060 4.3636 0.1130
144.6630 4.3844 0.1224
148.9190 4.4047 0.1290
153.1760 4.4243 0.1346
157.4330 4.4429 0.1371
161.6900 4.4604 0.1353
165.9460 4.4765 0.1283
170.2030 4.4909 0.1195
174.4600 4.5034 0.1093
178.7160 4.5139 0.0917
182.9730 4.5219 0.0821
187.2300 4.5274 0.0893
191.4860 4.5302 0.1154
195.7430 4.5298 0.1575
200.0000 4.5263 0.1810
