0.0000 1.1533 0.3676
0.4801 2.1315 0.3462
0.4801 2.9318 0.3462
1.5301 3.0007 0.0974
2.5800 3.0636 0.1157
3.6299 3.1202 0.0886
4.6799 3.1712 0.0647
5.7298 3.2167 0.0557
6.7797 3.2574 0.0503
7.8297 3.2934 0.0465
8.8796 3.3254 0.0441
9.9295 3.3536 0.0430
10.9795 3.3785 0.0425
12.0294 3.4004 0.0428
13.0793 3.4198 0.0432
14.1292 3.4371 0.0436
15.1792 3.4527 0.0439
16.2291 3.4669 0.0442
17.2790 3.4802 0.0443
18.3290 3.4930 0.0445
19.3789 3.5057 0.0443
20.4288 3.5187 0.0440
21.4788 3.5324 0.0438
22.5287 3.5472 0.0440
23.5786 3.5635 0.0447
24.6286 3.5817 0.0467
25.6785 3.6022 0.0500
26.7284 3.6254 0.0578
27.7784 3.6517 0.0687
28.8283 3.6816 0.0837
29.8782 3.7153 0.0978
30.9281 3.7532 0.0993
30.9281 4.0000 0.0993
35.2633 4.0438 0.0835
39.5985 4.0852 0.0667
43.9337 4.1239 0.0536
48.2689 4.1601 0.0481
52.6040 4.1938 0.0487
56.9392 4.2252 0.0501
61.2744 4.2544 0.0497
65.6096 4.2815 0.0479
69.9448 4.3066 0.0457
74.2799 4.3299 0.0430
78.6151 4.3514 0.0422
82.9503 4.3713 0.0447
87.2855 4.3897 0.0452
91.6207 4.4066 0.0461
95.9558 4.4223 0.0479
100.2910 4.4367 0.0497
104.6260 4.4500 0.0512
108.9610 4.4622 0.0526
113.2970 4.4734 0.0547
117.6320 4.4836 0.0583
121.9670 4.4931 0.0628
126.3020 4.5018 0.0676
130.6370 4.5099 0.0740
134.9720 4.5174 0.0810
139.3080 4.5243 0.0871
143.6430 4.5309 0.0922
147.9780 4.5371 0.0961
152.3130 4.5430 0.0991
156.6480 4.5488 0.1004
160.9840 4.5545 0.0980
165.3190 4.5602 0.0939
169.6540 4.5659 0.0891
173.9890 4.5718 0.0837
178.3240 4.5780 0.0760
182.6590 4.5844 0.0733
186.9950 4.5912 0.0818
191.3300 4.5986 0.1039
195.6650 4.6064 0.1307
200.0000 4.6149 0.1454
