0.0000 1.1062 0.3736
0.5041 2.2413 0.4572
0.5041 3.0962 0.4572
1.5244 3.1465 0.1316
2.5447 3.1914 0.0853
3.5650 3.2310 0.0685
4.5854 3.2656 0.0540
5.6057 3.2957 0.0434
6.6260 3.3216 0.0358
7.6463 3.3439 0.0307
8.6667 3.3628 0.0287
9.6870 3.3790 0.0283
10.7073 3.3926 0.0290
11.7276 3.4042 0.0300
12.7480 3.4141 0.0309
13.7683 3.4228 0.0316
14.7886 3.4307 0.0321
15.8089 3.4382 0.0323
16.8293 3.4457 0.0323
17.8496 3.4537 0.0322
18.8699 3.4625 0.0318
19.8902 3.4725 0.0316
20.9106 3.4842 0.0316
21.9309 3.4980 0.0323
22.9512 3.5143 0.0347
23.9715 3.5334 0.0386
24.9919 3.5559 0.0435
26.0122 3.5821 0.0509
27.0325 3.6125 0.0641
28.0528 3.6474 0.0921
29.0732 3.6872 0.1607
30.0935 3.7322 0.2195
30.0935 4.2484 0.2195
34.4501 4.2246 0.0937
38.8067 4.2037 0.0658
43.1633 4.1857 0.0485
47.5198 4.1706 0.0400
51.8764 4.1583 0.0377
56.2330 4.1487 0.0386
60.5896 4.1418 0.0397
64.9462 4.1373 0.0409
69.3028 4.1354 0.0430
73.6594 4.1358 0.0458
78.0160 4.1385 0.0487
82.3726 4.1434 0.0517
86.7291 4.1504 0.0535
91.0857 4.1594 0.0530
95.4423 4.1703 0.0508
99.7989 4.1828 0.0478
104.1560 4.1968 0.0445
108.5120 4.2119 0.0432
112.8690 4.2281 0.0458
117.2250 4.2451 0.0530
121.5820 4.2626 0.0642
125.9380 4.2806 0.0760
130.2950 4.2987 0.0883
134.6520 4.3169 0.1022
139.0080 4.3348 0.1134
143.3650 4.3523 0.1217
147.7210 4.3691 0.1288
152.0780 4.3851 0.1340
156.4350 4.4001 0.1353
160.7910 4.4138 0.1316
165.1480 4.4260 0.1234
169.5040 4.4366 0.1137
173.8610 4.4452 0.1030
178.2180 4.4519 0.0830
182.5740 4.4562 0.0727
186.9310 4.4581 0.0854
191.2870 4.4572 0.1255
195.6440 4.4535 0.1694
200.0000 4.4466 0.1930
