0.0000 0.9354 0.3203
0.6911 1.8643 0.5407
0.6911 3.1091 0.5407
1.8329 3.1599 0.0907
2.9747 3.2060 0.0685
4.1165 3.2477 0.0526
5.2582 3.2851 0.0405
6.4000 3.3186 0.0324
7.5418 3.3486 0.0284
8.6836 3.3754 0.0272
9.8254 3.3994 0.0280
10.9671 3.4209 0.0294
12.1089 3.4404 0.0305
13.2507 3.4580 0.0312
14.3925 3.4742 0.0314
15.5342 3.4893 0.0314
16.6760 3.5037 0.0306
17.8178 3.5177 0.0294
18.9596 3.5317 0.0281
20.1014 3.5460 0.0264
21.2431 3.5610 0.0250
22.3849 3.5770 0.0243
23.5267 3.5943 0.0250
24.6685 3.6134 0.0277
25.8103 3.6345 0.0325
26.9520 3.6580 0.0424
28.0938 3.6843 0.0612
29.2356 3.7137 0.0898
30.3774 3.7466 0.1092
31.5192 3.7832 0.1618
32.6609 3.8240 0.1723
33.8027 3.8691 0.1388
33.8027 4.4268 0.1388
38.0642 4.3753 0.0683
42.3256 4.3307 0.0482
46.5871 4.2928 0.0416
50.8486 4.2612 0.0365
55.1100 4.2356 0.0352
59.3715 4.2153 0.0338
63.6329 4.2000 0.0311
67.8944 4.1891 0.0297
72.1559 4.1823 0.0300
76.4173 4.1791 0.0334
80.6788 4.1789 0.0383
84.9403 4.1814 0.0435
89.2017 4.1860 0.0477
93.4632 4.1924 0.0491
97.7246 4.2004 0.0485
101.9860 4.2098 0.0461
106.2480 4.2205 0.0427
110.5090 4.2323 0.0412
114.7700 4.2452 0.0411
119.0320 4.2590 0.0429
123.2930 4.2735 0.0495
127.5550 4.2886 0.0575
131.8160 4.3042 0.0670
136.0780 4.3202 0.0774
140.3390 4.3363 0.0871
144.6010 4.3525 0.0956
148.8620 4.3687 0.1033
153.1240 4.3846 0.1085
157.3850 4.4002 0.1113
161.6470 4.4153 0.1117
165.9080 4.4298 0.1077
170.1690 4.4436 0.1025
174.4310 4.4564 0.0964
178.6920 4.4682 0.0865
182.9540 4.4789 0.0823
187.2150 4.4883 0.0914
191.4770 4.4962 0.1162
195.7380 4.5025 0.1455
200.0000 4.5071 0.1614
