0.0000 1.3175 0.3783
0.6364 2.1298 0.4167
0.6364 3.0204 0.4167
1.6211 3.0893 0.1036
2.6057 3.1501 0.0801
3.5903 3.2030 0.0635
4.5749 3.2487 0.0494
5.5595 3.2880 0.0395
6.5441 3.3214 0.0330
7.5287 3.3497 0.0306
8.5134 3.3735 0.0302
9.4980 3.3935 0.0305
10.4826 3.4105 0.0312
11.4672 3.4249 0.0317
12.4518 3.4376 0.0319
13.4364 3.4492 0.0315
14.4210 3.4604 0.0308
15.4056 3.4719 0.0302
16.3903 3.4843 0.0297
17.3749 3.4983 0.0291
18.3595 3.5147 0.0286
19.3441 3.5340 0.0280
20.3287 3.5569 0.0278
21.3133 3.5842 0.0275
22.2979 3.6164 0.0279
23.2826 3.6544 0.0291
24.2672 3.6987 0.0324
25.2518 3.7500 0.0394
26.2364 3.8091 0.0486
27.2210 3.8765 0.0619
28.2056 3.9530 0.0964
29.1902 4.0387 0.1264
29.1902 4.2847 0.1264
33.5700 4.2578 0.0742
37.9497 4.2367 0.0567
42.3295 4.2211 0.0422
46.7092 4.2104 0.0331
51.0890 4.2042 0.0298
55.4687 4.2018 0.0293
59.8484 4.2028 0.0298
64.2282 4.2067 0.0308
68.6079 4.2129 0.0320
72.9877 4.2209 0.0343
77.3674 4.2302 0.0376
81.7472 4.2402 0.0409
86.1269 4.2505 0.0436
90.5066 4.2606 0.0450
94.8864 4.2703 0.0447
99.2661 4.2798 0.0434
103.6460 4.2890 0.0415
108.0260 4.2979 0.0415
112.4050 4.3065 0.0440
116.7850 4.3148 0.0493
121.1650 4.3228 0.0562
125.5450 4.3304 0.0635
129.9240 4.3378 0.0734
134.3040 4.3448 0.0838
138.6840 4.3515 0.0919
143.0640 4.3578 0.0987
147.4430 4.3638 0.1047
151.8230 4.3695 0.1089
156.2030 4.3748 0.1093
160.5830 4.3798 0.1065
164.9620 4.3845 0.1007
169.3420 4.3887 0.0937
173.7220 4.3926 0.0858
178.1020 4.3962 0.0715
182.4810 4.3994 0.0642
186.8610 4.4022 0.0751
191.2410 4.4046 0.1076
195.6200 4.4067 0.1435
200.0000 4.4084 0.1629
