0.0000 1.3012 0.4588
0.4620 2.3135 0.4863
0.4620 3.1453 0.4863
1.6423 3.1787 0.0924
2.8226 3.2100 0.0636
4.0029 3.2393 0.0487
5.1832 3.2669 0.0381
6.3635 3.2930 0.0316
7.5438 3.3178 0.0293
8.7241 3.3415 0.0294
9.9044 3.3644 0.0307
11.0847 3.3868 0.0322
12.2650 3.4088 0.0331
13.4453 3.4307 0.0334
14.6256 3.4527 0.0332
15.8059 3.4751 0.0328
16.9862 3.4981 0.0322
18.1665 3.5219 0.0313
19.3468 3.5467 0.0304
20.5271 3.5729 0.0295
21.7074 3.6006 0.0286
22.8877 3.6301 0.0281
24.0680 3.6616 0.0289
25.2483 3.6953 0.0307
26.4286 3.7314 0.0346
27.6089 3.7703 0.0427
28.7892 3.8121 0.0524
29.9695 3.8571 0.0679
31.1498 3.9055 0.0886
32.3301 3.9576 0.1114
33.5104 4.0135 0.1136
34.6907 4.0732 0.1009
34.6907 4.3091 0.1009
38.9294 4.2767 0.0694
43.1681 4.2482 0.0481
47.4067 4.2237 0.0374
51.6454 4.2028 0.0346
55.8841 4.1855 0.0359
60.1228 4.1714 0.0376
64.3615 4.1604 0.0379
68.6002 4.1524 0.0375
72.8389 4.1470 0.0375
77.0776 4.1441 0.0385
81.3163 4.1435 0.0402
85.5550 4.1450 0.0424
89.7937 4.1483 0.0445
94.0324 4.1534 0.0450
98.2711 4.1600 0.0443
102.5100 4.1680 0.0431
106.7480 4.1774 0.0421
110.9870 4.1881 0.0439
115.2260 4.2000 0.0472
119.4650 4.2130 0.0517
123.7030 4.2270 0.0598
127.9420 4.2418 0.0689
132.1810 4.2575 0.0780
136.4190 4.2739 0.0870
140.6580 4.2908 0.0957
144.8970 4.3083 0.1028
149.1350 4.3262 0.1077
153.3740 4.3444 0.1108
157.6130 4.3628 0.1117
161.8510 4.3814 0.1094
166.0900 4.4000 0.1025
170.3290 4.4185 0.0950
174.5680 4.4369 0.0873
178.8060 4.4550 0.0787
183.0450 4.4727 0.0778
187.2840 4.4901 0.0910
191.5220 4.5068 0.1193
195.7610 4.5229 0.1588
200.0000 4.5382 0.1807
