0.0000 1.3761 0.3596
0.7262 2.2335 0.3879
0.7262 3.1264 0.3879
1.8080 3.1815 0.0926
2.8898 3.2314 0.0706
3.9716 3.2761 0.0535
5.0534 3.3160 0.0417
6.1352 3.3516 0.0337
7.2170 3.3834 0.0296
8.2988 3.4116 0.0286
9.3805 3.4367 0.0294
10.4623 3.4592 0.0308
11.5441 3.4794 0.0326
12.6259 3.4977 0.0337
13.7077 3.5147 0.0342
14.7895 3.5307 0.0340
15.8713 3.5461 0.0337
16.9530 3.5614 0.0329
18.0348 3.5769 0.0313
19.1166 3.5930 0.0296
20.1984 3.6103 0.0280
21.2802 3.6291 0.0265
22.3620 3.6498 0.0255
23.4438 3.6728 0.0265
24.5255 3.6986 0.0308
25.6073 3.7276 0.0380
26.6891 3.7602 0.0473
27.7709 3.7968 0.0592
28.8527 3.8378 0.0852
29.9345 3.8837 0.1112
31.0163 3.9348 0.1315
32.0980 3.9913 0.1408
32.0980 4.3307 0.1408
36.4032 4.3061 0.0683
40.7084 4.2833 0.0497
45.0136 4.2624 0.0378
49.3188 4.2435 0.0338
53.6239 4.2267 0.0332
57.9291 4.2119 0.0329
62.2343 4.1992 0.0315
66.5395 4.1887 0.0300
70.8447 4.1803 0.0303
75.1498 4.1742 0.0321
79.4550 4.1703 0.0359
83.7602 4.1687 0.0407
88.0654 4.1693 0.0445
92.3706 4.1723 0.0465
96.6757 4.1774 0.0466
100.9810 4.1844 0.0451
105.2860 4.1932 0.0433
109.5910 4.2035 0.0422
113.8960 4.2152 0.0425
118.2020 4.2281 0.0457
122.5070 4.2419 0.0514
126.8120 4.2565 0.0592
131.1170 4.2716 0.0680
135.4220 4.2872 0.0778
139.7280 4.3029 0.0866
144.0330 4.3186 0.0938
148.3380 4.3341 0.0998
152.6430 4.3492 0.1043
156.9480 4.3637 0.1060
161.2530 4.3774 0.1050
165.5590 4.3901 0.1004
169.8640 4.4017 0.0945
174.1690 4.4118 0.0881
178.4740 4.4204 0.0773
182.7790 4.4271 0.0735
187.0850 4.4319 0.0843
191.3900 4.4346 0.1114
195.6950 4.4349 0.1451
200.0000 4.4327 0.1636
