0.0000 1.1664 0.4294
0.5850 2.0785 0.5860
0.5850 3.0847 0.5860
1.6974 3.1379 0.0990
2.8097 3.1862 0.0724
3.9221 3.2294 0.0565
5.0345 3.2681 0.0443
6.1469 3.3027 0.0366
7.2593 3.3335 0.0334
8.3717 3.3610 0.0326
9.4840 3.3856 0.0332
10.5964 3.4077 0.0344
11.7088 3.4277 0.0353
12.8212 3.4460 0.0359
13.9336 3.4631 0.0362
15.0460 3.4793 0.0361
16.1583 3.4951 0.0359
17.2707 3.5109 0.0355
18.3831 3.5270 0.0349
19.4955 3.5440 0.0344
20.6079 3.5621 0.0337
21.7202 3.5819 0.0334
22.8326 3.6037 0.0338
23.9450 3.6280 0.0355
25.0574 3.6551 0.0391
26.1698 3.6855 0.0479
27.2822 3.7195 0.0636
28.3945 3.7577 0.0856
29.5069 3.8003 0.1058
30.6193 3.8479 0.1204
31.7317 3.9009 0.1234
32.8441 3.9591 0.1127
32.8441 4.2625 0.1127
37.1301 4.2547 0.0803
41.4162 4.2459 0.0597
45.7022 4.2364 0.0477
49.9883 4.2265 0.0405
54.2743 4.2164 0.0387
58.5604 4.2065 0.0385
62.8464 4.1969 0.0373
67.1325 4.1880 0.0360
71.4185 4.1800 0.0355
75.7046 4.1731 0.0370
79.9906 4.1677 0.0397
84.2767 4.1640 0.0435
88.5627 4.1622 0.0470
92.8488 4.1625 0.0485
97.1348 4.1650 0.0482
101.4210 4.1694 0.0466
105.7070 4.1758 0.0444
109.9930 4.1839 0.0431
114.2790 4.1936 0.0431
118.5650 4.2050 0.0445
122.8510 4.2177 0.0498
127.1370 4.2318 0.0575
131.4230 4.2471 0.0661
135.7090 4.2635 0.0753
139.9950 4.2809 0.0841
144.2810 4.2992 0.0920
148.5670 4.3183 0.0990
152.8540 4.3380 0.1037
157.1400 4.3583 0.1064
161.4260 4.3791 0.1062
165.7120 4.4002 0.1028
169.9980 4.4215 0.0977
174.2840 4.4429 0.0914
178.5700 4.4644 0.0840
182.8560 4.4857 0.0816
187.1420 4.5069 0.0904
191.4280 4.5277 0.1130
195.7140 4.5480 0.1437
200.0000 4.5677 0.1607
