0.0000 1.3872 0.3888
0.5730 2.1920 0.4781
0.5730 3.0580 0.4781
1.6672 3.1199 0.0840
2.7614 3.1763 0.0664
3.8556 3.2273 0.0507
4.9498 3.2732 0.0409
6.0440 3.3143 0.0335
7.1381 3.3511 0.0303
8.2323 3.3839 0.0289
9.3265 3.4131 0.0291
10.4207 3.4391 0.0298
11.5149 3.4623 0.0307
12.6091 3.4829 0.0313
13.7032 3.5014 0.0314
14.7974 3.5182 0.0313
15.8916 3.5336 0.0312
16.9858 3.5481 0.0307
18.0800 3.5619 0.0300
19.1741 3.5755 0.0295
20.2683 3.5892 0.0289
21.3625 3.6033 0.0284
22.4567 3.6184 0.0286
23.5509 3.6347 0.0296
24.6451 3.6527 0.0326
25.7392 3.6726 0.0370
26.8334 3.6949 0.0406
27.9276 3.7200 0.0498
29.0218 3.7481 0.0655
30.1160 3.7798 0.0791
31.2102 3.8153 0.0816
32.3043 3.8548 0.0940
32.3043 4.1541 0.0940
36.6042 4.1728 0.0842
40.9041 4.1868 0.0673
45.2040 4.1965 0.0573
49.5039 4.2025 0.0457
53.8038 4.2053 0.0395
58.1037 4.2055 0.0373
62.4036 4.2035 0.0357
66.7035 4.2000 0.0346
71.0034 4.1955 0.0348
75.3033 4.1905 0.0366
79.6032 4.1855 0.0404
83.9031 4.1812 0.0451
88.2030 4.1780 0.0493
92.5029 4.1764 0.0515
96.8028 4.1764 0.0518
101.1030 4.1781 0.0502
105.4030 4.1814 0.0477
109.7020 4.1861 0.0451
114.0020 4.1924 0.0436
118.3020 4.2000 0.0447
122.6020 4.2091 0.0487
126.9020 4.2195 0.0555
131.2020 4.2313 0.0650
135.5020 4.2442 0.0744
139.8020 4.2584 0.0836
144.1020 4.2738 0.0935
148.4020 4.2904 0.0999
152.7010 4.3080 0.1055
157.0010 4.3266 0.1090
161.3010 4.3463 0.1085
165.6010 4.3669 0.1061
169.9010 4.3884 0.1013
174.2010 4.4109 0.0940
178.5010 4.4341 0.0858
182.8010 4.4581 0.0813
187.1010 4.4829 0.0872
191.4010 4.5084 0.1067
195.7000 4.5346 0.1400
200.0000 4.5611 0.1590
