0.0000 1.5468 0.2327
3.9557 2.6643 0.1284
3.9557 3.2696 0.1284
5.3667 3.3182 0.1184
6.7777 3.3624 0.1445
8.1887 3.4021 0.1139
9.5997 3.4379 0.0752
11.0107 3.4699 0.0496
12.4217 3.4987 0.0401
13.8327 3.5246 0.0358
15.2437 3.5480 0.0333
16.6547 3.5692 0.0312
18.0657 3.5886 0.0296
19.4767 3.6067 0.0285
20.8877 3.6237 0.0290
22.2987 3.6401 0.0299
23.7097 3.6562 0.0315
25.1206 3.6724 0.0329
26.5316 3.6891 0.0337
27.9426 3.7066 0.0344
29.3536 3.7254 0.0343
30.7646 3.7458 0.0335
32.1756 3.7683 0.0320
33.5866 3.7930 0.0313
34.9976 3.8205 0.0332
36.4086 3.8512 0.0415
37.8196 3.8853 0.0500
39.2306 3.9233 0.0543
40.6416 3.9655 0.0587
42.0526 4.0124 0.0637
43.4636 4.0643 0.0668
44.8746 4.1212 0.0689
44.8746 4.3129 0.0689
48.8522 4.3590 0.0938
52.8297 4.4002 0.0825
56.8073 4.4365 0.0708
60.7849 4.4683 0.0654
64.7624 4.4961 0.0708
68.7400 4.5202 0.0766
72.7175 4.5412 0.0800
76.6951 4.5595 0.0773
80.6727 4.5755 0.0725
84.6502 4.5897 0.0663
88.6278 4.6024 0.0594
92.6054 4.6141 0.0559
96.5829 4.6253 0.0557
100.5600 4.6363 0.0596
104.5380 4.6471 0.0643
108.5160 4.6576 0.0691
112.4930 4.6677 0.0734
116.4710 4.6772 0.0767
120.4480 4.6862 0.0793
124.4260 4.6945 0.0815
128.4030 4.7020 0.0833
132.3810 4.7085 0.0849
136.3590 4.7142 0.0868
140.3360 4.7187 0.0891
144.3140 4.7220 0.0914
148.2910 4.7241 0.0932
152.2690 4.7248 0.0945
156.2460 4.7240 0.0953
160.2240 4.7216 0.0954
164.2020 4.7176 0.0939
168.1790 4.7118 0.0909
172.1570 4.7041 0.0862
176.1340 4.6945 0.0808
180.1120 4.6828 0.0756
184.0890 4.6690 0.0712
188.0670 4.6529 0.0723
192.0440 4.6344 0.0786
196.0220 4.6135 0.1015
200.0000 4.5903 0.1131
