0.0000 1.4694 0.2822
0.8393 2.4225 0.2054
0.8393 3.3155 0.2054
2.4932 3.3668 0.1140
4.1471 3.4138 0.0821
5.8009 3.4564 0.0526
7.4548 3.4949 0.0371
9.1087 3.5296 0.0291
10.7626 3.5608 0.0249
12.4165 3.5890 0.0239
14.0704 3.6143 0.0247
15.7243 3.6370 0.0253
17.3782 3.6575 0.0258
19.0321 3.6761 0.0256
20.6860 3.6931 0.0250
22.3399 3.7088 0.0239
23.9938 3.7235 0.0226
25.6477 3.7375 0.0215
27.3016 3.7511 0.0208
28.9554 3.7646 0.0205
30.6093 3.7784 0.0208
32.2632 3.7927 0.0213
33.9171 3.8078 0.0221
35.5710 3.8241 0.0228
37.2249 3.8418 0.0238
38.8788 3.8614 0.0253
40.5327 3.8830 0.0281
42.1866 3.9069 0.0333
43.8405 3.9336 0.0417
45.4944 3.9633 0.0523
47.1483 3.9962 0.0709
48.8022 4.0326 0.0980
48.8022 4.2880 0.0980
52.6790 4.3403 0.0978
56.5559 4.3850 0.0744
60.4328 4.4223 0.0637
64.3096 4.4530 0.0634
68.1865 4.4777 0.0667
72.0634 4.4972 0.0679
75.9403 4.5121 0.0673
79.8171 4.5231 0.0653
83.6940 4.5310 0.0632
87.5709 4.5364 0.0628
91.4478 4.5401 0.0650
95.3246 4.5427 0.0700
99.2015 4.5450 0.0754
103.0780 4.5475 0.0805
106.9550 4.5502 0.0841
110.8320 4.5531 0.0861
114.7090 4.5561 0.0874
118.5860 4.5590 0.0879
122.4630 4.5618 0.0890
126.3400 4.5643 0.0914
130.2160 4.5665 0.0952
134.0930 4.5683 0.1007
137.9700 4.5696 0.1076
141.8470 4.5703 0.1155
145.7240 4.5702 0.1232
149.6010 4.5693 0.1306
153.4780 4.5675 0.1366
157.3550 4.5647 0.1409
161.2310 4.5608 0.1431
165.1080 4.5557 0.1421
168.9850 4.5493 0.1385
172.8620 4.5415 0.1307
176.7390 4.5322 0.1208
180.6160 4.5213 0.1102
184.4930 4.5088 0.0985
188.3700 4.4944 0.0962
192.2460 4.4782 0.1027
196.1230 4.4599 0.1430
200.0000 4.4398 0.1627
