0.0000 1.1260 0.3023
0.5808 2.1721 0.3718
0.5808 3.0619 0.3718
1.7821 3.1133 0.1206
2.9835 3.1602 0.1017
4.1849 3.2027 0.0857
5.3863 3.2408 0.0716
6.5877 3.2750 0.0605
7.7891 3.3055 0.0516
8.9905 3.3325 0.0452
10.1919 3.3564 0.0411
11.3933 3.3773 0.0391
12.5947 3.3957 0.0387
13.7960 3.4117 0.0395
14.9974 3.4257 0.0408
16.1988 3.4378 0.0424
17.4002 3.4484 0.0440
18.6016 3.4578 0.0455
19.8030 3.4662 0.0469
21.0044 3.4739 0.0481
22.2058 3.4812 0.0491
23.4072 3.4883 0.0499
24.6086 3.4956 0.0507
25.8099 3.5032 0.0517
27.0113 3.5115 0.0526
28.2127 3.5207 0.0541
29.4141 3.5311 0.0567
30.6155 3.5431 0.0615
31.8169 3.5567 0.0777
33.0183 3.5724 0.0996
34.2197 3.5905 0.1284
35.4211 3.6109 0.1477
35.4211 4.1437 0.1477
39.6410 4.1718 0.1353
43.8610 4.1941 0.0803
48.0810 4.2112 0.0649
52.3010 4.2239 0.0680
56.5209 4.2329 0.0703
60.7409 4.2389 0.0694
64.9609 4.2429 0.0674
69.1809 4.2454 0.0639
73.4008 4.2473 0.0604
77.6208 4.2493 0.0580
81.8408 4.2523 0.0579
86.0608 4.2569 0.0588
90.2807 4.2639 0.0600
94.5007 4.2740 0.0626
98.7207 4.2869 0.0641
102.9410 4.3023 0.0645
107.1610 4.3199 0.0648
111.3810 4.3393 0.0654
115.6010 4.3603 0.0664
119.8210 4.3825 0.0678
124.0410 4.4055 0.0718
128.2600 4.4291 0.0769
132.4800 4.4528 0.0823
136.7000 4.4764 0.0891
140.9200 4.4994 0.0966
145.1400 4.5217 0.1033
149.3600 4.5428 0.1079
153.5800 4.5625 0.1125
157.8000 4.5803 0.1151
162.0200 4.5960 0.1146
166.2400 4.6092 0.1118
170.4600 4.6196 0.1079
174.6800 4.6268 0.1033
178.9000 4.6306 0.0980
183.1200 4.6305 0.0964
187.3400 4.6263 0.1016
191.5600 4.6176 0.1145
195.7800 4.6040 0.1444
200.0000 4.5855 0.1617
