0.0000 1.7714 0.2342
5.6916 2.7482 0.1110
5.6916 3.3353 0.1110
6.9086 3.3805 0.1227
8.1256 3.4219 0.1206
9.3427 3.4595 0.0701
10.5597 3.4935 0.0447
11.7767 3.5242 0.0364
12.9938 3.5520 0.0315
14.2108 3.5772 0.0286
15.4278 3.6000 0.0282
16.6449 3.6206 0.0279
17.8619 3.6396 0.0280
19.0789 3.6570 0.0288
20.2960 3.6732 0.0298
21.5130 3.6885 0.0310
22.7300 3.7033 0.0322
23.9471 3.7177 0.0331
25.1641 3.7321 0.0337
26.3811 3.7467 0.0340
27.5982 3.7619 0.0340
28.8152 3.7780 0.0333
30.0322 3.7953 0.0327
31.2493 3.8139 0.0331
32.4663 3.8344 0.0343
33.6834 3.8568 0.0365
34.9004 3.8816 0.0403
36.1174 3.9090 0.0432
37.3345 3.9393 0.0475
38.5515 3.9729 0.0600
39.7685 4.0099 0.0849
40.9856 4.0505 0.1073
40.9856 4.2621 0.1073
45.0628 4.3098 0.0766
49.1401 4.3557 0.0599
53.2174 4.3994 0.0536
57.2947 4.4408 0.0547
61.3720 4.4800 0.0563
65.4493 4.5167 0.0569
69.5265 4.5511 0.0568
73.6038 4.5829 0.0551
77.6811 4.6122 0.0515
81.7584 4.6388 0.0488
85.8357 4.6627 0.0469
89.9129 4.6840 0.0472
93.9902 4.7024 0.0500
98.0675 4.7179 0.0536
102.1450 4.7308 0.0574
106.2220 4.7411 0.0603
110.2990 4.7492 0.0623
114.3770 4.7550 0.0641
118.4540 4.7589 0.0655
122.5310 4.7610 0.0670
126.6080 4.7614 0.0687
130.6860 4.7605 0.0709
134.7630 4.7582 0.0735
138.8400 4.7549 0.0765
142.9180 4.7507 0.0797
146.9950 4.7457 0.0825
151.0720 4.7402 0.0849
155.1490 4.7343 0.0867
159.2270 4.7282 0.0872
163.3040 4.7221 0.0865
167.3810 4.7162 0.0844
171.4590 4.7106 0.0802
175.5360 4.7056 0.0752
179.6130 4.7012 0.0710
183.6900 4.6977 0.0670
187.7680 4.6953 0.0688
191.8450 4.6941 0.0770
195.9220 4.6943 0.0996
200.0000 4.6961 0.1118
