0.0000 1.3135 0.4524
0.3807 2.1899 0.5017
0.3807 3.0499 0.5017
1.6766 3.1243 0.0666
2.9726 3.1929 0.0527
4.2685 3.2557 0.0421
5.5645 3.3128 0.0350
6.8604 3.3648 0.0301
8.1564 3.4117 0.0274
9.4523 3.4540 0.0259
10.7483 3.4920 0.0253
12.0442 3.5259 0.0253
13.3402 3.5560 0.0252
14.6361 3.5827 0.0248
15.9321 3.6063 0.0246
17.2280 3.6270 0.0240
18.5240 3.6451 0.0238
19.8199 3.6611 0.0238
21.1159 3.6751 0.0239
22.4118 3.6875 0.0240
23.7078 3.6985 0.0242
25.0037 3.7085 0.0242
26.2997 3.7178 0.0244
27.5956 3.7268 0.0253
28.8916 3.7355 0.0275
30.1876 3.7445 0.0331
31.4835 3.7540 0.0414
32.7795 3.7643 0.0500
34.0754 3.7756 0.0585
35.3714 3.7884 0.0697
36.6673 3.8029 0.0817
37.9633 3.8193 0.0893
37.9633 4.1518 0.0893
42.1181 4.1976 0.0899
46.2729 4.2294 0.0638
50.4276 4.2485 0.0476
54.5824 4.2565 0.0406
58.7372 4.2553 0.0397
62.8920 4.2463 0.0402
67.0468 4.2313 0.0401
71.2016 4.2121 0.0399
75.3564 4.1902 0.0389
79.5112 4.1674 0.0393
83.6660 4.1453 0.0414
87.8208 4.1256 0.0439
91.9756 4.1100 0.0461
96.1304 4.0999 0.0476
100.2850 4.0951 0.0478
104.4400 4.0954 0.0471
108.5950 4.1004 0.0459
112.7500 4.1096 0.0453
116.9040 4.1228 0.0464
121.0590 4.1396 0.0492
125.2140 4.1595 0.0532
129.3690 4.1822 0.0601
133.5240 4.2074 0.0679
137.6780 4.2347 0.0752
141.8330 4.2637 0.0828
145.9880 4.2939 0.0899
150.1430 4.3252 0.0953
154.2980 4.3571 0.0995
158.4520 4.3892 0.1011
162.6070 4.4211 0.1005
166.7620 4.4525 0.0987
170.9170 4.4831 0.0935
175.0710 4.5124 0.0872
179.2260 4.5400 0.0829
183.3810 4.5657 0.0808
187.5360 4.5890 0.0859
191.6910 4.6095 0.1004
195.8450 4.6270 0.1354
200.0000 4.6408 0.1552
