0.0000 1.3243 0.4684
0.4661 2.1566 0.4558
0.4661 3.0820 0.4558
1.7280 3.1467 0.0687
2.9899 3.2066 0.0552
4.2518 3.2618 0.0433
5.5137 3.3124 0.0346
6.7756 3.3586 0.0294
8.0374 3.4008 0.0258
9.2993 3.4391 0.0249
10.5612 3.4739 0.0244
11.8231 3.5053 0.0260
13.0850 3.5337 0.0272
14.3469 3.5592 0.0282
15.6088 3.5822 0.0288
16.8707 3.6028 0.0293
18.1326 3.6214 0.0296
19.3945 3.6381 0.0296
20.6564 3.6533 0.0290
21.9183 3.6671 0.0282
23.1802 3.6799 0.0270
24.4421 3.6919 0.0263
25.7040 3.7033 0.0270
26.9658 3.7144 0.0277
28.2277 3.7254 0.0296
29.4896 3.7366 0.0357
30.7515 3.7482 0.0419
32.0134 3.7605 0.0477
33.2753 3.7738 0.0544
34.5372 3.7883 0.0646
35.7991 3.8041 0.0818
37.0610 3.8216 0.0934
37.0610 4.2395 0.0934
41.2389 4.2527 0.0964
45.4168 4.2583 0.0651
49.5948 4.2572 0.0464
53.7727 4.2505 0.0415
57.9506 4.2392 0.0426
62.1285 4.2243 0.0432
66.3065 4.2069 0.0427
70.4844 4.1881 0.0410
74.6623 4.1689 0.0395
78.8402 4.1504 0.0400
83.0181 4.1336 0.0431
87.1961 4.1196 0.0471
91.3740 4.1093 0.0507
95.5519 4.1037 0.0532
99.7298 4.1027 0.0539
103.9080 4.1059 0.0526
108.0860 4.1129 0.0500
112.2640 4.1236 0.0486
116.4420 4.1375 0.0487
120.6190 4.1543 0.0505
124.7970 4.1738 0.0549
128.9750 4.1955 0.0637
133.1530 4.2192 0.0736
137.3310 4.2446 0.0821
141.5090 4.2713 0.0927
145.6870 4.2989 0.1024
149.8650 4.3272 0.1090
154.0430 4.3559 0.1148
158.2210 4.3846 0.1177
162.3990 4.4131 0.1172
166.5770 4.4409 0.1140
170.7550 4.4677 0.1079
174.9320 4.4933 0.1001
179.1100 4.5173 0.0912
183.2880 4.5394 0.0839
187.4660 4.5593 0.0850
191.6440 4.5766 0.0982
195.8220 4.5911 0.1357
200.0000 4.6023 0.1575
