0.0000 0.9234 0.1976
2.2787 2.1587 0.2892
2.2787 3.4295 0.2892
3.8754 3.4680 0.0811
5.4721 3.5025 0.0499
7.0689 3.5330 0.0377
8.6656 3.5598 0.0290
10.2623 3.5835 0.0233
11.8590 3.6043 0.0206
13.4557 3.6226 0.0199
15.0524 3.6388 0.0199
16.6491 3.6532 0.0204
18.2458 3.6663 0.0207
19.8425 3.6784 0.0209
21.4392 3.6899 0.0213
23.0360 3.7012 0.0217
24.6327 3.7125 0.0225
26.2294 3.7244 0.0232
27.8261 3.7372 0.0237
29.4228 3.7512 0.0242
31.0195 3.7668 0.0245
32.6162 3.7844 0.0249
34.2129 3.8044 0.0253
35.8096 3.8272 0.0270
37.4063 3.8531 0.0304
39.0031 3.8824 0.0366
40.5998 3.9156 0.0491
42.1965 3.9531 0.0631
43.7932 3.9952 0.0764
45.3899 4.0422 0.0960
46.9866 4.0946 0.1109
48.5833 4.1524 0.1156
48.5833 4.4518 0.1156
52.4658 4.4892 0.1163
56.3483 4.5196 0.0896
60.2308 4.5434 0.0670
64.1133 4.5610 0.0592
67.9958 4.5732 0.0578
71.8782 4.5806 0.0582
75.7607 4.5836 0.0574
79.6432 4.5830 0.0565
83.5257 4.5793 0.0560
87.4082 4.5732 0.0572
91.2907 4.5651 0.0604
95.1732 4.5558 0.0653
99.0557 4.5459 0.0704
102.9380 4.5358 0.0743
106.8210 4.5257 0.0766
110.7030 4.5159 0.0772
114.5860 4.5063 0.0773
118.4680 4.4973 0.0765
122.3510 4.4888 0.0761
126.2330 4.4810 0.0774
130.1160 4.4740 0.0809
133.9980 4.4680 0.0866
137.8810 4.4632 0.0938
141.7630 4.4595 0.1017
145.6450 4.4572 0.1102
149.5280 4.4564 0.1187
153.4100 4.4572 0.1254
157.2930 4.4598 0.1300
161.1750 4.4642 0.1330
165.0580 4.4706 0.1325
168.9400 4.4792 0.1294
172.8230 4.4900 0.1240
176.7050 4.5033 0.1153
180.5880 4.5190 0.1051
184.4700 4.5374 0.0944
188.3530 4.5586 0.0929
192.2350 4.5827 0.0998
196.1180 4.6098 0.1344
200.0000 4.6398 0.1514
