0.0000 0.4291 0.0656
1.1178 2.3741 0.2474
1.1178 3.4499 0.2474
2.4179 3.4752 0.0671
3.7181 3.4979 0.0520
5.0182 3.5182 0.0441
6.3183 3.5363 0.0375
7.6184 3.5524 0.0324
8.9185 3.5668 0.0285
10.2187 3.5798 0.0254
11.5188 3.5915 0.0232
12.8189 3.6023 0.0218
14.1190 3.6123 0.0206
15.4192 3.6219 0.0202
16.7193 3.6313 0.0203
18.0194 3.6407 0.0208
19.3195 3.6504 0.0215
20.6196 3.6606 0.0225
21.9198 3.6715 0.0237
23.2199 3.6836 0.0248
24.5200 3.6968 0.0255
25.8201 3.7117 0.0260
27.1202 3.7283 0.0272
28.4204 3.7469 0.0292
29.7205 3.7677 0.0335
31.0206 3.7911 0.0370
32.3207 3.8173 0.0409
33.6208 3.8465 0.0514
34.9210 3.8790 0.0550
36.2211 3.9149 0.0562
37.5212 3.9547 0.0618
38.8213 3.9981 0.0679
38.8213 4.1512 0.0679
42.9541 4.2149 0.0752
47.0869 4.2751 0.0701
51.2197 4.3313 0.0572
55.3525 4.3835 0.0546
59.4853 4.4319 0.0596
63.6181 4.4765 0.0643
67.7509 4.5174 0.0662
71.8837 4.5545 0.0646
76.0165 4.5880 0.0611
80.1493 4.6179 0.0561
84.2821 4.6443 0.0549
88.4149 4.6672 0.0582
92.5477 4.6867 0.0609
96.6805 4.7028 0.0645
100.8130 4.7158 0.0681
104.9460 4.7257 0.0690
109.0790 4.7327 0.0678
113.2120 4.7370 0.0652
117.3440 4.7387 0.0623
121.4770 4.7379 0.0592
125.6100 4.7349 0.0581
129.7430 4.7298 0.0618
133.8760 4.7227 0.0698
138.0080 4.7138 0.0803
142.1410 4.7033 0.0908
146.2740 4.6913 0.0991
150.4070 4.6779 0.1064
154.5400 4.6634 0.1147
158.6720 4.6478 0.1195
162.8050 4.6313 0.1206
166.9380 4.6142 0.1205
171.0710 4.5964 0.1175
175.2040 4.5783 0.1115
179.3360 4.5599 0.1037
183.4690 4.5414 0.0962
187.6020 4.5230 0.0931
191.7350 4.5048 0.0955
195.8680 4.4869 0.1240
200.0000 4.4697 0.1399
