0.0000 1.3307 0.3543
0.4533 2.0200 0.4135
0.4533 3.0404 0.4135
1.7768 3.1223 0.0644
3.1003 3.1974 0.0504
4.4238 3.2656 0.0413
5.7473 3.3273 0.0345
7.0708 3.3828 0.0296
8.3943 3.4325 0.0264
9.7178 3.4768 0.0251
11.0413 3.5160 0.0248
12.3648 3.5505 0.0246
13.6883 3.5808 0.0243
15.0118 3.6070 0.0242
16.3353 3.6297 0.0232
17.6588 3.6492 0.0223
18.9823 3.6658 0.0217
20.3058 3.6799 0.0210
21.6293 3.6919 0.0204
22.9528 3.7021 0.0201
24.2762 3.7110 0.0202
25.5997 3.7189 0.0207
26.9232 3.7261 0.0217
28.2467 3.7330 0.0231
29.5702 3.7400 0.0257
30.8937 3.7475 0.0291
32.2172 3.7558 0.0331
33.5407 3.7654 0.0387
34.8642 3.7764 0.0473
36.1877 3.7894 0.0673
37.5112 3.8047 0.1367
38.8347 3.8226 0.1552
38.8347 4.2327 0.1552
42.9671 4.1876 0.0757
47.0996 4.1506 0.0538
51.2320 4.1214 0.0419
55.3645 4.0993 0.0377
59.4969 4.0836 0.0362
63.6293 4.0736 0.0352
67.7618 4.0687 0.0348
71.8942 4.0681 0.0352
76.0266 4.0710 0.0372
80.1591 4.0769 0.0411
84.2915 4.0849 0.0458
88.4239 4.0945 0.0494
92.5564 4.1049 0.0520
96.6888 4.1154 0.0528
100.8210 4.1262 0.0511
104.9540 4.1371 0.0485
109.0860 4.1482 0.0458
113.2190 4.1596 0.0438
117.3510 4.1714 0.0456
121.4830 4.1835 0.0498
125.6160 4.1961 0.0561
129.7480 4.2091 0.0666
133.8810 4.2226 0.0776
138.0130 4.2367 0.0876
142.1460 4.2514 0.0978
146.2780 4.2668 0.1065
150.4100 4.2828 0.1129
154.5430 4.2997 0.1172
158.6750 4.3173 0.1183
162.8080 4.3357 0.1168
166.9400 4.3551 0.1110
171.0730 4.3754 0.1021
175.2050 4.3966 0.0922
179.3380 4.4189 0.0841
183.4700 4.4423 0.0796
187.6020 4.4668 0.0854
191.7350 4.4925 0.1036
195.8670 4.5194 0.1544
200.0000 4.5474 0.1828
