0.0000 0.5855 0.1072
1.4554 2.2244 0.3438
1.4554 3.4359 0.3438
3.1019 3.4709 0.0630
4.7483 3.5029 0.0479
6.3947 3.5317 0.0367
8.0412 3.5577 0.0277
9.6876 3.5812 0.0228
11.3340 3.6026 0.0194
12.9804 3.6220 0.0188
14.6269 3.6397 0.0184
16.2733 3.6561 0.0186
17.9197 3.6715 0.0185
19.5662 3.6861 0.0186
21.2126 3.7002 0.0189
22.8590 3.7141 0.0189
24.5055 3.7282 0.0191
26.1519 3.7427 0.0193
27.7983 3.7578 0.0198
29.4448 3.7740 0.0202
31.0912 3.7914 0.0210
32.7376 3.8103 0.0218
34.3841 3.8312 0.0235
36.0305 3.8542 0.0263
37.6769 3.8796 0.0331
39.3233 3.9077 0.0429
40.9698 3.9389 0.0500
42.6162 3.9734 0.0616
44.2626 4.0114 0.0749
45.9091 4.0534 0.0834
47.5555 4.0996 0.0908
49.2019 4.1499 0.0954
49.2019 4.4133 0.0954
53.0685 4.4574 0.0900
56.9352 4.4943 0.0695
60.8018 4.5244 0.0650
64.6684 4.5484 0.0633
68.5350 4.5668 0.0622
72.4016 4.5803 0.0593
76.2682 4.5896 0.0552
80.1349 4.5954 0.0531
84.0015 4.5983 0.0546
87.8681 4.5990 0.0599
91.7347 4.5981 0.0676
95.6013 4.5964 0.0767
99.4679 4.5944 0.0842
103.3350 4.5927 0.0885
107.2010 4.5914 0.0901
111.0680 4.5904 0.0887
114.9340 4.5896 0.0855
118.8010 4.5891 0.0808
122.6680 4.5885 0.0757
126.5340 4.5881 0.0734
130.4010 4.5876 0.0751
134.2670 4.5870 0.0802
138.1340 4.5862 0.0888
142.0010 4.5852 0.0999
145.8670 4.5839 0.1122
149.7340 4.5823 0.1245
153.6010 4.5802 0.1358
157.4670 4.5776 0.1439
161.3340 4.5744 0.1508
165.2000 4.5706 0.1538
169.0670 4.5662 0.1523
172.9340 4.5609 0.1483
176.8000 4.5548 0.1400
180.6670 4.5478 0.1282
184.5330 4.5399 0.1134
188.4000 4.5309 0.1063
192.2670 4.5208 0.1071
196.1330 4.5096 0.1333
200.0000 4.4972 0.1465
