0.0000 0.4641 0.0689
1.2937 2.3743 0.3231
1.2937 3.4144 0.3231
2.7869 3.4489 0.0742
4.2800 3.4806 0.0597
5.7732 3.5094 0.0480
7.2663 3.5356 0.0393
8.7594 3.5595 0.0316
10.2526 3.5812 0.0264
11.7457 3.6010 0.0227
13.2389 3.6192 0.0209
14.7320 3.6359 0.0203
16.2251 3.6514 0.0205
17.7183 3.6660 0.0212
19.2114 3.6798 0.0223
20.7046 3.6931 0.0232
22.1977 3.7062 0.0245
23.6909 3.7192 0.0255
25.1840 3.7325 0.0266
26.6771 3.7461 0.0276
28.1703 3.7604 0.0286
29.6634 3.7757 0.0296
31.1566 3.7920 0.0315
32.6497 3.8098 0.0341
34.1428 3.8291 0.0384
35.6360 3.8503 0.0485
37.1291 3.8735 0.0590
38.6223 3.8990 0.0652
40.1154 3.9271 0.0772
41.6085 3.9579 0.0814
43.1017 3.9918 0.0751
44.5948 4.0286 0.0727
44.5948 4.1986 0.0727
48.5796 4.2821 0.0687
52.5643 4.3540 0.0601
56.5491 4.4147 0.0554
60.5338 4.4652 0.0565
64.5185 4.5067 0.0583
68.5033 4.5402 0.0613
72.4880 4.5668 0.0601
76.4728 4.5876 0.0578
80.4575 4.6036 0.0557
84.4423 4.6160 0.0547
88.4270 4.6258 0.0573
92.4118 4.6342 0.0614
96.3965 4.6421 0.0662
100.3810 4.6506 0.0708
104.3660 4.6595 0.0745
108.3510 4.6688 0.0763
112.3350 4.6782 0.0775
116.3200 4.6875 0.0783
120.3050 4.6966 0.0783
124.2900 4.7053 0.0795
128.2740 4.7134 0.0820
132.2590 4.7207 0.0860
136.2440 4.7270 0.0927
140.2290 4.7322 0.0992
144.2130 4.7361 0.1054
148.1980 4.7384 0.1102
152.1830 4.7390 0.1140
156.1680 4.7378 0.1173
160.1520 4.7344 0.1175
164.1370 4.7288 0.1157
168.1220 4.7208 0.1127
172.1070 4.7101 0.1075
176.0910 4.6966 0.1008
180.0760 4.6802 0.0938
184.0610 4.6605 0.0896
188.0460 4.6375 0.0914
192.0300 4.6109 0.0993
196.0150 4.5807 0.1322
200.0000 4.5467 0.1494
