0.0000 1.1655 0.2528
2.1486 2.3449 0.2861
2.1486 3.3945 0.2861
3.7472 3.4391 0.1112
5.3458 3.4790 0.0548
6.9444 3.5146 0.0412
8.5429 3.5461 0.0311
10.1415 3.5739 0.0246
11.7401 3.5984 0.0219
13.3387 3.6201 0.0214
14.9373 3.6392 0.0216
16.5358 3.6563 0.0221
18.1344 3.6716 0.0226
19.7330 3.6856 0.0231
21.3316 3.6987 0.0239
22.9302 3.7113 0.0246
24.5287 3.7237 0.0255
26.1273 3.7363 0.0263
27.7259 3.7497 0.0269
29.3245 3.7640 0.0273
30.9230 3.7798 0.0272
32.5216 3.7973 0.0275
34.1202 3.8171 0.0284
35.7188 3.8395 0.0314
37.3174 3.8649 0.0374
38.9159 3.8936 0.0448
40.5145 3.9262 0.0495
42.1131 3.9629 0.0564
43.7117 4.0041 0.0685
45.3103 4.0503 0.0994
46.9088 4.1019 0.1100
48.5074 4.1588 0.1127
48.5074 4.4018 0.1127
52.3919 4.4441 0.1026
56.2763 4.4799 0.0768
60.1607 4.5093 0.0622
64.0452 4.5330 0.0609
67.9296 4.5515 0.0646
71.8140 4.5653 0.0678
75.6985 4.5749 0.0685
79.5829 4.5809 0.0677
83.4673 4.5838 0.0652
87.3518 4.5842 0.0636
91.2362 4.5827 0.0638
95.1207 4.5796 0.0661
99.0051 4.5757 0.0692
102.8900 4.5713 0.0730
106.7740 4.5667 0.0764
110.6580 4.5617 0.0787
114.5430 4.5566 0.0806
118.4270 4.5513 0.0826
122.3120 4.5460 0.0851
126.1960 4.5407 0.0883
130.0810 4.5353 0.0924
133.9650 4.5301 0.0979
137.8490 4.5251 0.1047
141.7340 4.5202 0.1108
145.6180 4.5157 0.1173
149.5030 4.5115 0.1236
153.3870 4.5076 0.1287
157.2720 4.5042 0.1321
161.1560 4.5014 0.1328
165.0400 4.4990 0.1309
168.9250 4.4973 0.1270
172.8090 4.4963 0.1203
176.6940 4.4961 0.1116
180.5780 4.4966 0.1025
184.4630 4.4980 0.0937
188.3470 4.5003 0.0945
192.2320 4.5035 0.1038
196.1160 4.5078 0.1397
200.0000 4.5131 0.1574
