0.0000 1.3636 0.2171
1.6613 2.6681 0.1804
1.6613 3.2698 0.1804
3.2209 3.3215 0.1037
4.7805 3.3697 0.1069
6.3400 3.4143 0.0562
7.8996 3.4556 0.0359
9.4592 3.4937 0.0287
11.0188 3.5291 0.0266
12.5784 3.5619 0.0267
14.1380 3.5923 0.0272
15.6976 3.6206 0.0275
17.2572 3.6472 0.0275
18.8168 3.6722 0.0270
20.3764 3.6958 0.0258
21.9360 3.7184 0.0244
23.4956 3.7402 0.0228
25.0552 3.7614 0.0219
26.6148 3.7824 0.0217
28.1744 3.8032 0.0222
29.7339 3.8243 0.0231
31.2935 3.8459 0.0245
32.8531 3.8681 0.0261
34.4127 3.8913 0.0279
35.9723 3.9158 0.0301
37.5319 3.9417 0.0341
39.0915 3.9693 0.0388
40.6511 3.9989 0.0457
42.2107 4.0307 0.0506
43.7703 4.0650 0.0582
45.3299 4.1021 0.0695
46.8895 4.1418 0.0795
46.8895 4.3494 0.0795
50.8154 4.3856 0.0812
54.7413 4.4191 0.0569
58.6672 4.4498 0.0500
62.5932 4.4777 0.0520
66.5191 4.5031 0.0543
70.4450 4.5260 0.0550
74.3709 4.5468 0.0540
78.2969 4.5655 0.0518
82.2228 4.5822 0.0506
86.1487 4.5972 0.0518
90.0746 4.6106 0.0565
94.0005 4.6226 0.0630
97.9265 4.6333 0.0695
101.8520 4.6429 0.0742
105.7780 4.6514 0.0768
109.7040 4.6588 0.0774
113.6300 4.6652 0.0764
117.5560 4.6706 0.0745
121.4820 4.6750 0.0727
125.4080 4.6784 0.0727
129.3340 4.6810 0.0747
133.2600 4.6826 0.0787
137.1860 4.6833 0.0850
141.1120 4.6832 0.0927
145.0380 4.6822 0.1015
148.9630 4.6805 0.1101
152.8890 4.6780 0.1172
156.8150 4.6747 0.1228
160.7410 4.6707 0.1274
164.6670 4.6660 0.1284
168.5930 4.6606 0.1263
172.5190 4.6546 0.1214
176.4450 4.6480 0.1132
180.3710 4.6408 0.1032
184.2970 4.6330 0.0927
188.2230 4.6246 0.0909
192.1490 4.6158 0.0979
196.0750 4.6064 0.1299
200.0000 4.5967 0.1462
