0.0000 1.3139 0.3514
0.3657 2.1030 0.4144
0.3657 3.0407 0.4144
1.7145 3.1183 0.0607
3.0632 3.1895 0.0478
4.4120 3.2541 0.0394
5.7607 3.3124 0.0331
7.1095 3.3649 0.0284
8.4583 3.4118 0.0258
9.8070 3.4536 0.0241
11.1558 3.4906 0.0233
12.5046 3.5231 0.0230
13.8533 3.5516 0.0225
15.2021 3.5764 0.0224
16.5509 3.5979 0.0220
17.8996 3.6163 0.0215
19.2484 3.6322 0.0214
20.5972 3.6458 0.0212
21.9459 3.6574 0.0211
23.2947 3.6676 0.0211
24.6435 3.6766 0.0211
25.9922 3.6847 0.0215
27.3410 3.6924 0.0222
28.6898 3.7001 0.0241
30.0385 3.7079 0.0284
31.3873 3.7164 0.0314
32.7361 3.7260 0.0339
34.0848 3.7368 0.0376
35.4336 3.7494 0.0433
36.7824 3.7641 0.0659
38.1311 3.7811 0.1353
39.4799 3.8009 0.1710
39.4799 4.2230 0.1710
43.5958 4.1811 0.0790
47.7117 4.1468 0.0551
51.8276 4.1198 0.0435
55.9435 4.0994 0.0395
60.0594 4.0851 0.0384
64.1753 4.0761 0.0374
68.2912 4.0719 0.0366
72.4071 4.0716 0.0363
76.5230 4.0747 0.0372
80.6389 4.0806 0.0401
84.7548 4.0885 0.0441
88.8707 4.0978 0.0480
92.9866 4.1079 0.0512
97.1024 4.1182 0.0526
101.2180 4.1287 0.0520
105.3340 4.1394 0.0506
109.4500 4.1503 0.0487
113.5660 4.1615 0.0471
117.6820 4.1731 0.0490
121.7980 4.1851 0.0527
125.9140 4.1976 0.0583
130.0300 4.2106 0.0666
134.1460 4.2241 0.0760
138.2610 4.2383 0.0851
142.3770 4.2532 0.0940
146.4930 4.2688 0.1019
150.6090 4.2852 0.1079
154.7250 4.3024 0.1119
158.8410 4.3205 0.1128
162.9570 4.3396 0.1116
167.0730 4.3596 0.1069
171.1890 4.3807 0.0992
175.3040 4.4029 0.0905
179.4200 4.4262 0.0838
183.5360 4.4508 0.0813
187.6520 4.4766 0.0878
191.7680 4.5038 0.1044
195.8840 4.5322 0.1530
200.0000 4.5619 0.1801
