0.0000 1.5304 0.2561
1.4188 2.4004 0.1782
1.4188 2.8587 0.1782
2.2538 2.9227 0.1502
3.0889 2.9821 0.1115
3.9239 3.0368 0.0815
4.7590 3.0872 0.0838
5.5940 3.1333 0.0573
6.4290 3.1757 0.0519
7.2641 3.2144 0.0483
8.0991 3.2499 0.0457
8.9341 3.2824 0.0440
9.7692 3.3122 0.0430
10.6042 3.3395 0.0419
11.4392 3.3647 0.0406
12.2743 3.3879 0.0395
13.1093 3.4096 0.0385
13.9443 3.4300 0.0375
14.7794 3.4494 0.0373
15.6144 3.4680 0.0372
16.4494 3.4861 0.0379
17.2845 3.5041 0.0388
18.1195 3.5221 0.0401
18.9545 3.5406 0.0414
19.7896 3.5597 0.0431
20.6246 3.5798 0.0459
21.4596 3.6010 0.0513
22.2947 3.6239 0.0614
23.1297 3.6484 0.0741
23.9648 3.6751 0.0862
24.7998 3.7041 0.0953
25.6348 3.7356 0.0991
25.6348 3.9400 0.0991
30.1057 4.0315 0.0743
34.5766 4.1080 0.0591
39.0475 4.1701 0.0482
43.5184 4.2193 0.0414
47.9893 4.2568 0.0392
52.4602 4.2842 0.0390
56.9311 4.3029 0.0383
61.4020 4.3142 0.0373
65.8729 4.3195 0.0372
70.3438 4.3203 0.0387
74.8147 4.3180 0.0420
79.2856 4.3140 0.0461
83.7565 4.3096 0.0493
88.2274 4.3062 0.0512
92.6983 4.3038 0.0511
97.1692 4.3025 0.0492
101.6400 4.3022 0.0468
106.1110 4.3031 0.0450
110.5820 4.3050 0.0446
115.0530 4.3079 0.0474
119.5240 4.3119 0.0535
123.9950 4.3169 0.0625
128.4650 4.3230 0.0727
132.9360 4.3300 0.0827
137.4070 4.3381 0.0924
141.8780 4.3472 0.1013
146.3490 4.3573 0.1086
150.8200 4.3684 0.1129
155.2910 4.3804 0.1148
159.7620 4.3934 0.1128
164.2330 4.4074 0.1088
168.7040 4.4224 0.1019
173.1740 4.4383 0.0918
177.6450 4.4551 0.0843
182.1160 4.4729 0.0825
186.5870 4.4916 0.0956
191.0580 4.5112 0.1324
195.5290 4.5317 0.1699
200.0000 4.5530 0.1899
