0.0000 0.5803 0.1148
0.9611 2.4676 0.2978
0.9611 3.3937 0.2978
2.5509 3.4240 0.0829
4.1406 3.4532 0.0640
5.7304 3.4813 0.0489
7.3202 3.5084 0.0387
8.9100 3.5345 0.0316
10.4997 3.5598 0.0274
12.0895 3.5842 0.0252
13.6793 3.6080 0.0247
15.2690 3.6311 0.0250
16.8588 3.6537 0.0257
18.4486 3.6758 0.0268
20.0384 3.6976 0.0279
21.6281 3.7190 0.0289
23.2179 3.7402 0.0295
24.8077 3.7613 0.0298
26.3974 3.7823 0.0293
27.9872 3.8034 0.0287
29.5770 3.8246 0.0282
31.1668 3.8459 0.0304
32.7565 3.8676 0.0372
34.3463 3.8896 0.0405
35.9361 3.9120 0.0445
37.5259 3.9350 0.0493
39.1156 3.9585 0.0517
40.7054 3.9827 0.0589
42.2952 4.0077 0.0624
43.8849 4.0336 0.0680
45.4747 4.0604 0.0737
47.0645 4.0880 0.0806
47.0645 4.3707 0.0806
50.9859 4.4382 0.1001
54.9074 4.4966 0.0958
58.8288 4.5459 0.0779
62.7502 4.5870 0.0761
66.6717 4.6206 0.0774
70.5931 4.6474 0.0797
74.5145 4.6681 0.0782
78.4360 4.6836 0.0755
82.3574 4.6945 0.0719
86.2788 4.7017 0.0685
90.2003 4.7058 0.0661
94.1217 4.7076 0.0660
98.0432 4.7078 0.0677
101.9650 4.7071 0.0706
105.8860 4.7057 0.0740
109.8070 4.7035 0.0770
113.7290 4.7008 0.0801
117.6500 4.6974 0.0831
121.5720 4.6936 0.0861
125.4930 4.6893 0.0899
129.4150 4.6847 0.0939
133.3360 4.6797 0.0986
137.2580 4.6744 0.1047
141.1790 4.6689 0.1104
145.1000 4.6633 0.1159
149.0220 4.6576 0.1212
152.9430 4.6519 0.1256
156.8650 4.6462 0.1288
160.7860 4.6407 0.1296
164.7080 4.6352 0.1271
168.6290 4.6300 0.1234
172.5500 4.6251 0.1182
176.4720 4.6205 0.1104
180.3930 4.6164 0.1018
184.3150 4.6127 0.0945
188.2360 4.6095 0.0961
192.1580 4.6069 0.1044
196.0790 4.6049 0.1312
200.0000 4.6037 0.1447
