0.0000 0.6742 0.1081
1.5532 2.0937 0.2949
1.5532 3.4743 0.2949
3.1994 3.5079 0.0697
4.8456 3.5381 0.0558
6.4918 3.5650 0.0436
8.1381 3.5891 0.0336
9.7843 3.6105 0.0269
11.4305 3.6296 0.0220
13.0767 3.6468 0.0199
14.7229 3.6622 0.0189
16.3691 3.6763 0.0182
18.0154 3.6894 0.0179
19.6616 3.7016 0.0179
21.3078 3.7134 0.0185
22.9540 3.7251 0.0193
24.6002 3.7370 0.0203
26.2464 3.7493 0.0214
27.8927 3.7624 0.0226
29.5389 3.7766 0.0238
31.1851 3.7923 0.0255
32.8313 3.8096 0.0271
34.4775 3.8289 0.0292
36.1238 3.8506 0.0315
37.7700 3.8750 0.0456
39.4162 3.9022 0.0515
41.0624 3.9327 0.0542
42.7086 3.9668 0.0640
44.3548 4.0048 0.0731
46.0011 4.0470 0.0783
47.6473 4.0936 0.0783
49.2935 4.1447 0.0764
49.2935 4.3568 0.0764
53.1577 4.3920 0.0723
57.0220 4.4245 0.0672
60.8863 4.4541 0.0730
64.7505 4.4810 0.0640
68.6148 4.5052 0.0554
72.4790 4.5271 0.0511
76.3433 4.5466 0.0487
80.2075 4.5640 0.0486
84.0718 4.5795 0.0527
87.9361 4.5931 0.0588
91.8003 4.6051 0.0660
95.6646 4.6155 0.0741
99.5288 4.6246 0.0804
103.3930 4.6325 0.0843
107.2570 4.6391 0.0864
111.1220 4.6445 0.0857
114.9860 4.6487 0.0825
118.8500 4.6516 0.0778
122.7140 4.6532 0.0726
126.5790 4.6535 0.0687
130.4430 4.6524 0.0673
134.3070 4.6500 0.0697
138.1710 4.6462 0.0761
142.0360 4.6411 0.0850
145.9000 4.6345 0.0945
149.7640 4.6266 0.1037
153.6280 4.6172 0.1130
157.4930 4.6063 0.1215
161.3570 4.5940 0.1292
165.2210 4.5802 0.1335
169.0850 4.5648 0.1352
172.9500 4.5480 0.1341
176.8140 4.5296 0.1291
180.6780 4.5096 0.1213
184.5420 4.4880 0.1099
188.4070 4.4649 0.1055
192.2710 4.4401 0.1081
196.1350 4.4137 0.1316
199.9990 4.3858 0.1433
