0.0000 1.2336 0.3607
0.6454 2.0377 0.3066
0.6454 3.0154 0.3066
1.7980 3.0851 0.0725
2.9506 3.1495 0.0589
4.1032 3.2086 0.0458
5.2557 3.2627 0.0376
6.4083 3.3119 0.0316
7.5609 3.3568 0.0277
8.7135 3.3975 0.0255
9.8661 3.4344 0.0246
11.0186 3.4678 0.0250
12.1712 3.4980 0.0257
13.3238 3.5253 0.0264
14.4764 3.5500 0.0271
15.6290 3.5724 0.0274
16.7816 3.5928 0.0275
17.9341 3.6116 0.0274
19.0867 3.6290 0.0272
20.2393 3.6453 0.0264
21.3919 3.6609 0.0257
22.5445 3.6761 0.0249
23.6971 3.6911 0.0242
24.8496 3.7063 0.0244
26.0022 3.7220 0.0256
27.1548 3.7384 0.0287
28.3074 3.7560 0.0339
29.4600 3.7749 0.0409
30.6126 3.7956 0.0518
31.7651 3.8183 0.0779
32.9177 3.8433 0.1318
34.0703 3.8708 0.1435
34.0703 4.2495 0.1435
38.3249 4.2473 0.0744
42.5795 4.2418 0.0568
46.8341 4.2337 0.0423
51.0888 4.2235 0.0381
55.3434 4.2118 0.0391
59.5980 4.1993 0.0409
63.8526 4.1866 0.0416
68.1072 4.1743 0.0405
72.3618 4.1630 0.0386
76.6165 4.1533 0.0385
80.8711 4.1459 0.0402
85.1257 4.1413 0.0435
89.3803 4.1401 0.0469
93.6349 4.1429 0.0495
97.8895 4.1494 0.0508
102.1440 4.1594 0.0513
106.3990 4.1725 0.0500
110.6530 4.1885 0.0494
114.9080 4.2069 0.0501
119.1630 4.2275 0.0531
123.4170 4.2499 0.0576
127.6720 4.2739 0.0638
131.9260 4.2992 0.0711
136.1810 4.3253 0.0793
140.4360 4.3521 0.0873
144.6900 4.3791 0.0949
148.9450 4.4061 0.1006
153.2000 4.4328 0.1048
157.4540 4.4587 0.1069
161.7090 4.4837 0.1070
165.9630 4.5074 0.1028
170.2180 4.5295 0.0979
174.4730 4.5497 0.0925
178.7270 4.5676 0.0841
182.9820 4.5829 0.0811
187.2360 4.5954 0.0889
191.4910 4.6046 0.1085
195.7460 4.6104 0.1416
200.0000 4.6123 0.1602
