0.0000 1.3085 0.4091
0.5660 2.1412 0.3249
0.5660 3.0305 0.3249
1.8004 3.0968 0.0816
3.0348 3.1583 0.0632
4.2691 3.2150 0.0469
5.5035 3.2671 0.0365
6.7379 3.3148 0.0300
7.9723 3.3586 0.0276
9.2066 3.3986 0.0272
10.4410 3.4351 0.0276
11.6754 3.4684 0.0284
12.9098 3.4988 0.0290
14.1441 3.5265 0.0291
15.3785 3.5518 0.0287
16.6129 3.5750 0.0283
17.8473 3.5964 0.0277
19.0816 3.6161 0.0272
20.3160 3.6346 0.0270
21.5504 3.6521 0.0266
22.7848 3.6688 0.0264
24.0191 3.6850 0.0258
25.2535 3.7010 0.0255
26.4879 3.7171 0.0259
27.7223 3.7336 0.0275
28.9566 3.7506 0.0335
30.1910 3.7686 0.0444
31.4254 3.7877 0.0508
32.6598 3.8082 0.0617
33.8942 3.8304 0.0814
35.1285 3.8547 0.1010
36.3629 3.8810 0.1073
36.3629 4.1655 0.1073
40.5587 4.1829 0.0689
44.7545 4.1949 0.0516
48.9504 4.2019 0.0401
53.1462 4.2046 0.0373
57.3420 4.2040 0.0387
61.5378 4.2006 0.0398
65.7336 4.1952 0.0400
69.9295 4.1887 0.0394
74.1253 4.1818 0.0394
78.3211 4.1751 0.0410
82.5169 4.1695 0.0440
86.7128 4.1657 0.0477
90.9086 4.1645 0.0505
95.1044 4.1664 0.0520
99.3002 4.1715 0.0515
103.4960 4.1794 0.0495
107.6920 4.1901 0.0461
111.8880 4.2032 0.0439
116.0830 4.2185 0.0444
120.2790 4.2360 0.0473
124.4750 4.2553 0.0518
128.6710 4.2762 0.0602
132.8670 4.2986 0.0700
137.0630 4.3222 0.0796
141.2580 4.3468 0.0896
145.4540 4.3722 0.0989
149.6500 4.3982 0.1057
153.8460 4.4245 0.1110
158.0420 4.4511 0.1139
162.2380 4.4776 0.1139
166.4330 4.5039 0.1091
170.6290 4.5297 0.1031
174.8250 4.5548 0.0949
179.0210 4.5791 0.0811
183.2170 4.6023 0.0722
187.4120 4.6242 0.0739
191.6080 4.6445 0.0871
195.8040 4.6632 0.1231
200.0000 4.6798 0.1438
