0.0000 1.5533 0.4158
0.2587 2.3170 0.3897
0.2587 3.0851 0.3897
1.3860 3.1402 0.1006
2.5132 3.1902 0.0722
3.6404 3.2351 0.0534
4.7677 3.2753 0.0386
5.8949 3.3112 0.0304
7.0222 3.3432 0.0274
8.1494 3.3715 0.0280
9.2767 3.3967 0.0298
10.4039 3.4190 0.0317
11.5312 3.4389 0.0329
12.6584 3.4567 0.0330
13.7856 3.4727 0.0323
14.9129 3.4874 0.0313
16.0401 3.5010 0.0299
17.1674 3.5141 0.0285
18.2946 3.5269 0.0277
19.4219 3.5398 0.0275
20.5491 3.5532 0.0275
21.6764 3.5674 0.0281
22.8036 3.5828 0.0291
23.9308 3.5999 0.0305
25.0581 3.6189 0.0321
26.1853 3.6402 0.0350
27.3126 3.6642 0.0393
28.4398 3.6913 0.0499
29.5671 3.7218 0.0817
30.6943 3.7562 0.0866
31.8216 3.7947 0.0737
32.9488 3.8374 0.0733
32.9488 4.0938 0.0733
37.2322 4.1311 0.0696
41.5155 4.1600 0.0460
45.7989 4.1812 0.0365
50.0822 4.1958 0.0353
54.3656 4.2047 0.0350
58.6490 4.2089 0.0347
62.9323 4.2096 0.0339
67.2157 4.2075 0.0335
71.4990 4.2038 0.0345
75.7824 4.1994 0.0370
80.0658 4.1954 0.0402
84.3491 4.1928 0.0440
88.6325 4.1925 0.0469
92.9158 4.1953 0.0477
97.1992 4.2012 0.0464
101.4830 4.2100 0.0430
105.7660 4.2214 0.0390
110.0490 4.2352 0.0367
114.3330 4.2511 0.0371
118.6160 4.2689 0.0425
122.8990 4.2883 0.0497
127.1830 4.3091 0.0589
131.4660 4.3311 0.0714
135.7490 4.3539 0.0826
140.0330 4.3774 0.0923
144.3160 4.4013 0.1011
148.5990 4.4254 0.1097
152.8830 4.4494 0.1154
157.1660 4.4730 0.1172
161.4500 4.4961 0.1166
165.7330 4.5184 0.1109
170.0160 4.5396 0.1038
174.3000 4.5595 0.0942
178.5830 4.5778 0.0765
182.8660 4.5944 0.0649
187.1500 4.6088 0.0689
191.4330 4.6210 0.0907
195.7160 4.6307 0.1280
200.0000 4.6375 0.1490
