0.0000 1.3117 0.4389
0.4085 2.1606 0.4021
0.4085 2.9837 0.4021
1.5455 3.0545 0.0922
2.6826 3.1189 0.0725
3.8197 3.1771 0.0585
4.9568 3.2293 0.0465
6.0938 3.2760 0.0371
7.2309 3.3176 0.0316
8.3680 3.3547 0.0292
9.5051 3.3875 0.0282
10.6422 3.4165 0.0284
11.7792 3.4422 0.0295
12.9163 3.4649 0.0305
14.0534 3.4851 0.0317
15.1905 3.5033 0.0325
16.3275 3.5197 0.0331
17.4646 3.5349 0.0335
18.6017 3.5494 0.0337
19.7388 3.5634 0.0336
20.8758 3.5774 0.0334
22.0129 3.5920 0.0330
23.1500 3.6074 0.0326
24.2871 3.6241 0.0325
25.4241 3.6425 0.0332
26.5612 3.6631 0.0354
27.6983 3.6863 0.0414
28.8354 3.7125 0.0513
29.9724 3.7421 0.0636
31.1095 3.7756 0.0861
32.2466 3.8133 0.1278
33.3837 3.8555 0.1600
33.3837 4.2417 0.1600
37.6559 4.2336 0.0806
41.9281 4.2256 0.0584
46.2003 4.2177 0.0458
50.4725 4.2102 0.0398
54.7447 4.2032 0.0380
59.0169 4.1968 0.0382
63.2891 4.1910 0.0387
67.5613 4.1861 0.0398
71.8335 4.1822 0.0419
76.1057 4.1792 0.0450
80.3779 4.1775 0.0487
84.6501 4.1770 0.0528
88.9223 4.1780 0.0544
93.1945 4.1804 0.0546
97.4667 4.1843 0.0527
101.7390 4.1896 0.0491
106.0110 4.1962 0.0449
110.2830 4.2040 0.0424
114.5560 4.2130 0.0424
118.8280 4.2231 0.0480
123.1000 4.2342 0.0567
127.3720 4.2462 0.0679
131.6440 4.2592 0.0795
135.9170 4.2729 0.0923
140.1890 4.2873 0.1039
144.4610 4.3024 0.1135
148.7330 4.3181 0.1213
153.0050 4.3343 0.1270
157.2780 4.3510 0.1293
161.5500 4.3680 0.1280
165.8220 4.3853 0.1215
170.0940 4.4028 0.1134
174.3660 4.4205 0.1034
178.6390 4.4382 0.0850
182.9110 4.4560 0.0747
187.1830 4.4737 0.0830
191.4550 4.4912 0.1117
195.7270 4.5085 0.1498
200.0000 4.5254 0.1706
