0.0000 1.2919 0.4281
0.2414 2.2629 0.3598
0.2414 3.0580 0.3598
1.3577 3.1209 0.0880
2.4741 3.1780 0.0676
3.5905 3.2292 0.0538
4.7068 3.2749 0.0436
5.8232 3.3156 0.0355
6.9395 3.3517 0.0295
8.0559 3.3836 0.0264
9.1722 3.4118 0.0251
10.2886 3.4366 0.0251
11.4049 3.4585 0.0259
12.5213 3.4779 0.0270
13.6377 3.4952 0.0282
14.7540 3.5109 0.0291
15.8704 3.5253 0.0301
16.9867 3.5389 0.0309
18.1031 3.5521 0.0312
19.2194 3.5653 0.0314
20.3358 3.5789 0.0309
21.4521 3.5934 0.0304
22.5685 3.6091 0.0290
23.6848 3.6266 0.0283
24.8012 3.6462 0.0283
25.9176 3.6683 0.0303
27.0339 3.6933 0.0361
28.1503 3.7218 0.0456
29.2666 3.7540 0.0571
30.3830 3.7904 0.0713
31.4993 3.8315 0.1095
32.6157 3.8773 0.1716
32.6157 4.3309 0.1716
36.9076 4.3049 0.0782
41.1995 4.2806 0.0514
45.4914 4.2586 0.0429
49.7833 4.2387 0.0398
54.0752 4.2211 0.0383
58.3671 4.2059 0.0382
62.6590 4.1930 0.0379
66.9509 4.1826 0.0381
71.2428 4.1748 0.0387
75.5347 4.1696 0.0413
79.8266 4.1671 0.0449
84.1185 4.1673 0.0488
88.4104 4.1704 0.0512
92.7023 4.1763 0.0521
96.9942 4.1849 0.0510
101.2860 4.1959 0.0488
105.5780 4.2091 0.0450
109.8700 4.2243 0.0421
114.1620 4.2412 0.0416
118.4540 4.2596 0.0461
122.7460 4.2793 0.0536
127.0370 4.3001 0.0632
131.3290 4.3217 0.0723
135.6210 4.3439 0.0851
139.9130 4.3665 0.0964
144.2050 4.3891 0.1044
148.4970 4.4117 0.1131
152.7890 4.4340 0.1187
157.0810 4.4557 0.1208
161.3730 4.4766 0.1210
165.6650 4.4965 0.1155
169.9560 4.5151 0.1088
174.2480 4.5323 0.1007
178.5400 4.5477 0.0842
182.8320 4.5613 0.0750
187.1240 4.5726 0.0811
191.4160 4.5815 0.1038
195.7080 4.5878 0.1371
200.0000 4.5913 0.1556
