0.0000 1.3997 0.3993
0.3507 2.3862 0.3686
0.3507 3.0896 0.3686
1.9945 3.1495 0.1122
3.6382 3.2047 0.0881
5.2819 3.2550 0.0630
6.9256 3.3007 0.0419
8.5694 3.3420 0.0348
10.2131 3.3795 0.0313
11.8568 3.4132 0.0294
13.5006 3.4435 0.0287
15.1443 3.4706 0.0280
16.7880 3.4950 0.0271
18.4317 3.5168 0.0261
20.0755 3.5363 0.0250
21.7192 3.5539 0.0239
23.3629 3.5698 0.0230
25.0066 3.5843 0.0222
26.6504 3.5978 0.0219
28.2941 3.6104 0.0220
29.9378 3.6226 0.0226
31.5816 3.6345 0.0239
33.2253 3.6465 0.0256
34.8690 3.6589 0.0280
36.5127 3.6719 0.0326
38.1565 3.6859 0.0367
39.8002 3.7012 0.0426
41.4439 3.7179 0.0517
43.0877 3.7365 0.0732
44.7314 3.7572 0.1176
46.3751 3.7803 0.1546
48.0188 3.8059 0.1560
48.0188 4.1835 0.1560
51.9158 4.1763 0.1230
55.8127 4.1709 0.0816
59.7097 4.1672 0.0608
63.6066 4.1652 0.0542
67.5036 4.1645 0.0557
71.4005 4.1651 0.0580
75.2975 4.1668 0.0596
79.1944 4.1694 0.0590
83.0914 4.1728 0.0575
86.9883 4.1768 0.0559
90.8853 4.1812 0.0552
94.7822 4.1859 0.0558
98.6792 4.1906 0.0571
102.5760 4.1954 0.0586
106.4730 4.2002 0.0598
110.3700 4.2051 0.0604
114.2670 4.2103 0.0611
118.1640 4.2158 0.0622
122.0610 4.2217 0.0645
125.9580 4.2282 0.0686
129.8550 4.2352 0.0742
133.7520 4.2431 0.0803
137.6490 4.2517 0.0881
141.5460 4.2613 0.0957
145.4430 4.2719 0.1028
149.3390 4.2836 0.1099
153.2360 4.2965 0.1140
157.1330 4.3107 0.1163
161.0300 4.3264 0.1179
164.9270 4.3436 0.1158
168.8240 4.3624 0.1118
172.7210 4.3829 0.1060
176.6180 4.4052 0.0987
180.5150 4.4295 0.0931
184.4120 4.4557 0.0925
188.3090 4.4840 0.0985
192.2060 4.5146 0.1118
196.1030 4.5475 0.1559
200.0000 4.5824 0.1780
