0.0000 1.3320 0.4548
0.2481 2.2790 0.3855
0.2481 3.0475 0.3855
1.3631 3.1132 0.0830
2.4781 3.1726 0.0649
3.5931 3.2257 0.0523
4.7081 3.2729 0.0428
5.8231 3.3147 0.0359
6.9380 3.3515 0.0305
8.0530 3.3838 0.0271
9.1680 3.4119 0.0253
10.2830 3.4364 0.0250
11.3980 3.4576 0.0253
12.5130 3.4760 0.0261
13.6280 3.4921 0.0273
14.7430 3.5063 0.0284
15.8580 3.5189 0.0296
16.9730 3.5305 0.0304
18.0879 3.5416 0.0309
19.2029 3.5524 0.0310
20.3179 3.5636 0.0308
21.4329 3.5754 0.0302
22.5479 3.5884 0.0293
23.6629 3.6029 0.0288
24.7779 3.6195 0.0293
25.8929 3.6385 0.0320
27.0079 3.6605 0.0373
28.1229 3.6858 0.0463
29.2378 3.7148 0.0623
30.3528 3.7481 0.0843
31.4678 3.7860 0.1545
32.5828 3.8288 0.2065
32.5828 4.3359 0.2065
36.8756 4.3059 0.0725
41.1683 4.2786 0.0486
45.4610 4.2544 0.0393
49.7538 4.2331 0.0364
54.0465 4.2148 0.0347
58.3393 4.1994 0.0336
62.6320 4.1868 0.0330
66.9248 4.1771 0.0332
71.2175 4.1702 0.0344
75.5102 4.1661 0.0380
79.8030 4.1647 0.0427
84.0957 4.1660 0.0476
88.3885 4.1700 0.0501
92.6812 4.1767 0.0506
96.9740 4.1857 0.0489
101.2670 4.1969 0.0458
105.5590 4.2101 0.0413
109.8520 4.2250 0.0383
114.1450 4.2413 0.0376
118.4380 4.2589 0.0429
122.7300 4.2776 0.0516
127.0230 4.2970 0.0625
131.3160 4.3170 0.0724
135.6090 4.3373 0.0863
139.9010 4.3577 0.0981
144.1940 4.3779 0.1063
148.4870 4.3978 0.1151
152.7800 4.4170 0.1205
157.0720 4.4354 0.1223
161.3650 4.4528 0.1219
165.6580 4.4688 0.1158
169.9510 4.4833 0.1082
174.2430 4.4960 0.0992
178.5360 4.5067 0.0819
182.8290 4.5152 0.0718
187.1220 4.5212 0.0789
191.4140 4.5245 0.1053
195.7070 4.5248 0.1400
200.0000 4.5221 0.1591
