0.0000 0.6085 0.0753
1.8950 2.6091 0.2813
1.8950 3.4475 0.2813
3.3755 3.4820 0.0644
4.8560 3.5139 0.0534
6.3365 3.5430 0.0415
7.8171 3.5697 0.0339
9.2976 3.5941 0.0277
10.7781 3.6165 0.0239
12.2587 3.6371 0.0216
13.7392 3.6561 0.0201
15.2197 3.6737 0.0197
16.7003 3.6902 0.0193
18.1808 3.7057 0.0191
19.6613 3.7205 0.0188
21.1419 3.7348 0.0188
22.6224 3.7489 0.0190
24.1029 3.7629 0.0192
25.5835 3.7770 0.0197
27.0640 3.7915 0.0203
28.5445 3.8067 0.0209
30.0250 3.8226 0.0215
31.5056 3.8396 0.0225
32.9861 3.8579 0.0240
34.4666 3.8776 0.0264
35.9472 3.8990 0.0304
37.4277 3.9223 0.0378
38.9082 3.9478 0.0454
40.3888 3.9756 0.0519
41.8693 4.0060 0.0754
43.3498 4.0392 0.1143
44.8304 4.0752 0.1164
44.8304 4.4112 0.1164
48.8091 4.4381 0.0961
52.7878 4.4629 0.0799
56.7665 4.4858 0.0653
60.7452 4.5067 0.0570
64.7239 4.5259 0.0547
68.7027 4.5435 0.0543
72.6814 4.5596 0.0535
76.6601 4.5744 0.0524
80.6388 4.5880 0.0506
84.6175 4.6006 0.0494
88.5963 4.6122 0.0499
92.5750 4.6231 0.0518
96.5537 4.6334 0.0544
100.5320 4.6432 0.0573
104.5110 4.6524 0.0604
108.4900 4.6612 0.0631
112.4690 4.6693 0.0645
116.4470 4.6769 0.0656
120.4260 4.6839 0.0667
124.4050 4.6903 0.0672
128.3830 4.6960 0.0682
132.3620 4.7010 0.0698
136.3410 4.7053 0.0721
140.3200 4.7089 0.0744
144.2980 4.7117 0.0767
148.2770 4.7137 0.0794
152.2560 4.7149 0.0812
156.2340 4.7153 0.0820
160.2130 4.7148 0.0825
164.1920 4.7134 0.0816
168.1710 4.7111 0.0793
172.1490 4.7079 0.0758
176.1280 4.7037 0.0728
180.1070 4.6985 0.0709
184.0850 4.6923 0.0713
188.0640 4.6851 0.0749
192.0430 4.6768 0.0822
196.0220 4.6674 0.1076
200.0000 4.6569 0.1208
