0.0000 1.4359 0.4051
0.4297 2.3460 0.3693
0.4297 3.0574 0.3693
1.8380 3.1190 0.0855
3.2463 3.1768 0.0687
4.6546 3.2305 0.0553
6.0629 3.2805 0.0451
7.4711 3.3269 0.0371
8.8794 3.3700 0.0322
10.2877 3.4100 0.0294
11.6960 3.4471 0.0279
13.1042 3.4816 0.0280
14.5125 3.5137 0.0282
15.9208 3.5436 0.0294
17.3291 3.5715 0.0304
18.7373 3.5977 0.0318
20.1456 3.6225 0.0330
21.5539 3.6459 0.0341
22.9622 3.6684 0.0351
24.3704 3.6900 0.0359
25.7787 3.7110 0.0365
27.1870 3.7317 0.0371
28.5953 3.7523 0.0384
30.0035 3.7730 0.0414
31.4118 3.7940 0.0469
32.8201 3.8156 0.0533
34.2284 3.8380 0.0622
35.6366 3.8614 0.0772
37.0449 3.8861 0.0984
38.4532 3.9122 0.1114
39.8615 3.9401 0.0984
41.2697 3.9698 0.0845
41.2697 4.2647 0.0845
45.3397 4.2732 0.0743
49.4097 4.2778 0.0600
53.4797 4.2790 0.0537
57.5497 4.2771 0.0526
61.6197 4.2728 0.0525
65.6897 4.2665 0.0517
69.7597 4.2587 0.0505
73.8297 4.2499 0.0497
77.8997 4.2405 0.0510
81.9697 4.2312 0.0536
86.0397 4.2223 0.0571
90.1097 4.2143 0.0609
94.1797 4.2078 0.0638
98.2497 4.2032 0.0637
102.3200 4.2005 0.0619
106.3900 4.1997 0.0589
110.4600 4.2007 0.0557
114.5300 4.2035 0.0538
118.6000 4.2081 0.0544
122.6700 4.2144 0.0588
126.7400 4.2224 0.0666
130.8100 4.2320 0.0761
134.8800 4.2432 0.0882
138.9500 4.2560 0.1002
143.0200 4.2703 0.1105
147.0900 4.2862 0.1210
151.1600 4.3034 0.1289
155.2300 4.3221 0.1340
159.3000 4.3422 0.1362
163.3700 4.3636 0.1350
167.4400 4.3863 0.1298
171.5100 4.4103 0.1219
175.5800 4.4355 0.1118
179.6500 4.4619 0.0981
183.7200 4.4895 0.0892
187.7900 4.5181 0.0954
191.8600 4.5479 0.1170
195.9300 4.5786 0.1571
200.0000 4.6101 0.1784
