0.0000 0.6069 0.0777
1.9072 2.6040 0.2946
1.9072 3.4418 0.2946
3.3932 3.4776 0.0671
4.8793 3.5106 0.0551
6.3653 3.5407 0.0428
7.8514 3.5682 0.0346
9.3374 3.5934 0.0283
10.8234 3.6163 0.0244
12.3095 3.6374 0.0221
13.7955 3.6568 0.0208
15.2816 3.6748 0.0205
16.7676 3.6916 0.0202
18.2537 3.7075 0.0201
19.7397 3.7226 0.0198
21.2258 3.7372 0.0197
22.7118 3.7517 0.0199
24.1979 3.7661 0.0202
25.6839 3.7807 0.0206
27.1700 3.7959 0.0211
28.6560 3.8117 0.0216
30.1421 3.8286 0.0220
31.6281 3.8466 0.0229
33.1142 3.8660 0.0243
34.6002 3.8871 0.0268
36.0863 3.9101 0.0313
37.5723 3.9353 0.0395
39.0584 3.9628 0.0470
40.5444 3.9930 0.0553
42.0305 4.0260 0.0847
43.5165 4.0621 0.1338
45.0026 4.1013 0.1320
45.0026 4.4429 0.1320
48.9768 4.4617 0.0940
52.9511 4.4800 0.0797
56.9254 4.4976 0.0664
60.8997 4.5146 0.0585
64.8740 4.5310 0.0559
68.8483 4.5468 0.0548
72.8225 4.5619 0.0535
76.7968 4.5764 0.0523
80.7711 4.5903 0.0507
84.7454 4.6035 0.0502
88.7197 4.6162 0.0517
92.6939 4.6282 0.0543
96.6682 4.6396 0.0574
100.6430 4.6505 0.0605
104.6170 4.6607 0.0636
108.5910 4.6702 0.0659
112.5650 4.6791 0.0667
116.5400 4.6873 0.0671
120.5140 4.6948 0.0675
124.4880 4.7016 0.0675
128.4620 4.7077 0.0681
132.4370 4.7130 0.0697
136.4110 4.7176 0.0725
140.3850 4.7214 0.0757
144.3600 4.7244 0.0788
148.3340 4.7266 0.0825
152.3080 4.7279 0.0852
156.2820 4.7284 0.0867
160.2570 4.7280 0.0879
164.2310 4.7267 0.0874
168.2050 4.7245 0.0851
172.1800 4.7214 0.0812
176.1540 4.7174 0.0778
180.1280 4.7124 0.0753
184.1020 4.7064 0.0743
188.0770 4.6995 0.0769
192.0510 4.6915 0.0836
196.0250 4.6825 0.1093
200.0000 4.6725 0.1226
