0.0000 1.1633 0.3333
0.4250 1.9569 0.3639
0.4250 3.1953 0.3639
1.8145 3.2451 0.0659
3.2040 3.2905 0.0543
4.5936 3.3313 0.0451
5.9831 3.3679 0.0355
7.3726 3.4006 0.0300
8.7622 3.4297 0.0256
10.1517 3.4555 0.0243
11.5412 3.4783 0.0239
12.9308 3.4984 0.0238
14.3203 3.5162 0.0241
15.7098 3.5319 0.0242
17.0994 3.5459 0.0245
18.4889 3.5584 0.0247
19.8785 3.5698 0.0247
21.2680 3.5803 0.0245
22.6575 3.5904 0.0246
24.0471 3.6002 0.0247
25.4366 3.6102 0.0247
26.8261 3.6205 0.0250
28.2157 3.6316 0.0256
29.6052 3.6437 0.0269
30.9947 3.6571 0.0291
32.3843 3.6722 0.0341
33.7738 3.6892 0.0393
35.1633 3.7085 0.0440
36.5529 3.7304 0.0632
37.9424 3.7551 0.0851
39.3319 3.7830 0.1083
40.7215 3.8143 0.1285
40.7215 4.2599 0.1285
44.8055 4.2139 0.1070
48.8896 4.1788 0.0685
52.9736 4.1539 0.0524
57.0577 4.1383 0.0431
61.1417 4.1311 0.0387
65.2258 4.1310 0.0402
69.3098 4.1372 0.0421
73.3939 4.1487 0.0430
77.4779 4.1645 0.0432
81.5620 4.1835 0.0422
85.6460 4.2048 0.0409
89.7301 4.2274 0.0407
93.8141 4.2502 0.0392
97.8982 4.2724 0.0384
101.9820 4.2938 0.0400
106.0660 4.3143 0.0408
110.1500 4.3338 0.0425
114.2340 4.3523 0.0458
118.3180 4.3697 0.0505
122.4020 4.3859 0.0559
126.4870 4.4008 0.0622
130.5710 4.4144 0.0691
134.6550 4.4266 0.0754
138.7390 4.4374 0.0816
142.8230 4.4465 0.0879
146.9070 4.4541 0.0925
150.9910 4.4599 0.0953
155.0750 4.4639 0.0966
159.1590 4.4662 0.0962
163.2430 4.4665 0.0931
167.3270 4.4648 0.0869
171.4110 4.4610 0.0800
175.4950 4.4551 0.0715
179.5790 4.4469 0.0610
183.6630 4.4365 0.0578
187.7470 4.4237 0.0620
191.8310 4.4085 0.0730
195.9150 4.3908 0.1102
199.9990 4.3706 0.1299
