0.0000 0.9635 0.3116
0.7723 1.7403 0.2541
0.7723 3.2088 0.2541
2.0600 3.2619 0.0770
3.3477 3.3096 0.0657
4.6354 3.3520 0.0540
5.9231 3.3894 0.0427
7.2107 3.4222 0.0376
8.4984 3.4508 0.0313
9.7861 3.4755 0.0292
11.0738 3.4968 0.0280
12.3615 3.5149 0.0266
13.6491 3.5303 0.0259
14.9368 3.5434 0.0253
16.2245 3.5544 0.0248
17.5122 3.5639 0.0247
18.7998 3.5721 0.0245
20.0875 3.5795 0.0241
21.3752 3.5864 0.0241
22.6629 3.5932 0.0240
23.9506 3.6002 0.0236
25.2382 3.6079 0.0238
26.5259 3.6166 0.0241
27.8136 3.6267 0.0244
29.1013 3.6386 0.0258
30.3890 3.6526 0.0283
31.6766 3.6692 0.0374
32.9643 3.6886 0.0443
34.2520 3.7113 0.0474
35.5397 3.7376 0.0678
36.8274 3.7679 0.0656
38.1150 3.8025 0.1111
38.1150 4.2992 0.1111
42.2659 4.2479 0.0929
46.4168 4.2073 0.0591
50.5677 4.1771 0.0491
54.7186 4.1565 0.0433
58.8695 4.1447 0.0366
63.0204 4.1408 0.0343
67.1713 4.1439 0.0355
71.3222 4.1533 0.0365
75.4731 4.1680 0.0374
79.6240 4.1873 0.0380
83.7749 4.2104 0.0372
87.9258 4.2363 0.0380
92.0767 4.2642 0.0385
96.2276 4.2934 0.0364
100.3780 4.3234 0.0370
104.5290 4.3538 0.0377
108.6800 4.3843 0.0378
112.8310 4.4144 0.0398
116.9820 4.4438 0.0434
121.1330 4.4720 0.0487
125.2840 4.4987 0.0540
129.4350 4.5235 0.0609
133.5860 4.5460 0.0681
137.7370 4.5658 0.0742
141.8870 4.5825 0.0810
146.0380 4.5958 0.0863
150.1890 4.6052 0.0896
154.3400 4.6103 0.0918
158.4910 4.6109 0.0919
162.6420 4.6063 0.0896
166.7930 4.5964 0.0841
170.9440 4.5807 0.0771
175.0950 4.5588 0.0687
179.2460 4.5303 0.0581
183.3960 4.4948 0.0513
187.5470 4.4520 0.0512
191.6980 4.4014 0.0585
195.8490 4.3427 0.0924
200.0000 4.2760 0.1110
