0.0000 0.9632 0.1430
3.0267 2.7632 0.1896
3.0267 3.4286 0.1896
4.4154 3.4718 0.0713
5.8042 3.5112 0.0483
7.1930 3.5468 0.0362
8.5817 3.5789 0.0276
9.9705 3.6078 0.0227
11.3593 3.6339 0.0207
12.7480 3.6574 0.0207
14.1368 3.6787 0.0216
15.5256 3.6981 0.0223
16.9143 3.7159 0.0231
18.3031 3.7324 0.0234
19.6919 3.7480 0.0232
21.0806 3.7629 0.0228
22.4694 3.7774 0.0222
23.8582 3.7920 0.0217
25.2469 3.8068 0.0215
26.6357 3.8222 0.0215
28.0245 3.8386 0.0216
29.4132 3.8562 0.0223
30.8020 3.8754 0.0237
32.1908 3.8964 0.0257
33.5795 3.9196 0.0285
34.9683 3.9453 0.0322
36.3571 3.9738 0.0372
37.7458 4.0054 0.0476
39.1346 4.0405 0.0579
40.5233 4.0793 0.0758
41.9121 4.1223 0.1148
43.3009 4.1692 0.1486
43.3009 4.5536 0.1486
47.3188 4.5531 0.1050
51.3367 4.5545 0.0670
55.3546 4.5575 0.0547
59.3726 4.5618 0.0523
63.3905 4.5672 0.0544
67.4084 4.5735 0.0556
71.4263 4.5803 0.0551
75.4443 4.5874 0.0548
79.4622 4.5947 0.0547
83.4801 4.6018 0.0564
87.4980 4.6084 0.0585
91.5160 4.6144 0.0616
95.5339 4.6194 0.0647
99.5518 4.6233 0.0672
103.5700 4.6262 0.0688
107.5880 4.6280 0.0696
111.6060 4.6288 0.0697
115.6230 4.6289 0.0702
119.6410 4.6281 0.0717
123.6590 4.6267 0.0753
127.6770 4.6247 0.0806
131.6950 4.6221 0.0884
135.7130 4.6192 0.0991
139.7310 4.6159 0.1094
143.7490 4.6123 0.1185
147.7670 4.6085 0.1280
151.7850 4.6046 0.1356
155.8030 4.6007 0.1392
159.8210 4.5969 0.1413
163.8390 4.5932 0.1401
167.8560 4.5897 0.1347
171.8740 4.5866 0.1264
175.8920 4.5838 0.1147
179.9100 4.5816 0.1018
183.9280 4.5799 0.0890
187.9460 4.5788 0.0858
191.9640 4.5785 0.0935
195.9820 4.5789 0.1299
200.0000 4.5803 0.1490
