0.0000 1.2575 0.3241
0.7887 2.2840 0.3747
0.7887 3.1800 0.3747
2.1164 3.2303 0.2475
3.4440 3.2773 0.1342
4.7716 3.3211 0.0762
6.0992 3.3617 0.0656
7.4268 3.3993 0.0560
8.7544 3.4341 0.0510
10.0821 3.4663 0.0472
11.4097 3.4962 0.0446
12.7373 3.5237 0.0423
14.0649 3.5492 0.0418
15.3925 3.5728 0.0419
16.7201 3.5947 0.0450
18.0478 3.6150 0.0443
19.3754 3.6340 0.0465
20.7030 3.6518 0.0490
22.0306 3.6686 0.0492
23.3582 3.6846 0.0501
24.6858 3.6999 0.0504
26.0135 3.7148 0.0501
27.3411 3.7294 0.0494
28.6687 3.7439 0.0492
29.9963 3.7585 0.0530
31.3239 3.7733 0.0589
32.6515 3.7885 0.0623
33.9792 3.8044 0.0673
35.3068 3.8210 0.0791
36.6344 3.8386 0.0933
37.9620 3.8574 0.1222
39.2896 3.8773 0.1159
39.2896 4.1917 0.1159
43.4104 4.2187 0.0901
47.5312 4.2422 0.0703
51.6519 4.2625 0.0604
55.7727 4.2799 0.0584
59.8935 4.2947 0.0619
64.0142 4.3072 0.0635
68.1350 4.3179 0.0616
72.2558 4.3270 0.0581
76.3766 4.3350 0.0543
80.4973 4.3420 0.0516
84.6181 4.3486 0.0512
88.7389 4.3549 0.0536
92.8596 4.3615 0.0570
96.9804 4.3685 0.0598
101.1010 4.3759 0.0612
105.2220 4.3838 0.0615
109.3430 4.3919 0.0611
113.4630 4.4004 0.0600
117.5840 4.4090 0.0598
121.7050 4.4177 0.0609
125.8260 4.4266 0.0628
129.9470 4.4354 0.0664
134.0670 4.4441 0.0720
138.1880 4.4528 0.0782
142.3090 4.4612 0.0830
146.4300 4.4694 0.0890
150.5500 4.4772 0.0947
154.6710 4.4847 0.0974
158.7920 4.4917 0.0994
162.9130 4.4982 0.1001
167.0330 4.5042 0.0973
171.1540 4.5095 0.0925
175.2750 4.5140 0.0870
179.3960 4.5178 0.0806
183.5170 4.5208 0.0745
187.6370 4.5229 0.0767
191.7580 4.5240 0.0902
195.8790 4.5240 0.1154
200.0000 4.5230 0.1291
