0.0000 0.4531 0.1338
1.4805 1.9357 0.4147
1.4805 3.3996 0.4147
2.8639 3.4504 0.1040
4.2473 3.4963 0.0804
5.6307 3.5374 0.0668
7.0140 3.5741 0.0548
8.3974 3.6067 0.0454
9.7808 3.6354 0.0378
11.1642 3.6606 0.0322
12.5475 3.6827 0.0284
13.9309 3.7020 0.0260
15.3143 3.7187 0.0251
16.6977 3.7333 0.0248
18.0810 3.7460 0.0250
19.4644 3.7573 0.0254
20.8478 3.7673 0.0260
22.2312 3.7765 0.0267
23.6145 3.7851 0.0275
24.9979 3.7935 0.0284
26.3813 3.8021 0.0296
27.7647 3.8110 0.0308
29.1480 3.8208 0.0325
30.5314 3.8317 0.0343
31.9148 3.8440 0.0370
33.2982 3.8580 0.0404
34.6815 3.8742 0.0451
36.0649 3.8927 0.0646
37.4483 3.9140 0.1174
38.8317 3.9384 0.1344
40.2150 3.9661 0.1592
41.5984 3.9974 0.1825
41.5984 4.5435 0.1825
45.6600 4.5841 0.1579
49.7216 4.6185 0.0944
53.7832 4.6470 0.0773
57.8448 4.6702 0.0726
61.9064 4.6886 0.0762
65.9680 4.7028 0.0809
70.0295 4.7134 0.0811
74.0911 4.7209 0.0779
78.1527 4.7260 0.0724
82.2143 4.7293 0.0665
86.2759 4.7312 0.0588
90.3375 4.7324 0.0534
94.3991 4.7334 0.0526
98.4607 4.7348 0.0533
102.5220 4.7366 0.0549
106.5840 4.7385 0.0579
110.6450 4.7406 0.0624
114.7070 4.7428 0.0671
118.7690 4.7448 0.0705
122.8300 4.7467 0.0744
126.8920 4.7484 0.0788
130.9530 4.7496 0.0828
135.0150 4.7504 0.0864
139.0770 4.7507 0.0902
143.1380 4.7502 0.0933
147.2000 4.7490 0.0957
151.2610 4.7469 0.0971
155.3230 4.7438 0.0971
159.3850 4.7397 0.0961
163.4460 4.7344 0.0935
167.5080 4.7278 0.0896
171.5690 4.7198 0.0850
175.6310 4.7103 0.0805
179.6920 4.6993 0.0770
183.7540 4.6865 0.0800
187.8160 4.6720 0.0890
191.8770 4.6556 0.1033
195.9390 4.6372 0.1342
200.0000 4.6169 0.1502
