0.0000 1.2895 0.4751
0.2011 2.2854 0.3902
0.2011 3.2643 0.3902
1.4184 3.2927 0.0722
2.6357 3.3183 0.0545
3.8531 3.3414 0.0435
5.0704 3.3621 0.0348
6.2877 3.3807 0.0281
7.5050 3.3975 0.0238
8.7224 3.4126 0.0217
9.9397 3.4263 0.0213
11.1570 3.4390 0.0219
12.3743 3.4507 0.0227
13.5917 3.4618 0.0235
14.8090 3.4725 0.0241
16.0263 3.4830 0.0245
17.2436 3.4936 0.0245
18.4610 3.5046 0.0244
19.6783 3.5161 0.0240
20.8956 3.5284 0.0234
22.1129 3.5418 0.0229
23.3303 3.5564 0.0229
24.5476 3.5727 0.0236
25.7649 3.5907 0.0256
26.9822 3.6107 0.0288
28.1996 3.6330 0.0335
29.4169 3.6578 0.0399
30.6342 3.6854 0.0503
31.8515 3.7160 0.0742
33.0689 3.7498 0.1187
34.2862 3.7872 0.1006
35.5035 3.8280 0.1368
35.5035 4.4338 0.1368
39.7213 4.4100 0.1136
43.9392 4.3897 0.0601
48.1570 4.3729 0.0482
52.3749 4.3594 0.0417
56.5927 4.3492 0.0425
60.8106 4.3420 0.0429
65.0284 4.3378 0.0420
69.2463 4.3364 0.0396
73.4641 4.3377 0.0378
77.6820 4.3415 0.0379
81.8998 4.3477 0.0404
86.1177 4.3562 0.0461
90.3355 4.3667 0.0514
94.5533 4.3793 0.0553
98.7712 4.3936 0.0567
102.9890 4.4093 0.0566
107.2070 4.4264 0.0555
111.4250 4.4446 0.0527
115.6430 4.4636 0.0505
119.8600 4.4832 0.0507
124.0780 4.5031 0.0533
128.2960 4.5232 0.0580
132.5140 4.5433 0.0643
136.7320 4.5630 0.0723
140.9500 4.5822 0.0813
145.1680 4.6006 0.0890
149.3850 4.6180 0.0956
153.6030 4.6342 0.1015
157.8210 4.6489 0.1054
162.0390 4.6619 0.1066
166.2570 4.6731 0.1042
170.4750 4.6820 0.0999
174.6920 4.6886 0.0929
178.9100 4.6927 0.0820
183.1280 4.6938 0.0734
187.3460 4.6920 0.0712
191.5640 4.6868 0.0764
195.7820 4.6781 0.1057
200.0000 4.6658 0.1226
