0.0000 1.1636 0.4336
0.1139 2.1784 0.3496
0.1139 3.4350 0.3496
1.2811 3.4457 0.0438
2.4483 3.4557 0.0367
3.6155 3.4648 0.0323
4.7828 3.4733 0.0286
5.9500 3.4812 0.0253
7.1172 3.4886 0.0222
8.2844 3.4957 0.0196
9.4517 3.5026 0.0177
10.6189 3.5093 0.0165
11.7861 3.5160 0.0160
12.9533 3.5228 0.0161
14.1206 3.5298 0.0165
15.2878 3.5371 0.0173
16.4550 3.5449 0.0180
17.6222 3.5532 0.0187
18.7895 3.5622 0.0192
19.9567 3.5719 0.0198
21.1239 3.5825 0.0204
22.2911 3.5941 0.0212
23.4583 3.6069 0.0224
24.6256 3.6208 0.0247
25.7928 3.6360 0.0283
26.9600 3.6527 0.0334
28.1272 3.6709 0.0402
29.2945 3.6908 0.0491
30.4617 3.7125 0.0724
31.6289 3.7360 0.1225
32.7961 3.7616 0.1699
33.9634 3.7890 0.1692
33.9634 4.3305 0.1692
38.2207 4.3518 0.0832
42.4781 4.3693 0.0482
46.7354 4.3835 0.0402
50.9928 4.3946 0.0376
55.2502 4.4033 0.0378
59.5075 4.4099 0.0377
63.7649 4.4148 0.0369
68.0222 4.4186 0.0362
72.2796 4.4216 0.0363
76.5370 4.4244 0.0389
80.7943 4.4273 0.0433
85.0517 4.4308 0.0486
89.3090 4.4354 0.0527
93.5664 4.4414 0.0543
97.8237 4.4488 0.0544
102.0810 4.4573 0.0534
106.3380 4.4669 0.0512
110.5960 4.4774 0.0494
114.8530 4.4886 0.0489
119.1110 4.5004 0.0507
123.3680 4.5126 0.0565
127.6250 4.5250 0.0635
131.8830 4.5376 0.0710
136.1400 4.5500 0.0809
140.3970 4.5623 0.0903
144.6550 4.5742 0.0981
148.9120 4.5855 0.1043
153.1690 4.5962 0.1095
157.4270 4.6060 0.1124
161.6840 4.6148 0.1129
165.9410 4.6225 0.1077
170.1990 4.6288 0.1017
174.4560 4.6337 0.0937
178.7140 4.6369 0.0799
182.9710 4.6383 0.0713
187.2280 4.6378 0.0743
191.4860 4.6352 0.0897
195.7430 4.6303 0.1199
200.0000 4.6231 0.1370
