0.0000 1.4189 0.3785
0.2173 2.2885 0.3462
0.2173 2.9412 0.3462
1.4824 3.0262 0.1276
2.7475 3.1050 0.1039
4.0125 3.1772 0.0853
5.2776 3.2434 0.0717
6.5427 3.3037 0.0606
7.8077 3.3585 0.0520
9.0728 3.4082 0.0463
10.3379 3.4531 0.0432
11.6029 3.4936 0.0415
12.8680 3.5299 0.0410
14.1331 3.5625 0.0411
15.3981 3.5916 0.0415
16.6632 3.6177 0.0421
17.9283 3.6410 0.0430
19.1933 3.6618 0.0439
20.4584 3.6806 0.0450
21.7235 3.6977 0.0460
22.9886 3.7134 0.0471
24.2536 3.7279 0.0484
25.5187 3.7418 0.0498
26.7838 3.7553 0.0512
28.0488 3.7688 0.0533
29.3139 3.7826 0.0574
30.5790 3.7970 0.0658
31.8440 3.8124 0.0731
33.1091 3.8291 0.0919
34.3742 3.8475 0.1261
35.6392 3.8678 0.1533
36.9043 3.8904 0.1220
36.9043 4.2266 0.1220
41.0863 4.2328 0.0869
45.2682 4.2385 0.0677
49.4502 4.2439 0.0616
53.6321 4.2491 0.0603
57.8141 4.2543 0.0604
61.9960 4.2596 0.0592
66.1780 4.2653 0.0569
70.3599 4.2714 0.0547
74.5418 4.2781 0.0531
78.7238 4.2855 0.0534
82.9057 4.2939 0.0555
87.0877 4.3034 0.0589
91.2696 4.3141 0.0623
95.4516 4.3261 0.0643
99.6335 4.3394 0.0650
103.8150 4.3536 0.0648
107.9970 4.3686 0.0646
112.1790 4.3841 0.0650
116.3610 4.4001 0.0676
120.5430 4.4162 0.0725
124.7250 4.4322 0.0789
128.9070 4.4480 0.0871
133.0890 4.4634 0.0969
137.2710 4.4781 0.1066
141.4530 4.4919 0.1152
145.6350 4.5046 0.1229
149.8170 4.5161 0.1297
153.9990 4.5260 0.1337
158.1810 4.5343 0.1349
162.3630 4.5407 0.1332
166.5450 4.5450 0.1282
170.7270 4.5469 0.1204
174.9090 4.5464 0.1110
179.0910 4.5431 0.0990
183.2730 4.5369 0.0902
187.4540 4.5276 0.0937
191.6360 4.5149 0.1126
195.8180 4.4987 0.1531
200.0000 4.4789 0.1757
