0.0000 0.4528 0.1252
3.0011 2.8312 0.2315
3.0011 3.3334 0.2315
4.5683 3.3943 0.0871
6.1354 3.4497 0.0581
7.7026 3.4997 0.0443
9.2697 3.5445 0.0342
10.8369 3.5847 0.0285
12.4040 3.6205 0.0267
13.9712 3.6525 0.0270
15.5383 3.6809 0.0285
17.1055 3.7062 0.0295
18.6726 3.7288 0.0307
20.2398 3.7491 0.0309
21.8069 3.7674 0.0309
23.3741 3.7842 0.0308
24.9412 3.7999 0.0304
26.5084 3.8148 0.0297
28.0755 3.8293 0.0290
29.6427 3.8438 0.0282
31.2098 3.8588 0.0279
32.7770 3.8746 0.0279
34.3441 3.8916 0.0288
35.9113 3.9103 0.0320
37.4784 3.9309 0.0456
39.0456 3.9539 0.0579
40.6127 3.9798 0.0644
42.1799 4.0088 0.0709
43.7470 4.0414 0.0783
45.3142 4.0779 0.0864
46.8813 4.1188 0.1078
48.4484 4.1642 0.1286
48.4484 4.5077 0.1286
52.3344 4.5471 0.1259
56.2203 4.5789 0.1112
60.1063 4.6034 0.1088
63.9922 4.6216 0.0995
67.8782 4.6341 0.0877
71.7641 4.6418 0.0814
75.6501 4.6454 0.0773
79.5360 4.6457 0.0749
83.4220 4.6436 0.0731
87.3079 4.6398 0.0736
91.1939 4.6351 0.0765
95.0798 4.6303 0.0810
98.9658 4.6261 0.0865
102.8520 4.6233 0.0921
106.7380 4.6217 0.0969
110.6240 4.6212 0.0999
114.5100 4.6217 0.1014
118.3960 4.6230 0.1018
122.2810 4.6248 0.1021
126.1670 4.6271 0.1021
130.0530 4.6297 0.1024
133.9390 4.6323 0.1037
137.8250 4.6348 0.1054
141.7110 4.6371 0.1080
145.5970 4.6390 0.1112
149.4830 4.6402 0.1146
153.3690 4.6407 0.1180
157.2550 4.6403 0.1208
161.1410 4.6387 0.1224
165.0270 4.6359 0.1233
168.9130 4.6316 0.1229
172.7990 4.6256 0.1202
176.6850 4.6179 0.1181
180.5710 4.6082 0.1164
184.4570 4.5964 0.1151
188.3430 4.5822 0.1188
192.2290 4.5655 0.1271
196.1150 4.5462 0.1538
200.0000 4.5243 0.1668
