0.0000 1.1866 0.4168
0.2063 2.2676 0.3745
0.2063 2.9522 0.3745
1.2393 3.0202 0.0928
2.2722 3.0842 0.0738
3.3052 3.1441 0.0633
4.3381 3.2000 0.0547
5.3711 3.2522 0.0477
6.4041 3.3009 0.0429
7.4370 3.3464 0.0390
8.4700 3.3889 0.0365
9.5030 3.4286 0.0349
10.5359 3.4658 0.0337
11.5689 3.5007 0.0332
12.6018 3.5334 0.0332
13.6348 3.5644 0.0333
14.6678 3.5937 0.0338
15.7007 3.6217 0.0344
16.7337 3.6485 0.0351
17.7667 3.6744 0.0358
18.7996 3.6996 0.0365
19.8326 3.7244 0.0371
20.8655 3.7489 0.0377
21.8985 3.7735 0.0384
22.9315 3.7984 0.0392
23.9644 3.8237 0.0412
24.9974 3.8497 0.0445
26.0304 3.8767 0.0474
27.0633 3.9049 0.0516
28.0963 3.9345 0.0598
29.1292 3.9658 0.0814
30.1622 3.9987 0.1092
30.1622 4.2808 0.1092
34.5170 4.3021 0.0734
38.8718 4.3186 0.0500
43.2267 4.3306 0.0430
47.5815 4.3386 0.0418
51.9363 4.3432 0.0424
56.2911 4.3450 0.0431
60.6459 4.3444 0.0429
65.0008 4.3421 0.0427
69.3556 4.3385 0.0432
73.7104 4.3342 0.0448
78.0652 4.3298 0.0478
82.4200 4.3258 0.0508
86.7749 4.3226 0.0533
91.1297 4.3209 0.0545
95.4845 4.3206 0.0537
99.8393 4.3217 0.0516
104.1940 4.3243 0.0487
108.5490 4.3281 0.0457
112.9040 4.3333 0.0445
117.2590 4.3399 0.0468
121.6130 4.3476 0.0518
125.9680 4.3567 0.0586
130.3230 4.3669 0.0673
134.6780 4.3784 0.0777
139.0330 4.3910 0.0870
143.3880 4.4048 0.0941
147.7420 4.4196 0.1020
152.0970 4.4356 0.1079
156.4520 4.4525 0.1103
160.8070 4.4706 0.1108
165.1620 4.4896 0.1073
169.5160 4.5095 0.1022
173.8710 4.5304 0.0961
178.2260 4.5522 0.0833
182.5810 4.5750 0.0749
186.9360 4.5985 0.0777
191.2910 4.6229 0.0937
195.6450 4.6481 0.1198
200.0000 4.6738 0.1347
