0.0000 1.2524 0.4111
0.2072 2.3036 0.3731
0.2072 3.1010 0.3731
1.2564 3.1533 0.0870
2.3055 3.2020 0.0696
3.3546 3.2470 0.0601
4.4037 3.2885 0.0514
5.4528 3.3270 0.0446
6.5019 3.3626 0.0398
7.5510 3.3957 0.0358
8.6001 3.4265 0.0331
9.6492 3.4554 0.0315
10.6984 3.4825 0.0305
11.7475 3.5084 0.0302
12.7966 3.5331 0.0304
13.8457 3.5570 0.0309
14.8948 3.5804 0.0315
15.9439 3.6036 0.0324
16.9930 3.6269 0.0333
18.0421 3.6505 0.0340
19.0912 3.6747 0.0347
20.1403 3.6999 0.0353
21.1895 3.7264 0.0359
22.2386 3.7543 0.0367
23.2877 3.7841 0.0376
24.3368 3.8159 0.0399
25.3859 3.8502 0.0435
26.4350 3.8871 0.0475
27.4841 3.9270 0.0537
28.5332 3.9702 0.0597
29.5823 4.0169 0.0772
30.6314 4.0671 0.1008
30.6314 4.3254 0.1008
34.9742 4.3389 0.0728
39.3170 4.3482 0.0491
43.6598 4.3538 0.0420
48.0026 4.3561 0.0415
52.3454 4.3557 0.0418
56.6882 4.3531 0.0420
61.0310 4.3488 0.0415
65.3738 4.3435 0.0414
69.7166 4.3376 0.0422
74.0594 4.3316 0.0444
78.4022 4.3261 0.0484
82.7450 4.3217 0.0520
87.0878 4.3189 0.0547
91.4306 4.3180 0.0561
95.7734 4.3191 0.0551
100.1160 4.3220 0.0528
104.4590 4.3267 0.0496
108.8020 4.3331 0.0463
113.1450 4.3409 0.0449
117.4870 4.3501 0.0477
121.8300 4.3605 0.0534
126.1730 4.3721 0.0609
130.5160 4.3847 0.0698
134.8590 4.3982 0.0810
139.2010 4.4125 0.0915
143.5440 4.4274 0.0990
147.8870 4.4428 0.1073
152.2300 4.4587 0.1135
156.5720 4.4749 0.1158
160.9150 4.4912 0.1161
165.2580 4.5076 0.1120
169.6010 4.5239 0.1062
173.9440 4.5400 0.0990
178.2860 4.5558 0.0842
182.6290 4.5712 0.0746
186.9720 4.5860 0.0783
191.3150 4.6002 0.0973
195.6580 4.6135 0.1259
200.0000 4.6259 0.1421
