0.0000 1.1333 0.3875
0.1455 2.1330 0.3608
0.1455 3.1173 0.3608
1.1685 3.1721 0.1100
2.1914 3.2229 0.0908
3.2144 3.2696 0.0777
4.2374 3.3124 0.0679
5.2603 3.3517 0.0589
6.2833 3.3876 0.0520
7.3063 3.4204 0.0465
8.3292 3.4503 0.0422
9.3522 3.4775 0.0395
10.3752 3.5022 0.0374
11.3981 3.5248 0.0365
12.4211 3.5454 0.0358
13.4440 3.5643 0.0357
14.4670 3.5817 0.0359
15.4900 3.5979 0.0364
16.5129 3.6130 0.0369
17.5359 3.6273 0.0375
18.5589 3.6411 0.0382
19.5818 3.6545 0.0388
20.6048 3.6679 0.0395
21.6278 3.6814 0.0402
22.6507 3.6954 0.0412
23.6737 3.7099 0.0426
24.6967 3.7253 0.0451
25.7196 3.7418 0.0482
26.7426 3.7596 0.0530
27.7656 3.7789 0.0598
28.7885 3.8001 0.0712
29.8115 3.8231 0.1114
29.8115 4.3692 0.1114
34.1753 4.3533 0.1086
38.5391 4.3392 0.0676
42.9029 4.3268 0.0560
47.2667 4.3163 0.0524
51.6305 4.3075 0.0517
55.9943 4.3007 0.0516
60.3581 4.2957 0.0498
64.7219 4.2927 0.0478
69.0857 4.2915 0.0462
73.4494 4.2923 0.0454
77.8132 4.2950 0.0465
82.1770 4.2997 0.0489
86.5408 4.3063 0.0518
90.9046 4.3149 0.0543
95.2684 4.3253 0.0552
99.6322 4.3373 0.0551
103.9960 4.3507 0.0542
108.3600 4.3654 0.0529
112.7240 4.3810 0.0528
117.0870 4.3976 0.0550
121.4510 4.4148 0.0592
125.8150 4.4325 0.0646
130.1790 4.4505 0.0722
134.5430 4.4685 0.0806
138.9060 4.4865 0.0881
143.2700 4.5042 0.0943
147.6340 4.5214 0.1009
151.9980 4.5380 0.1060
156.3620 4.5537 0.1079
160.7250 4.5684 0.1079
165.0890 4.5819 0.1048
169.4530 4.5939 0.1004
173.8170 4.6043 0.0949
178.1810 4.6130 0.0855
182.5440 4.6196 0.0792
186.9080 4.6241 0.0827
191.2720 4.6262 0.0988
195.6360 4.6258 0.1250
199.9990 4.6227 0.1399
