0.0000 0.6660 0.1183
3.7841 2.9798 0.1687
3.7841 3.5045 0.1687
5.4698 3.5499 0.0685
7.1555 3.5906 0.0496
8.8413 3.6266 0.0392
10.5270 3.6584 0.0320
12.2127 3.6863 0.0287
13.8985 3.7108 0.0276
15.5842 3.7322 0.0277
17.2699 3.7511 0.0280
18.9557 3.7677 0.0286
20.6414 3.7825 0.0286
22.3271 3.7959 0.0284
24.0129 3.8083 0.0281
25.6986 3.8202 0.0280
27.3844 3.8319 0.0279
29.0701 3.8438 0.0279
30.7558 3.8563 0.0281
32.4416 3.8699 0.0285
34.1273 3.8849 0.0291
35.8130 3.9018 0.0302
37.4988 3.9210 0.0360
39.1845 3.9428 0.0444
40.8702 3.9678 0.0542
42.5560 3.9962 0.0607
44.2417 4.0285 0.0687
45.9274 4.0652 0.0863
47.6132 4.1065 0.1126
49.2989 4.1530 0.1265
50.9846 4.2050 0.1249
52.6704 4.2626 0.1197
52.6704 4.5641 0.1197
57.7507 4.6075 0.1050
62.8311 4.6401 0.0930
67.9114 4.6628 0.0816
72.9917 4.6769 0.0792
78.0721 4.6838 0.0773
83.1524 4.6847 0.0727
88.2328 4.6809 0.0692
93.3131 4.6738 0.0692
98.3935 4.6645 0.0730
103.4740 4.6545 0.0789
108.5540 4.6444 0.0844
113.6350 4.6345 0.0882
118.7150 4.6248 0.0899
123.7950 4.6153 0.0911
128.8760 4.6061 0.0923
133.9560 4.5973 0.0946
139.0360 4.5888 0.0980
144.1170 4.5808 0.1033
149.1970 4.5733 0.1080
154.2770 4.5664 0.1127
159.3580 4.5601 0.1161
164.4380 4.5544 0.1172
169.5180 4.5494 0.1157
174.5990 4.5452 0.1112
179.6790 4.5419 0.1067
184.7590 4.5394 0.1051
189.8400 4.5378 0.1110
194.9200 4.5372 0.1362
200.0000 4.5377 0.1591
