0.0000 0.9008 0.1394
2.4409 2.8899 0.2086
2.4409 3.4958 0.2086
4.0667 3.5363 0.0694
5.6927 3.5730 0.0558
7.3186 3.6060 0.0442
8.9444 3.6355 0.0350
10.5703 3.6618 0.0280
12.1962 3.6852 0.0228
13.8221 3.7061 0.0198
15.4480 3.7248 0.0187
17.0739 3.7414 0.0185
18.6999 3.7564 0.0191
20.3258 3.7700 0.0201
21.9517 3.7826 0.0206
23.5776 3.7944 0.0212
25.2035 3.8057 0.0215
26.8294 3.8168 0.0217
28.4553 3.8281 0.0218
30.0812 3.8398 0.0220
31.7071 3.8523 0.0223
33.3330 3.8657 0.0230
34.9589 3.8805 0.0245
36.5848 3.8970 0.0273
38.2107 3.9153 0.0309
39.8366 3.9359 0.0367
41.4625 3.9590 0.0446
43.0884 3.9850 0.0550
44.7143 4.0141 0.0719
46.3402 4.0466 0.0844
47.9661 4.0828 0.0969
49.5920 4.1228 0.1128
49.5920 4.4189 0.1128
53.4486 4.4698 0.0862
57.3052 4.5114 0.0669
61.1618 4.5442 0.0622
65.0184 4.5689 0.0694
68.8750 4.5865 0.0792
72.7316 4.5977 0.0834
76.5883 4.6035 0.0817
80.4449 4.6046 0.0756
84.3015 4.6018 0.0658
88.1581 4.5961 0.0576
92.0147 4.5882 0.0528
95.8713 4.5790 0.0574
99.7279 4.5693 0.0657
103.5850 4.5599 0.0770
107.4410 4.5508 0.0877
111.2980 4.5422 0.0969
115.1540 4.5340 0.1044
119.0110 4.5265 0.1104
122.8680 4.5194 0.1158
126.7240 4.5131 0.1194
130.5810 4.5074 0.1220
134.4370 4.5024 0.1250
138.2940 4.4982 0.1275
142.1510 4.4948 0.1289
146.0070 4.4923 0.1287
149.8640 4.4907 0.1271
153.7210 4.4900 0.1250
157.5770 4.4903 0.1215
161.4340 4.4917 0.1153
165.2900 4.4942 0.1076
169.1470 4.4978 0.0994
173.0040 4.5026 0.0903
176.8600 4.5087 0.0854
180.7170 4.5160 0.0852
184.5730 4.5246 0.0915
188.4300 4.5346 0.1013
192.2870 4.5461 0.1162
196.1430 4.5590 0.1585
200.0000 4.5733 0.1792
