0.0000 1.4089 0.1380
2.1561 2.9506 0.1620
2.1561 3.5936 0.1620
3.5939 3.6170 0.0566
5.0317 3.6374 0.0426
6.4695 3.6552 0.0350
7.9072 3.6704 0.0293
9.3450 3.6836 0.0248
10.7828 3.6949 0.0216
12.2206 3.7046 0.0195
13.6583 3.7131 0.0183
15.0961 3.7207 0.0178
16.5339 3.7275 0.0178
17.9717 3.7340 0.0181
19.4094 3.7405 0.0184
20.8472 3.7472 0.0187
22.2850 3.7544 0.0190
23.7228 3.7624 0.0191
25.1605 3.7715 0.0193
26.5983 3.7821 0.0194
28.0361 3.7943 0.0193
29.4739 3.8086 0.0194
30.9116 3.8252 0.0200
32.3494 3.8443 0.0215
33.7872 3.8664 0.0238
35.2250 3.8917 0.0272
36.6628 3.9204 0.0330
38.1005 3.9530 0.0405
39.5383 3.9896 0.0565
40.9761 4.0306 0.0724
42.4139 4.0763 0.0795
43.8516 4.1266 0.0912
43.8516 4.4108 0.0912
47.8554 4.4241 0.0964
51.8592 4.4395 0.0549
55.8630 4.4567 0.0459
59.8668 4.4750 0.0434
63.8706 4.4940 0.0451
67.8744 4.5133 0.0465
71.8782 4.5324 0.0478
75.8820 4.5508 0.0493
79.8858 4.5680 0.0520
83.8896 4.5836 0.0553
87.8934 4.5971 0.0592
91.8972 4.6081 0.0626
95.9010 4.6160 0.0651
99.9048 4.6205 0.0657
103.9090 4.6218 0.0646
107.9120 4.6203 0.0623
111.9160 4.6163 0.0586
115.9200 4.6101 0.0563
119.9240 4.6020 0.0569
123.9280 4.5924 0.0610
127.9310 4.5815 0.0688
131.9350 4.5698 0.0786
135.9390 4.5575 0.0902
139.9430 4.5450 0.1021
143.9470 4.5325 0.1134
147.9500 4.5205 0.1251
151.9540 4.5092 0.1337
155.9580 4.4991 0.1385
159.9620 4.4903 0.1411
163.9650 4.4832 0.1408
167.9690 4.4782 0.1368
171.9730 4.4756 0.1270
175.9770 4.4757 0.1150
179.9810 4.4789 0.1016
183.9840 4.4854 0.0836
187.9880 4.4956 0.0759
191.9920 4.5099 0.0800
195.9960 4.5285 0.1205
200.0000 4.5515 0.1416
