0.0000 1.2137 0.4371
0.1386 2.1881 0.3623
0.1386 3.4238 0.3623
1.2962 3.4303 0.0426
2.4538 3.4367 0.0336
3.6115 3.4430 0.0302
4.7691 3.4493 0.0273
5.9267 3.4555 0.0245
7.0843 3.4617 0.0219
8.2420 3.4680 0.0197
9.3996 3.4743 0.0179
10.5572 3.4806 0.0166
11.7149 3.4872 0.0158
12.8725 3.4938 0.0153
14.0301 3.5006 0.0153
15.1878 3.5077 0.0158
16.3454 3.5150 0.0164
17.5030 3.5225 0.0171
18.6607 3.5304 0.0179
19.8183 3.5386 0.0187
20.9759 3.5471 0.0196
22.1336 3.5561 0.0208
23.2912 3.5655 0.0221
24.4488 3.5753 0.0240
25.6064 3.5856 0.0265
26.7641 3.5965 0.0297
27.9217 3.6079 0.0340
29.0793 3.6198 0.0395
30.2370 3.6324 0.0462
31.3946 3.6456 0.0584
32.5522 3.6595 0.1165
33.7099 3.6740 0.2487
33.7099 4.4352 0.2487
37.9737 4.4051 0.1222
42.2376 4.3843 0.0620
46.5014 4.3719 0.0515
50.7653 4.3670 0.0475
55.0291 4.3686 0.0448
59.2929 4.3755 0.0437
63.5568 4.3867 0.0425
67.8206 4.4012 0.0413
72.0845 4.4179 0.0425
76.3483 4.4359 0.0463
80.6122 4.4540 0.0520
84.8760 4.4712 0.0577
89.1399 4.4865 0.0630
93.4037 4.4991 0.0656
97.6676 4.5089 0.0661
101.9310 4.5163 0.0648
106.1950 4.5216 0.0627
110.4590 4.5250 0.0610
114.7230 4.5268 0.0600
118.9870 4.5272 0.0614
123.2510 4.5266 0.0670
127.5140 4.5252 0.0739
131.7780 4.5233 0.0825
136.0420 4.5211 0.0931
140.3060 4.5190 0.1029
144.5700 4.5171 0.1126
148.8340 4.5158 0.1201
153.0980 4.5153 0.1258
157.3610 4.5160 0.1298
161.6250 4.5181 0.1300
165.8890 4.5218 0.1245
170.1530 4.5274 0.1178
174.4170 4.5352 0.1080
178.6810 4.5455 0.0911
182.9440 4.5586 0.0807
187.2080 4.5746 0.0827
191.4720 4.5940 0.0980
195.7360 4.6169 0.1325
200.0000 4.6434 0.1522
