0.0000 0.7668 0.1214
2.5877 2.8787 0.2169
2.5877 3.5002 0.2169
4.1711 3.5410 0.0761
5.7545 3.5779 0.0607
7.3379 3.6109 0.0486
8.9213 3.6405 0.0389
10.5047 3.6669 0.0316
12.0882 3.6903 0.0262
13.6716 3.7111 0.0228
15.2550 3.7295 0.0212
16.8384 3.7459 0.0205
18.4218 3.7605 0.0207
20.0052 3.7737 0.0213
21.5886 3.7857 0.0217
23.1720 3.7968 0.0221
24.7555 3.8074 0.0225
26.3389 3.8176 0.0229
27.9223 3.8279 0.0233
29.5057 3.8384 0.0238
31.0891 3.8496 0.0243
32.6725 3.8616 0.0253
34.2559 3.8748 0.0269
35.8394 3.8895 0.0296
37.4228 3.9060 0.0338
39.0062 3.9245 0.0404
40.5896 3.9454 0.0479
42.1730 3.9689 0.0584
43.7564 3.9953 0.0851
45.3398 4.0250 0.1026
46.9233 4.0583 0.1155
48.5067 4.0951 0.1299
48.5067 4.4610 0.1299
52.3911 4.5033 0.0985
56.2755 4.5379 0.0732
60.1600 4.5649 0.0668
64.0444 4.5852 0.0691
67.9288 4.5993 0.0751
71.8133 4.6081 0.0776
75.6977 4.6121 0.0761
79.5822 4.6121 0.0717
83.4666 4.6088 0.0653
87.3510 4.6029 0.0609
91.2355 4.5950 0.0596
95.1199 4.5859 0.0653
99.0043 4.5763 0.0736
102.8890 4.5668 0.0827
106.7730 4.5575 0.0904
110.6580 4.5485 0.0966
114.5420 4.5400 0.1009
118.4270 4.5319 0.1040
122.3110 4.5244 0.1071
126.1950 4.5175 0.1097
130.0800 4.5113 0.1123
133.9640 4.5060 0.1161
137.8490 4.5015 0.1204
141.7330 4.4979 0.1238
145.6180 4.4954 0.1263
149.5020 4.4940 0.1280
153.3860 4.4937 0.1288
157.2710 4.4948 0.1277
161.1550 4.4971 0.1242
165.0400 4.5009 0.1188
168.9240 4.5062 0.1120
172.8090 4.5130 0.1035
176.6930 4.5215 0.0982
180.5770 4.5318 0.0963
184.4620 4.5438 0.0976
188.3460 4.5577 0.1034
192.2310 4.5736 0.1151
196.1150 4.5915 0.1573
200.0000 4.6114 0.1782
