0.0000 1.0289 0.1052
2.3892 2.9186 0.1544
2.3892 3.5543 0.1544
3.7752 3.5885 0.0601
5.1612 3.6189 0.0502
6.5471 3.6456 0.0417
7.9331 3.6689 0.0344
9.3191 3.6891 0.0284
10.7051 3.7065 0.0241
12.0911 3.7214 0.0212
13.4770 3.7342 0.0192
14.8630 3.7450 0.0183
16.2490 3.7542 0.0181
17.6350 3.7620 0.0185
19.0210 3.7688 0.0191
20.4069 3.7749 0.0198
21.7929 3.7805 0.0205
23.1789 3.7860 0.0212
24.5649 3.7916 0.0216
25.9508 3.7976 0.0219
27.3368 3.8044 0.0220
28.7228 3.8121 0.0220
30.1088 3.8212 0.0221
31.4948 3.8319 0.0226
32.8807 3.8445 0.0239
34.2667 3.8593 0.0262
35.6527 3.8766 0.0304
37.0387 3.8966 0.0361
38.4247 3.9198 0.0467
39.8106 3.9463 0.0593
41.1966 3.9764 0.0765
42.5826 4.0103 0.1046
42.5826 4.5584 0.1046
46.6189 4.5398 0.1180
50.6553 4.5265 0.0621
54.6916 4.5181 0.0508
58.7279 4.5140 0.0454
62.7643 4.5136 0.0443
66.8006 4.5165 0.0437
70.8369 4.5220 0.0445
74.8733 4.5295 0.0469
78.9096 4.5385 0.0519
82.9459 4.5485 0.0581
86.9823 4.5588 0.0650
91.0186 4.5688 0.0710
95.0549 4.5781 0.0749
99.0913 4.5862 0.0755
103.1280 4.5930 0.0732
107.1640 4.5986 0.0690
111.2000 4.6030 0.0630
115.2370 4.6065 0.0583
119.2730 4.6090 0.0576
123.3090 4.6105 0.0623
127.3460 4.6113 0.0716
131.3820 4.6114 0.0834
135.4180 4.6108 0.0978
139.4550 4.6096 0.1137
143.4910 4.6079 0.1285
147.5270 4.6059 0.1434
151.5640 4.6034 0.1558
155.6000 4.6007 0.1630
159.6360 4.5979 0.1673
163.6730 4.5949 0.1681
167.7090 4.5919 0.1640
171.7450 4.5889 0.1531
175.7820 4.5861 0.1378
179.8180 4.5835 0.1199
183.8540 4.5811 0.0953
187.8910 4.5791 0.0831
191.9270 4.5775 0.0870
195.9630 4.5765 0.1332
200.0000 4.5760 0.1578
