0.0000 0.7059 0.1258
2.9959 2.9307 0.1962
2.9959 3.4659 0.1962
4.4015 3.5135 0.0817
5.8072 3.5563 0.0669
7.2128 3.5945 0.0549
8.6184 3.6284 0.0457
10.0241 3.6584 0.0387
11.4297 3.6846 0.0336
12.8353 3.7076 0.0303
14.2410 3.7275 0.0275
15.6466 3.7448 0.0259
17.0523 3.7597 0.0249
18.4579 3.7725 0.0245
19.8635 3.7837 0.0243
21.2692 3.7935 0.0243
22.6748 3.8022 0.0243
24.0804 3.8102 0.0243
25.4861 3.8177 0.0243
26.8917 3.8252 0.0244
28.2974 3.8329 0.0247
29.7030 3.8412 0.0250
31.1086 3.8504 0.0255
32.5143 3.8608 0.0262
33.9199 3.8727 0.0274
35.3256 3.8865 0.0293
36.7312 3.9024 0.0321
38.1368 3.9209 0.0365
39.5425 3.9423 0.0439
40.9481 3.9667 0.0534
42.3537 3.9947 0.0674
43.7594 4.0263 0.1081
43.7594 4.5476 0.1081
47.7656 4.5464 0.1604
51.7717 4.5476 0.1038
55.7779 4.5507 0.0836
59.7841 4.5556 0.0753
63.7903 4.5618 0.0729
67.7965 4.5690 0.0712
71.8026 4.5768 0.0684
75.8088 4.5850 0.0643
79.8150 4.5931 0.0608
83.8212 4.6010 0.0598
87.8274 4.6081 0.0619
91.8335 4.6142 0.0681
95.8397 4.6189 0.0749
99.8459 4.6220 0.0815
103.8520 4.6235 0.0869
107.8580 4.6236 0.0902
111.8640 4.6223 0.0918
115.8710 4.6199 0.0928
119.8770 4.6163 0.0935
123.8830 4.6119 0.0942
127.8890 4.6066 0.0957
131.8950 4.6006 0.0987
135.9020 4.5941 0.1030
139.9080 4.5871 0.1086
143.9140 4.5799 0.1142
147.9200 4.5724 0.1201
151.9260 4.5649 0.1257
155.9320 4.5575 0.1294
159.9390 4.5503 0.1318
163.9450 4.5434 0.1323
167.9510 4.5369 0.1301
171.9570 4.5311 0.1247
175.9630 4.5259 0.1179
179.9690 4.5216 0.1106
183.9760 4.5182 0.1033
187.9820 4.5160 0.1018
191.9880 4.5149 0.1066
195.9940 4.5152 0.1405
200.0000 4.5169 0.1579
