0.0000 0.4912 0.1253
2.6262 2.9069 0.1825
2.6262 3.4186 0.1825
4.1687 3.4721 0.0903
5.7112 3.5206 0.0689
7.2537 3.5642 0.0526
8.7962 3.6032 0.0428
10.3387 3.6381 0.0362
11.8812 3.6691 0.0317
13.4237 3.6967 0.0289
14.9662 3.7211 0.0272
16.5087 3.7427 0.0265
18.0512 3.7620 0.0260
19.5937 3.7791 0.0260
21.1362 3.7946 0.0258
22.6787 3.8087 0.0258
24.2212 3.8217 0.0258
25.7637 3.8342 0.0259
27.3062 3.8463 0.0262
28.8487 3.8585 0.0266
30.3911 3.8710 0.0272
31.9336 3.8844 0.0280
33.4761 3.8988 0.0292
35.0186 3.9148 0.0308
36.5611 3.9325 0.0334
38.1036 3.9524 0.0388
39.6461 3.9748 0.0457
41.1886 4.0002 0.0564
42.7311 4.0287 0.0695
44.2736 4.0608 0.0896
45.8161 4.0969 0.1265
47.3586 4.1370 0.1692
47.3586 4.5968 0.1692
51.2725 4.6388 0.1360
55.1864 4.6712 0.1013
59.1002 4.6947 0.0782
63.0141 4.7104 0.0669
66.9280 4.7192 0.0649
70.8418 4.7222 0.0662
74.7557 4.7205 0.0671
78.6696 4.7150 0.0669
82.5835 4.7069 0.0659
86.4973 4.6972 0.0654
90.4112 4.6868 0.0659
94.3251 4.6769 0.0673
98.2389 4.6685 0.0688
102.1530 4.6623 0.0702
106.0670 4.6584 0.0711
109.9810 4.6564 0.0711
113.8940 4.6560 0.0707
117.8080 4.6571 0.0713
121.7220 4.6592 0.0730
125.6360 4.6620 0.0764
129.5500 4.6654 0.0822
133.4640 4.6690 0.0896
137.3780 4.6724 0.0976
141.2920 4.6756 0.1068
145.2050 4.6780 0.1160
149.1190 4.6795 0.1238
153.0330 4.6798 0.1293
156.9470 4.6786 0.1332
160.8610 4.6755 0.1350
164.7750 4.6703 0.1345
168.6890 4.6628 0.1318
172.6030 4.6525 0.1256
176.5160 4.6393 0.1172
180.4300 4.6229 0.1092
184.3440 4.6029 0.1076
188.2580 4.5791 0.1149
192.1720 4.5511 0.1300
196.0860 4.5187 0.1691
200.0000 4.4820 0.1886
