0.0000 1.3525 0.4548
0.1876 2.4463 0.3846
0.1876 3.4286 0.3846
1.3748 3.4421 0.0586
2.5620 3.4547 0.0485
3.7492 3.4665 0.0429
4.9364 3.4775 0.0381
6.1236 3.4880 0.0337
7.3109 3.4981 0.0299
8.4981 3.5078 0.0266
9.6853 3.5174 0.0241
10.8725 3.5270 0.0222
12.0597 3.5366 0.0212
13.2469 3.5465 0.0212
14.4341 3.5568 0.0217
15.6213 3.5675 0.0226
16.8085 3.5789 0.0237
17.9957 3.5911 0.0248
19.1830 3.6041 0.0257
20.3702 3.6182 0.0266
21.5574 3.6335 0.0272
22.7446 3.6500 0.0278
23.9318 3.6680 0.0286
25.1190 3.6875 0.0299
26.3062 3.7088 0.0323
27.4934 3.7318 0.0362
28.6806 3.7569 0.0420
29.8678 3.7840 0.0498
31.0551 3.8133 0.0597
32.2423 3.8451 0.0975
33.4295 3.8793 0.1470
34.6167 3.9159 0.1741
34.6167 4.4788 0.1741
38.8573 4.4605 0.0905
43.0979 4.4438 0.0516
47.3385 4.4287 0.0466
51.5790 4.4153 0.0445
55.8196 4.4035 0.0443
60.0602 4.3932 0.0446
64.3008 4.3845 0.0432
68.5414 4.3772 0.0424
72.7820 4.3715 0.0427
77.0226 4.3671 0.0452
81.2632 4.3642 0.0489
85.5038 4.3627 0.0533
89.7444 4.3625 0.0569
93.9849 4.3637 0.0584
98.2255 4.3661 0.0581
102.4660 4.3697 0.0563
106.7070 4.3744 0.0543
110.9470 4.3803 0.0528
115.1880 4.3871 0.0524
119.4280 4.3950 0.0548
123.6690 4.4037 0.0615
127.9100 4.4134 0.0699
132.1500 4.4238 0.0787
136.3910 4.4349 0.0894
140.6310 4.4467 0.0996
144.8720 4.4592 0.1087
149.1130 4.4722 0.1152
153.3530 4.4858 0.1207
157.5940 4.4997 0.1238
161.8340 4.5141 0.1241
166.0750 4.5288 0.1182
170.3160 4.5438 0.1114
174.5560 4.5590 0.1024
178.7970 4.5743 0.0870
183.0370 4.5898 0.0772
187.2780 4.6053 0.0794
191.5190 4.6207 0.0943
195.7590 4.6361 0.1276
200.0000 4.6513 0.1467
