0.0000 1.3503 0.4657
0.1925 2.4255 0.3936
0.1925 3.4290 0.3936
1.3836 3.4428 0.0616
2.5747 3.4558 0.0513
3.7657 3.4681 0.0454
4.9568 3.4797 0.0404
6.1479 3.4909 0.0357
7.3389 3.5017 0.0315
8.5300 3.5122 0.0281
9.7211 3.5226 0.0252
10.9121 3.5330 0.0231
12.1032 3.5436 0.0220
13.2943 3.5544 0.0220
14.4853 3.5656 0.0226
15.6764 3.5773 0.0236
16.8675 3.5896 0.0249
18.0585 3.6026 0.0261
19.2496 3.6165 0.0272
20.4407 3.6315 0.0283
21.6318 3.6475 0.0290
22.8228 3.6648 0.0297
24.0139 3.6835 0.0307
25.2050 3.7036 0.0322
26.3960 3.7254 0.0346
27.5871 3.7489 0.0387
28.7782 3.7743 0.0447
29.9692 3.8016 0.0528
31.1603 3.8311 0.0635
32.3514 3.8628 0.1116
33.5424 3.8969 0.1474
34.7335 3.9333 0.1690
34.7335 4.4994 0.1690
38.9711 4.4776 0.0871
43.2087 4.4573 0.0523
47.4463 4.4389 0.0475
51.6839 4.4223 0.0455
55.9215 4.4074 0.0454
60.1590 4.3943 0.0458
64.3966 4.3829 0.0448
68.6342 4.3733 0.0443
72.8718 4.3655 0.0448
77.1094 4.3594 0.0472
81.3470 4.3551 0.0509
85.5846 4.3525 0.0552
89.8222 4.3517 0.0585
94.0598 4.3525 0.0598
98.2974 4.3551 0.0592
102.5350 4.3591 0.0573
106.7730 4.3646 0.0550
111.0100 4.3714 0.0533
115.2480 4.3794 0.0530
119.4850 4.3886 0.0555
123.7230 4.3987 0.0624
127.9600 4.4098 0.0709
132.1980 4.4217 0.0799
136.4360 4.4342 0.0911
140.6730 4.4474 0.1015
144.9110 4.4611 0.1106
149.1480 4.4752 0.1173
153.3860 4.4896 0.1228
157.6240 4.5042 0.1259
161.8610 4.5188 0.1261
166.0990 4.5335 0.1200
170.3360 4.5480 0.1129
174.5740 4.5623 0.1036
178.8120 4.5762 0.0875
183.0490 4.5898 0.0773
187.2870 4.6028 0.0797
191.5240 4.6152 0.0953
195.7620 4.6268 0.1298
200.0000 4.6375 0.1495
