0.0000 0.8846 0.1443
3.7049 2.8355 0.1090
3.7049 3.2886 0.1090
5.3088 3.3588 0.1081
6.9127 3.4239 0.0591
8.5166 3.4836 0.0454
10.1205 3.5384 0.0371
11.7244 3.5885 0.0321
13.3283 3.6343 0.0299
14.9322 3.6761 0.0287
16.5361 3.7142 0.0286
18.1400 3.7489 0.0283
19.7439 3.7805 0.0284
21.3478 3.8094 0.0282
22.9517 3.8358 0.0280
24.5556 3.8602 0.0278
26.1595 3.8827 0.0277
27.7634 3.9038 0.0276
29.3673 3.9237 0.0276
30.9712 3.9428 0.0278
32.5751 3.9613 0.0280
34.1790 3.9797 0.0282
35.7829 3.9981 0.0288
37.3868 4.0170 0.0303
38.9907 4.0366 0.0343
40.5946 4.0573 0.0394
42.1984 4.0794 0.0455
43.8023 4.1031 0.0542
45.4062 4.1289 0.0650
47.0101 4.1570 0.0795
48.6140 4.1877 0.1156
50.2179 4.2212 0.1526
50.2179 4.6142 0.1526
55.3828 4.6094 0.1195
60.5477 4.6082 0.0932
65.7126 4.6102 0.0810
70.8775 4.6148 0.0860
76.0424 4.6214 0.0898
81.2073 4.6295 0.0890
86.3722 4.6383 0.0855
91.5371 4.6475 0.0827
96.7020 4.6563 0.0824
101.8670 4.6643 0.0841
107.0320 4.6710 0.0860
112.1970 4.6765 0.0878
117.3620 4.6807 0.0897
122.5260 4.6837 0.0921
127.6910 4.6855 0.0949
132.8560 4.6862 0.0991
138.0210 4.6856 0.1053
143.1860 4.6840 0.1138
148.3510 4.6812 0.1215
153.5160 4.6773 0.1288
158.6810 4.6723 0.1342
163.8460 4.6662 0.1357
169.0110 4.6591 0.1335
174.1750 4.6509 0.1287
179.3400 4.6418 0.1204
184.5050 4.6316 0.1165
189.6700 4.6204 0.1228
194.8350 4.6083 0.1518
200.0000 4.5953 0.1789
