0.0000 1.3177 0.4096
0.2059 2.3200 0.3828
0.2059 3.1943 0.3828
1.4441 3.2474 0.1366
2.6823 3.2954 0.1178
3.9205 3.3384 0.1022
5.1587 3.3768 0.0904
6.3969 3.4110 0.0809
7.6351 3.4414 0.0738
8.8733 3.4686 0.0684
10.1115 3.4928 0.0644
11.3497 3.5146 0.0618
12.5879 3.5343 0.0602
13.8261 3.5524 0.0590
15.0643 3.5693 0.0585
16.3025 3.5854 0.0584
17.5407 3.6011 0.0586
18.7789 3.6169 0.0588
20.0171 3.6332 0.0592
21.2553 3.6504 0.0595
22.4936 3.6690 0.0600
23.7318 3.6892 0.0605
24.9700 3.7117 0.0610
26.2082 3.7368 0.0620
27.4464 3.7649 0.0641
28.6846 3.7965 0.0702
29.9228 3.8319 0.0863
31.1610 3.8716 0.1063
32.3992 3.9161 0.1194
33.6374 3.9657 0.1353
34.8756 4.0209 0.1498
36.1138 4.0816 0.1450
36.1138 4.3656 0.1450
40.3160 4.3270 0.0925
44.5182 4.2960 0.0729
48.7204 4.2724 0.0635
52.9226 4.2556 0.0615
57.1248 4.2450 0.0610
61.3270 4.2400 0.0601
65.5292 4.2399 0.0582
69.7314 4.2443 0.0560
73.9336 4.2524 0.0544
78.1358 4.2637 0.0540
82.3380 4.2776 0.0550
86.5403 4.2935 0.0575
90.7425 4.3108 0.0603
94.9447 4.3289 0.0625
99.1469 4.3476 0.0637
103.3490 4.3668 0.0641
107.5510 4.3862 0.0635
111.7530 4.4058 0.0637
115.9560 4.4253 0.0654
120.1580 4.4447 0.0690
124.3600 4.4636 0.0742
128.5620 4.4820 0.0815
132.7650 4.4996 0.0896
136.9670 4.5164 0.0984
141.1690 4.5322 0.1067
145.3710 4.5467 0.1138
149.5730 4.5598 0.1198
153.7760 4.5714 0.1241
157.9780 4.5813 0.1257
162.1800 4.5893 0.1251
166.3820 4.5953 0.1212
170.5840 4.5991 0.1156
174.7870 4.6005 0.1087
178.9890 4.5993 0.0995
183.1910 4.5954 0.0943
187.3930 4.5887 0.0966
191.5950 4.5789 0.1074
195.7980 4.5659 0.1413
200.0000 4.5497 0.1610
