0.0000 0.5282 0.1216
2.1149 2.6655 0.2120
2.1149 3.4165 0.2120
3.6150 3.4634 0.0975
5.1151 3.5060 0.0653
6.6152 3.5444 0.0532
8.1153 3.5787 0.0445
9.6155 3.6095 0.0377
11.1156 3.6369 0.0328
12.6157 3.6613 0.0299
14.1158 3.6830 0.0279
15.6159 3.7023 0.0268
17.1161 3.7195 0.0261
18.6162 3.7350 0.0256
20.1163 3.7490 0.0254
21.6164 3.7619 0.0252
23.1165 3.7739 0.0251
24.6166 3.7854 0.0250
26.1168 3.7967 0.0251
27.6169 3.8082 0.0253
29.1170 3.8201 0.0257
30.6171 3.8327 0.0265
32.1172 3.8463 0.0277
33.6173 3.8613 0.0295
35.1175 3.8780 0.0318
36.6176 3.8967 0.0353
38.1177 3.9176 0.0405
39.6178 3.9412 0.0510
41.1179 3.9677 0.0663
42.6180 3.9975 0.0818
44.1182 4.0308 0.1164
45.6183 4.0677 0.1752
45.6183 4.6689 0.1752
49.5768 4.6694 0.1430
53.5353 4.6682 0.1016
57.4938 4.6656 0.0806
61.4523 4.6618 0.0681
65.4108 4.6572 0.0656
69.3694 4.6520 0.0656
73.3279 4.6464 0.0662
77.2864 4.6409 0.0659
81.2449 4.6355 0.0647
85.2034 4.6307 0.0633
89.1619 4.6267 0.0627
93.1204 4.6237 0.0625
97.0789 4.6221 0.0628
101.0370 4.6221 0.0634
104.9960 4.6235 0.0643
108.9540 4.6261 0.0651
112.9130 4.6298 0.0655
116.8720 4.6343 0.0675
120.8300 4.6395 0.0706
124.7890 4.6451 0.0740
128.7470 4.6510 0.0794
132.7060 4.6570 0.0861
136.6640 4.6629 0.0929
140.6230 4.6684 0.0999
144.5810 4.6734 0.1069
148.5400 4.6777 0.1131
152.4980 4.6811 0.1173
156.4570 4.6835 0.1198
160.4150 4.6845 0.1206
164.3740 4.6840 0.1199
168.3320 4.6819 0.1177
172.2910 4.6779 0.1125
176.2490 4.6718 0.1068
180.2080 4.6634 0.1022
184.1660 4.6526 0.1036
188.1250 4.6391 0.1110
192.0830 4.6228 0.1240
196.0420 4.6034 0.1618
200.0000 4.5810 0.1810
