0.0000 1.3278 0.4130
0.1979 2.3489 0.3797
0.1979 3.2413 0.3797
1.4354 3.2904 0.1339
2.6729 3.3348 0.1154
3.9104 3.3745 0.0999
5.1479 3.4100 0.0881
6.3854 3.4416 0.0786
7.6229 3.4697 0.0713
8.8604 3.4949 0.0658
10.0979 3.5174 0.0617
11.3354 3.5377 0.0591
12.5729 3.5562 0.0575
13.8104 3.5733 0.0565
15.0479 3.5894 0.0561
16.2854 3.6050 0.0562
17.5229 3.6204 0.0566
18.7604 3.6361 0.0569
19.9979 3.6524 0.0575
21.2354 3.6698 0.0580
22.4729 3.6886 0.0586
23.7104 3.7094 0.0591
24.9479 3.7324 0.0596
26.1855 3.7582 0.0606
27.4230 3.7871 0.0627
28.6605 3.8194 0.0690
29.8980 3.8558 0.0855
31.1355 3.8965 0.1062
32.3730 3.9419 0.1179
33.6105 3.9925 0.1290
34.8480 4.0486 0.1414
36.0855 4.1104 0.1391
36.0855 4.3801 0.1391
40.2884 4.3398 0.0903
44.4914 4.3064 0.0715
48.6943 4.2796 0.0629
52.8973 4.2592 0.0607
57.1002 4.2445 0.0599
61.3032 4.2351 0.0587
65.5061 4.2305 0.0568
69.7091 4.2303 0.0548
73.9120 4.2339 0.0536
78.1150 4.2409 0.0538
82.3179 4.2507 0.0552
86.5209 4.2630 0.0580
90.7238 4.2772 0.0609
94.9268 4.2929 0.0629
99.1297 4.3098 0.0639
103.3330 4.3278 0.0637
107.5360 4.3466 0.0626
111.7390 4.3661 0.0623
115.9420 4.3860 0.0637
120.1440 4.4062 0.0674
124.3470 4.4264 0.0730
128.5500 4.4465 0.0808
132.7530 4.4662 0.0895
136.9560 4.4854 0.0991
141.1590 4.5038 0.1080
145.3620 4.5213 0.1156
149.5650 4.5376 0.1222
153.7680 4.5526 0.1270
157.9710 4.5660 0.1289
162.1740 4.5777 0.1285
166.3770 4.5874 0.1247
170.5800 4.5950 0.1190
174.7830 4.6002 0.1119
178.9860 4.6029 0.1017
183.1890 4.6028 0.0956
187.3920 4.5998 0.0971
191.5950 4.5937 0.1072
195.7980 4.5842 0.1412
200.0000 4.5712 0.1609
