0.0000 1.3451 0.4626
0.1906 2.4156 0.3880
0.1906 3.4126 0.3880
1.3949 3.4281 0.0604
2.5991 3.4425 0.0505
3.8034 3.4557 0.0443
5.0077 3.4680 0.0390
6.2120 3.4795 0.0343
7.4162 3.4903 0.0302
8.6205 3.5006 0.0268
9.8248 3.5104 0.0242
11.0290 3.5200 0.0223
12.2333 3.5294 0.0213
13.4376 3.5387 0.0212
14.6418 3.5482 0.0217
15.8461 3.5580 0.0225
17.0504 3.5681 0.0236
18.2546 3.5788 0.0247
19.4589 3.5901 0.0257
20.6632 3.6022 0.0266
21.8675 3.6153 0.0273
23.0717 3.6294 0.0279
24.2760 3.6446 0.0289
25.4803 3.6612 0.0302
26.6845 3.6793 0.0325
27.8888 3.6990 0.0361
29.0931 3.7204 0.0415
30.2973 3.7437 0.0487
31.5016 3.7689 0.0581
32.7059 3.7963 0.0964
33.9101 3.8260 0.1455
35.1144 3.8579 0.1932
35.1144 4.4325 0.1932
39.3423 4.4242 0.0889
43.5701 4.4166 0.0545
47.7980 4.4096 0.0480
52.0258 4.4034 0.0467
56.2536 4.3978 0.0477
60.4815 4.3929 0.0484
64.7093 4.3886 0.0472
68.9372 4.3851 0.0461
73.1650 4.3822 0.0459
77.3929 4.3800 0.0477
81.6207 4.3785 0.0510
85.8486 4.3776 0.0555
90.0764 4.3775 0.0597
94.3043 4.3780 0.0617
98.5321 4.3792 0.0617
102.7600 4.3811 0.0603
106.9880 4.3837 0.0582
111.2160 4.3871 0.0563
115.4430 4.3912 0.0555
119.6710 4.3960 0.0575
123.8990 4.4017 0.0634
128.1270 4.4081 0.0712
132.3550 4.4154 0.0800
136.5830 4.4234 0.0902
140.8110 4.4323 0.1005
145.0380 4.4421 0.1101
149.2660 4.4527 0.1168
153.4940 4.4642 0.1227
157.7220 4.4765 0.1263
161.9500 4.4898 0.1268
166.1780 4.5041 0.1215
170.4050 4.5192 0.1150
174.6330 4.5353 0.1061
178.8610 4.5524 0.0914
183.0890 4.5704 0.0815
187.3170 4.5895 0.0824
191.5450 4.6095 0.0951
195.7730 4.6306 0.1295
200.0000 4.6526 0.1493
