0.0000 0.6802 0.1499
2.7779 2.9064 0.2492
2.7779 3.5296 0.2492
4.2760 3.5639 0.0781
5.7741 3.5948 0.0613
7.2722 3.6224 0.0501
8.7704 3.6469 0.0405
10.2685 3.6686 0.0340
11.7666 3.6879 0.0298
13.2648 3.7049 0.0268
14.7629 3.7201 0.0252
16.2610 3.7338 0.0242
17.7592 3.7461 0.0237
19.2573 3.7575 0.0234
20.7554 3.7681 0.0231
22.2536 3.7784 0.0229
23.7517 3.7886 0.0229
25.2498 3.7990 0.0231
26.7480 3.8098 0.0235
28.2461 3.8215 0.0240
29.7442 3.8343 0.0248
31.2423 3.8484 0.0259
32.7405 3.8642 0.0275
34.2386 3.8820 0.0304
35.7367 3.9021 0.0356
37.2349 3.9247 0.0439
38.7330 3.9502 0.0556
40.2311 3.9789 0.0690
41.7293 4.0110 0.0802
43.2274 4.0469 0.1008
44.7255 4.0868 0.1593
46.2237 4.1308 0.2013
46.2237 4.5816 0.2013
50.1666 4.5666 0.1125
54.1096 4.5563 0.0923
58.0526 4.5501 0.0813
61.9956 4.5478 0.0739
65.9385 4.5487 0.0697
69.8815 4.5525 0.0661
73.8245 4.5586 0.0626
77.7675 4.5665 0.0599
81.7104 4.5757 0.0609
85.6534 4.5858 0.0648
89.5964 4.5963 0.0713
93.5394 4.6067 0.0790
97.4823 4.6165 0.0864
101.4250 4.6253 0.0919
105.3680 4.6330 0.0947
109.3110 4.6397 0.0963
113.2540 4.6455 0.0964
117.1970 4.6502 0.0956
121.1400 4.6541 0.0949
125.0830 4.6570 0.0954
129.0260 4.6591 0.0975
132.9690 4.6604 0.1011
136.9120 4.6608 0.1064
140.8550 4.6605 0.1132
144.7980 4.6595 0.1207
148.7410 4.6577 0.1279
152.6840 4.6553 0.1340
156.6270 4.6522 0.1385
160.5700 4.6485 0.1413
164.5130 4.6442 0.1410
168.4560 4.6394 0.1376
172.3990 4.6340 0.1302
176.3420 4.6282 0.1219
180.2850 4.6219 0.1134
184.2280 4.6151 0.1034
188.1710 4.6080 0.1015
192.1140 4.6004 0.1079
196.0570 4.5926 0.1454
200.0000 4.5845 0.1645
