0.0000 1.4709 0.3733
0.2868 2.3561 0.3990
0.2868 3.0157 0.3990
1.5095 3.0855 0.1628
2.7322 3.1486 0.1291
3.9548 3.2052 0.1057
5.1775 3.2556 0.0926
6.4002 3.3005 0.0828
7.6228 3.3401 0.0764
8.8455 3.3751 0.0723
10.0682 3.4059 0.0698
11.2908 3.4330 0.0685
12.5135 3.4569 0.0678
13.7362 3.4780 0.0674
14.9588 3.4968 0.0675
16.1815 3.5139 0.0677
17.4042 3.5296 0.0681
18.6268 3.5445 0.0683
19.8495 3.5590 0.0684
21.0721 3.5737 0.0683
22.2948 3.5890 0.0681
23.5175 3.6053 0.0676
24.7401 3.6232 0.0670
25.9628 3.6432 0.0667
27.1855 3.6657 0.0676
28.4081 3.6911 0.0717
29.6308 3.7201 0.0815
30.8535 3.7530 0.0970
32.0761 3.7904 0.1205
33.2988 3.8326 0.1543
34.5215 3.8803 0.1729
35.7441 3.9335 0.1614
35.7441 4.2733 0.1614
39.9558 4.2488 0.0967
44.1675 4.2336 0.0757
48.3792 4.2272 0.0639
52.5909 4.2286 0.0639
56.8026 4.2368 0.0685
61.0143 4.2509 0.0710
65.2260 4.2699 0.0712
69.4377 4.2930 0.0698
73.6494 4.3191 0.0663
77.8611 4.3474 0.0625
82.0728 4.3769 0.0608
86.2844 4.4066 0.0603
90.4961 4.4356 0.0605
94.7078 4.4632 0.0615
98.9195 4.4891 0.0632
103.1310 4.5132 0.0656
107.3430 4.5355 0.0680
111.5550 4.5560 0.0711
115.7660 4.5745 0.0750
119.9780 4.5910 0.0794
124.1900 4.6054 0.0844
128.4010 4.6177 0.0902
132.6130 4.6278 0.0961
136.8250 4.6356 0.1022
141.0360 4.6411 0.1078
145.2480 4.6443 0.1123
149.4600 4.6449 0.1154
153.6720 4.6431 0.1171
157.8830 4.6386 0.1167
162.0950 4.6315 0.1142
166.3070 4.6217 0.1091
170.5180 4.6091 0.1031
174.7300 4.5937 0.0967
178.9420 4.5754 0.0907
183.1530 4.5541 0.0891
187.3650 4.5298 0.0969
191.5770 4.5024 0.1156
195.7880 4.4718 0.1489
200.0000 4.4383 0.1676
