0.0000 1.3200 0.4383
0.2065 2.3217 0.3910
0.2065 3.2758 0.3910
1.5092 3.3223 0.1307
2.8120 3.3641 0.1130
4.1147 3.4013 0.0982
5.4174 3.4344 0.0875
6.7201 3.4639 0.0789
8.0228 3.4900 0.0724
9.3255 3.5133 0.0673
10.6282 3.5342 0.0636
11.9309 3.5530 0.0610
13.2336 3.5704 0.0591
14.5364 3.5865 0.0581
15.8391 3.6020 0.0575
17.1418 3.6172 0.0575
18.4445 3.6325 0.0579
19.7472 3.6484 0.0587
21.0499 3.6653 0.0595
22.3526 3.6836 0.0604
23.6553 3.7037 0.0611
24.9580 3.7261 0.0620
26.2607 3.7513 0.0629
27.5635 3.7795 0.0644
28.8662 3.8113 0.0673
30.1689 3.8471 0.0765
31.4716 3.8873 0.0943
32.7743 3.9323 0.1093
34.0770 3.9826 0.1221
35.3797 4.0386 0.1399
36.6824 4.1007 0.1486
37.9851 4.1689 0.1294
37.9851 4.4055 0.1294
42.1394 4.3628 0.0875
46.2936 4.3259 0.0718
50.4478 4.2948 0.0647
54.6021 4.2692 0.0628
58.7563 4.2489 0.0620
62.9105 4.2335 0.0607
67.0648 4.2228 0.0586
71.2190 4.2165 0.0561
75.3732 4.2143 0.0542
79.5274 4.2159 0.0536
83.6817 4.2210 0.0544
87.8359 4.2292 0.0566
91.9901 4.2404 0.0591
96.1444 4.2543 0.0611
100.2990 4.2704 0.0624
104.4530 4.2886 0.0630
108.6070 4.3085 0.0631
112.7610 4.3298 0.0642
116.9160 4.3522 0.0669
121.0700 4.3755 0.0711
125.2240 4.3992 0.0765
129.3780 4.4232 0.0840
133.5320 4.4470 0.0918
137.6870 4.4705 0.1000
141.8410 4.4932 0.1077
145.9950 4.5149 0.1140
150.1490 4.5353 0.1191
154.3040 4.5541 0.1228
158.4580 4.5710 0.1237
162.6120 4.5857 0.1223
166.7660 4.5978 0.1182
170.9210 4.6071 0.1123
175.0750 4.6133 0.1053
179.2290 4.6160 0.0974
183.3830 4.6150 0.0941
187.5370 4.6099 0.0980
191.6920 4.6006 0.1100
195.8460 4.5865 0.1467
200.0000 4.5677 0.1676
