0.0000 0.5165 0.1047
2.8373 2.8101 0.2488
2.8373 3.5161 0.2488
4.2904 3.5532 0.0712
5.7435 3.5863 0.0574
7.1966 3.6155 0.0466
8.6498 3.6412 0.0381
10.1029 3.6637 0.0321
11.5560 3.6834 0.0283
13.0092 3.7006 0.0257
14.4623 3.7157 0.0245
15.9154 3.7291 0.0243
17.3685 3.7412 0.0247
18.8217 3.7522 0.0255
20.2748 3.7625 0.0267
21.7279 3.7725 0.0280
23.1811 3.7826 0.0292
24.6342 3.7932 0.0303
26.0873 3.8045 0.0308
27.5404 3.8169 0.0310
28.9936 3.8309 0.0307
30.4467 3.8467 0.0299
31.8998 3.8647 0.0293
33.3529 3.8853 0.0298
34.8061 3.9088 0.0333
36.2592 3.9357 0.0415
37.7123 3.9662 0.0583
39.1655 4.0007 0.0725
40.6186 4.0396 0.0778
42.0717 4.0832 0.0897
43.5248 4.1319 0.1142
44.9780 4.1857 0.1332
44.9780 4.4257 0.1332
48.9529 4.4670 0.1310
52.9278 4.5000 0.0895
56.9027 4.5253 0.0752
60.8777 4.5437 0.0683
64.8526 4.5562 0.0676
68.8275 4.5636 0.0690
72.8024 4.5669 0.0703
76.7774 4.5670 0.0718
80.7523 4.5647 0.0743
84.7272 4.5610 0.0777
88.7021 4.5568 0.0812
92.6770 4.5529 0.0841
96.6520 4.5503 0.0863
100.6270 4.5498 0.0858
104.6020 4.5511 0.0836
108.5770 4.5542 0.0802
112.5520 4.5588 0.0767
116.5270 4.5647 0.0753
120.5020 4.5716 0.0765
124.4760 4.5794 0.0814
128.4510 4.5877 0.0895
132.4260 4.5965 0.0997
136.4010 4.6053 0.1106
140.3760 4.6141 0.1233
144.3510 4.6226 0.1360
148.3260 4.6306 0.1463
152.3010 4.6377 0.1552
156.2760 4.6439 0.1622
160.2510 4.6489 0.1661
164.2260 4.6525 0.1660
168.2010 4.6543 0.1616
172.1760 4.6543 0.1509
176.1500 4.6522 0.1391
180.1250 4.6478 0.1261
184.1000 4.6407 0.1057
188.0750 4.6309 0.0950
192.0500 4.6180 0.0949
196.0250 4.6019 0.1340
200.0000 4.5825 0.1541
