0.0000 1.3397 0.4440
0.1927 2.3347 0.3885
0.1927 3.3464 0.3885
1.5208 3.3882 0.1276
2.8489 3.4257 0.1102
4.1770 3.4590 0.0958
5.5051 3.4885 0.0850
6.8331 3.5147 0.0764
8.1612 3.5379 0.0696
9.4893 3.5585 0.0643
10.8174 3.5771 0.0604
12.1455 3.5939 0.0577
13.4736 3.6095 0.0558
14.8017 3.6242 0.0548
16.1298 3.6385 0.0546
17.4578 3.6528 0.0549
18.7859 3.6675 0.0555
20.1140 3.6830 0.0564
21.4421 3.6998 0.0574
22.7702 3.7182 0.0583
24.0983 3.7388 0.0591
25.4264 3.7618 0.0599
26.7544 3.7878 0.0608
28.0825 3.8171 0.0620
29.4106 3.8502 0.0658
30.7387 3.8874 0.0766
32.0668 3.9293 0.0926
33.3949 3.9762 0.1040
34.7230 4.0286 0.1184
36.0510 4.0868 0.1377
37.3791 4.1513 0.1360
38.7072 4.2220 0.1166
38.7072 4.4325 0.1166
42.8429 4.3834 0.0815
46.9787 4.3399 0.0681
51.1144 4.3021 0.0630
55.2501 4.2699 0.0612
59.3858 4.2431 0.0602
63.5215 4.2215 0.0585
67.6572 4.2048 0.0562
71.7930 4.1928 0.0538
75.9287 4.1854 0.0521
80.0644 4.1823 0.0518
84.2001 4.1834 0.0529
88.3358 4.1883 0.0553
92.4716 4.1970 0.0577
96.6073 4.2091 0.0597
100.7430 4.2243 0.0609
104.8790 4.2423 0.0614
109.0140 4.2627 0.0616
113.1500 4.2851 0.0629
117.2860 4.3092 0.0658
121.4220 4.3346 0.0701
125.5570 4.3609 0.0756
129.6930 4.3879 0.0835
133.8290 4.4150 0.0913
137.9640 4.4419 0.0994
142.1000 4.4684 0.1072
146.2360 4.4939 0.1133
150.3720 4.5183 0.1183
154.5070 4.5409 0.1220
158.6430 4.5617 0.1226
162.7790 4.5800 0.1211
166.9140 4.5957 0.1172
171.0500 4.6083 0.1113
175.1860 4.6174 0.1043
179.3220 4.6228 0.0968
183.4570 4.6240 0.0937
187.5930 4.6207 0.0975
191.7290 4.6124 0.1092
195.8650 4.5989 0.1460
200.0000 4.5800 0.1670
