0.0000 1.2373 0.4996
0.1909 2.3789 0.4292
0.1909 3.3971 0.4292
1.3775 3.4249 0.0928
2.5640 3.4505 0.0778
3.7506 3.4737 0.0667
4.9372 3.4949 0.0575
6.1237 3.5141 0.0495
7.3103 3.5317 0.0430
8.4969 3.5477 0.0380
9.6834 3.5625 0.0340
10.8700 3.5761 0.0313
12.0566 3.5888 0.0298
13.2431 3.6009 0.0293
14.4297 3.6124 0.0296
15.6163 3.6236 0.0306
16.8029 3.6346 0.0318
17.9894 3.6458 0.0333
19.1760 3.6572 0.0347
20.3626 3.6691 0.0360
21.5491 3.6816 0.0373
22.7357 3.6951 0.0384
23.9223 3.7095 0.0396
25.1088 3.7253 0.0412
26.2954 3.7425 0.0435
27.4820 3.7613 0.0469
28.6685 3.7820 0.0521
29.8551 3.8048 0.0595
31.0417 3.8298 0.0753
32.2283 3.8572 0.1197
33.4148 3.8873 0.1805
34.6014 3.9200 0.2043
34.6014 4.4712 0.2043
38.8424 4.4473 0.0839
43.0834 4.4234 0.0632
47.3244 4.3999 0.0532
51.5654 4.3772 0.0506
55.8064 4.3556 0.0511
60.0474 4.3353 0.0522
64.2884 4.3167 0.0519
68.5294 4.3000 0.0510
72.7704 4.2855 0.0505
77.0114 4.2735 0.0510
81.2524 4.2643 0.0526
85.4934 4.2582 0.0550
89.7344 4.2555 0.0573
93.9754 4.2564 0.0586
98.2164 4.2607 0.0577
102.4570 4.2680 0.0556
106.6980 4.2781 0.0537
110.9390 4.2908 0.0525
115.1800 4.3056 0.0526
119.4210 4.3223 0.0558
123.6620 4.3406 0.0628
127.9030 4.3602 0.0713
132.1440 4.3809 0.0798
136.3850 4.4023 0.0896
140.6260 4.4241 0.0998
144.8670 4.4460 0.1090
149.1080 4.4677 0.1149
153.3490 4.4890 0.1207
157.5900 4.5096 0.1241
161.8310 4.5291 0.1243
166.0720 4.5472 0.1197
170.3130 4.5637 0.1139
174.5540 4.5782 0.1063
178.7950 4.5906 0.0936
183.0360 4.6003 0.0861
187.2770 4.6073 0.0886
191.5180 4.6112 0.1016
195.7590 4.6116 0.1348
200.0000 4.6083 0.1540
