   0.00000    1.97270
   0.50000    2.04790
   1.00000    2.12310
   1.50000    2.19829
   2.00000    2.27349
   2.50000    2.34869
   3.00000    2.42389
   3.50000    2.49909
   4.00000    2.57429
   4.50000    3.40186
   5.00000    3.41691
   5.50000    3.43197
   6.00000    3.44667
   6.50000    3.46061
   7.00000    3.47454
   7.50000    3.48795
   8.00000    3.50073
   8.50000    3.51351
   9.00000    3.52561
   9.50000    3.53727
  10.00000    3.54893
  10.50000    3.55986
  11.00000    3.57054
  11.50000    3.58122
  12.00000    3.59105
  12.50000    3.60079
  13.00000    3.61049
  13.50000    3.61939
  14.00000    3.62828
  14.50000    3.63704
  15.00000    3.64516
  15.50000    3.65328
  16.00000    3.66119
  16.50000    3.66865
  17.00000    3.67611
  17.50000    3.68327
  18.00000    3.69010
  18.50000    3.69693
  19.00000    3.70341
  19.50000    3.70968
  20.00000    3.71595
  20.50000    3.72190
  21.00000    3.72775
  21.50000    3.73359
  22.00000    3.73909
  22.50000    3.74456
  23.00000    3.75001
  23.50000    3.75519
  24.00000    3.76037
  24.50000    3.76551
  25.00000    3.77044
  25.50000    3.77538
  26.00000    3.78027
  26.50000    3.78507
  27.00000    3.78987
  27.50000    3.79465
  28.00000    3.79941
  28.50000    3.80417
  29.00000    3.80893
  29.50000    3.81369
  30.00000    3.81845
  30.50000    3.82329
  31.00000    3.82816
  31.50000    3.83303
  32.00000    3.83805
  32.50000    3.84310
  33.00000    3.84815
  33.50000    3.85344
  34.00000    3.85872
  34.50000    3.86408
  35.00000    3.86971
  35.50000    3.87535
  36.00000    3.88113
  36.50000    3.88718
  37.00000    3.89324
  37.50000    3.89953
  38.00000    3.90608
  38.50000    3.91263
  39.00000    3.91952
  39.50000    3.92663
  40.00000    3.93374
  40.50000    3.94136
  41.00000    3.94913
  41.50000    3.95690
  42.00000    3.96531
  42.50000    3.97378
  43.00000    3.98230
  43.50000    3.99162
  44.00000    4.00093
  44.50000    4.01040
  45.00000    4.02052
  45.50000    4.03064
  46.00000    4.33502
  46.50000    4.33831
  47.00000    4.34160
  47.50000    4.34489
  48.00000    4.34818
  48.50000    4.35147
  49.00000    4.35475
  49.50000    4.35804
  50.00000    4.36114
  50.50000    4.36400
  51.00000    4.36686
  51.50000    4.36972
  52.00000    4.37258
  52.50000    4.37544
  53.00000    4.37830
  53.50000    4.38115
  54.00000    4.38379
  54.50000    4.38621
  55.00000    4.38864
  55.50000    4.39107
  56.00000    4.39350
  56.50000    4.39593
  57.00000    4.39836
  57.50000    4.40078
  58.00000    4.40297
  58.50000    4.40501
  59.00000    4.40704
  59.50000    4.40908
  60.00000    4.41111
  60.50000    4.41315
  61.00000    4.41519
  61.50000    4.41722
  62.00000    4.41901
  62.50000    4.42071
  63.00000    4.42240
  63.50000    4.42410
  64.00000    4.42579
  64.50000    4.42749
  65.00000    4.42918
  65.50000    4.43088
  66.00000    4.43232
  66.50000    4.43370
  67.00000    4.43507
  67.50000    4.43645
  68.00000    4.43783
  68.50000    4.43921
  69.00000    4.44059
  69.50000    4.44197
  70.00000    4.44311
  70.50000    4.44422
  71.00000    4.44533
  71.50000    4.44645
  72.00000    4.44756
  72.50000    4.44867
  73.00000    4.44978
  73.50000    4.45090
  74.00000    4.45177
  74.50000    4.45264
  75.00000    4.45352
  75.50000    4.45439
  76.00000    4.45526
  76.50000    4.45613
  77.00000    4.45701
  77.50000    4.45786
  78.00000    4.45853
  78.50000    4.45920
  79.00000    4.45987
  79.50000    4.46054
  80.00000    4.46121
  80.50000    4.46188
  81.00000    4.46255
  81.50000    4.46320
  82.00000    4.46371
  82.50000    4.46423
  83.00000    4.46475
  83.50000    4.46527
  84.00000    4.46579
  84.50000    4.46631
  85.00000    4.46683
  85.50000    4.46731
  86.00000    4.46772
  86.50000    4.46812
  87.00000    4.46853
  87.50000    4.46893
  88.00000    4.46934
  88.50000    4.46974
  89.00000    4.47015
  89.50000    4.47052
  90.00000    4.47083
  90.50000    4.47115
  91.00000    4.47147
  91.50000    4.47178
  92.00000    4.47210
  92.50000    4.47242
  93.00000    4.47273
  93.50000    4.47303
  94.00000    4.47331
  94.50000    4.47359
  95.00000    4.47386
  95.50000    4.47414
  96.00000    4.47442
  96.50000    4.47470
  97.00000    4.47498
  97.50000    4.47525
  98.00000    4.47551
  98.50000    4.47578
  99.00000    4.47605
  99.50000    4.47631
 100.00000    4.47658
 100.50000    4.47684
 101.00000    4.47711
 101.50000    4.47737
 102.00000    4.47764
 102.50000    4.47790
 103.00000    4.47817
 103.50000    4.47844
 104.00000    4.47870
 104.50000    4.47897
 105.00000    4.47923
 105.50000    4.47950
 106.00000    4.47976
 106.50000    4.48003
 107.00000    4.48030
 107.50000    4.48056
 108.00000    4.48083
 108.50000    4.48109
 109.00000    4.48136
 109.50000    4.48164
 110.00000    4.48194
 110.50000    4.48223
 111.00000    4.48252
 111.50000    4.48281
 112.00000    4.48310
 112.50000    4.48339
 113.00000    4.48368
 113.50000    4.48397
 114.00000    4.48426
 114.50000    4.48455
 115.00000    4.48485
 115.50000    4.48514
 116.00000    4.48543
 116.50000    4.48572
 117.00000    4.48601
 117.50000    4.48634
 118.00000    4.48667
 118.50000    4.48700
 119.00000    4.48733
 119.50000    4.48765
 120.00000    4.48798
 120.50000    4.48831
 121.00000    4.48864
 121.50000    4.48898
 122.00000    4.48933
 122.50000    4.48967
 123.00000    4.49001
 123.50000    4.49035
 124.00000    4.49069
 124.50000    4.49103
 125.00000    4.49138
 125.50000    4.49176
 126.00000    4.49214
 126.50000    4.49252
 127.00000    4.49290
 127.50000    4.49328
 128.00000    4.49366
 128.50000    4.49404
 129.00000    4.49443
 129.50000    4.49485
 130.00000    4.49527
 130.50000    4.49568
 131.00000    4.49610
 131.50000    4.49652
 132.00000    4.49693
 132.50000    4.49735
 133.00000    4.49778
 133.50000    4.49824
 134.00000    4.49870
 134.50000    4.49915
 135.00000    4.49961
 135.50000    4.50006
 136.00000    4.50052
 136.50000    4.50097
 137.00000    4.50145
 137.50000    4.50196
 138.00000    4.50246
 138.50000    4.50297
 139.00000    4.50348
 139.50000    4.50398
 140.00000    4.50449
 140.50000    4.50499
 141.00000    4.50553
 141.50000    4.50609
 142.00000    4.50664
 142.50000    4.50720
 143.00000    4.50776
 143.50000    4.50831
 144.00000    4.50887
 144.50000    4.50943
 145.00000    4.51003
 145.50000    4.51064
 146.00000    4.51126
 146.50000    4.51188
 147.00000    4.51250
 147.50000    4.51312
 148.00000    4.51374
 148.50000    4.51436
 149.00000    4.51503
 149.50000    4.51572
 150.00000    4.51640
