   0.00000    1.97320
   0.50000    2.11282
   1.00000    2.25244
   1.50000    2.39206
   2.00000    2.53167
   2.50000    2.67129
   3.00000    2.81091
   3.50000    3.49707
   4.00000    3.50598
   4.50000    3.51490
   5.00000    3.52323
   5.50000    3.53146
   6.00000    3.53969
   6.50000    3.54743
   7.00000    3.55501
   7.50000    3.56260
   8.00000    3.56978
   8.50000    3.57679
   9.00000    3.58379
   9.50000    3.59048
  10.00000    3.59696
  10.50000    3.60344
  11.00000    3.60971
  11.50000    3.61577
  12.00000    3.62183
  12.50000    3.62773
  13.00000    3.63340
  13.50000    3.63907
  14.00000    3.64465
  14.50000    3.65007
  15.00000    3.65548
  15.50000    3.66082
  16.00000    3.66598
  16.50000    3.67113
  17.00000    3.67626
  17.50000    3.68129
  18.00000    3.68631
  18.50000    3.69133
  19.00000    3.69629
  19.50000    3.70125
  20.00000    3.70621
  20.50000    3.71113
  21.00000    3.71606
  21.50000    3.72099
  22.00000    3.72597
  22.50000    3.73096
  23.00000    3.73595
  23.50000    3.74108
  24.00000    3.74623
  24.50000    3.75139
  25.00000    3.75666
  25.50000    3.76198
  26.00000    3.76729
  26.50000    3.77282
  27.00000    3.77846
  27.50000    3.78410
  28.00000    3.78993
  28.50000    3.79589
  29.00000    3.80186
  29.50000    3.80804
  30.00000    3.81446
  30.50000    3.82088
  31.00000    3.82748
  31.50000    3.83435
  32.00000    3.84122
  32.50000    3.84828
  33.00000    3.85573
  33.50000    3.86319
  34.00000    3.87079
  34.50000    3.87890
  35.00000    3.88700
  35.50000    3.89520
  36.00000    3.90399
  36.50000    3.91277
  37.00000    3.92161
  37.50000    3.93120
  38.00000    3.94079
  38.50000    3.95039
  39.00000    3.96081
  39.50000    3.97124
  40.00000    3.98168
  40.50000    3.99293
  41.00000    4.00427
  41.50000    4.01562
  42.00000    4.02777
  42.50000    4.04012
  43.00000    4.05247
  43.50000    4.06559
  44.00000    4.07901
  44.50000    4.09243
  45.00000    4.10657
  45.50000    4.12112
  46.00000    4.13567
  46.50000    4.15084
  47.00000    4.16649
  47.50000    4.18215
  48.00000    4.48750
  48.50000    4.49351
  49.00000    4.49952
  49.50000    4.50552
  50.00000    4.51153
  50.50000    4.51754
  51.00000    4.52355
  51.50000    4.52955
  52.00000    4.53480
  52.50000    4.53966
  53.00000    4.54451
  53.50000    4.54937
  54.00000    4.55422
  54.50000    4.55907
  55.00000    4.56393
  55.50000    4.56878
  56.00000    4.57271
  56.50000    4.57648
  57.00000    4.58024
  57.50000    4.58401
  58.00000    4.58777
  58.50000    4.59154
  59.00000    4.59531
  59.50000    4.59903
  60.00000    4.60183
  60.50000    4.60464
  61.00000    4.60744
  61.50000    4.61025
  62.00000    4.61305
  62.50000    4.61586
  63.00000    4.61867
  63.50000    4.62127
  64.00000    4.62324
  64.50000    4.62522
  65.00000    4.62719
  65.50000    4.62916
  66.00000    4.63113
  66.50000    4.63311
  67.00000    4.63508
  67.50000    4.63674
  68.00000    4.63798
  68.50000    4.63922
  69.00000    4.64046
  69.50000    4.64171
  70.00000    4.64295
  70.50000    4.64419
  71.00000    4.64543
  71.50000    4.64630
  72.00000    4.64694
  72.50000    4.64758
  73.00000    4.64822
  73.50000    4.64886
  74.00000    4.64950
  74.50000    4.65014
  75.00000    4.65078
  75.50000    4.65104
  76.00000    4.65120
  76.50000    4.65137
  77.00000    4.65154
  77.50000    4.65170
  78.00000    4.65187
  78.50000    4.65204
  79.00000    4.65220
  79.50000    4.65201
  80.00000    4.65181
  80.50000    4.65162
  81.00000    4.65143
  81.50000    4.65124
  82.00000    4.65104
  82.50000    4.65085
  83.00000    4.65061
  83.50000    4.65018
  84.00000    4.64974
  84.50000    4.64930
  85.00000    4.64887
  85.50000    4.64843
  86.00000    4.64800
  86.50000    4.64756
  87.00000    4.64708
  87.50000    4.64653
  88.00000    4.64598
  88.50000    4.64543
  89.00000    4.64488
  89.50000    4.64433
  90.00000    4.64378
  90.50000    4.64323
  91.00000    4.64268
  91.50000    4.64214
  92.00000    4.64161
  92.50000    4.64107
  93.00000    4.64053
  93.50000    4.63999
  94.00000    4.63945
  94.50000    4.63892
  95.00000    4.63847
  95.50000    4.63805
  96.00000    4.63762
  96.50000    4.63720
  97.00000    4.63678
  97.50000    4.63635
  98.00000    4.63593
  98.50000    4.63551
  99.00000    4.63530
  99.50000    4.63509
 100.00000    4.63489
 100.50000    4.63468
 101.00000    4.63448
 101.50000    4.63428
 102.00000    4.63407
 102.50000    4.63390
 103.00000    4.63393
 103.50000    4.63396
 104.00000    4.63398
 104.50000    4.63401
 105.00000    4.63403
 105.50000    4.63406
 106.00000    4.63408
 106.50000    4.63417
 107.00000    4.63436
 107.50000    4.63455
 108.00000    4.63475
 108.50000    4.63494
 109.00000    4.63513
 109.50000    4.63532
 110.00000    4.63552
 110.50000    4.63580
 111.00000    4.63616
 111.50000    4.63652
 112.00000    4.63688
 112.50000    4.63723
 113.00000    4.63759
 113.50000    4.63795
 114.00000    4.63831
 114.50000    4.63876
 115.00000    4.63923
 115.50000    4.63970
 116.00000    4.64018
 116.50000    4.64065
 117.00000    4.64113
 117.50000    4.64160
 118.00000    4.64207
 118.50000    4.64264
 119.00000    4.64322
 119.50000    4.64380
 120.00000    4.64437
 120.50000    4.64495
 121.00000    4.64553
 121.50000    4.64610
 122.00000    4.64669
 122.50000    4.64731
 123.00000    4.64794
 123.50000    4.64857
 124.00000    4.64920
 124.50000    4.64982
 125.00000    4.65045
 125.50000    4.65108
 126.00000    4.65172
 126.50000    4.65240
 127.00000    4.65308
 127.50000    4.65376
 128.00000    4.65444
 128.50000    4.65512
 129.00000    4.65580
 129.50000    4.65648
 130.00000    4.65716
 130.50000    4.65783
 131.00000    4.65851
 131.50000    4.65919
 132.00000    4.65987
 132.50000    4.66055
 133.00000    4.66123
 133.50000    4.66191
 134.00000    4.66256
 134.50000    4.66320
 135.00000    4.66384
 135.50000    4.66448
 136.00000    4.66512
 136.50000    4.66576
 137.00000    4.66640
 137.50000    4.66704
 138.00000    4.66765
 138.50000    4.66825
 139.00000    4.66885
 139.50000    4.66945
 140.00000    4.67006
 140.50000    4.67066
 141.00000    4.67126
 141.50000    4.67185
 142.00000    4.67235
 142.50000    4.67285
 143.00000    4.67335
 143.50000    4.67385
 144.00000    4.67435
 144.50000    4.67485
 145.00000    4.67535
 145.50000    4.67581
 146.00000    4.67620
 146.50000    4.67658
 147.00000    4.67697
 147.50000    4.67735
 148.00000    4.67773
 148.50000    4.67812
 149.00000    4.67850
 149.50000    4.67882
 150.00000    4.67906
