   0.00000    1.59970
   0.50000    1.83944
   1.00000    2.07918
   1.50000    2.31892
   2.00000    2.55865
   2.50000    2.79839
   3.00000    3.40158
   3.50000    3.41359
   4.00000    3.42482
   4.50000    3.43562
   5.00000    3.44570
   5.50000    3.45525
   6.00000    3.46421
   6.50000    3.47261
   7.00000    3.48058
   7.50000    3.48801
   8.00000    3.49511
   8.50000    3.50162
   9.00000    3.50791
   9.50000    3.51365
  10.00000    3.51924
  10.50000    3.52426
  11.00000    3.52920
  11.50000    3.53363
  12.00000    3.53804
  12.50000    3.54205
  13.00000    3.54605
  13.50000    3.54962
  14.00000    3.55319
  14.50000    3.55658
  15.00000    3.55996
  15.50000    3.56317
  16.00000    3.56636
  16.50000    3.56950
  17.00000    3.57264
  17.50000    3.57584
  18.00000    3.57907
  18.50000    3.58239
  19.00000    3.58576
  19.50000    3.58930
  20.00000    3.59296
  20.50000    3.59681
  21.00000    3.60086
  21.50000    3.60510
  22.00000    3.60964
  22.50000    3.61436
  23.00000    3.61947
  23.50000    3.62478
  24.00000    3.63066
  24.50000    3.63668
  25.00000    3.64333
  25.50000    3.65008
  26.00000    3.65766
  26.50000    3.66526
  27.00000    3.67389
  27.50000    3.68252
  28.00000    3.69222
  28.50000    3.70196
  29.00000    3.71285
  29.50000    3.72389
  30.00000    3.73599
  30.50000    3.74833
  31.00000    3.76178
  31.50000    3.77562
  32.00000    3.79042
  32.50000    3.80570
  33.00000    4.31168
  33.50000    4.31115
  34.00000    4.31061
  34.50000    4.31008
  35.00000    4.30954
  35.50000    4.30900
  36.00000    4.30847
  36.50000    4.30793
  37.00000    4.30740
  37.50000    4.30693
  38.00000    4.30646
  38.50000    4.30600
  39.00000    4.30553
  39.50000    4.30506
  40.00000    4.30460
  40.50000    4.30413
  41.00000    4.30367
  41.50000    4.30323
  42.00000    4.30283
  42.50000    4.30244
  43.00000    4.30204
  43.50000    4.30164
  44.00000    4.30125
  44.50000    4.30085
  45.00000    4.30046
  45.50000    4.30006
  46.00000    4.29970
  46.50000    4.29935
  47.00000    4.29900
  47.50000    4.29865
  48.00000    4.29830
  48.50000    4.29795
  49.00000    4.29760
  49.50000    4.29725
  50.00000    4.29692
  50.50000    4.29661
  51.00000    4.29631
  51.50000    4.29601
  52.00000    4.29571
  52.50000    4.29540
  53.00000    4.29510
  53.50000    4.29480
  54.00000    4.29449
  54.50000    4.29421
  55.00000    4.29393
  55.50000    4.29365
  56.00000    4.29337
  56.50000    4.29309
  57.00000    4.29281
  57.50000    4.29253
  58.00000    4.29225
  58.50000    4.29197
  59.00000    4.29169
  59.50000    4.29141
  60.00000    4.29113
  60.50000    4.29085
  61.00000    4.29057
  61.50000    4.29029
  62.00000    4.29001
  62.50000    4.28973
  63.00000    4.28945
  63.50000    4.28917
  64.00000    4.28889
  64.50000    4.28861
  65.00000    4.28833
  65.50000    4.28805
  66.00000    4.28777
  66.50000    4.28749
  67.00000    4.28721
  67.50000    4.28691
  68.00000    4.28661
  68.50000    4.28630
  69.00000    4.28600
  69.50000    4.28570
  70.00000    4.28540
  70.50000    4.28509
  71.00000    4.28479
  71.50000    4.28448
  72.00000    4.28415
  72.50000    4.28382
  73.00000    4.28350
  73.50000    4.28317
  74.00000    4.28285
  74.50000    4.28252
  75.00000    4.28219
  75.50000    4.28187
  76.00000    4.28150
  76.50000    4.28113
  77.00000    4.28076
  77.50000    4.28038
  78.00000    4.28001
  78.50000    4.27964
  79.00000    4.27926
  79.50000    4.27889
  80.00000    4.27850
  80.50000    4.27806
  81.00000    4.27762
  81.50000    4.27717
  82.00000    4.27673
  82.50000    4.27629
  83.00000    4.27585
  83.50000    4.27540
  84.00000    4.27496
  84.50000    4.27447
  85.00000    4.27396
  85.50000    4.27345
  86.00000    4.27293
  86.50000    4.27242
  87.00000    4.27191
  87.50000    4.27140
  88.00000    4.27088
  88.50000    4.27036
  89.00000    4.26977
  89.50000    4.26918
  90.00000    4.26858
  90.50000    4.26799
  91.00000    4.26739
  91.50000    4.26680
  92.00000    4.26620
  92.50000    4.26561
  93.00000    4.26499
  93.50000    4.26433
  94.00000    4.26368
  94.50000    4.26303
  95.00000    4.26238
  95.50000    4.26172
  96.00000    4.26107
  96.50000    4.26042
  97.00000    4.25976
  97.50000    4.25909
  98.00000    4.25842
  98.50000    4.25774
  99.00000    4.25706
  99.50000    4.25639
 100.00000    4.25571
 100.50000    4.25503
 101.00000    4.25436
 101.50000    4.25368
 102.00000    4.25301
 102.50000    4.25233
 103.00000    4.25165
 103.50000    4.25098
 104.00000    4.25030
 104.50000    4.24963
 105.00000    4.24895
 105.50000    4.24827
 106.00000    4.24762
 106.50000    4.24696
 107.00000    4.24631
 107.50000    4.24566
 108.00000    4.24500
 108.50000    4.24435
 109.00000    4.24370
 109.50000    4.24305
 110.00000    4.24240
 110.50000    4.24181
 111.00000    4.24121
 111.50000    4.24062
 112.00000    4.24002
 112.50000    4.23943
 113.00000    4.23884
 113.50000    4.23824
 114.00000    4.23765
 114.50000    4.23711
 115.00000    4.23661
 115.50000    4.23610
 116.00000    4.23560
 116.50000    4.23510
 117.00000    4.23460
 117.50000    4.23410
 118.00000    4.23360
 118.50000    4.23310
 119.00000    4.23273
 119.50000    4.23235
 120.00000    4.23198
 120.50000    4.23161
 121.00000    4.23123
 121.50000    4.23086
 122.00000    4.23049
 122.50000    4.23011
 123.00000    4.22980
 123.50000    4.22957
 124.00000    4.22933
 124.50000    4.22910
 125.00000    4.22887
 125.50000    4.22864
 126.00000    4.22840
 126.50000    4.22817
 127.00000    4.22794
 127.50000    4.22785
 128.00000    4.22779
 128.50000    4.22773
 129.00000    4.22768
 129.50000    4.22762
 130.00000    4.22756
 130.50000    4.22750
 131.00000    4.22744
 131.50000    4.22744
 132.00000    4.22761
 132.50000    4.22777
 133.00000    4.22793
 133.50000    4.22810
 134.00000    4.22826
 134.50000    4.22842
 135.00000    4.22859
 135.50000    4.22875
 136.00000    4.22906
 136.50000    4.22945
 137.00000    4.22983
 137.50000    4.23022
 138.00000    4.23060
 138.50000    4.23099
 139.00000    4.23137
 139.50000    4.23176
 140.00000    4.23217
 140.50000    4.23284
 141.00000    4.23350
 141.50000    4.23417
 142.00000    4.23483
 142.50000    4.23549
 143.00000    4.23616
 143.50000    4.23682
 144.00000    4.23749
 144.50000    4.23831
 145.00000    4.23926
 145.50000    4.24022
 146.00000    4.24117
 146.50000    4.24213
 147.00000    4.24309
 147.50000    4.24404
 148.00000    4.24500
 148.50000    4.24595
 149.00000    4.24722
 149.50000    4.24850
 150.00000    4.24978
