   0.00000    2.07270
   0.50000    2.14495
   1.00000    2.21721
   1.50000    2.28946
   2.00000    2.36172
   2.50000    2.43397
   3.00000    2.50623
   3.50000    2.57848
   4.00000    3.49111
   4.50000    3.50154
   5.00000    3.51198
   5.50000    3.52192
   6.00000    3.53145
   6.50000    3.54098
   7.00000    3.54984
   7.50000    3.55850
   8.00000    3.56716
   8.50000    3.57503
   9.00000    3.58290
   9.50000    3.59061
  10.00000    3.59779
  10.50000    3.60497
  11.00000    3.61187
  11.50000    3.61844
  12.00000    3.62501
  12.50000    3.63123
  13.00000    3.63729
  13.50000    3.64336
  14.00000    3.64902
  14.50000    3.65465
  15.00000    3.66023
  15.50000    3.66550
  16.00000    3.67077
  16.50000    3.67596
  17.00000    3.68101
  17.50000    3.68607
  18.00000    3.69103
  18.50000    3.69594
  19.00000    3.70085
  19.50000    3.70570
  20.00000    3.71054
  20.50000    3.71538
  21.00000    3.72025
  21.50000    3.72512
  22.00000    3.73004
  22.50000    3.73506
  23.00000    3.74008
  23.50000    3.74519
  24.00000    3.75039
  24.50000    3.75559
  25.00000    3.76104
  25.50000    3.76656
  26.00000    3.77208
  26.50000    3.77800
  27.00000    3.78392
  27.50000    3.78995
  28.00000    3.79634
  28.50000    3.80273
  29.00000    3.80940
  29.50000    3.81640
  30.00000    3.82341
  30.50000    3.83086
  31.00000    3.83851
  31.50000    3.84616
  32.00000    3.85451
  32.50000    3.86292
  33.00000    3.87146
  33.50000    3.88070
  34.00000    3.88994
  34.50000    3.89955
  35.00000    3.90977
  35.50000    3.91998
  36.00000    3.93084
  36.50000    3.94210
  37.00000    3.95336
  37.50000    3.96556
  38.00000    3.97795
  38.50000    3.99041
  39.00000    4.00398
  39.50000    4.01756
  40.00000    4.03153
  40.50000    4.04644
  41.00000    4.06135
  41.50000    4.07698
  42.00000    4.09326
  42.50000    4.10954
  43.00000    4.12689
  43.50000    4.14458
  44.00000    4.16227
  44.50000    4.37747
  45.00000    4.38443
  45.50000    4.39140
  46.00000    4.39836
  46.50000    4.40532
  47.00000    4.41229
  47.50000    4.41925
  48.00000    4.42621
  48.50000    4.43211
  49.00000    4.43800
  49.50000    4.44389
  50.00000    4.44978
  50.50000    4.45566
  51.00000    4.46155
  51.50000    4.46744
  52.00000    4.47333
  52.50000    4.47821
  53.00000    4.48309
  53.50000    4.48797
  54.00000    4.49284
  54.50000    4.49772
  55.00000    4.50259
  55.50000    4.50747
  56.00000    4.51234
  56.50000    4.51630
  57.00000    4.52025
  57.50000    4.52420
  58.00000    4.52815
  58.50000    4.53210
  59.00000    4.53605
  59.50000    4.54000
  60.00000    4.54395
  60.50000    4.54710
  61.00000    4.55024
  61.50000    4.55338
  62.00000    4.55651
  62.50000    4.55965
  63.00000    4.56279
  63.50000    4.56593
  64.00000    4.56906
  64.50000    4.57149
  65.00000    4.57390
  65.50000    4.57631
  66.00000    4.57872
  66.50000    4.58114
  67.00000    4.58355
  67.50000    4.58596
  68.00000    4.58837
  68.50000    4.59019
  69.00000    4.59201
  69.50000    4.59382
  70.00000    4.59563
  70.50000    4.59744
  71.00000    4.59926
  71.50000    4.60107
  72.00000    4.60288
  72.50000    4.60419
  73.00000    4.60549
  73.50000    4.60679
  74.00000    4.60809
  74.50000    4.60939
  75.00000    4.61069
  75.50000    4.61199
  76.00000    4.61329
  76.50000    4.61418
  77.00000    4.61507
  77.50000    4.61595
  78.00000    4.61684
  78.50000    4.61773
  79.00000    4.61862
  79.50000    4.61950
  80.00000    4.62039
  80.50000    4.62098
  81.00000    4.62157
  81.50000    4.62216
  82.00000    4.62274
  82.50000    4.62333
  83.00000    4.62392
  83.50000    4.62451
  84.00000    4.62509
  84.50000    4.62550
  85.00000    4.62590
  85.50000    4.62630
  86.00000    4.62670
  86.50000    4.62710
  87.00000    4.62750
  87.50000    4.62790
  88.00000    4.62830
  88.50000    4.62858
  89.00000    4.62887
  89.50000    4.62916
  90.00000    4.62945
  90.50000    4.62973
  91.00000    4.63002
  91.50000    4.63031
  92.00000    4.63060
  92.50000    4.63090
  93.00000    4.63120
  93.50000    4.63150
  94.00000    4.63180
  94.50000    4.63210
  95.00000    4.63240
  95.50000    4.63270
  96.00000    4.63300
  96.50000    4.63338
  97.00000    4.63377
  97.50000    4.63416
  98.00000    4.63455
  98.50000    4.63493
  99.00000    4.63532
  99.50000    4.63571
 100.00000    4.63610
 100.50000    4.63657
 101.00000    4.63705
 101.50000    4.63752
 102.00000    4.63800
 102.50000    4.63847
 103.00000    4.63895
 103.50000    4.63942
 104.00000    4.63990
 104.50000    4.64045
 105.00000    4.64100
 105.50000    4.64155
 106.00000    4.64210
 106.50000    4.64265
 107.00000    4.64320
 107.50000    4.64375
 108.00000    4.64430
 108.50000    4.64488
 109.00000    4.64547
 109.50000    4.64606
 110.00000    4.64665
 110.50000    4.64723
 111.00000    4.64782
 111.50000    4.64841
 112.00000    4.64900
 112.50000    4.64962
 113.00000    4.65025
 113.50000    4.65087
 114.00000    4.65150
 114.50000    4.65212
 115.00000    4.65275
 115.50000    4.65337
 116.00000    4.65400
 116.50000    4.65462
 117.00000    4.65525
 117.50000    4.65587
 118.00000    4.65650
 118.50000    4.65712
 119.00000    4.65775
 119.50000    4.65837
 120.00000    4.65900
 120.50000    4.65962
 121.00000    4.66025
 121.50000    4.66087
 122.00000    4.66150
 122.50000    4.66212
 123.00000    4.66275
 123.50000    4.66337
 124.00000    4.66400
 124.50000    4.66458
 125.00000    4.66517
 125.50000    4.66576
 126.00000    4.66635
 126.50000    4.66693
 127.00000    4.66752
 127.50000    4.66811
 128.00000    4.66870
 128.50000    4.66922
 129.00000    4.66975
 129.50000    4.67027
 130.00000    4.67080
 130.50000    4.67132
 131.00000    4.67185
 131.50000    4.67237
 132.00000    4.67290
 132.50000    4.67336
 133.00000    4.67382
 133.50000    4.67429
 134.00000    4.67475
 134.50000    4.67521
 135.00000    4.67567
 135.50000    4.67614
 136.00000    4.67660
 136.50000    4.67696
 137.00000    4.67732
 137.50000    4.67769
 138.00000    4.67805
 138.50000    4.67841
 139.00000    4.67877
 139.50000    4.67914
 140.00000    4.67950
 140.50000    4.67975
 141.00000    4.68000
 141.50000    4.68025
 142.00000    4.68050
 142.50000    4.68075
 143.00000    4.68100
 143.50000    4.68125
 144.00000    4.68150
 144.50000    4.68162
 145.00000    4.68175
 145.50000    4.68187
 146.00000    4.68200
 146.50000    4.68212
 147.00000    4.68225
 147.50000    4.68237
 148.00000    4.68250
 148.50000    4.68246
 149.00000    4.68243
 149.50000    4.68239
 150.00000    4.68235
