   0.00000    1.15440
   0.50000    3.15284
   1.00000    3.18293
   1.50000    3.21062
   2.00000    3.23745
   2.50000    3.26149
   3.00000    3.28507
   3.50000    3.30570
   4.00000    3.32599
   4.50000    3.34386
   5.00000    3.36115
   5.50000    3.37656
   6.00000    3.39115
   6.50000    3.40427
   7.00000    3.41646
   7.50000    3.42766
   8.00000    3.43775
   8.50000    3.44714
   9.00000    3.45547
   9.50000    3.46342
  10.00000    3.47026
  10.50000    3.47693
  11.00000    3.48259
  11.50000    3.48817
  12.00000    3.49313
  12.50000    3.49795
  13.00000    3.50232
  13.50000    3.50662
  14.00000    3.51078
  14.50000    3.51492
  15.00000    3.51902
  15.50000    3.52329
  16.00000    3.52767
  16.50000    3.53240
  17.00000    3.53725
  17.50000    3.54271
  18.00000    3.54826
  18.50000    3.55481
  19.00000    3.56151
  19.50000    3.56924
  20.00000    3.57734
  20.50000    3.58657
  21.00000    3.59643
  21.50000    3.60736
  22.00000    3.61925
  22.50000    3.63210
  23.00000    3.64635
  23.50000    3.66144
  24.00000    3.67837
  24.50000    3.69592
  25.00000    3.71584
  25.50000    3.73611
  26.00000    3.75925
  26.50000    3.78277
  27.00000    3.80902
  27.50000    4.44409
  28.00000    4.44240
  28.50000    4.44072
  29.00000    4.43904
  29.50000    4.43735
  30.00000    4.43567
  30.50000    4.43399
  31.00000    4.43230
  31.50000    4.43062
  32.00000    4.42893
  32.50000    4.42724
  33.00000    4.42554
  33.50000    4.42385
  34.00000    4.42216
  34.50000    4.42046
  35.00000    4.41877
  35.50000    4.41707
  36.00000    4.41538
  36.50000    4.41368
  37.00000    4.41199
  37.50000    4.41029
  38.00000    4.40860
  38.50000    4.40691
  39.00000    4.40521
  39.50000    4.40352
  40.00000    4.40182
  40.50000    4.40013
  41.00000    4.39844
  41.50000    4.39676
  42.00000    4.39507
  42.50000    4.39339
  43.00000    4.39171
  43.50000    4.39002
  44.00000    4.38834
  44.50000    4.38666
  45.00000    4.38498
  45.50000    4.38330
  46.00000    4.38163
  46.50000    4.37996
  47.00000    4.37829
  47.50000    4.37661
  48.00000    4.37494
  48.50000    4.37327
  49.00000    4.37160
  49.50000    4.36993
  50.00000    4.36829
  50.50000    4.36665
  51.00000    4.36501
  51.50000    4.36337
  52.00000    4.36174
  52.50000    4.36010
  53.00000    4.35846
  53.50000    4.35682
  54.00000    4.35519
  54.50000    4.35357
  55.00000    4.35196
  55.50000    4.35034
  56.00000    4.34873
  56.50000    4.34711
  57.00000    4.34550
  57.50000    4.34388
  58.00000    4.34226
  58.50000    4.34067
  59.00000    4.33911
  59.50000    4.33755
  60.00000    4.33599
  60.50000    4.33443
  61.00000    4.33287
  61.50000    4.33131
  62.00000    4.32975
  62.50000    4.32819
  63.00000    4.32665
  63.50000    4.32514
  64.00000    4.32363
  64.50000    4.32211
  65.00000    4.32060
  65.50000    4.31909
  66.00000    4.31757
  66.50000    4.31606
  67.00000    4.31454
  67.50000    4.31306
  68.00000    4.31161
  68.50000    4.31015
  69.00000    4.30869
  69.50000    4.30723
  70.00000    4.30578
  70.50000    4.30432
  71.00000    4.30286
  71.50000    4.30141
  72.00000    4.30000
  72.50000    4.29861
  73.00000    4.29722
  73.50000    4.29583
  74.00000    4.29444
  74.50000    4.29305
  75.00000    4.29166
  75.50000    4.29027
  76.00000    4.28888
  76.50000    4.28755
  77.00000    4.28623
  77.50000    4.28491
  78.00000    4.28359
  78.50000    4.28226
  79.00000    4.28094
  79.50000    4.27962
  80.00000    4.27830
  80.50000    4.27698
  81.00000    4.27575
  81.50000    4.27452
  82.00000    4.27329
  82.50000    4.27205
  83.00000    4.27082
  83.50000    4.26959
  84.00000    4.26836
  84.50000    4.26713
  85.00000    4.26591
  85.50000    4.26477
  86.00000    4.26363
  86.50000    4.26249
  87.00000    4.26135
  87.50000    4.26021
  88.00000    4.25907
  88.50000    4.25793
  89.00000    4.25679
  89.50000    4.25568
  90.00000    4.25465
  90.50000    4.25362
  91.00000    4.25260
  91.50000    4.25157
  92.00000    4.25054
  92.50000    4.24951
  93.00000    4.24848
  93.50000    4.24746
  94.00000    4.24649
  94.50000    4.24558
  95.00000    4.24468
  95.50000    4.24377
  96.00000    4.24287
  96.50000    4.24197
  97.00000    4.24106
  97.50000    4.24016
  98.00000    4.23926
  98.50000    4.23843
  99.00000    4.23765
  99.50000    4.23687
 100.00000    4.23609
 100.50000    4.23531
 101.00000    4.23453
 101.50000    4.23375
 102.00000    4.23297
 102.50000    4.23219
 103.00000    4.23153
 103.50000    4.23091
 104.00000    4.23029
 104.50000    4.22967
 105.00000    4.22905
 105.50000    4.22842
 106.00000    4.22780
 106.50000    4.22718
 107.00000    4.22656
 107.50000    4.22609
 108.00000    4.22564
 108.50000    4.22519
 109.00000    4.22474
 109.50000    4.22428
 110.00000    4.22383
 110.50000    4.22338
 111.00000    4.22293
 111.50000    4.22249
 112.00000    4.22223
 112.50000    4.22197
 113.00000    4.22171
 113.50000    4.22145
 114.00000    4.22119
 114.50000    4.22093
 115.00000    4.22067
 115.50000    4.22041
 116.00000    4.22019
 116.50000    4.22012
 117.00000    4.22005
 117.50000    4.21998
 118.00000    4.21992
 118.50000    4.21985
 119.00000    4.21978
 119.50000    4.21971
 120.00000    4.21964
 120.50000    4.21965
 121.00000    4.21980
 121.50000    4.21994
 122.00000    4.22009
 122.50000    4.22024
 123.00000    4.22038
 123.50000    4.22053
 124.00000    4.22068
 124.50000    4.22083
 125.00000    4.22108
 125.50000    4.22146
 126.00000    4.22183
 126.50000    4.22220
 127.00000    4.22257
 127.50000    4.22295
 128.00000    4.22332
 128.50000    4.22369
 129.00000    4.22407
 129.50000    4.22460
 130.00000    4.22524
 130.50000    4.22587
 131.00000    4.22650
 131.50000    4.22714
 132.00000    4.22777
 132.50000    4.22840
 133.00000    4.22903
 133.50000    4.22967
 134.00000    4.23049
 134.50000    4.23138
 135.00000    4.23226
 135.50000    4.23314
 136.00000    4.23402
 136.50000    4.23490
 137.00000    4.23578
 137.50000    4.23666
 138.00000    4.23754
 138.50000    4.23869
 139.00000    4.23985
 139.50000    4.24101
 140.00000    4.24218
 140.50000    4.24334
 141.00000    4.24450
 141.50000    4.24567
 142.00000    4.24683
 142.50000    4.24802
 143.00000    4.24946
 143.50000    4.25091
 144.00000    4.25236
 144.50000    4.25380
 145.00000    4.25525
 145.50000    4.25669
 146.00000    4.25814
 146.50000    4.25959
 147.00000    4.26111
 147.50000    4.26287
 148.00000    4.26463
 148.50000    4.26639
 149.00000    4.26815
 149.50000    4.26992
 150.00000    4.27168
