   0.00000    1.00700
   0.50000    1.68732
   1.00000    3.05101
   1.50000    3.08417
   2.00000    3.11558
   2.50000    3.14639
   3.00000    3.17588
   3.50000    3.20430
   4.00000    3.23198
   4.50000    3.25820
   5.00000    3.28396
   5.50000    3.30839
   6.00000    3.33216
   6.50000    3.35508
   7.00000    3.37699
   7.50000    3.39851
   8.00000    3.41882
   8.50000    3.43878
   9.00000    3.45786
   9.50000    3.47635
  10.00000    3.49439
  10.50000    3.51159
  11.00000    3.52853
  11.50000    3.54476
  12.00000    3.56069
  12.50000    3.57616
  13.00000    3.59119
  13.50000    3.60603
  14.00000    3.62030
  14.50000    3.63445
  15.00000    3.64829
  15.50000    3.66199
  16.00000    3.67554
  16.50000    3.68890
  17.00000    3.70221
  17.50000    3.71535
  18.00000    3.72852
  18.50000    3.74172
  19.00000    3.75493
  19.50000    3.76813
  20.00000    3.78160
  20.50000    3.79515
  21.00000    3.80887
  21.50000    3.82283
  22.00000    3.83702
  22.50000    3.85157
  23.00000    3.86626
  23.50000    3.88156
  24.00000    3.89708
  24.50000    3.91308
  25.00000    3.92954
  25.50000    3.94629
  26.00000    4.25226
  26.50000    4.25614
  27.00000    4.26002
  27.50000    4.26390
  28.00000    4.26777
  28.50000    4.27165
  29.00000    4.27553
  29.50000    4.27941
  30.00000    4.28329
  30.50000    4.28626
  31.00000    4.28918
  31.50000    4.29209
  32.00000    4.29501
  32.50000    4.29793
  33.00000    4.30085
  33.50000    4.30376
  34.00000    4.30668
  34.50000    4.30960
  35.00000    4.31163
  35.50000    4.31367
  36.00000    4.31570
  36.50000    4.31774
  37.00000    4.31977
  37.50000    4.32181
  38.00000    4.32384
  38.50000    4.32588
  39.00000    4.32787
  39.50000    4.32911
  40.00000    4.33035
  40.50000    4.33159
  41.00000    4.33283
  41.50000    4.33407
  42.00000    4.33531
  42.50000    4.33655
  43.00000    4.33779
  43.50000    4.33896
  44.00000    4.33951
  44.50000    4.34005
  45.00000    4.34060
  45.50000    4.34115
  46.00000    4.34170
  46.50000    4.34225
  47.00000    4.34279
  47.50000    4.34334
  48.00000    4.34379
  48.50000    4.34372
  49.00000    4.34365
  49.50000    4.34359
  50.00000    4.34352
  50.50000    4.34345
  51.00000    4.34339
  51.50000    4.34332
  52.00000    4.34325
  52.50000    4.34307
  53.00000    4.34249
  53.50000    4.34191
  54.00000    4.34133
  54.50000    4.34075
  55.00000    4.34017
  55.50000    4.33959
  56.00000    4.33901
  56.50000    4.33842
  57.00000    4.33773
  57.50000    4.33675
  58.00000    4.33577
  58.50000    4.33478
  59.00000    4.33380
  59.50000    4.33282
  60.00000    4.33183
  60.50000    4.33085
  61.00000    4.32986
  61.50000    4.32877
  62.00000    4.32745
  62.50000    4.32613
  63.00000    4.32482
  63.50000    4.32350
  64.00000    4.32218
  64.50000    4.32086
  65.00000    4.31954
  65.50000    4.31822
  66.00000    4.31682
  66.50000    4.31527
  67.00000    4.31373
  67.50000    4.31219
  68.00000    4.31065
  68.50000    4.30910
  69.00000    4.30756
  69.50000    4.30602
  70.00000    4.30448
  70.50000    4.30287
  71.00000    4.30120
  71.50000    4.29952
  72.00000    4.29784
  72.50000    4.29617
  73.00000    4.29449
  73.50000    4.29281
  74.00000    4.29114
  74.50000    4.28946
  75.00000    4.28777
  75.50000    4.28606
  76.00000    4.28435
  76.50000    4.28264
  77.00000    4.28093
  77.50000    4.27922
  78.00000    4.27751
  78.50000    4.27580
  79.00000    4.27409
  79.50000    4.27240
  80.00000    4.27073
  80.50000    4.26907
  81.00000    4.26740
  81.50000    4.26574
  82.00000    4.26407
  82.50000    4.26241
  83.00000    4.26074
  83.50000    4.25908
  84.00000    4.25750
  84.50000    4.25598
  85.00000    4.25446
  85.50000    4.25294
  86.00000    4.25142
  86.50000    4.24989
  87.00000    4.24837
  87.50000    4.24685
  88.00000    4.24533
  88.50000    4.24392
  89.00000    4.24255
  89.50000    4.24119
  90.00000    4.23982
  90.50000    4.23846
  91.00000    4.23710
  91.50000    4.23573
  92.00000    4.23437
  92.50000    4.23301
  93.00000    4.23176
  93.50000    4.23056
  94.00000    4.22937
  94.50000    4.22817
  95.00000    4.22698
  95.50000    4.22578
  96.00000    4.22458
  96.50000    4.22339
  97.00000    4.22219
  97.50000    4.22113
  98.00000    4.22011
  98.50000    4.21910
  99.00000    4.21808
  99.50000    4.21706
 100.00000    4.21604
 100.50000    4.21503
 101.00000    4.21401
 101.50000    4.21299
 102.00000    4.21212
 102.50000    4.21128
 103.00000    4.21044
 103.50000    4.20961
 104.00000    4.20877
 104.50000    4.20793
 105.00000    4.20709
 105.50000    4.20625
 106.00000    4.20541
 106.50000    4.20473
 107.00000    4.20407
 107.50000    4.20341
 108.00000    4.20275
 108.50000    4.20209
 109.00000    4.20143
 109.50000    4.20077
 110.00000    4.20011
 110.50000    4.19945
 111.00000    4.19899
 111.50000    4.19854
 112.00000    4.19810
 112.50000    4.19765
 113.00000    4.19720
 113.50000    4.19675
 114.00000    4.19631
 114.50000    4.19586
 115.00000    4.19541
 115.50000    4.19516
 116.00000    4.19492
 116.50000    4.19467
 117.00000    4.19442
 117.50000    4.19418
 118.00000    4.19393
 118.50000    4.19369
 119.00000    4.19344
 119.50000    4.19320
 120.00000    4.19315
 120.50000    4.19311
 121.00000    4.19306
 121.50000    4.19302
 122.00000    4.19298
 122.50000    4.19293
 123.00000    4.19289
 123.50000    4.19284
 124.00000    4.19282
 124.50000    4.19301
 125.00000    4.19320
 125.50000    4.19339
 126.00000    4.19358
 126.50000    4.19377
 127.00000    4.19396
 127.50000    4.19415
 128.00000    4.19434
 128.50000    4.19456
 129.00000    4.19497
 129.50000    4.19538
 130.00000    4.19580
 130.50000    4.19621
 131.00000    4.19662
 131.50000    4.19704
 132.00000    4.19745
 132.50000    4.19786
 133.00000    4.19833
 133.50000    4.19898
 134.00000    4.19964
 134.50000    4.20030
 135.00000    4.20096
 135.50000    4.20162
 136.00000    4.20228
 136.50000    4.20294
 137.00000    4.20360
 137.50000    4.20432
 138.00000    4.20521
 138.50000    4.20611
 139.00000    4.20700
 139.50000    4.20790
 140.00000    4.20879
 140.50000    4.20968
 141.00000    4.21058
 141.50000    4.21147
 142.00000    4.21244
 142.50000    4.21359
 143.00000    4.21475
 143.50000    4.21590
 144.00000    4.21705
 144.50000    4.21820
 145.00000    4.21935
 145.50000    4.22050
 146.00000    4.22165
 146.50000    4.22290
 147.00000    4.22430
 147.50000    4.22571
 148.00000    4.22712
 148.50000    4.22853
 149.00000    4.22994
 149.50000    4.23135
 150.00000    4.23275
