   0.00000    1.40830
   0.50000    3.21608
   1.00000    3.23943
   1.50000    3.26188
   2.00000    3.28279
   2.50000    3.30227
   3.00000    3.32067
   3.50000    3.33736
   4.00000    3.35354
   4.50000    3.36772
   5.00000    3.38152
   5.50000    3.39375
   6.00000    3.40531
   6.50000    3.41577
   7.00000    3.42535
   7.50000    3.43431
   8.00000    3.44222
   8.50000    3.44984
   9.00000    3.45626
   9.50000    3.46248
  10.00000    3.46793
  10.50000    3.47306
  11.00000    3.47767
  11.50000    3.48193
  12.00000    3.48594
  12.50000    3.48959
  13.00000    3.49315
  13.50000    3.49638
  14.00000    3.49960
  14.50000    3.50283
  15.00000    3.50607
  15.50000    3.50936
  16.00000    3.51280
  16.50000    3.51636
  17.00000    3.52031
  17.50000    3.52437
  18.00000    3.52904
  18.50000    3.53387
  19.00000    3.53937
  19.50000    3.54525
  20.00000    3.55170
  20.50000    3.55891
  21.00000    3.56664
  21.50000    3.57539
  22.00000    3.58440
  22.50000    3.59502
  23.00000    3.60597
  23.50000    3.61826
  24.00000    3.63135
  24.50000    3.64564
  25.00000    3.66114
  25.50000    3.67743
  26.00000    3.69551
  26.50000    4.33299
  27.00000    4.33087
  27.50000    4.32876
  28.00000    4.32665
  28.50000    4.32453
  29.00000    4.32242
  29.50000    4.32031
  30.00000    4.31820
  30.50000    4.31608
  31.00000    4.31402
  31.50000    4.31233
  32.00000    4.31064
  32.50000    4.30896
  33.00000    4.30727
  33.50000    4.30559
  34.00000    4.30390
  34.50000    4.30221
  35.00000    4.30053
  35.50000    4.29893
  36.00000    4.29767
  36.50000    4.29642
  37.00000    4.29516
  37.50000    4.29390
  38.00000    4.29264
  38.50000    4.29138
  39.00000    4.29012
  39.50000    4.28886
  40.00000    4.28771
  40.50000    4.28680
  41.00000    4.28589
  41.50000    4.28498
  42.00000    4.28407
  42.50000    4.28316
  43.00000    4.28225
  43.50000    4.28134
  44.00000    4.28043
  44.50000    4.27966
  45.00000    4.27909
  45.50000    4.27851
  46.00000    4.27794
  46.50000    4.27737
  47.00000    4.27680
  47.50000    4.27622
  48.00000    4.27565
  48.50000    4.27508
  49.00000    4.27464
  49.50000    4.27434
  50.00000    4.27404
  50.50000    4.27373
  51.00000    4.27343
  51.50000    4.27313
  52.00000    4.27282
  52.50000    4.27252
  53.00000    4.27221
  53.50000    4.27207
  54.00000    4.27201
  54.50000    4.27195
  55.00000    4.27190
  55.50000    4.27184
  56.00000    4.27178
  56.50000    4.27173
  57.00000    4.27167
  57.50000    4.27162
  58.00000    4.27170
  58.50000    4.27183
  59.00000    4.27197
  59.50000    4.27210
  60.00000    4.27224
  60.50000    4.27237
  61.00000    4.27251
  61.50000    4.27264
  62.00000    4.27278
  62.50000    4.27304
  63.00000    4.27333
  63.50000    4.27363
  64.00000    4.27392
  64.50000    4.27421
  65.00000    4.27450
  65.50000    4.27479
  66.00000    4.27509
  66.50000    4.27538
  67.00000    4.27578
  67.50000    4.27618
  68.00000    4.27658
  68.50000    4.27699
  69.00000    4.27739
  69.50000    4.27780
  70.00000    4.27820
  70.50000    4.27861
  71.00000    4.27901
  71.50000    4.27949
  72.00000    4.27996
  72.50000    4.28043
  73.00000    4.28090
  73.50000    4.28137
  74.00000    4.28185
  74.50000    4.28232
  75.00000    4.28279
  75.50000    4.28327
  76.00000    4.28376
  76.50000    4.28425
  77.00000    4.28475
  77.50000    4.28524
  78.00000    4.28574
  78.50000    4.28623
  79.00000    4.28673
  79.50000    4.28722
  80.00000    4.28771
  80.50000    4.28818
  81.00000    4.28866
  81.50000    4.28913
  82.00000    4.28960
  82.50000    4.29007
  83.00000    4.29054
  83.50000    4.29102
  84.00000    4.29149
  84.50000    4.29194
  85.00000    4.29237
  85.50000    4.29280
  86.00000    4.29323
  86.50000    4.29365
  87.00000    4.29408
  87.50000    4.29451
  88.00000    4.29493
  88.50000    4.29536
  89.00000    4.29577
  89.50000    4.29615
  90.00000    4.29653
  90.50000    4.29691
  91.00000    4.29730
  91.50000    4.29768
  92.00000    4.29806
  92.50000    4.29844
  93.00000    4.29883
  93.50000    4.29918
  94.00000    4.29952
  94.50000    4.29986
  95.00000    4.30019
  95.50000    4.30053
  96.00000    4.30087
  96.50000    4.30121
  97.00000    4.30154
  97.50000    4.30188
  98.00000    4.30220
  98.50000    4.30250
  99.00000    4.30280
  99.50000    4.30311
 100.00000    4.30341
 100.50000    4.30371
 101.00000    4.30402
 101.50000    4.30432
 102.00000    4.30462
 102.50000    4.30491
 103.00000    4.30519
 103.50000    4.30547
 104.00000    4.30575
 104.50000    4.30603
 105.00000    4.30631
 105.50000    4.30660
 106.00000    4.30688
 106.50000    4.30716
 107.00000    4.30744
 107.50000    4.30772
 108.00000    4.30800
 108.50000    4.30828
 109.00000    4.30856
 109.50000    4.30884
 110.00000    4.30912
 110.50000    4.30941
 111.00000    4.30969
 111.50000    4.30996
 112.00000    4.31023
 112.50000    4.31050
 113.00000    4.31077
 113.50000    4.31104
 114.00000    4.31131
 114.50000    4.31158
 115.00000    4.31185
 115.50000    4.31212
 116.00000    4.31241
 116.50000    4.31270
 117.00000    4.31299
 117.50000    4.31329
 118.00000    4.31358
 118.50000    4.31387
 119.00000    4.31416
 119.50000    4.31445
 120.00000    4.31475
 120.50000    4.31504
 121.00000    4.31533
 121.50000    4.31562
 122.00000    4.31591
 122.50000    4.31621
 123.00000    4.31650
 123.50000    4.31679
 124.00000    4.31708
 124.50000    4.31739
 125.00000    4.31772
 125.50000    4.31806
 126.00000    4.31840
 126.50000    4.31874
 127.00000    4.31907
 127.50000    4.31941
 128.00000    4.31975
 128.50000    4.32008
 129.00000    4.32043
 129.50000    4.32081
 130.00000    4.32118
 130.50000    4.32155
 131.00000    4.32192
 131.50000    4.32229
 132.00000    4.32266
 132.50000    4.32303
 133.00000    4.32340
 133.50000    4.32379
 134.00000    4.32421
 134.50000    4.32462
 135.00000    4.32504
 135.50000    4.32546
 136.00000    4.32587
 136.50000    4.32629
 137.00000    4.32670
 137.50000    4.32712
 138.00000    4.32757
 138.50000    4.32804
 139.00000    4.32851
 139.50000    4.32898
 140.00000    4.32946
 140.50000    4.32993
 141.00000    4.33040
 141.50000    4.33087
 142.00000    4.33134
 142.50000    4.33186
 143.00000    4.33240
 143.50000    4.33294
 144.00000    4.33348
 144.50000    4.33402
 145.00000    4.33456
 145.50000    4.33510
 146.00000    4.33564
 146.50000    4.33618
 147.00000    4.33678
 147.50000    4.33740
 148.00000    4.33801
 148.50000    4.33863
 149.00000    4.33925
 149.50000    4.33987
 150.00000    4.34049
