   0.00000    1.17260
   0.50000    3.16829
   1.00000    3.19516
   1.50000    3.22078
   2.00000    3.24563
   2.50000    3.26890
   3.00000    3.29163
   3.50000    3.31265
   4.00000    3.33340
   4.50000    3.35237
   5.00000    3.37113
   5.50000    3.38832
   6.00000    3.40516
   6.50000    3.42080
   7.00000    3.43591
   7.50000    3.45001
   8.00000    3.46352
   8.50000    3.47634
   9.00000    3.48845
   9.50000    3.50005
  10.00000    3.51085
  10.50000    3.52134
  11.00000    3.53103
  11.50000    3.54055
  12.00000    3.54927
  12.50000    3.55789
  13.00000    3.56587
  13.50000    3.57374
  14.00000    3.58114
  14.50000    3.58838
  15.00000    3.59530
  15.50000    3.60208
  16.00000    3.60868
  16.50000    3.61516
  17.00000    3.62155
  17.50000    3.62786
  18.00000    3.63414
  18.50000    3.64046
  19.00000    3.64679
  19.50000    3.65332
  20.00000    3.65988
  20.50000    3.66664
  21.00000    3.67347
  21.50000    3.68071
  22.00000    3.68810
  22.50000    3.69587
  23.00000    3.70389
  23.50000    3.71230
  24.00000    3.72116
  24.50000    3.73042
  25.00000    3.74023
  25.50000    3.75034
  26.00000    3.76131
  26.50000    3.77253
  27.00000    3.78471
  27.50000    4.24054
  28.00000    4.24563
  28.50000    4.25072
  29.00000    4.25580
  29.50000    4.26089
  30.00000    4.26598
  30.50000    4.27106
  31.00000    4.27615
  31.50000    4.28124
  32.00000    4.28609
  32.50000    4.28970
  33.00000    4.29332
  33.50000    4.29694
  34.00000    4.30055
  34.50000    4.30417
  35.00000    4.30779
  35.50000    4.31141
  36.00000    4.31502
  36.50000    4.31822
  37.00000    4.32049
  37.50000    4.32276
  38.00000    4.32503
  38.50000    4.32731
  39.00000    4.32958
  39.50000    4.33185
  40.00000    4.33412
  40.50000    4.33639
  41.00000    4.33811
  41.50000    4.33919
  42.00000    4.34028
  42.50000    4.34136
  43.00000    4.34245
  43.50000    4.34354
  44.00000    4.34462
  44.50000    4.34571
  45.00000    4.34679
  45.50000    4.34724
  46.00000    4.34729
  46.50000    4.34735
  47.00000    4.34740
  47.50000    4.34746
  48.00000    4.34752
  48.50000    4.34757
  49.00000    4.34763
  49.50000    4.34769
  50.00000    4.34708
  50.50000    4.34627
  51.00000    4.34547
  51.50000    4.34467
  52.00000    4.34387
  52.50000    4.34306
  53.00000    4.34226
  53.50000    4.34146
  54.00000    4.34066
  54.50000    4.33921
  55.00000    4.33772
  55.50000    4.33623
  56.00000    4.33474
  56.50000    4.33324
  57.00000    4.33175
  57.50000    4.33026
  58.00000    4.32877
  58.50000    4.32723
  59.00000    4.32522
  59.50000    4.32321
  60.00000    4.32120
  60.50000    4.31918
  61.00000    4.31717
  61.50000    4.31516
  62.00000    4.31315
  62.50000    4.31113
  63.00000    4.30904
  63.50000    4.30666
  64.00000    4.30429
  64.50000    4.30191
  65.00000    4.29954
  65.50000    4.29717
  66.00000    4.29479
  66.50000    4.29242
  67.00000    4.29005
  67.50000    4.28760
  68.00000    4.28503
  68.50000    4.28246
  69.00000    4.27990
  69.50000    4.27733
  70.00000    4.27477
  70.50000    4.27220
  71.00000    4.26963
  71.50000    4.26707
  72.00000    4.26449
  72.50000    4.26190
  73.00000    4.25931
  73.50000    4.25672
  74.00000    4.25414
  74.50000    4.25155
  75.00000    4.24896
  75.50000    4.24637
  76.00000    4.24378
  76.50000    4.24128
  77.00000    4.23882
  77.50000    4.23635
  78.00000    4.23389
  78.50000    4.23142
  79.00000    4.22896
  79.50000    4.22649
  80.00000    4.22403
  80.50000    4.22157
  81.00000    4.21936
  81.50000    4.21720
  82.00000    4.21504
  82.50000    4.21288
  83.00000    4.21072
  83.50000    4.20857
  84.00000    4.20641
  84.50000    4.20425
  85.00000    4.20209
  85.50000    4.20037
  86.00000    4.19865
  86.50000    4.19694
  87.00000    4.19522
  87.50000    4.19350
  88.00000    4.19178
  88.50000    4.19006
  89.00000    4.18834
  89.50000    4.18670
  90.00000    4.18542
  90.50000    4.18414
  91.00000    4.18286
  91.50000    4.18159
  92.00000    4.18031
  92.50000    4.17903
  93.00000    4.17776
  93.50000    4.17648
  94.00000    4.17533
  94.50000    4.17447
  95.00000    4.17361
  95.50000    4.17275
  96.00000    4.17189
  96.50000    4.17104
  97.00000    4.17018
  97.50000    4.16932
  98.00000    4.16846
  98.50000    4.16779
  99.00000    4.16734
  99.50000    4.16688
 100.00000    4.16643
 100.50000    4.16598
 101.00000    4.16553
 101.50000    4.16508
 102.00000    4.16462
 102.50000    4.16417
 103.00000    4.16394
 103.50000    4.16385
 104.00000    4.16376
 104.50000    4.16367
 105.00000    4.16358
 105.50000    4.16349
 106.00000    4.16340
 106.50000    4.16331
 107.00000    4.16322
 107.50000    4.16340
 108.00000    4.16366
 108.50000    4.16392
 109.00000    4.16418
 109.50000    4.16444
 110.00000    4.16470
 110.50000    4.16496
 111.00000    4.16522
 111.50000    4.16548
 112.00000    4.16605
 112.50000    4.16663
 113.00000    4.16722
 113.50000    4.16781
 114.00000    4.16840
 114.50000    4.16898
 115.00000    4.16957
 115.50000    4.17016
 116.00000    4.17077
 116.50000    4.17165
 117.00000    4.17254
 117.50000    4.17342
 118.00000    4.17430
 118.50000    4.17518
 119.00000    4.17606
 119.50000    4.17694
 120.00000    4.17782
 120.50000    4.17877
 121.00000    4.17994
 121.50000    4.18110
 122.00000    4.18227
 122.50000    4.18343
 123.00000    4.18459
 123.50000    4.18576
 124.00000    4.18692
 124.50000    4.18809
 125.00000    4.18935
 125.50000    4.19078
 126.00000    4.19220
 126.50000    4.19363
 127.00000    4.19505
 127.50000    4.19647
 128.00000    4.19790
 128.50000    4.19932
 129.00000    4.20075
 129.50000    4.20229
 130.00000    4.20393
 130.50000    4.20557
 131.00000    4.20721
 131.50000    4.20885
 132.00000    4.21048
 132.50000    4.21212
 133.00000    4.21376
 133.50000    4.21540
 134.00000    4.21719
 134.50000    4.21904
 135.00000    4.22090
 135.50000    4.22275
 136.00000    4.22461
 136.50000    4.22646
 137.00000    4.22831
 137.50000    4.23017
 138.00000    4.23202
 138.50000    4.23403
 139.00000    4.23606
 139.50000    4.23810
 140.00000    4.24013
 140.50000    4.24217
 141.00000    4.24420
 141.50000    4.24624
 142.00000    4.24827
 142.50000    4.25030
 143.00000    4.25250
 143.50000    4.25469
 144.00000    4.25688
 144.50000    4.25908
 145.00000    4.26127
 145.50000    4.26346
 146.00000    4.26566
 146.50000    4.26785
 147.00000    4.27006
 147.50000    4.27239
 148.00000    4.27472
 148.50000    4.27705
 149.00000    4.27938
 149.50000    4.28171
 150.00000    4.28404
