   0.00000    1.12400
   0.50000    3.12684
   1.00000    3.15295
   1.50000    3.17784
   2.00000    3.20184
   2.50000    3.22418
   3.00000    3.24590
   3.50000    3.26580
   4.00000    3.28539
   4.50000    3.30316
   5.00000    3.32057
   5.50000    3.33650
   6.00000    3.35185
   6.50000    3.36609
   7.00000    3.37958
   7.50000    3.39231
   8.00000    3.40408
   8.50000    3.41535
   9.00000    3.42566
   9.50000    3.43573
  10.00000    3.44466
  10.50000    3.45342
  11.00000    3.46128
  11.50000    3.46891
  12.00000    3.47595
  12.50000    3.48265
  13.00000    3.48888
  13.50000    3.49480
  14.00000    3.50049
  14.50000    3.50582
  15.00000    3.51102
  15.50000    3.51588
  16.00000    3.52069
  16.50000    3.52530
  17.00000    3.52990
  17.50000    3.53451
  18.00000    3.53911
  18.50000    3.54372
  19.00000    3.54843
  19.50000    3.55325
  20.00000    3.55825
  20.50000    3.56334
  21.00000    3.56888
  21.50000    3.57451
  22.00000    3.58067
  22.50000    3.58693
  23.00000    3.59387
  23.50000    3.60103
  24.00000    3.60877
  24.50000    3.61696
  25.00000    3.62574
  25.50000    3.63514
  26.00000    3.64500
  26.50000    3.65578
  27.00000    3.66689
  27.50000    4.25465
  28.00000    4.25527
  28.50000    4.25589
  29.00000    4.25651
  29.50000    4.25713
  30.00000    4.25775
  30.50000    4.25837
  31.00000    4.25899
  31.50000    4.25961
  32.00000    4.25991
  32.50000    4.26022
  33.00000    4.26052
  33.50000    4.26082
  34.00000    4.26113
  34.50000    4.26143
  35.00000    4.26174
  35.50000    4.26204
  36.00000    4.26231
  36.50000    4.26235
  37.00000    4.26240
  37.50000    4.26244
  38.00000    4.26249
  38.50000    4.26253
  39.00000    4.26258
  39.50000    4.26262
  40.00000    4.26267
  40.50000    4.26265
  41.00000    4.26247
  41.50000    4.26229
  42.00000    4.26211
  42.50000    4.26193
  43.00000    4.26175
  43.50000    4.26157
  44.00000    4.26139
  44.50000    4.26121
  45.00000    4.26096
  45.50000    4.26062
  46.00000    4.26028
  46.50000    4.25994
  47.00000    4.25961
  47.50000    4.25927
  48.00000    4.25893
  48.50000    4.25859
  49.00000    4.25825
  49.50000    4.25785
  50.00000    4.25739
  50.50000    4.25692
  51.00000    4.25646
  51.50000    4.25600
  52.00000    4.25554
  52.50000    4.25507
  53.00000    4.25461
  53.50000    4.25415
  54.00000    4.25364
  54.50000    4.25311
  55.00000    4.25258
  55.50000    4.25205
  56.00000    4.25152
  56.50000    4.25099
  57.00000    4.25046
  57.50000    4.24993
  58.00000    4.24940
  58.50000    4.24884
  59.00000    4.24828
  59.50000    4.24772
  60.00000    4.24715
  60.50000    4.24659
  61.00000    4.24603
  61.50000    4.24546
  62.00000    4.24490
  62.50000    4.24433
  63.00000    4.24380
  63.50000    4.24327
  64.00000    4.24274
  64.50000    4.24221
  65.00000    4.24168
  65.50000    4.24115
  66.00000    4.24062
  66.50000    4.24009
  67.00000    4.23957
  67.50000    4.23911
  68.00000    4.23864
  68.50000    4.23818
  69.00000    4.23772
  69.50000    4.23726
  70.00000    4.23679
  70.50000    4.23633
  71.00000    4.23587
  71.50000    4.23543
  72.00000    4.23509
  72.50000    4.23476
  73.00000    4.23442
  73.50000    4.23408
  74.00000    4.23374
  74.50000    4.23340
  75.00000    4.23306
  75.50000    4.23273
  76.00000    4.23244
  76.50000    4.23227
  77.00000    4.23211
  77.50000    4.23194
  78.00000    4.23177
  78.50000    4.23160
  79.00000    4.23143
  79.50000    4.23126
  80.00000    4.23109
  80.50000    4.23103
  81.00000    4.23108
  81.50000    4.23114
  82.00000    4.23120
  82.50000    4.23125
  83.00000    4.23131
  83.50000    4.23136
  84.00000    4.23142
  84.50000    4.23148
  85.00000    4.23168
  85.50000    4.23199
  86.00000    4.23229
  86.50000    4.23259
  87.00000    4.23290
  87.50000    4.23320
  88.00000    4.23351
  88.50000    4.23381
  89.00000    4.23412
  89.50000    4.23459
  90.00000    4.23513
  90.50000    4.23567
  91.00000    4.23622
  91.50000    4.23676
  92.00000    4.23730
  92.50000    4.23784
  93.00000    4.23838
  93.50000    4.23892
  94.00000    4.23965
  94.50000    4.24040
  95.00000    4.24116
  95.50000    4.24191
  96.00000    4.24267
  96.50000    4.24342
  97.00000    4.24418
  97.50000    4.24493
  98.00000    4.24569
  98.50000    4.24663
  99.00000    4.24758
  99.50000    4.24853
 100.00000    4.24948
 100.50000    4.25042
 101.00000    4.25137
 101.50000    4.25232
 102.00000    4.25326
 102.50000    4.25423
 103.00000    4.25534
 103.50000    4.25644
 104.00000    4.25755
 104.50000    4.25865
 105.00000    4.25976
 105.50000    4.26086
 106.00000    4.26197
 106.50000    4.26307
 107.00000    4.26421
 107.50000    4.26545
 108.00000    4.26669
 108.50000    4.26793
 109.00000    4.26917
 109.50000    4.27041
 110.00000    4.27165
 110.50000    4.27289
 111.00000    4.27413
 111.50000    4.27541
 112.00000    4.27677
 112.50000    4.27812
 113.00000    4.27947
 113.50000    4.28083
 114.00000    4.28218
 114.50000    4.28353
 115.00000    4.28489
 115.50000    4.28624
 116.00000    4.28763
 116.50000    4.28906
 117.00000    4.29050
 117.50000    4.29193
 118.00000    4.29336
 118.50000    4.29479
 119.00000    4.29622
 119.50000    4.29766
 120.00000    4.29909
 120.50000    4.30056
 121.00000    4.30206
 121.50000    4.30356
 122.00000    4.30506
 122.50000    4.30656
 123.00000    4.30806
 123.50000    4.30956
 124.00000    4.31106
 124.50000    4.31256
 125.00000    4.31408
 125.50000    4.31560
 126.00000    4.31712
 126.50000    4.31864
 127.00000    4.32017
 127.50000    4.32169
 128.00000    4.32321
 128.50000    4.32473
 129.00000    4.32625
 129.50000    4.32779
 130.00000    4.32932
 130.50000    4.33085
 131.00000    4.33239
 131.50000    4.33392
 132.00000    4.33545
 132.50000    4.33699
 133.00000    4.33852
 133.50000    4.34005
 134.00000    4.34157
 134.50000    4.34308
 135.00000    4.34459
 135.50000    4.34610
 136.00000    4.34761
 136.50000    4.34912
 137.00000    4.35063
 137.50000    4.35214
 138.00000    4.35364
 138.50000    4.35510
 139.00000    4.35655
 139.50000    4.35801
 140.00000    4.35946
 140.50000    4.36091
 141.00000    4.36237
 141.50000    4.36382
 142.00000    4.36528
 142.50000    4.36671
 143.00000    4.36810
 143.50000    4.36949
 144.00000    4.37087
 144.50000    4.37226
 145.00000    4.37365
 145.50000    4.37503
 146.00000    4.37642
 146.50000    4.37781
 147.00000    4.37916
 147.50000    4.38045
 148.00000    4.38175
 148.50000    4.38305
 149.00000    4.38434
 149.50000    4.38564
 150.00000    4.38694
