   0.00000    1.09960
   0.50000    3.20055
   1.00000    3.22409
   1.50000    3.24602
   2.00000    3.26670
   2.50000    3.28555
   3.00000    3.30353
   3.50000    3.31945
   4.00000    3.33482
   4.50000    3.34814
   5.00000    3.36120
   5.50000    3.37228
   6.00000    3.38311
   6.50000    3.39228
   7.00000    3.40109
   7.50000    3.40878
   8.00000    3.41595
   8.50000    3.42221
   9.00000    3.42796
   9.50000    3.43316
  10.00000    3.43786
  10.50000    3.44220
  11.00000    3.44607
  11.50000    3.44973
  12.00000    3.45308
  12.50000    3.45637
  13.00000    3.45951
  13.50000    3.46264
  14.00000    3.46582
  14.50000    3.46906
  15.00000    3.47261
  15.50000    3.47630
  16.00000    3.48033
  16.50000    3.48468
  17.00000    3.48956
  17.50000    3.49492
  18.00000    3.50075
  18.50000    3.50740
  19.00000    3.51455
  19.50000    3.52275
  20.00000    3.53134
  20.50000    3.54145
  21.00000    3.55184
  21.50000    3.56406
  22.00000    3.57652
  22.50000    3.59110
  23.00000    3.60613
  23.50000    3.62309
  24.00000    3.64087
  24.50000    3.66054
  25.00000    3.68141
  25.50000    3.70400
  26.00000    3.72826
  26.50000    3.75403
  27.00000    3.78183
  27.50000    3.81078
  28.00000    4.30074
  28.50000    4.29906
  29.00000    4.29739
  29.50000    4.29571
  30.00000    4.29404
  30.50000    4.29237
  31.00000    4.29069
  31.50000    4.28902
  32.00000    4.28734
  32.50000    4.28611
  33.00000    4.28493
  33.50000    4.28374
  34.00000    4.28255
  34.50000    4.28136
  35.00000    4.28017
  35.50000    4.27899
  36.00000    4.27780
  36.50000    4.27664
  37.00000    4.27590
  37.50000    4.27515
  38.00000    4.27440
  38.50000    4.27366
  39.00000    4.27291
  39.50000    4.27216
  40.00000    4.27142
  40.50000    4.27067
  41.00000    4.27001
  41.50000    4.26964
  42.00000    4.26927
  42.50000    4.26889
  43.00000    4.26852
  43.50000    4.26815
  44.00000    4.26777
  44.50000    4.26740
  45.00000    4.26703
  45.50000    4.26678
  46.00000    4.26674
  46.50000    4.26669
  47.00000    4.26665
  47.50000    4.26660
  48.00000    4.26656
  48.50000    4.26651
  49.00000    4.26647
  49.50000    4.26642
  50.00000    4.26651
  50.50000    4.26672
  51.00000    4.26692
  51.50000    4.26712
  52.00000    4.26733
  52.50000    4.26753
  53.00000    4.26773
  53.50000    4.26794
  54.00000    4.26814
  54.50000    4.26848
  55.00000    4.26886
  55.50000    4.26924
  56.00000    4.26963
  56.50000    4.27001
  57.00000    4.27040
  57.50000    4.27078
  58.00000    4.27117
  58.50000    4.27155
  59.00000    4.27207
  59.50000    4.27260
  60.00000    4.27313
  60.50000    4.27366
  61.00000    4.27419
  61.50000    4.27472
  62.00000    4.27526
  62.50000    4.27579
  63.00000    4.27632
  63.50000    4.27691
  64.00000    4.27750
  64.50000    4.27809
  65.00000    4.27867
  65.50000    4.27926
  66.00000    4.27985
  66.50000    4.28044
  67.00000    4.28103
  67.50000    4.28162
  68.00000    4.28222
  68.50000    4.28282
  69.00000    4.28342
  69.50000    4.28402
  70.00000    4.28462
  70.50000    4.28521
  71.00000    4.28581
  71.50000    4.28641
  72.00000    4.28699
  72.50000    4.28754
  73.00000    4.28808
  73.50000    4.28862
  74.00000    4.28917
  74.50000    4.28971
  75.00000    4.29025
  75.50000    4.29079
  76.00000    4.29134
  76.50000    4.29182
  77.00000    4.29223
  77.50000    4.29265
  78.00000    4.29307
  78.50000    4.29349
  79.00000    4.29391
  79.50000    4.29433
  80.00000    4.29475
  80.50000    4.29516
  81.00000    4.29547
  81.50000    4.29572
  82.00000    4.29597
  82.50000    4.29621
  83.00000    4.29646
  83.50000    4.29671
  84.00000    4.29696
  84.50000    4.29721
  85.00000    4.29746
  85.50000    4.29751
  86.00000    4.29752
  86.50000    4.29753
  87.00000    4.29754
  87.50000    4.29755
  88.00000    4.29757
  88.50000    4.29758
  89.00000    4.29759
  89.50000    4.29760
  90.00000    4.29742
  90.50000    4.29724
  91.00000    4.29706
  91.50000    4.29688
  92.00000    4.29670
  92.50000    4.29651
  93.00000    4.29633
  93.50000    4.29615
  94.00000    4.29594
  94.50000    4.29558
  95.00000    4.29522
  95.50000    4.29486
  96.00000    4.29450
  96.50000    4.29413
  97.00000    4.29377
  97.50000    4.29341
  98.00000    4.29305
  98.50000    4.29264
  99.00000    4.29214
  99.50000    4.29165
 100.00000    4.29115
 100.50000    4.29065
 101.00000    4.29015
 101.50000    4.28966
 102.00000    4.28916
 102.50000    4.28866
 103.00000    4.28812
 103.50000    4.28753
 104.00000    4.28694
 104.50000    4.28636
 105.00000    4.28577
 105.50000    4.28518
 106.00000    4.28459
 106.50000    4.28400
 107.00000    4.28341
 107.50000    4.28279
 108.00000    4.28214
 108.50000    4.28150
 109.00000    4.28085
 109.50000    4.28021
 110.00000    4.27957
 110.50000    4.27892
 111.00000    4.27828
 111.50000    4.27763
 112.00000    4.27696
 112.50000    4.27628
 113.00000    4.27560
 113.50000    4.27492
 114.00000    4.27424
 114.50000    4.27356
 115.00000    4.27289
 115.50000    4.27221
 116.00000    4.27153
 116.50000    4.27087
 117.00000    4.27022
 117.50000    4.26956
 118.00000    4.26890
 118.50000    4.26825
 119.00000    4.26759
 119.50000    4.26693
 120.00000    4.26628
 120.50000    4.26563
 121.00000    4.26502
 121.50000    4.26441
 122.00000    4.26380
 122.50000    4.26318
 123.00000    4.26257
 123.50000    4.26196
 124.00000    4.26135
 124.50000    4.26074
 125.00000    4.26016
 125.50000    4.25963
 126.00000    4.25911
 126.50000    4.25859
 127.00000    4.25807
 127.50000    4.25755
 128.00000    4.25703
 128.50000    4.25651
 129.00000    4.25599
 129.50000    4.25553
 130.00000    4.25513
 130.50000    4.25473
 131.00000    4.25434
 131.50000    4.25394
 132.00000    4.25355
 132.50000    4.25315
 133.00000    4.25276
 133.50000    4.25236
 134.00000    4.25205
 134.50000    4.25180
 135.00000    4.25155
 135.50000    4.25130
 136.00000    4.25106
 136.50000    4.25081
 137.00000    4.25056
 137.50000    4.25031
 138.00000    4.25006
 138.50000    4.24997
 139.00000    4.24992
 139.50000    4.24988
 140.00000    4.24983
 140.50000    4.24978
 141.00000    4.24974
 141.50000    4.24969
 142.00000    4.24965
 142.50000    4.24960
 143.00000    4.24978
 143.50000    4.24997
 144.00000    4.25016
 144.50000    4.25035
 145.00000    4.25055
 145.50000    4.25074
 146.00000    4.25093
 146.50000    4.25112
 147.00000    4.25134
 147.50000    4.25179
 148.00000    4.25224
 148.50000    4.25269
 149.00000    4.25315
 149.50000    4.25360
 150.00000    4.25405
