   0.00000    1.24630
   0.50000    1.91512
   1.00000    3.33157
   1.50000    3.34589
   2.00000    3.36021
   2.50000    3.37399
   3.00000    3.38704
   3.50000    3.40010
   4.00000    3.41242
   4.50000    3.42422
   5.00000    3.43601
   5.50000    3.44695
   6.00000    3.45759
   6.50000    3.46822
   7.00000    3.47789
   7.50000    3.48744
   8.00000    3.49695
   8.50000    3.50555
   9.00000    3.51415
   9.50000    3.52258
  10.00000    3.53027
  10.50000    3.53795
  11.00000    3.54536
  11.50000    3.55224
  12.00000    3.55912
  12.50000    3.56567
  13.00000    3.57189
  13.50000    3.57810
  14.00000    3.58391
  14.50000    3.58949
  15.00000    3.59507
  15.50000    3.60023
  16.00000    3.60529
  16.50000    3.61034
  17.00000    3.61503
  17.50000    3.61970
  18.00000    3.62433
  18.50000    3.62865
  19.00000    3.63297
  19.50000    3.63722
  20.00000    3.64130
  20.50000    3.64537
  21.00000    3.64938
  21.50000    3.65332
  22.00000    3.65725
  22.50000    3.66114
  23.00000    3.66500
  23.50000    3.66886
  24.00000    3.67277
  24.50000    3.67671
  25.00000    3.68064
  25.50000    3.68469
  26.00000    3.68876
  26.50000    3.69284
  27.00000    3.69712
  27.50000    3.70140
  28.00000    3.70573
  28.50000    3.71033
  29.00000    3.71493
  29.50000    3.71966
  30.00000    3.72468
  30.50000    3.72970
  31.00000    3.73495
  31.50000    3.74046
  32.00000    3.74597
  32.50000    3.75187
  33.00000    3.75801
  33.50000    3.76416
  34.00000    3.77081
  34.50000    3.77762
  35.00000    3.78443
  35.50000    3.79195
  36.00000    3.79953
  36.50000    3.80718
  37.00000    3.81567
  37.50000    3.82417
  38.00000    3.83287
  38.50000    3.84231
  39.00000    3.85176
  39.50000    3.86159
  40.00000    3.87209
  40.50000    3.88258
  41.00000    3.89367
  41.50000    3.90529
  42.00000    3.91690
  42.50000    4.25162
  43.00000    4.25344
  43.50000    4.25526
  44.00000    4.25707
  44.50000    4.25889
  45.00000    4.26070
  45.50000    4.26252
  46.00000    4.26434
  46.50000    4.26576
  47.00000    4.26689
  47.50000    4.26803
  48.00000    4.26917
  48.50000    4.27030
  49.00000    4.27144
  49.50000    4.27258
  50.00000    4.27371
  50.50000    4.27456
  51.00000    4.27511
  51.50000    4.27565
  52.00000    4.27619
  52.50000    4.27674
  53.00000    4.27728
  53.50000    4.27783
  54.00000    4.27837
  54.50000    4.27871
  55.00000    4.27873
  55.50000    4.27876
  56.00000    4.27878
  56.50000    4.27881
  57.00000    4.27883
  57.50000    4.27886
  58.00000    4.27888
  58.50000    4.27878
  59.00000    4.27837
  59.50000    4.27796
  60.00000    4.27756
  60.50000    4.27715
  61.00000    4.27674
  61.50000    4.27633
  62.00000    4.27593
  62.50000    4.27545
  63.00000    4.27471
  63.50000    4.27397
  64.00000    4.27323
  64.50000    4.27248
  65.00000    4.27174
  65.50000    4.27100
  66.00000    4.27026
  66.50000    4.26949
  67.00000    4.26850
  67.50000    4.26752
  68.00000    4.26653
  68.50000    4.26554
  69.00000    4.26455
  69.50000    4.26356
  70.00000    4.26257
  70.50000    4.26158
  71.00000    4.26043
  71.50000    4.25929
  72.00000    4.25814
  72.50000    4.25699
  73.00000    4.25584
  73.50000    4.25469
  74.00000    4.25354
  74.50000    4.25239
  75.00000    4.25117
  75.50000    4.24995
  76.00000    4.24873
  76.50000    4.24751
  77.00000    4.24628
  77.50000    4.24506
  78.00000    4.24384
  78.50000    4.24261
  79.00000    4.24140
  79.50000    4.24019
  80.00000    4.23898
  80.50000    4.23777
  81.00000    4.23656
  81.50000    4.23535
  82.00000    4.23414
  82.50000    4.23293
  83.00000    4.23179
  83.50000    4.23067
  84.00000    4.22956
  84.50000    4.22845
  85.00000    4.22734
  85.50000    4.22623
  86.00000    4.22512
  86.50000    4.22400
  87.00000    4.22302
  87.50000    4.22210
  88.00000    4.22119
  88.50000    4.22027
  89.00000    4.21936
  89.50000    4.21845
  90.00000    4.21753
  90.50000    4.21662
  91.00000    4.21585
  91.50000    4.21521
  92.00000    4.21457
  92.50000    4.21392
  93.00000    4.21328
  93.50000    4.21264
  94.00000    4.21200
  94.50000    4.21135
  95.00000    4.21087
  95.50000    4.21057
  96.00000    4.21027
  96.50000    4.20998
  97.00000    4.20968
  97.50000    4.20938
  98.00000    4.20909
  98.50000    4.20879
  99.00000    4.20862
  99.50000    4.20867
 100.00000    4.20872
 100.50000    4.20877
 101.00000    4.20882
 101.50000    4.20886
 102.00000    4.20891
 102.50000    4.20896
 103.00000    4.20909
 103.50000    4.20945
 104.00000    4.20981
 104.50000    4.21017
 105.00000    4.21053
 105.50000    4.21088
 106.00000    4.21124
 106.50000    4.21160
 107.00000    4.21201
 107.50000    4.21266
 108.00000    4.21332
 108.50000    4.21397
 109.00000    4.21463
 109.50000    4.21528
 110.00000    4.21594
 110.50000    4.21659
 111.00000    4.21726
 111.50000    4.21817
 112.00000    4.21907
 112.50000    4.21997
 113.00000    4.22087
 113.50000    4.22177
 114.00000    4.22268
 114.50000    4.22358
 115.00000    4.22448
 115.50000    4.22561
 116.00000    4.22675
 116.50000    4.22788
 117.00000    4.22902
 117.50000    4.23016
 118.00000    4.23129
 118.50000    4.23243
 119.00000    4.23357
 119.50000    4.23488
 120.00000    4.23621
 120.50000    4.23755
 121.00000    4.23888
 121.50000    4.24022
 122.00000    4.24155
 122.50000    4.24289
 123.00000    4.24422
 123.50000    4.24570
 124.00000    4.24722
 124.50000    4.24874
 125.00000    4.25026
 125.50000    4.25178
 126.00000    4.25330
 126.50000    4.25482
 127.00000    4.25634
 127.50000    4.25795
 128.00000    4.25961
 128.50000    4.26126
 129.00000    4.26292
 129.50000    4.26457
 130.00000    4.26623
 130.50000    4.26788
 131.00000    4.26954
 131.50000    4.27127
 132.00000    4.27307
 132.50000    4.27486
 133.00000    4.27665
 133.50000    4.27844
 134.00000    4.28023
 134.50000    4.28202
 135.00000    4.28382
 135.50000    4.28565
 136.00000    4.28753
 136.50000    4.28941
 137.00000    4.29128
 137.50000    4.29316
 138.00000    4.29504
 138.50000    4.29692
 139.00000    4.29880
 139.50000    4.30070
 140.00000    4.30264
 140.50000    4.30458
 141.00000    4.30652
 141.50000    4.30846
 142.00000    4.31040
 142.50000    4.31234
 143.00000    4.31428
 143.50000    4.31623
 144.00000    4.31822
 144.50000    4.32021
 145.00000    4.32220
 145.50000    4.32419
 146.00000    4.32618
 146.50000    4.32817
 147.00000    4.33016
 147.50000    4.33215
 148.00000    4.33415
 148.50000    4.33615
 149.00000    4.33815
 149.50000    4.34015
 150.00000    4.34216
