   0.00000    1.68910
   0.50000    1.90147
   1.00000    2.11384
   1.50000    2.32621
   2.00000    2.53857
   2.50000    2.75094
   3.00000    3.38421
   3.50000    3.39576
   4.00000    3.40732
   4.50000    3.41846
   5.00000    3.42939
   5.50000    3.44033
   6.00000    3.45100
   6.50000    3.46132
   7.00000    3.47164
   7.50000    3.48183
   8.00000    3.49153
   8.50000    3.50124
   9.00000    3.51094
   9.50000    3.52016
  10.00000    3.52937
  10.50000    3.53858
  11.00000    3.54742
  11.50000    3.55613
  12.00000    3.56485
  12.50000    3.57334
  13.00000    3.58163
  13.50000    3.58991
  14.00000    3.59809
  14.50000    3.60600
  15.00000    3.61391
  15.50000    3.62181
  16.00000    3.62945
  16.50000    3.63708
  17.00000    3.64471
  17.50000    3.65212
  18.00000    3.65948
  18.50000    3.66683
  19.00000    3.67407
  19.50000    3.68120
  20.00000    3.68834
  20.50000    3.69543
  21.00000    3.70241
  21.50000    3.70940
  22.00000    3.71638
  22.50000    3.72330
  23.00000    3.73022
  23.50000    3.73714
  24.00000    3.74398
  24.50000    3.75081
  25.00000    3.75764
  25.50000    3.76451
  26.00000    3.77140
  26.50000    3.77829
  27.00000    3.78519
  27.50000    3.79211
  28.00000    3.79904
  28.50000    3.80597
  29.00000    3.81302
  29.50000    3.82006
  30.00000    3.82711
  30.50000    3.83432
  31.00000    3.84155
  31.50000    3.84878
  32.00000    3.85616
  32.50000    3.86361
  33.00000    3.87105
  33.50000    3.87863
  34.00000    3.88639
  34.50000    3.89414
  35.00000    3.90196
  35.50000    3.91002
  36.00000    3.91809
  36.50000    3.92615
  37.00000    3.93460
  37.50000    3.94307
  38.00000    3.95154
  38.50000    3.96032
  39.00000    3.96922
  39.50000    3.97812
  40.00000    3.98725
  40.50000    3.99665
  41.00000    4.00604
  41.50000    4.01557
  42.00000    4.02552
  42.50000    4.03547
  43.00000    4.04543
  43.50000    4.05600
  44.00000    4.06657
  44.50000    4.07713
  45.00000    4.08823
  45.50000    4.09948
  46.00000    4.11072
  46.50000    4.12234
  47.00000    4.13427
  47.50000    4.14619
  48.00000    4.15834
  48.50000    4.17098
  49.00000    4.18361
  49.50000    4.48641
  50.00000    4.49106
  50.50000    4.49571
  51.00000    4.50036
  51.50000    4.50502
  52.00000    4.50967
  52.50000    4.51432
  53.00000    4.51897
  53.50000    4.52332
  54.00000    4.52712
  54.50000    4.53091
  55.00000    4.53471
  55.50000    4.53850
  56.00000    4.54230
  56.50000    4.54609
  57.00000    4.54989
  57.50000    4.55317
  58.00000    4.55615
  58.50000    4.55913
  59.00000    4.56211
  59.50000    4.56509
  60.00000    4.56807
  60.50000    4.57105
  61.00000    4.57403
  61.50000    4.57634
  62.00000    4.57858
  62.50000    4.58082
  63.00000    4.58306
  63.50000    4.58530
  64.00000    4.58754
  64.50000    4.58978
  65.00000    4.59190
  65.50000    4.59348
  66.00000    4.59506
  66.50000    4.59664
  67.00000    4.59822
  67.50000    4.59980
  68.00000    4.60138
  68.50000    4.60296
  69.00000    4.60426
  69.50000    4.60525
  70.00000    4.60623
  70.50000    4.60722
  71.00000    4.60820
  71.50000    4.60918
  72.00000    4.61017
  72.50000    4.61115
  73.00000    4.61174
  73.50000    4.61219
  74.00000    4.61265
  74.50000    4.61310
  75.00000    4.61355
  75.50000    4.61401
  76.00000    4.61446
  76.50000    4.61490
  77.00000    4.61491
  77.50000    4.61493
  78.00000    4.61494
  78.50000    4.61495
  79.00000    4.61497
  79.50000    4.61498
  80.00000    4.61499
  80.50000    4.61489
  81.00000    4.61454
  81.50000    4.61419
  82.00000    4.61384
  82.50000    4.61349
  83.00000    4.61314
  83.50000    4.61279
  84.00000    4.61244
  84.50000    4.61191
  85.00000    4.61125
  85.50000    4.61059
  86.00000    4.60993
  86.50000    4.60927
  87.00000    4.60861
  87.50000    4.60795
  88.00000    4.60729
  88.50000    4.60642
  89.00000    4.60553
  89.50000    4.60463
  90.00000    4.60374
  90.50000    4.60285
  91.00000    4.60195
  91.50000    4.60106
  92.00000    4.60014
  92.50000    4.59911
  93.00000    4.59807
  93.50000    4.59703
  94.00000    4.59600
  94.50000    4.59496
  95.00000    4.59393
  95.50000    4.59289
  96.00000    4.59182
  96.50000    4.59071
  97.00000    4.58959
  97.50000    4.58848
  98.00000    4.58736
  98.50000    4.58625
  99.00000    4.58514
  99.50000    4.58402
 100.00000    4.58289
 100.50000    4.58175
 101.00000    4.58061
 101.50000    4.57947
 102.00000    4.57833
 102.50000    4.57719
 103.00000    4.57605
 103.50000    4.57491
 104.00000    4.57378
 104.50000    4.57266
 105.00000    4.57153
 105.50000    4.57040
 106.00000    4.56927
 106.50000    4.56815
 107.00000    4.56702
 107.50000    4.56589
 108.00000    4.56477
 108.50000    4.56364
 109.00000    4.56251
 109.50000    4.56139
 110.00000    4.56026
 110.50000    4.55913
 111.00000    4.55800
 111.50000    4.55689
 112.00000    4.55577
 112.50000    4.55466
 113.00000    4.55354
 113.50000    4.55243
 114.00000    4.55132
 114.50000    4.55020
 115.00000    4.54909
 115.50000    4.54801
 116.00000    4.54693
 116.50000    4.54586
 117.00000    4.54478
 117.50000    4.54370
 118.00000    4.54263
 118.50000    4.54155
 119.00000    4.54048
 119.50000    4.53942
 120.00000    4.53836
 120.50000    4.53729
 121.00000    4.53623
 121.50000    4.53517
 122.00000    4.53411
 122.50000    4.53304
 123.00000    4.53200
 123.50000    4.53097
 124.00000    4.52995
 124.50000    4.52893
 125.00000    4.52790
 125.50000    4.52688
 126.00000    4.52586
 126.50000    4.52483
 127.00000    4.52385
 127.50000    4.52287
 128.00000    4.52190
 128.50000    4.52093
 129.00000    4.51996
 129.50000    4.51899
 130.00000    4.51802
 130.50000    4.51704
 131.00000    4.51612
 131.50000    4.51520
 132.00000    4.51428
 132.50000    4.51336
 133.00000    4.51244
 133.50000    4.51152
 134.00000    4.51060
 134.50000    4.50970
 135.00000    4.50883
 135.50000    4.50796
 136.00000    4.50709
 136.50000    4.50623
 137.00000    4.50536
 137.50000    4.50449
 138.00000    4.50362
 138.50000    4.50279
 139.00000    4.50198
 139.50000    4.50118
 140.00000    4.50038
 140.50000    4.49957
 141.00000    4.49877
 141.50000    4.49797
 142.00000    4.49717
 142.50000    4.49641
 143.00000    4.49568
 143.50000    4.49494
 144.00000    4.49420
 144.50000    4.49346
 145.00000    4.49272
 145.50000    4.49198
 146.00000    4.49125
 146.50000    4.49060
 147.00000    4.48996
 147.50000    4.48931
 148.00000    4.48866
 148.50000    4.48801
 149.00000    4.48736
 149.50000    4.48672
 150.00000    4.48610
