   0.00000    1.24240
   0.50000    1.67909
   1.00000    2.95806
   1.50000    2.99656
   2.00000    3.03375
   2.50000    3.06940
   3.00000    3.10285
   3.50000    3.13540
   4.00000    3.16546
   4.50000    3.19448
   5.00000    3.22199
   5.50000    3.24774
   6.00000    3.27272
   6.50000    3.29553
   7.00000    3.31760
   7.50000    3.33834
   8.00000    3.35775
   8.50000    3.37652
   9.00000    3.39359
   9.50000    3.41015
  10.00000    3.42560
  10.50000    3.44012
  11.00000    3.45408
  11.50000    3.46687
  12.00000    3.47929
  12.50000    3.49087
  13.00000    3.50188
  13.50000    3.51245
  14.00000    3.52234
  14.50000    3.53202
  15.00000    3.54123
  15.50000    3.55016
  16.00000    3.55883
  16.50000    3.56725
  17.00000    3.57560
  17.50000    3.58380
  18.00000    3.59200
  18.50000    3.60020
  19.00000    3.60854
  19.50000    3.61696
  20.00000    3.62569
  20.50000    3.63460
  21.00000    3.64375
  21.50000    3.65343
  22.00000    3.66334
  22.50000    3.67397
  23.00000    3.68496
  23.50000    3.69655
  24.00000    3.70892
  24.50000    3.72164
  25.00000    3.73560
  25.50000    4.58442
  26.00000    4.58266
  26.50000    4.58090
  27.00000    4.57913
  27.50000    4.57737
  28.00000    4.57560
  28.50000    4.57384
  29.00000    4.57208
  29.50000    4.57031
  30.00000    4.56836
  30.50000    4.56608
  31.00000    4.56380
  31.50000    4.56152
  32.00000    4.55925
  32.50000    4.55697
  33.00000    4.55469
  33.50000    4.55241
  34.00000    4.55014
  34.50000    4.54769
  35.00000    4.54500
  35.50000    4.54231
  36.00000    4.53962
  36.50000    4.53693
  37.00000    4.53424
  37.50000    4.53155
  38.00000    4.52885
  38.50000    4.52616
  39.00000    4.52331
  39.50000    4.52026
  40.00000    4.51721
  40.50000    4.51417
  41.00000    4.51112
  41.50000    4.50807
  42.00000    4.50502
  42.50000    4.50198
  43.00000    4.49893
  43.50000    4.49575
  44.00000    4.49243
  44.50000    4.48911
  45.00000    4.48580
  45.50000    4.48248
  46.00000    4.47917
  46.50000    4.47585
  47.00000    4.47254
  47.50000    4.46922
  48.00000    4.46580
  48.50000    4.46228
  49.00000    4.45876
  49.50000    4.45524
  50.00000    4.45173
  50.50000    4.44821
  51.00000    4.44469
  51.50000    4.44118
  52.00000    4.43766
  52.50000    4.43407
  53.00000    4.43041
  53.50000    4.42676
  54.00000    4.42311
  54.50000    4.41946
  55.00000    4.41581
  55.50000    4.41216
  56.00000    4.40851
  56.50000    4.40486
  57.00000    4.40119
  57.50000    4.39750
  58.00000    4.39382
  58.50000    4.39014
  59.00000    4.38645
  59.50000    4.38277
  60.00000    4.37908
  60.50000    4.37540
  61.00000    4.37171
  61.50000    4.36804
  62.00000    4.36436
  62.50000    4.36069
  63.00000    4.35702
  63.50000    4.35335
  64.00000    4.34967
  64.50000    4.34600
  65.00000    4.34233
  65.50000    4.33865
  66.00000    4.33506
  66.50000    4.33150
  67.00000    4.32794
  67.50000    4.32438
  68.00000    4.32081
  68.50000    4.31725
  69.00000    4.31369
  69.50000    4.31013
  70.00000    4.30657
  70.50000    4.30314
  71.00000    4.29976
  71.50000    4.29638
  72.00000    4.29299
  72.50000    4.28961
  73.00000    4.28623
  73.50000    4.28284
  74.00000    4.27946
  74.50000    4.27608
  75.00000    4.27289
  75.50000    4.26976
  76.00000    4.26662
  76.50000    4.26348
  77.00000    4.26034
  77.50000    4.25721
  78.00000    4.25407
  78.50000    4.25093
  79.00000    4.24780
  79.50000    4.24494
  80.00000    4.24214
  80.50000    4.23934
  81.00000    4.23653
  81.50000    4.23373
  82.00000    4.23093
  82.50000    4.22813
  83.00000    4.22532
  83.50000    4.22252
  84.00000    4.22006
  84.50000    4.21763
  85.00000    4.21521
  85.50000    4.21279
  86.00000    4.21037
  86.50000    4.20794
  87.00000    4.20552
  87.50000    4.20310
  88.00000    4.20067
  88.50000    4.19861
  89.00000    4.19658
  89.50000    4.19455
  90.00000    4.19252
  90.50000    4.19049
  91.00000    4.18845
  91.50000    4.18642
  92.00000    4.18439
  92.50000    4.18236
  93.00000    4.18071
  93.50000    4.17907
  94.00000    4.17742
  94.50000    4.17578
  95.00000    4.17414
  95.50000    4.17250
  96.00000    4.17086
  96.50000    4.16922
  97.00000    4.16758
  97.50000    4.16632
  98.00000    4.16506
  98.50000    4.16380
  99.00000    4.16254
  99.50000    4.16128
 100.00000    4.16001
 100.50000    4.15875
 101.00000    4.15749
 101.50000    4.15625
 102.00000    4.15534
 102.50000    4.15444
 103.00000    4.15354
 103.50000    4.15263
 104.00000    4.15173
 104.50000    4.15082
 105.00000    4.14992
 105.50000    4.14901
 106.00000    4.14814
 106.50000    4.14759
 107.00000    4.14703
 107.50000    4.14647
 108.00000    4.14591
 108.50000    4.14535
 109.00000    4.14480
 109.50000    4.14424
 110.00000    4.14368
 110.50000    4.14317
 111.00000    4.14297
 111.50000    4.14277
 112.00000    4.14257
 112.50000    4.14237
 113.00000    4.14217
 113.50000    4.14197
 114.00000    4.14176
 114.50000    4.14156
 115.00000    4.14142
 115.50000    4.14155
 116.00000    4.14167
 116.50000    4.14179
 117.00000    4.14191
 117.50000    4.14204
 118.00000    4.14216
 118.50000    4.14228
 119.00000    4.14241
 119.50000    4.14260
 120.00000    4.14306
 120.50000    4.14352
 121.00000    4.14398
 121.50000    4.14444
 122.00000    4.14489
 122.50000    4.14535
 123.00000    4.14581
 123.50000    4.14627
 124.00000    4.14681
 124.50000    4.14758
 125.00000    4.14835
 125.50000    4.14912
 126.00000    4.14989
 126.50000    4.15066
 127.00000    4.15143
 127.50000    4.15220
 128.00000    4.15297
 128.50000    4.15384
 129.00000    4.15491
 129.50000    4.15598
 130.00000    4.15705
 130.50000    4.15812
 131.00000    4.15920
 131.50000    4.16027
 132.00000    4.16134
 132.50000    4.16241
 133.00000    4.16359
 133.50000    4.16496
 134.00000    4.16634
 134.50000    4.16771
 135.00000    4.16908
 135.50000    4.17046
 136.00000    4.17183
 136.50000    4.17320
 137.00000    4.17458
 137.50000    4.17607
 138.00000    4.17773
 138.50000    4.17939
 139.00000    4.18106
 139.50000    4.18272
 140.00000    4.18438
 140.50000    4.18605
 141.00000    4.18771
 141.50000    4.18937
 142.00000    4.19116
 142.50000    4.19310
 143.00000    4.19505
 143.50000    4.19699
 144.00000    4.19893
 144.50000    4.20087
 145.00000    4.20282
 145.50000    4.20476
 146.00000    4.20670
 146.50000    4.20877
 147.00000    4.21097
 147.50000    4.21317
 148.00000    4.21537
 148.50000    4.21757
 149.00000    4.21976
 149.50000    4.22196
 150.00000    4.22416
