   0.00000    1.36820
   0.50000    1.65711
   1.00000    1.94603
   1.50000    2.23494
   2.00000    2.52386
   2.50000    3.40299
   3.00000    3.41705
   3.50000    3.43110
   4.00000    3.44435
   4.50000    3.45700
   5.00000    3.46965
   5.50000    3.48128
   6.00000    3.49252
   6.50000    3.50376
   7.00000    3.51392
   7.50000    3.52394
   8.00000    3.53391
   8.50000    3.54276
   9.00000    3.55162
   9.50000    3.56027
  10.00000    3.56807
  10.50000    3.57587
  11.00000    3.58336
  11.50000    3.59025
  12.00000    3.59713
  12.50000    3.60362
  13.00000    3.60970
  13.50000    3.61578
  14.00000    3.62142
  14.50000    3.62683
  15.00000    3.63224
  15.50000    3.63717
  16.00000    3.64199
  16.50000    3.64680
  17.00000    3.65117
  17.50000    3.65553
  18.00000    3.65985
  18.50000    3.66385
  19.00000    3.66786
  19.50000    3.67180
  20.00000    3.67556
  20.50000    3.67932
  21.00000    3.68303
  21.50000    3.68669
  22.00000    3.69034
  22.50000    3.69400
  23.00000    3.69765
  23.50000    3.70130
  24.00000    3.70504
  24.50000    3.70879
  25.00000    3.71255
  25.50000    3.71650
  26.00000    3.72047
  26.50000    3.72445
  27.00000    3.72874
  27.50000    3.73302
  28.00000    3.73740
  28.50000    3.74218
  29.00000    3.74696
  29.50000    3.75193
  30.00000    3.75727
  30.50000    3.76261
  31.00000    3.76828
  31.50000    3.77429
  32.00000    3.78030
  32.50000    3.78681
  33.00000    3.79359
  33.50000    3.80037
  34.00000    3.80792
  34.50000    3.81565
  35.00000    3.82338
  35.50000    3.83205
  36.00000    3.84077
  36.50000    3.84961
  37.00000    3.85948
  37.50000    3.86936
  38.00000    3.87956
  38.50000    3.89066
  39.00000    3.90176
  39.50000    3.91345
  40.00000    3.92596
  40.50000    3.93847
  41.00000    3.95181
  41.50000    3.96575
  42.00000    3.97970
  42.50000    3.99475
  43.00000    4.01021
  43.50000    4.02567
  44.00000    4.34088
  44.50000    4.34132
  45.00000    4.34176
  45.50000    4.34219
  46.00000    4.34263
  46.50000    4.34307
  47.00000    4.34350
  47.50000    4.34394
  48.00000    4.34428
  48.50000    4.34460
  49.00000    4.34493
  49.50000    4.34525
  50.00000    4.34557
  50.50000    4.34590
  51.00000    4.34622
  51.50000    4.34655
  52.00000    4.34680
  52.50000    4.34703
  53.00000    4.34727
  53.50000    4.34751
  54.00000    4.34775
  54.50000    4.34798
  55.00000    4.34822
  55.50000    4.34846
  56.00000    4.34862
  56.50000    4.34877
  57.00000    4.34892
  57.50000    4.34907
  58.00000    4.34922
  58.50000    4.34937
  59.00000    4.34952
  59.50000    4.34967
  60.00000    4.34979
  60.50000    4.34990
  61.00000    4.35001
  61.50000    4.35013
  62.00000    4.35024
  62.50000    4.35035
  63.00000    4.35046
  63.50000    4.35057
  64.00000    4.35066
  64.50000    4.35073
  65.00000    4.35081
  65.50000    4.35088
  66.00000    4.35096
  66.50000    4.35103
  67.00000    4.35111
  67.50000    4.35118
  68.00000    4.35126
  68.50000    4.35133
  69.00000    4.35141
  69.50000    4.35148
  70.00000    4.35155
  70.50000    4.35163
  71.00000    4.35170
  71.50000    4.35178
  72.00000    4.35187
  72.50000    4.35197
  73.00000    4.35207
  73.50000    4.35217
  74.00000    4.35227
  74.50000    4.35237
  75.00000    4.35247
  75.50000    4.35257
  76.00000    4.35270
  76.50000    4.35283
  77.00000    4.35297
  77.50000    4.35311
  78.00000    4.35324
  78.50000    4.35338
  79.00000    4.35352
  79.50000    4.35366
  80.00000    4.35384
  80.50000    4.35403
  81.00000    4.35423
  81.50000    4.35443
  82.00000    4.35463
  82.50000    4.35483
  83.00000    4.35503
  83.50000    4.35523
  84.00000    4.35549
  84.50000    4.35577
  85.00000    4.35606
  85.50000    4.35635
  86.00000    4.35663
  86.50000    4.35692
  87.00000    4.35721
  87.50000    4.35749
  88.00000    4.35786
  88.50000    4.35827
  89.00000    4.35868
  89.50000    4.35909
  90.00000    4.35951
  90.50000    4.35992
  91.00000    4.36033
  91.50000    4.36074
  92.00000    4.36123
  92.50000    4.36176
  93.00000    4.36230
  93.50000    4.36284
  94.00000    4.36337
  94.50000    4.36391
  95.00000    4.36444
  95.50000    4.36498
  96.00000    4.36560
  96.50000    4.36629
  97.00000    4.36697
  97.50000    4.36766
  98.00000    4.36835
  98.50000    4.36903
  99.00000    4.36972
  99.50000    4.37040
 100.00000    4.37116
 100.50000    4.37199
 101.00000    4.37281
 101.50000    4.37363
 102.00000    4.37446
 102.50000    4.37528
 103.00000    4.37610
 103.50000    4.37692
 104.00000    4.37781
 104.50000    4.37876
 105.00000    4.37971
 105.50000    4.38066
 106.00000    4.38160
 106.50000    4.38255
 107.00000    4.38350
 107.50000    4.38445
 108.00000    4.38546
 108.50000    4.38653
 109.00000    4.38760
 109.50000    4.38867
 110.00000    4.38975
 110.50000    4.39082
 111.00000    4.39189
 111.50000    4.39296
 112.00000    4.39408
 112.50000    4.39524
 113.00000    4.39640
 113.50000    4.39755
 114.00000    4.39871
 114.50000    4.39987
 115.00000    4.40103
 115.50000    4.40219
 116.00000    4.40338
 116.50000    4.40462
 117.00000    4.40585
 117.50000    4.40709
 118.00000    4.40832
 118.50000    4.40956
 119.00000    4.41079
 119.50000    4.41202
 120.00000    4.41329
 120.50000    4.41458
 121.00000    4.41588
 121.50000    4.41718
 122.00000    4.41847
 122.50000    4.41977
 123.00000    4.42106
 123.50000    4.42236
 124.00000    4.42368
 124.50000    4.42502
 125.00000    4.42637
 125.50000    4.42772
 126.00000    4.42906
 126.50000    4.43041
 127.00000    4.43175
 127.50000    4.43310
 128.00000    4.43446
 128.50000    4.43585
 129.00000    4.43723
 129.50000    4.43861
 130.00000    4.44000
 130.50000    4.44138
 131.00000    4.44276
 131.50000    4.44415
 132.00000    4.44554
 132.50000    4.44693
 133.00000    4.44833
 133.50000    4.44972
 134.00000    4.45112
 134.50000    4.45252
 135.00000    4.45391
 135.50000    4.45531
 136.00000    4.45671
 136.50000    4.45810
 137.00000    4.45950
 137.50000    4.46089
 138.00000    4.46229
 138.50000    4.46368
 139.00000    4.46508
 139.50000    4.46648
 140.00000    4.46787
 140.50000    4.46925
 141.00000    4.47064
 141.50000    4.47202
 142.00000    4.47340
 142.50000    4.47479
 143.00000    4.47617
 143.50000    4.47755
 144.00000    4.47893
 144.50000    4.48029
 145.00000    4.48165
 145.50000    4.48301
 146.00000    4.48436
 146.50000    4.48572
 147.00000    4.48708
 147.50000    4.48844
 148.00000    4.48978
 148.50000    4.49109
 149.00000    4.49240
 149.50000    4.49371
 150.00000    4.49502
