   0.00000    1.39650
   0.50000    1.74294
   1.00000    2.08939
   1.50000    2.91621
   2.00000    2.96784
   2.50000    3.01564
   3.00000    3.06177
   3.50000    3.10550
   4.00000    3.14625
   4.50000    3.18551
   5.00000    3.22210
   5.50000    3.25656
   6.00000    3.28967
   6.50000    3.32006
   7.00000    3.34911
   7.50000    3.37673
   8.00000    3.40212
   8.50000    3.42655
   9.00000    3.44942
   9.50000    3.47081
  10.00000    3.49140
  10.50000    3.51055
  11.00000    3.52883
  11.50000    3.54646
  12.00000    3.56284
  12.50000    3.57879
  13.00000    3.59415
  13.50000    3.60883
  14.00000    3.62324
  14.50000    3.63727
  15.00000    3.65109
  15.50000    3.66480
  16.00000    3.67852
  16.50000    3.69233
  17.00000    3.70623
  17.50000    3.72054
  18.00000    3.73514
  18.50000    3.75024
  19.00000    3.76601
  19.50000    3.78219
  20.00000    3.79932
  20.50000    3.81734
  21.00000    3.83599
  21.50000    3.85627
  22.00000    3.87736
  22.50000    3.89955
  23.00000    3.92353
  23.50000    3.94847
  24.00000    3.97514
  24.50000    4.44938
  25.00000    4.45690
  25.50000    4.46441
  26.00000    4.47193
  26.50000    4.47945
  27.00000    4.48697
  27.50000    4.49449
  28.00000    4.50201
  28.50000    4.50953
  29.00000    4.51540
  29.50000    4.52043
  30.00000    4.52545
  30.50000    4.53048
  31.00000    4.53550
  31.50000    4.54052
  32.00000    4.54555
  32.50000    4.55057
  33.00000    4.55559
  33.50000    4.55914
  34.00000    4.56186
  34.50000    4.56457
  35.00000    4.56729
  35.50000    4.57001
  36.00000    4.57273
  36.50000    4.57544
  37.00000    4.57816
  37.50000    4.58088
  38.00000    4.58234
  38.50000    4.58305
  39.00000    4.58376
  39.50000    4.58447
  40.00000    4.58518
  40.50000    4.58589
  41.00000    4.58660
  41.50000    4.58731
  42.00000    4.58802
  42.50000    4.58765
  43.00000    4.58657
  43.50000    4.58550
  44.00000    4.58442
  44.50000    4.58335
  45.00000    4.58227
  45.50000    4.58119
  46.00000    4.58012
  46.50000    4.57904
  47.00000    4.57709
  47.50000    4.57453
  48.00000    4.57197
  48.50000    4.56941
  49.00000    4.56685
  49.50000    4.56428
  50.00000    4.56172
  50.50000    4.55916
  51.00000    4.55660
  51.50000    4.55333
  52.00000    4.54954
  52.50000    4.54575
  53.00000    4.54196
  53.50000    4.53816
  54.00000    4.53437
  54.50000    4.53058
  55.00000    4.52678
  55.50000    4.52299
  56.00000    4.51867
  56.50000    4.51391
  57.00000    4.50915
  57.50000    4.50439
  58.00000    4.49964
  58.50000    4.49488
  59.00000    4.49012
  59.50000    4.48536
  60.00000    4.48061
  60.50000    4.47547
  61.00000    4.47000
  61.50000    4.46453
  62.00000    4.45907
  62.50000    4.45360
  63.00000    4.44813
  63.50000    4.44266
  64.00000    4.43720
  64.50000    4.43173
  65.00000    4.42604
  65.50000    4.42015
  66.00000    4.41427
  66.50000    4.40838
  67.00000    4.40249
  67.50000    4.39660
  68.00000    4.39071
  68.50000    4.38482
  69.00000    4.37893
  69.50000    4.37296
  70.00000    4.36689
  70.50000    4.36082
  71.00000    4.35476
  71.50000    4.34869
  72.00000    4.34263
  72.50000    4.33656
  73.00000    4.33049
  73.50000    4.32443
  74.00000    4.31841
  74.50000    4.31244
  75.00000    4.30648
  75.50000    4.30051
  76.00000    4.29454
  76.50000    4.28858
  77.00000    4.28261
  77.50000    4.27665
  78.00000    4.27068
  78.50000    4.26488
  79.00000    4.25927
  79.50000    4.25366
  80.00000    4.24804
  80.50000    4.24243
  81.00000    4.23682
  81.50000    4.23121
  82.00000    4.22560
  82.50000    4.21999
  83.00000    4.21464
  83.50000    4.20962
  84.00000    4.20459
  84.50000    4.19957
  85.00000    4.19455
  85.50000    4.18952
  86.00000    4.18450
  86.50000    4.17948
  87.00000    4.17445
  87.50000    4.16970
  88.00000    4.16531
  88.50000    4.16092
  89.00000    4.15653
  89.50000    4.15213
  90.00000    4.14774
  90.50000    4.14335
  91.00000    4.13896
  91.50000    4.13457
  92.00000    4.13043
  92.50000    4.12663
  93.00000    4.12284
  93.50000    4.11905
  94.00000    4.11525
  94.50000    4.11146
  95.00000    4.10767
  95.50000    4.10388
  96.00000    4.10008
  96.50000    4.09654
  97.00000    4.09337
  97.50000    4.09020
  98.00000    4.08702
  98.50000    4.08385
  99.00000    4.08068
  99.50000    4.07751
 100.00000    4.07434
 100.50000    4.07117
 101.00000    4.06822
 101.50000    4.06563
 102.00000    4.06305
 102.50000    4.06047
 103.00000    4.05788
 103.50000    4.05530
 104.00000    4.05271
 104.50000    4.05013
 105.00000    4.04754
 105.50000    4.04518
 106.00000    4.04321
 106.50000    4.04123
 107.00000    4.03926
 107.50000    4.03729
 108.00000    4.03531
 108.50000    4.03334
 109.00000    4.03136
 109.50000    4.02939
 110.00000    4.02762
 110.50000    4.02622
 111.00000    4.02482
 111.50000    4.02342
 112.00000    4.02203
 112.50000    4.02063
 113.00000    4.01923
 113.50000    4.01784
 114.00000    4.01644
 114.50000    4.01523
 115.00000    4.01442
 115.50000    4.01362
 116.00000    4.01281
 116.50000    4.01200
 117.00000    4.01119
 117.50000    4.01038
 118.00000    4.00957
 118.50000    4.00876
 119.00000    4.00813
 119.50000    4.00789
 120.00000    4.00766
 120.50000    4.00743
 121.00000    4.00720
 121.50000    4.00696
 122.00000    4.00673
 122.50000    4.00650
 123.00000    4.00626
 123.50000    4.00620
 124.00000    4.00653
 124.50000    4.00686
 125.00000    4.00720
 125.50000    4.00753
 126.00000    4.00786
 126.50000    4.00819
 127.00000    4.00853
 127.50000    4.00886
 128.00000    4.00935
 128.50000    4.01025
 129.00000    4.01114
 129.50000    4.01204
 130.00000    4.01294
 130.50000    4.01384
 131.00000    4.01474
 131.50000    4.01564
 132.00000    4.01654
 132.50000    4.01758
 133.00000    4.01903
 133.50000    4.02048
 134.00000    4.02194
 134.50000    4.02339
 135.00000    4.02484
 135.50000    4.02629
 136.00000    4.02775
 136.50000    4.02920
 137.00000    4.03078
 137.50000    4.03278
 138.00000    4.03478
 138.50000    4.03677
 139.00000    4.03877
 139.50000    4.04076
 140.00000    4.04276
 140.50000    4.04476
 141.00000    4.04675
 141.50000    4.04887
 142.00000    4.05141
 142.50000    4.05395
 143.00000    4.05649
 143.50000    4.05903
 144.00000    4.06157
 144.50000    4.06411
 145.00000    4.06665
 145.50000    4.06919
 146.00000    4.07184
 146.50000    4.07492
 147.00000    4.07801
 147.50000    4.08109
 148.00000    4.08417
 148.50000    4.08725
 149.00000    4.09034
 149.50000    4.09342
 150.00000    4.09650
