   0.00000    1.46140
   0.50000    1.75663
   1.00000    2.05186
   1.50000    2.34709
   2.00000    2.64231
   2.50000    3.42704
   3.00000    3.43722
   3.50000    3.44741
   4.00000    3.45720
   4.50000    3.46670
   5.00000    3.47620
   5.50000    3.48544
   6.00000    3.49425
   6.50000    3.50306
   7.00000    3.51176
   7.50000    3.51995
   8.00000    3.52813
   8.50000    3.53632
   9.00000    3.54395
   9.50000    3.55158
  10.00000    3.55920
  10.50000    3.56646
  11.00000    3.57362
  11.50000    3.58077
  12.00000    3.58768
  12.50000    3.59440
  13.00000    3.60111
  13.50000    3.60770
  14.00000    3.61408
  14.50000    3.62045
  15.00000    3.62677
  15.50000    3.63287
  16.00000    3.63896
  16.50000    3.64505
  17.00000    3.65093
  17.50000    3.65681
  18.00000    3.66268
  18.50000    3.66844
  19.00000    3.67415
  19.50000    3.67987
  20.00000    3.68555
  20.50000    3.69121
  21.00000    3.69687
  21.50000    3.70251
  22.00000    3.70813
  22.50000    3.71376
  23.00000    3.71939
  23.50000    3.72508
  24.00000    3.73077
  24.50000    3.73645
  25.00000    3.74226
  25.50000    3.74807
  26.00000    3.75389
  26.50000    3.75984
  27.00000    3.76584
  27.50000    3.77184
  28.00000    3.77798
  28.50000    3.78423
  29.00000    3.79048
  29.50000    3.79686
  30.00000    3.80345
  30.50000    3.81005
  31.00000    3.81670
  31.50000    3.82367
  32.00000    3.83064
  32.50000    3.83761
  33.00000    3.84506
  33.50000    3.85253
  34.00000    3.86000
  34.50000    3.86785
  35.00000    3.87582
  35.50000    3.88379
  36.00000    3.89210
  36.50000    3.90066
  37.00000    3.90922
  37.50000    3.91804
  38.00000    3.92728
  38.50000    3.93653
  39.00000    3.94591
  39.50000    3.95587
  40.00000    3.96584
  40.50000    3.97581
  41.00000    3.98657
  41.50000    3.99735
  42.00000    4.00812
  42.50000    4.01958
  43.00000    4.03123
  43.50000    4.04289
  44.00000    4.05506
  44.50000    4.06762
  45.00000    4.08018
  45.50000    4.09313
  46.00000    4.10672
  46.50000    4.12031
  47.00000    4.13407
  47.50000    4.14866
  48.00000    4.16326
  48.50000    4.17785
  49.00000    4.53844
  49.50000    4.53806
  50.00000    4.53769
  50.50000    4.53732
  51.00000    4.53695
  51.50000    4.53657
  52.00000    4.53620
  52.50000    4.53584
  53.00000    4.53553
  53.50000    4.53522
  54.00000    4.53491
  54.50000    4.53460
  55.00000    4.53429
  55.50000    4.53398
  56.00000    4.53368
  56.50000    4.53338
  57.00000    4.53309
  57.50000    4.53281
  58.00000    4.53253
  58.50000    4.53224
  59.00000    4.53196
  59.50000    4.53168
  60.00000    4.53140
  60.50000    4.53115
  61.00000    4.53091
  61.50000    4.53068
  62.00000    4.53045
  62.50000    4.53022
  63.00000    4.52999
  63.50000    4.52976
  64.00000    4.52952
  64.50000    4.52932
  65.00000    4.52911
  65.50000    4.52890
  66.00000    4.52870
  66.50000    4.52849
  67.00000    4.52829
  67.50000    4.52808
  68.00000    4.52788
  68.50000    4.52768
  69.00000    4.52749
  69.50000    4.52730
  70.00000    4.52710
  70.50000    4.52691
  71.00000    4.52672
  71.50000    4.52652
  72.00000    4.52634
  72.50000    4.52617
  73.00000    4.52601
  73.50000    4.52584
  74.00000    4.52567
  74.50000    4.52550
  75.00000    4.52534
  75.50000    4.52517
  76.00000    4.52501
  76.50000    4.52485
  77.00000    4.52470
  77.50000    4.52455
  78.00000    4.52439
  78.50000    4.52424
  79.00000    4.52408
  79.50000    4.52393
  80.00000    4.52376
  80.50000    4.52360
  81.00000    4.52343
  81.50000    4.52326
  82.00000    4.52309
  82.50000    4.52293
  83.00000    4.52276
  83.50000    4.52259
  84.00000    4.52242
  84.50000    4.52226
  85.00000    4.52209
  85.50000    4.52192
  86.00000    4.52175
  86.50000    4.52159
  87.00000    4.52142
  87.50000    4.52125
  88.00000    4.52107
  88.50000    4.52089
  89.00000    4.52071
  89.50000    4.52053
  90.00000    4.52035
  90.50000    4.52017
  91.00000    4.51999
  91.50000    4.51980
  92.00000    4.51961
  92.50000    4.51941
  93.00000    4.51922
  93.50000    4.51903
  94.00000    4.51883
  94.50000    4.51864
  95.00000    4.51845
  95.50000    4.51823
  96.00000    4.51799
  96.50000    4.51776
  97.00000    4.51753
  97.50000    4.51730
  98.00000    4.51707
  98.50000    4.51684
  99.00000    4.51660
  99.50000    4.51636
 100.00000    4.51612
 100.50000    4.51587
 101.00000    4.51563
 101.50000    4.51538
 102.00000    4.51514
 102.50000    4.51489
 103.00000    4.51464
 103.50000    4.51436
 104.00000    4.51407
 104.50000    4.51379
 105.00000    4.51351
 105.50000    4.51322
 106.00000    4.51294
 106.50000    4.51266
 107.00000    4.51236
 107.50000    4.51205
 108.00000    4.51175
 108.50000    4.51144
 109.00000    4.51113
 109.50000    4.51082
 110.00000    4.51051
 110.50000    4.51020
 111.00000    4.50989
 111.50000    4.50958
 112.00000    4.50927
 112.50000    4.50896
 113.00000    4.50866
 113.50000    4.50835
 114.00000    4.50804
 114.50000    4.50773
 115.00000    4.50742
 115.50000    4.50711
 116.00000    4.50680
 116.50000    4.50649
 117.00000    4.50618
 117.50000    4.50588
 118.00000    4.50557
 118.50000    4.50526
 119.00000    4.50495
 119.50000    4.50464
 120.00000    4.50433
 120.50000    4.50402
 121.00000    4.50371
 121.50000    4.50340
 122.00000    4.50309
 122.50000    4.50279
 123.00000    4.50249
 123.50000    4.50220
 124.00000    4.50190
 124.50000    4.50161
 125.00000    4.50131
 125.50000    4.50101
 126.00000    4.50072
 126.50000    4.50044
 127.00000    4.50017
 127.50000    4.49990
 128.00000    4.49963
 128.50000    4.49936
 129.00000    4.49909
 129.50000    4.49882
 130.00000    4.49855
 130.50000    4.49829
 131.00000    4.49803
 131.50000    4.49777
 132.00000    4.49751
 132.50000    4.49726
 133.00000    4.49700
 133.50000    4.49674
 134.00000    4.49649
 134.50000    4.49628
 135.00000    4.49607
 135.50000    4.49587
 136.00000    4.49566
 136.50000    4.49546
 137.00000    4.49525
 137.50000    4.49505
 138.00000    4.49485
 138.50000    4.49468
 139.00000    4.49452
 139.50000    4.49435
 140.00000    4.49418
 140.50000    4.49401
 141.00000    4.49385
 141.50000    4.49368
 142.00000    4.49354
 142.50000    4.49342
 143.00000    4.49331
 143.50000    4.49319
 144.00000    4.49308
 144.50000    4.49296
 145.00000    4.49284
 145.50000    4.49273
 146.00000    4.49265
 146.50000    4.49259
 147.00000    4.49252
 147.50000    4.49246
 148.00000    4.49239
 148.50000    4.49233
 149.00000    4.49227
 149.50000    4.49220
 150.00000    4.49221
