   0.00000    1.35900
   0.50000    3.16815
   1.00000    3.19335
   1.50000    3.21776
   2.00000    3.24013
   2.50000    3.26206
   3.00000    3.28161
   3.50000    3.30107
   4.00000    3.31807
   4.50000    3.33508
   5.00000    3.34994
   5.50000    3.36459
   6.00000    3.37753
   6.50000    3.39001
   7.00000    3.40124
   7.50000    3.41184
   8.00000    3.42147
   8.50000    3.43028
   9.00000    3.43845
   9.50000    3.44575
  10.00000    3.45268
  10.50000    3.45871
  11.00000    3.46454
  11.50000    3.46944
  12.00000    3.47430
  12.50000    3.47835
  13.00000    3.48240
  13.50000    3.48580
  14.00000    3.48914
  14.50000    3.49215
  15.00000    3.49507
  15.50000    3.49779
  16.00000    3.50043
  16.50000    3.50307
  17.00000    3.50571
  17.50000    3.50843
  18.00000    3.51125
  18.50000    3.51420
  19.00000    3.51740
  19.50000    3.52071
  20.00000    3.52448
  20.50000    3.52830
  21.00000    3.53291
  21.50000    3.53753
  22.00000    3.54312
  22.50000    3.54877
  23.00000    3.55543
  23.50000    3.56231
  24.00000    3.57016
  24.50000    3.57846
  25.00000    3.58772
  25.50000    3.59770
  26.00000    3.60851
  26.50000    3.62034
  27.00000    3.63285
  27.50000    3.64679
  28.00000    3.66119
  28.50000    3.67740
  29.00000    3.69380
  29.50000    3.71255
  30.00000    3.73130
  30.50000    3.75252
  31.00000    3.77386
  31.50000    4.17131
  32.00000    4.17528
  32.50000    4.17925
  33.00000    4.18323
  33.50000    4.18720
  34.00000    4.19117
  34.50000    4.19514
  35.00000    4.19911
  35.50000    4.20293
  36.00000    4.20602
  36.50000    4.20912
  37.00000    4.21221
  37.50000    4.21531
  38.00000    4.21840
  38.50000    4.22149
  39.00000    4.22459
  39.50000    4.22768
  40.00000    4.23035
  40.50000    4.23260
  41.00000    4.23485
  41.50000    4.23710
  42.00000    4.23935
  42.50000    4.24160
  43.00000    4.24385
  43.50000    4.24610
  44.00000    4.24836
  44.50000    4.24999
  45.00000    4.25151
  45.50000    4.25304
  46.00000    4.25456
  46.50000    4.25609
  47.00000    4.25761
  47.50000    4.25913
  48.00000    4.26066
  48.50000    4.26206
  49.00000    4.26294
  49.50000    4.26382
  50.00000    4.26469
  50.50000    4.26557
  51.00000    4.26645
  51.50000    4.26733
  52.00000    4.26820
  52.50000    4.26908
  53.00000    4.26967
  53.50000    4.26999
  54.00000    4.27032
  54.50000    4.27064
  55.00000    4.27096
  55.50000    4.27128
  56.00000    4.27161
  56.50000    4.27193
  57.00000    4.27225
  57.50000    4.27219
  58.00000    4.27206
  58.50000    4.27194
  59.00000    4.27181
  59.50000    4.27168
  60.00000    4.27156
  60.50000    4.27143
  61.00000    4.27130
  61.50000    4.27110
  62.00000    4.27059
  62.50000    4.27008
  63.00000    4.26958
  63.50000    4.26907
  64.00000    4.26856
  64.50000    4.26805
  65.00000    4.26754
  65.50000    4.26704
  66.00000    4.26639
  66.50000    4.26561
  67.00000    4.26484
  67.50000    4.26407
  68.00000    4.26329
  68.50000    4.26252
  69.00000    4.26175
  69.50000    4.26097
  70.00000    4.26020
  70.50000    4.25926
  71.00000    4.25831
  71.50000    4.25735
  72.00000    4.25639
  72.50000    4.25543
  73.00000    4.25447
  73.50000    4.25352
  74.00000    4.25256
  74.50000    4.25158
  75.00000    4.25054
  75.50000    4.24950
  76.00000    4.24846
  76.50000    4.24743
  77.00000    4.24639
  77.50000    4.24535
  78.00000    4.24431
  78.50000    4.24327
  79.00000    4.24222
  79.50000    4.24117
  80.00000    4.24012
  80.50000    4.23907
  81.00000    4.23802
  81.50000    4.23697
  82.00000    4.23592
  82.50000    4.23487
  83.00000    4.23382
  83.50000    4.23286
  84.00000    4.23192
  84.50000    4.23097
  85.00000    4.23002
  85.50000    4.22908
  86.00000    4.22813
  86.50000    4.22718
  87.00000    4.22624
  87.50000    4.22533
  88.00000    4.22455
  88.50000    4.22378
  89.00000    4.22301
  89.50000    4.22223
  90.00000    4.22146
  90.50000    4.22069
  91.00000    4.21991
  91.50000    4.21914
  92.00000    4.21848
  92.50000    4.21790
  93.00000    4.21732
  93.50000    4.21674
  94.00000    4.21617
  94.50000    4.21559
  95.00000    4.21501
  95.50000    4.21444
  96.00000    4.21386
  96.50000    4.21345
  97.00000    4.21305
  97.50000    4.21266
  98.00000    4.21227
  98.50000    4.21188
  99.00000    4.21148
  99.50000    4.21109
 100.00000    4.21070
 100.50000    4.21035
 101.00000    4.21014
 101.50000    4.20994
 102.00000    4.20973
 102.50000    4.20952
 103.00000    4.20931
 103.50000    4.20910
 104.00000    4.20890
 104.50000    4.20869
 105.00000    4.20859
 105.50000    4.20858
 106.00000    4.20857
 106.50000    4.20856
 107.00000    4.20855
 107.50000    4.20854
 108.00000    4.20852
 108.50000    4.20851
 109.00000    4.20850
 109.50000    4.20866
 110.00000    4.20883
 110.50000    4.20900
 111.00000    4.20918
 111.50000    4.20935
 112.00000    4.20952
 112.50000    4.20970
 113.00000    4.20987
 113.50000    4.21009
 114.00000    4.21045
 114.50000    4.21080
 115.00000    4.21116
 115.50000    4.21152
 116.00000    4.21188
 116.50000    4.21224
 117.00000    4.21259
 117.50000    4.21295
 118.00000    4.21342
 118.50000    4.21398
 119.00000    4.21453
 119.50000    4.21509
 120.00000    4.21564
 120.50000    4.21620
 121.00000    4.21675
 121.50000    4.21730
 122.00000    4.21786
 122.50000    4.21859
 123.00000    4.21934
 123.50000    4.22009
 124.00000    4.22084
 124.50000    4.22159
 125.00000    4.22235
 125.50000    4.22310
 126.00000    4.22385
 126.50000    4.22464
 127.00000    4.22558
 127.50000    4.22651
 128.00000    4.22745
 128.50000    4.22838
 129.00000    4.22932
 129.50000    4.23025
 130.00000    4.23119
 130.50000    4.23212
 131.00000    4.23317
 131.50000    4.23429
 132.00000    4.23541
 132.50000    4.23653
 133.00000    4.23765
 133.50000    4.23877
 134.00000    4.23989
 134.50000    4.24101
 135.00000    4.24213
 135.50000    4.24344
 136.00000    4.24477
 136.50000    4.24610
 137.00000    4.24743
 137.50000    4.24875
 138.00000    4.25008
 138.50000    4.25141
 139.00000    4.25274
 139.50000    4.25411
 140.00000    4.25561
 140.50000    4.25711
 141.00000    4.25861
 141.50000    4.26011
 142.00000    4.26162
 142.50000    4.26312
 143.00000    4.26462
 143.50000    4.26612
 144.00000    4.26775
 144.50000    4.26945
 145.00000    4.27116
 145.50000    4.27287
 146.00000    4.27458
 146.50000    4.27629
 147.00000    4.27800
 147.50000    4.27971
 148.00000    4.28141
 148.50000    4.28329
 149.00000    4.28517
 149.50000    4.28705
 150.00000    4.28893
