   0.00000    1.66260
   0.50000    1.83727
   1.00000    2.01195
   1.50000    2.18662
   2.00000    2.36129
   2.50000    2.53597
   3.00000    3.45058
   3.50000    3.45814
   4.00000    3.46570
   4.50000    3.47319
   5.00000    3.48062
   5.50000    3.48805
   6.00000    3.49543
   6.50000    3.50270
   7.00000    3.50997
   7.50000    3.51721
   8.00000    3.52435
   8.50000    3.53150
   9.00000    3.53863
   9.50000    3.54564
  10.00000    3.55266
  10.50000    3.55968
  11.00000    3.56663
  11.50000    3.57358
  12.00000    3.58053
  12.50000    3.58743
  13.00000    3.59432
  13.50000    3.60121
  14.00000    3.60808
  14.50000    3.61493
  15.00000    3.62179
  15.50000    3.62863
  16.00000    3.63545
  16.50000    3.64228
  17.00000    3.64910
  17.50000    3.65593
  18.00000    3.66275
  18.50000    3.66959
  19.00000    3.67645
  19.50000    3.68330
  20.00000    3.69016
  20.50000    3.69705
  21.00000    3.70394
  21.50000    3.71083
  22.00000    3.71778
  22.50000    3.72474
  23.00000    3.73169
  23.50000    3.73872
  24.00000    3.74577
  24.50000    3.75282
  25.00000    3.75994
  25.50000    3.76708
  26.00000    3.77423
  26.50000    3.78145
  27.00000    3.78872
  27.50000    3.79599
  28.00000    3.80334
  28.50000    3.81077
  29.00000    3.81820
  29.50000    3.82570
  30.00000    3.83332
  30.50000    3.84094
  31.00000    3.84860
  31.50000    3.85638
  32.00000    3.86416
  32.50000    3.87196
  33.00000    3.88000
  33.50000    3.88803
  34.00000    3.89607
  34.50000    3.90429
  35.00000    3.91251
  35.50000    3.92074
  36.00000    3.92920
  36.50000    3.93771
  37.00000    3.94623
  37.50000    3.95493
  38.00000    3.96374
  38.50000    3.97254
  39.00000    3.98149
  39.50000    3.99058
  40.00000    3.99967
  40.50000    4.00890
  41.00000    4.01834
  41.50000    4.02778
  42.00000    4.03730
  42.50000    4.04706
  43.00000    4.05682
  43.50000    4.06662
  44.00000    4.07676
  44.50000    4.08690
  45.00000    4.09705
  45.50000    4.10753
  46.00000    4.11803
  46.50000    4.12852
  47.00000    4.13934
  47.50000    4.15021
  48.00000    4.16109
  48.50000    4.72649
  49.00000    4.72240
  49.50000    4.71832
  50.00000    4.71424
  50.50000    4.71015
  51.00000    4.70607
  51.50000    4.70198
  52.00000    4.69790
  52.50000    4.69452
  53.00000    4.69119
  53.50000    4.68787
  54.00000    4.68454
  54.50000    4.68122
  55.00000    4.67789
  55.50000    4.67456
  56.00000    4.67134
  56.50000    4.66876
  57.00000    4.66618
  57.50000    4.66360
  58.00000    4.66102
  58.50000    4.65844
  59.00000    4.65586
  59.50000    4.65328
  60.00000    4.65091
  60.50000    4.64896
  61.00000    4.64701
  61.50000    4.64506
  62.00000    4.64311
  62.50000    4.64116
  63.00000    4.63920
  63.50000    4.63725
  64.00000    4.63563
  64.50000    4.63425
  65.00000    4.63288
  65.50000    4.63150
  66.00000    4.63013
  66.50000    4.62876
  67.00000    4.62738
  67.50000    4.62601
  68.00000    4.62500
  68.50000    4.62410
  69.00000    4.62320
  69.50000    4.62231
  70.00000    4.62141
  70.50000    4.62051
  71.00000    4.61961
  71.50000    4.61871
  72.00000    4.61821
  72.50000    4.61770
  73.00000    4.61720
  73.50000    4.61670
  74.00000    4.61620
  74.50000    4.61570
  75.00000    4.61520
  75.50000    4.61477
  76.00000    4.61460
  76.50000    4.61443
  77.00000    4.61427
  77.50000    4.61410
  78.00000    4.61393
  78.50000    4.61376
  79.00000    4.61360
  79.50000    4.61353
  80.00000    4.61359
  80.50000    4.61365
  81.00000    4.61372
  81.50000    4.61378
  82.00000    4.61385
  82.50000    4.61391
  83.00000    4.61398
  83.50000    4.61414
  84.00000    4.61438
  84.50000    4.61461
  85.00000    4.61484
  85.50000    4.61507
  86.00000    4.61530
  86.50000    4.61553
  87.00000    4.61576
  87.50000    4.61606
  88.00000    4.61637
  88.50000    4.61667
  89.00000    4.61698
  89.50000    4.61729
  90.00000    4.61760
  90.50000    4.61791
  91.00000    4.61822
  91.50000    4.61851
  92.00000    4.61881
  92.50000    4.61910
  93.00000    4.61940
  93.50000    4.61969
  94.00000    4.61999
  94.50000    4.62028
  95.00000    4.62056
  95.50000    4.62078
  96.00000    4.62099
  96.50000    4.62121
  97.00000    4.62143
  97.50000    4.62165
  98.00000    4.62187
  98.50000    4.62209
  99.00000    4.62223
  99.50000    4.62229
 100.00000    4.62236
 100.50000    4.62242
 101.00000    4.62249
 101.50000    4.62255
 102.00000    4.62262
 102.50000    4.62268
 103.00000    4.62264
 103.50000    4.62255
 104.00000    4.62246
 104.50000    4.62237
 105.00000    4.62228
 105.50000    4.62219
 106.00000    4.62210
 106.50000    4.62201
 107.00000    4.62180
 107.50000    4.62159
 108.00000    4.62137
 108.50000    4.62115
 109.00000    4.62093
 109.50000    4.62071
 110.00000    4.62049
 110.50000    4.62026
 111.00000    4.61993
 111.50000    4.61959
 112.00000    4.61926
 112.50000    4.61893
 113.00000    4.61859
 113.50000    4.61826
 114.00000    4.61793
 114.50000    4.61756
 115.00000    4.61714
 115.50000    4.61671
 116.00000    4.61629
 116.50000    4.61587
 117.00000    4.61544
 117.50000    4.61502
 118.00000    4.61460
 118.50000    4.61413
 119.00000    4.61363
 119.50000    4.61313
 120.00000    4.61263
 120.50000    4.61213
 121.00000    4.61163
 121.50000    4.61113
 122.00000    4.61063
 122.50000    4.61008
 123.00000    4.60951
 123.50000    4.60895
 124.00000    4.60838
 124.50000    4.60782
 125.00000    4.60725
 125.50000    4.60669
 126.00000    4.60612
 126.50000    4.60552
 127.00000    4.60492
 127.50000    4.60431
 128.00000    4.60371
 128.50000    4.60310
 129.00000    4.60250
 129.50000    4.60190
 130.00000    4.60129
 130.50000    4.60066
 131.00000    4.60003
 131.50000    4.59940
 132.00000    4.59877
 132.50000    4.59814
 133.00000    4.59751
 133.50000    4.59689
 134.00000    4.59625
 134.50000    4.59561
 135.00000    4.59497
 135.50000    4.59432
 136.00000    4.59368
 136.50000    4.59304
 137.00000    4.59240
 137.50000    4.59176
 138.00000    4.59112
 138.50000    4.59049
 139.00000    4.58986
 139.50000    4.58923
 140.00000    4.58861
 140.50000    4.58798
 141.00000    4.58735
 141.50000    4.58672
 142.00000    4.58612
 142.50000    4.58553
 143.00000    4.58494
 143.50000    4.58435
 144.00000    4.58376
 144.50000    4.58317
 145.00000    4.58258
 145.50000    4.58199
 146.00000    4.58143
 146.50000    4.58088
 147.00000    4.58033
 147.50000    4.57978
 148.00000    4.57922
 148.50000    4.57867
 149.00000    4.57812
 149.50000    4.57759
 150.00000    4.57711
