   0.00000    1.48810
   0.50000    1.73876
   1.00000    1.98942
   1.50000    2.24008
   2.00000    2.49073
   2.50000    2.74139
   3.00000    3.45465
   3.50000    3.46595
   4.00000    3.47726
   4.50000    3.48780
   5.00000    3.49790
   5.50000    3.50800
   6.00000    3.51719
   6.50000    3.52604
   7.00000    3.53490
   7.50000    3.54287
   8.00000    3.55066
   8.50000    3.55845
   9.00000    3.56534
   9.50000    3.57217
  10.00000    3.57897
  10.50000    3.58490
  11.00000    3.59082
  11.50000    3.59667
  12.00000    3.60190
  12.50000    3.60714
  13.00000    3.61223
  13.50000    3.61682
  14.00000    3.62140
  14.50000    3.62582
  15.00000    3.62989
  15.50000    3.63395
  16.00000    3.63786
  16.50000    3.64155
  17.00000    3.64524
  17.50000    3.64880
  18.00000    3.65225
  18.50000    3.65569
  19.00000    3.65901
  19.50000    3.66225
  20.00000    3.66549
  20.50000    3.66871
  21.00000    3.67191
  21.50000    3.67512
  22.00000    3.67841
  22.50000    3.68172
  23.00000    3.68502
  23.50000    3.68849
  24.00000    3.69197
  24.50000    3.69546
  25.00000    3.69928
  25.50000    3.70311
  26.00000    3.70698
  26.50000    3.71118
  27.00000    3.71539
  27.50000    3.71971
  28.00000    3.72447
  28.50000    3.72922
  29.00000    3.73420
  29.50000    3.73964
  30.00000    3.74509
  30.50000    3.75084
  31.00000    3.75705
  31.50000    3.76325
  32.00000    3.76989
  32.50000    3.77696
  33.00000    3.78403
  33.50000    3.79174
  34.00000    3.79988
  34.50000    3.80801
  35.00000    3.81690
  35.50000    3.82610
  36.00000    3.83530
  36.50000    3.84553
  37.00000    3.85601
  37.50000    3.86649
  38.00000    3.87818
  38.50000    3.89000
  39.00000    3.90183
  39.50000    3.91513
  40.00000    3.92844
  40.50000    3.94190
  41.00000    3.95679
  41.50000    3.97168
  42.00000    3.98692
  42.50000    4.00353
  43.00000    4.02014
  43.50000    4.03726
  44.00000    4.05556
  44.50000    4.07386
  45.00000    4.38323
  45.50000    4.38332
  46.00000    4.38341
  46.50000    4.38350
  47.00000    4.38359
  47.50000    4.38367
  48.00000    4.38376
  48.50000    4.38385
  49.00000    4.38395
  49.50000    4.38406
  50.00000    4.38418
  50.50000    4.38429
  51.00000    4.38440
  51.50000    4.38451
  52.00000    4.38463
  52.50000    4.38474
  53.00000    4.38487
  53.50000    4.38502
  54.00000    4.38517
  54.50000    4.38532
  55.00000    4.38548
  55.50000    4.38563
  56.00000    4.38578
  56.50000    4.38593
  57.00000    4.38610
  57.50000    4.38629
  58.00000    4.38647
  58.50000    4.38666
  59.00000    4.38685
  59.50000    4.38704
  60.00000    4.38723
  60.50000    4.38742
  61.00000    4.38763
  61.50000    4.38785
  62.00000    4.38808
  62.50000    4.38831
  63.00000    4.38853
  63.50000    4.38876
  64.00000    4.38898
  64.50000    4.38921
  65.00000    4.38947
  65.50000    4.38974
  66.00000    4.39002
  66.50000    4.39030
  67.00000    4.39057
  67.50000    4.39085
  68.00000    4.39113
  68.50000    4.39140
  69.00000    4.39170
  69.50000    4.39202
  70.00000    4.39233
  70.50000    4.39264
  71.00000    4.39296
  71.50000    4.39327
  72.00000    4.39359
  72.50000    4.39390
  73.00000    4.39424
  73.50000    4.39459
  74.00000    4.39494
  74.50000    4.39530
  75.00000    4.39565
  75.50000    4.39600
  76.00000    4.39635
  76.50000    4.39670
  77.00000    4.39709
  77.50000    4.39749
  78.00000    4.39790
  78.50000    4.39830
  79.00000    4.39870
  79.50000    4.39910
  80.00000    4.39950
  80.50000    4.39991
  81.00000    4.40035
  81.50000    4.40080
  82.00000    4.40125
  82.50000    4.40170
  83.00000    4.40216
  83.50000    4.40261
  84.00000    4.40306
  84.50000    4.40351
  85.00000    4.40402
  85.50000    4.40453
  86.00000    4.40505
  86.50000    4.40556
  87.00000    4.40608
  87.50000    4.40659
  88.00000    4.40711
  88.50000    4.40762
  89.00000    4.40817
  89.50000    4.40872
  90.00000    4.40927
  90.50000    4.40983
  91.00000    4.41038
  91.50000    4.41093
  92.00000    4.41149
  92.50000    4.41204
  93.00000    4.41265
  93.50000    4.41326
  94.00000    4.41388
  94.50000    4.41449
  95.00000    4.41511
  95.50000    4.41573
  96.00000    4.41634
  96.50000    4.41696
  97.00000    4.41763
  97.50000    4.41831
  98.00000    4.41899
  98.50000    4.41967
  99.00000    4.42035
  99.50000    4.42102
 100.00000    4.42170
 100.50000    4.42238
 101.00000    4.42311
 101.50000    4.42384
 102.00000    4.42457
 102.50000    4.42529
 103.00000    4.42602
 103.50000    4.42675
 104.00000    4.42748
 104.50000    4.42821
 105.00000    4.42898
 105.50000    4.42974
 106.00000    4.43051
 106.50000    4.43128
 107.00000    4.43204
 107.50000    4.43281
 108.00000    4.43358
 108.50000    4.43434
 109.00000    4.43516
 109.50000    4.43598
 110.00000    4.43679
 110.50000    4.43761
 111.00000    4.43843
 111.50000    4.43924
 112.00000    4.44006
 112.50000    4.44088
 113.00000    4.44174
 113.50000    4.44259
 114.00000    4.44344
 114.50000    4.44430
 115.00000    4.44515
 115.50000    4.44601
 116.00000    4.44686
 116.50000    4.44772
 117.00000    4.44861
 117.50000    4.44951
 118.00000    4.45040
 118.50000    4.45129
 119.00000    4.45218
 119.50000    4.45307
 120.00000    4.45397
 120.50000    4.45486
 121.00000    4.45577
 121.50000    4.45667
 122.00000    4.45757
 122.50000    4.45848
 123.00000    4.45938
 123.50000    4.46029
 124.00000    4.46119
 124.50000    4.46210
 125.00000    4.46303
 125.50000    4.46396
 126.00000    4.46489
 126.50000    4.46582
 127.00000    4.46675
 127.50000    4.46768
 128.00000    4.46861
 128.50000    4.46954
 129.00000    4.47049
 129.50000    4.47143
 130.00000    4.47237
 130.50000    4.47331
 131.00000    4.47426
 131.50000    4.47520
 132.00000    4.47614
 132.50000    4.47709
 133.00000    4.47804
 133.50000    4.47900
 134.00000    4.47995
 134.50000    4.48091
 135.00000    4.48186
 135.50000    4.48282
 136.00000    4.48377
 136.50000    4.48473
 137.00000    4.48570
 137.50000    4.48667
 138.00000    4.48763
 138.50000    4.48860
 139.00000    4.48957
 139.50000    4.49053
 140.00000    4.49150
 140.50000    4.49246
 141.00000    4.49342
 141.50000    4.49437
 142.00000    4.49533
 142.50000    4.49628
 143.00000    4.49724
 143.50000    4.49819
 144.00000    4.49915
 144.50000    4.50010
 145.00000    4.50106
 145.50000    4.50201
 146.00000    4.50297
 146.50000    4.50392
 147.00000    4.50488
 147.50000    4.50583
 148.00000    4.50679
 148.50000    4.50773
 149.00000    4.50866
 149.50000    4.50959
 150.00000    4.51052
