   0.00000    1.32250
   0.50000    1.94922
   1.00000    2.87790
   1.50000    2.89222
   2.00000    2.90677
   2.50000    2.92139
   3.00000    2.93618
   3.50000    2.95110
   4.00000    2.96613
   4.50000    2.98135
   5.00000    2.99667
   5.50000    3.01228
   6.00000    3.02805
   6.50000    3.04401
   7.00000    3.06029
   7.50000    3.07669
   8.00000    3.09353
   8.50000    3.11056
   9.00000    3.12793
   9.50000    3.14568
  10.00000    3.16364
  10.50000    3.18210
  11.00000    3.20074
  11.50000    3.21987
  12.00000    3.23938
  12.50000    3.25921
  13.00000    3.27968
  13.50000    3.30038
  14.00000    3.32174
  14.50000    3.34345
  15.00000    3.36563
  15.50000    3.38845
  16.00000    3.41152
  16.50000    3.43547
  17.00000    3.45972
  17.50000    3.48466
  18.00000    3.51017
  18.50000    3.53605
  19.00000    3.56294
  19.50000    3.59016
  20.00000    3.61827
  20.50000    3.64690
  21.00000    3.67606
  21.50000    3.70620
  22.00000    3.73671
  22.50000    3.76834
  23.00000    3.80047
  23.50000    3.83339
  24.00000    3.86719
  24.50000    3.90140
  25.00000    3.93676
  25.50000    4.37507
  26.00000    4.37165
  26.50000    4.36824
  27.00000    4.36482
  27.50000    4.36140
  28.00000    4.35798
  28.50000    4.35457
  29.00000    4.35115
  29.50000    4.34773
  30.00000    4.34451
  30.50000    4.34169
  31.00000    4.33888
  31.50000    4.33607
  32.00000    4.33325
  32.50000    4.33044
  33.00000    4.32763
  33.50000    4.32481
  34.00000    4.32200
  34.50000    4.31940
  35.00000    4.31718
  35.50000    4.31495
  36.00000    4.31273
  36.50000    4.31051
  37.00000    4.30829
  37.50000    4.30607
  38.00000    4.30384
  38.50000    4.30162
  39.00000    4.29962
  39.50000    4.29795
  40.00000    4.29627
  40.50000    4.29460
  41.00000    4.29292
  41.50000    4.29125
  42.00000    4.28957
  42.50000    4.28790
  43.00000    4.28622
  43.50000    4.28476
  44.00000    4.28357
  44.50000    4.28237
  45.00000    4.28118
  45.50000    4.27998
  46.00000    4.27879
  46.50000    4.27759
  47.00000    4.27640
  47.50000    4.27520
  48.00000    4.27423
  48.50000    4.27348
  49.00000    4.27273
  49.50000    4.27199
  50.00000    4.27124
  50.50000    4.27049
  51.00000    4.26974
  51.50000    4.26899
  52.00000    4.26825
  52.50000    4.26771
  53.00000    4.26735
  53.50000    4.26699
  54.00000    4.26664
  54.50000    4.26628
  55.00000    4.26592
  55.50000    4.26556
  56.00000    4.26521
  56.50000    4.26485
  57.00000    4.26469
  57.50000    4.26466
  58.00000    4.26464
  58.50000    4.26462
  59.00000    4.26460
  59.50000    4.26458
  60.00000    4.26455
  60.50000    4.26453
  61.00000    4.26451
  61.50000    4.26468
  62.00000    4.26495
  62.50000    4.26523
  63.00000    4.26551
  63.50000    4.26579
  64.00000    4.26607
  64.50000    4.26635
  65.00000    4.26663
  65.50000    4.26691
  66.00000    4.26734
  66.50000    4.26786
  67.00000    4.26837
  67.50000    4.26889
  68.00000    4.26940
  68.50000    4.26991
  69.00000    4.27043
  69.50000    4.27094
  70.00000    4.27145
  70.50000    4.27211
  71.00000    4.27283
  71.50000    4.27354
  72.00000    4.27426
  72.50000    4.27497
  73.00000    4.27568
  73.50000    4.27640
  74.00000    4.27711
  74.50000    4.27783
  75.00000    4.27864
  75.50000    4.27949
  76.00000    4.28034
  76.50000    4.28119
  77.00000    4.28204
  77.50000    4.28289
  78.00000    4.28374
  78.50000    4.28459
  79.00000    4.28543
  79.50000    4.28636
  80.00000    4.28731
  80.50000    4.28826
  81.00000    4.28921
  81.50000    4.29016
  82.00000    4.29111
  82.50000    4.29206
  83.00000    4.29301
  83.50000    4.29396
  84.00000    4.29494
  84.50000    4.29594
  85.00000    4.29693
  85.50000    4.29792
  86.00000    4.29892
  86.50000    4.29991
  87.00000    4.30091
  87.50000    4.30190
  88.00000    4.30289
  88.50000    4.30392
  89.00000    4.30494
  89.50000    4.30597
  90.00000    4.30700
  90.50000    4.30803
  91.00000    4.30905
  91.50000    4.31008
  92.00000    4.31111
  92.50000    4.31214
  93.00000    4.31318
  93.50000    4.31423
  94.00000    4.31528
  94.50000    4.31633
  95.00000    4.31738
  95.50000    4.31843
  96.00000    4.31948
  96.50000    4.32053
  97.00000    4.32158
  97.50000    4.32265
  98.00000    4.32372
  98.50000    4.32480
  99.00000    4.32587
  99.50000    4.32694
 100.00000    4.32801
 100.50000    4.32908
 101.00000    4.33016
 101.50000    4.33123
 102.00000    4.33229
 102.50000    4.33335
 103.00000    4.33441
 103.50000    4.33547
 104.00000    4.33653
 104.50000    4.33759
 105.00000    4.33865
 105.50000    4.33971
 106.00000    4.34077
 106.50000    4.34183
 107.00000    4.34290
 107.50000    4.34396
 108.00000    4.34502
 108.50000    4.34608
 109.00000    4.34714
 109.50000    4.34820
 110.00000    4.34926
 110.50000    4.35032
 111.00000    4.35137
 111.50000    4.35242
 112.00000    4.35347
 112.50000    4.35452
 113.00000    4.35557
 113.50000    4.35662
 114.00000    4.35767
 114.50000    4.35872
 115.00000    4.35976
 115.50000    4.36076
 116.00000    4.36177
 116.50000    4.36277
 117.00000    4.36378
 117.50000    4.36478
 118.00000    4.36579
 118.50000    4.36679
 119.00000    4.36780
 119.50000    4.36880
 120.00000    4.36978
 120.50000    4.37076
 121.00000    4.37175
 121.50000    4.37273
 122.00000    4.37371
 122.50000    4.37470
 123.00000    4.37568
 123.50000    4.37666
 124.00000    4.37763
 124.50000    4.37856
 125.00000    4.37948
 125.50000    4.38041
 126.00000    4.38134
 126.50000    4.38226
 127.00000    4.38319
 127.50000    4.38412
 128.00000    4.38504
 128.50000    4.38595
 129.00000    4.38681
 129.50000    4.38767
 130.00000    4.38853
 130.50000    4.38939
 131.00000    4.39025
 131.50000    4.39111
 132.00000    4.39197
 132.50000    4.39283
 133.00000    4.39367
 133.50000    4.39446
 134.00000    4.39525
 134.50000    4.39604
 135.00000    4.39684
 135.50000    4.39763
 136.00000    4.39842
 136.50000    4.39922
 137.00000    4.40001
 137.50000    4.40078
 138.00000    4.40150
 138.50000    4.40223
 139.00000    4.40295
 139.50000    4.40368
 140.00000    4.40440
 140.50000    4.40513
 141.00000    4.40586
 141.50000    4.40658
 142.00000    4.40727
 142.50000    4.40789
 143.00000    4.40852
 143.50000    4.40914
 144.00000    4.40977
 144.50000    4.41039
 145.00000    4.41102
 145.50000    4.41164
 146.00000    4.41227
 146.50000    4.41285
 147.00000    4.41337
 147.50000    4.41390
 148.00000    4.41442
 148.50000    4.41495
 149.00000    4.41547
 149.50000    4.41600
 150.00000    4.41652
