   0.00000    1.48090
   0.50000    1.94245
   1.00000    2.40400
   1.50000    3.32760
   2.00000    3.33901
   2.50000    3.35042
   3.00000    3.36111
   3.50000    3.37120
   4.00000    3.38130
   4.50000    3.39112
   5.00000    3.39992
   5.50000    3.40873
   6.00000    3.41753
   6.50000    3.42530
   7.00000    3.43290
   7.50000    3.44051
   8.00000    3.44755
   8.50000    3.45407
   9.00000    3.46060
   9.50000    3.46695
  10.00000    3.47255
  10.50000    3.47815
  11.00000    3.48375
  11.50000    3.48862
  12.00000    3.49335
  12.50000    3.49808
  13.00000    3.50246
  13.50000    3.50650
  14.00000    3.51054
  14.50000    3.51449
  15.00000    3.51796
  15.50000    3.52144
  16.00000    3.52491
  16.50000    3.52794
  17.00000    3.53087
  17.50000    3.53381
  18.00000    3.53658
  18.50000    3.53918
  19.00000    3.54179
  19.50000    3.54435
  20.00000    3.54669
  20.50000    3.54902
  21.00000    3.55136
  21.50000    3.55360
  22.00000    3.55581
  22.50000    3.55803
  23.00000    3.56023
  23.50000    3.56242
  24.00000    3.56460
  24.50000    3.56681
  25.00000    3.56911
  25.50000    3.57142
  26.00000    3.57372
  26.50000    3.57620
  27.00000    3.57871
  27.50000    3.58123
  28.00000    3.58389
  28.50000    3.58674
  29.00000    3.58958
  29.50000    3.59248
  30.00000    3.59577
  30.50000    3.59906
  31.00000    3.60236
  31.50000    3.60609
  32.00000    3.60996
  32.50000    3.61382
  33.00000    3.61798
  33.50000    3.62253
  34.00000    3.62709
  34.50000    3.63171
  35.00000    3.63704
  35.50000    3.64237
  36.00000    3.64770
  36.50000    3.65373
  37.00000    3.65999
  37.50000    3.66625
  38.00000    3.67295
  38.50000    3.68025
  39.00000    3.68756
  39.50000    3.69496
  40.00000    3.70340
  40.50000    3.71184
  41.00000    3.72029
  41.50000    3.72966
  42.00000    3.73936
  42.50000    3.74907
  43.00000    3.75932
  43.50000    3.77040
  44.00000    3.78148
  44.50000    3.79264
  45.00000    3.80522
  45.50000    3.81780
  46.00000    3.83037
  46.50000    3.84414
  47.00000    3.85836
  47.50000    3.87258
  48.00000    3.88742
  48.50000    3.90326
  49.00000    3.91910
  49.50000    4.22647
  50.00000    4.22823
  50.50000    4.23000
  51.00000    4.23176
  51.50000    4.23352
  52.00000    4.23528
  52.50000    4.23704
  53.00000    4.23881
  53.50000    4.24040
  54.00000    4.24166
  54.50000    4.24292
  55.00000    4.24417
  55.50000    4.24543
  56.00000    4.24669
  56.50000    4.24794
  57.00000    4.24920
  57.50000    4.25019
  58.00000    4.25101
  58.50000    4.25182
  59.00000    4.25264
  59.50000    4.25346
  60.00000    4.25427
  60.50000    4.25509
  61.00000    4.25591
  61.50000    4.25637
  62.00000    4.25678
  62.50000    4.25720
  63.00000    4.25761
  63.50000    4.25802
  64.00000    4.25844
  64.50000    4.25885
  65.00000    4.25921
  65.50000    4.25931
  66.00000    4.25940
  66.50000    4.25949
  67.00000    4.25958
  67.50000    4.25967
  68.00000    4.25976
  68.50000    4.25985
  69.00000    4.25982
  69.50000    4.25966
  70.00000    4.25949
  70.50000    4.25932
  71.00000    4.25915
  71.50000    4.25898
  72.00000    4.25881
  72.50000    4.25865
  73.00000    4.25834
  73.50000    4.25797
  74.00000    4.25761
  74.50000    4.25725
  75.00000    4.25689
  75.50000    4.25652
  76.00000    4.25616
  76.50000    4.25580
  77.00000    4.25529
  77.50000    4.25479
  78.00000    4.25428
  78.50000    4.25378
  79.00000    4.25327
  79.50000    4.25276
  80.00000    4.25226
  80.50000    4.25173
  81.00000    4.25113
  81.50000    4.25054
  82.00000    4.24994
  82.50000    4.24934
  83.00000    4.24875
  83.50000    4.24815
  84.00000    4.24756
  84.50000    4.24696
  85.00000    4.24636
  85.50000    4.24577
  86.00000    4.24517
  86.50000    4.24458
  87.00000    4.24398
  87.50000    4.24338
  88.00000    4.24279
  88.50000    4.24224
  89.00000    4.24169
  89.50000    4.24115
  90.00000    4.24060
  90.50000    4.24006
  91.00000    4.23952
  91.50000    4.23897
  92.00000    4.23844
  92.50000    4.23800
  93.00000    4.23756
  93.50000    4.23712
  94.00000    4.23668
  94.50000    4.23624
  95.00000    4.23580
  95.50000    4.23536
  96.00000    4.23499
  96.50000    4.23473
  97.00000    4.23447
  97.50000    4.23422
  98.00000    4.23396
  98.50000    4.23370
  99.00000    4.23344
  99.50000    4.23318
 100.00000    4.23307
 100.50000    4.23303
 101.00000    4.23300
 101.50000    4.23296
 102.00000    4.23292
 102.50000    4.23288
 103.00000    4.23284
 103.50000    4.23280
 104.00000    4.23299
 104.50000    4.23318
 105.00000    4.23338
 105.50000    4.23357
 106.00000    4.23377
 106.50000    4.23396
 107.00000    4.23416
 107.50000    4.23441
 108.00000    4.23482
 108.50000    4.23524
 109.00000    4.23565
 109.50000    4.23606
 110.00000    4.23648
 110.50000    4.23689
 111.00000    4.23731
 111.50000    4.23783
 112.00000    4.23846
 112.50000    4.23908
 113.00000    4.23970
 113.50000    4.24032
 114.00000    4.24094
 114.50000    4.24157
 115.00000    4.24219
 115.50000    4.24298
 116.00000    4.24381
 116.50000    4.24464
 117.00000    4.24547
 117.50000    4.24630
 118.00000    4.24712
 118.50000    4.24795
 119.00000    4.24880
 119.50000    4.24981
 120.00000    4.25082
 120.50000    4.25183
 121.00000    4.25284
 121.50000    4.25385
 122.00000    4.25486
 122.50000    4.25587
 123.00000    4.25696
 123.50000    4.25816
 124.00000    4.25937
 124.50000    4.26057
 125.00000    4.26178
 125.50000    4.26298
 126.00000    4.26419
 126.50000    4.26539
 127.00000    4.26672
 127.50000    4.26810
 128.00000    4.26949
 128.50000    4.27088
 129.00000    4.27226
 129.50000    4.27365
 130.00000    4.27503
 130.50000    4.27642
 131.00000    4.27795
 131.50000    4.27949
 132.00000    4.28104
 132.50000    4.28258
 133.00000    4.28412
 133.50000    4.28566
 134.00000    4.28720
 134.50000    4.28878
 135.00000    4.29049
 135.50000    4.29220
 136.00000    4.29391
 136.50000    4.29562
 137.00000    4.29733
 137.50000    4.29904
 138.00000    4.30075
 138.50000    4.30253
 139.00000    4.30439
 139.50000    4.30624
 140.00000    4.30809
 140.50000    4.30995
 141.00000    4.31180
 141.50000    4.31365
 142.00000    4.31550
 142.50000    4.31747
 143.00000    4.31946
 143.50000    4.32146
 144.00000    4.32345
 144.50000    4.32545
 145.00000    4.32744
 145.50000    4.32944
 146.00000    4.33144
 146.50000    4.33357
 147.00000    4.33569
 147.50000    4.33781
 148.00000    4.33994
 148.50000    4.34206
 149.00000    4.34419
 149.50000    4.34631
 150.00000    4.34848
