   0.00000    1.88240
   0.50000    2.13924
   1.00000    2.39608
   1.50000    2.65292
   2.00000    3.32926
   2.50000    3.34694
   3.00000    3.36462
   3.50000    3.38101
   4.00000    3.39694
   4.50000    3.41288
   5.00000    3.42725
   5.50000    3.44148
   6.00000    3.45555
   6.50000    3.46818
   7.00000    3.48082
   7.50000    3.49305
   8.00000    3.50426
   8.50000    3.51548
   9.00000    3.52604
   9.50000    3.53588
  10.00000    3.54571
  10.50000    3.55477
  11.00000    3.56344
  11.50000    3.57210
  12.00000    3.57984
  12.50000    3.58740
  13.00000    3.59494
  13.50000    3.60154
  14.00000    3.60814
  14.50000    3.61457
  15.00000    3.62032
  15.50000    3.62607
  16.00000    3.63156
  16.50000    3.63664
  17.00000    3.64172
  17.50000    3.64643
  18.00000    3.65086
  18.50000    3.65530
  19.00000    3.65942
  19.50000    3.66343
  20.00000    3.66744
  20.50000    3.67112
  21.00000    3.67478
  21.50000    3.67841
  22.00000    3.68185
  22.50000    3.68529
  23.00000    3.68872
  23.50000    3.69209
  24.00000    3.69546
  24.50000    3.69883
  25.00000    3.70220
  25.50000    3.70558
  26.00000    3.70907
  26.50000    3.71262
  27.00000    3.71617
  27.50000    3.71996
  28.00000    3.72379
  28.50000    3.72764
  29.00000    3.73186
  29.50000    3.73609
  30.00000    3.74043
  30.50000    3.74518
  31.00000    3.74994
  31.50000    3.75496
  32.00000    3.76040
  32.50000    3.76583
  33.00000    3.77169
  33.50000    3.77787
  34.00000    3.78404
  34.50000    3.79093
  35.00000    3.79803
  35.50000    3.80513
  36.00000    3.81320
  36.50000    3.82133
  37.00000    3.82961
  37.50000    3.83891
  38.00000    3.84821
  38.50000    3.85790
  39.00000    3.86844
  39.50000    3.87898
  40.00000    3.89025
  40.50000    3.90225
  41.00000    3.91425
  41.50000    3.92718
  42.00000    3.94057
  42.50000    3.95395
  43.00000    4.05833
  43.50000    4.06857
  44.00000    4.07881
  44.50000    4.08906
  45.00000    4.09930
  45.50000    4.10954
  46.00000    4.11979
  46.50000    4.13003
  47.00000    4.13893
  47.50000    4.14746
  48.00000    4.15600
  48.50000    4.16453
  49.00000    4.17306
  49.50000    4.18160
  50.00000    4.19013
  50.50000    4.19867
  51.00000    4.20605
  51.50000    4.21297
  52.00000    4.21990
  52.50000    4.22682
  53.00000    4.23375
  53.50000    4.24067
  54.00000    4.24759
  54.50000    4.25452
  55.00000    4.26050
  55.50000    4.26597
  56.00000    4.27143
  56.50000    4.27689
  57.00000    4.28235
  57.50000    4.28782
  58.00000    4.29328
  58.50000    4.29874
  59.00000    4.30347
  59.50000    4.30765
  60.00000    4.31182
  60.50000    4.31599
  61.00000    4.32017
  61.50000    4.32434
  62.00000    4.32852
  62.50000    4.33269
  63.00000    4.33631
  63.50000    4.33935
  64.00000    4.34240
  64.50000    4.34545
  65.00000    4.34850
  65.50000    4.35154
  66.00000    4.35459
  66.50000    4.35764
  67.00000    4.36027
  67.50000    4.36234
  68.00000    4.36441
  68.50000    4.36648
  69.00000    4.36855
  69.50000    4.37061
  70.00000    4.37268
  70.50000    4.37475
  71.00000    4.37654
  71.50000    4.37782
  72.00000    4.37910
  72.50000    4.38037
  73.00000    4.38165
  73.50000    4.38292
  74.00000    4.38420
  74.50000    4.38547
  75.00000    4.38657
  75.50000    4.38721
  76.00000    4.38784
  76.50000    4.38847
  77.00000    4.38910
  77.50000    4.38973
  78.00000    4.39036
  78.50000    4.39100
  79.00000    4.39153
  79.50000    4.39169
  80.00000    4.39185
  80.50000    4.39202
  81.00000    4.39218
  81.50000    4.39234
  82.00000    4.39250
  82.50000    4.39266
  83.00000    4.39278
  83.50000    4.39262
  84.00000    4.39246
  84.50000    4.39230
  85.00000    4.39214
  85.50000    4.39197
  86.00000    4.39181
  86.50000    4.39165
  87.00000    4.39148
  87.50000    4.39117
  88.00000    4.39086
  88.50000    4.39055
  89.00000    4.39024
  89.50000    4.38993
  90.00000    4.38963
  90.50000    4.38932
  91.00000    4.38901
  91.50000    4.38872
  92.00000    4.38844
  92.50000    4.38815
  93.00000    4.38787
  93.50000    4.38758
  94.00000    4.38730
  94.50000    4.38701
  95.00000    4.38673
  95.50000    4.38657
  96.00000    4.38642
  96.50000    4.38627
  97.00000    4.38612
  97.50000    4.38597
  98.00000    4.38582
  98.50000    4.38567
  99.00000    4.38552
  99.50000    4.38551
 100.00000    4.38552
 100.50000    4.38554
 101.00000    4.38555
 101.50000    4.38556
 102.00000    4.38557
 102.50000    4.38558
 103.00000    4.38560
 103.50000    4.38572
 104.00000    4.38588
 104.50000    4.38604
 105.00000    4.38621
 105.50000    4.38637
 106.00000    4.38653
 106.50000    4.38669
 107.00000    4.38685
 107.50000    4.38710
 108.00000    4.38738
 108.50000    4.38767
 109.00000    4.38795
 109.50000    4.38824
 110.00000    4.38852
 110.50000    4.38881
 111.00000    4.38909
 111.50000    4.38944
 112.00000    4.38984
 112.50000    4.39024
 113.00000    4.39063
 113.50000    4.39103
 114.00000    4.39143
 114.50000    4.39182
 115.00000    4.39222
 115.50000    4.39266
 116.00000    4.39314
 116.50000    4.39363
 117.00000    4.39411
 117.50000    4.39459
 118.00000    4.39508
 118.50000    4.39556
 119.00000    4.39604
 119.50000    4.39656
 120.00000    4.39712
 120.50000    4.39768
 121.00000    4.39823
 121.50000    4.39879
 122.00000    4.39935
 122.50000    4.39990
 123.00000    4.40046
 123.50000    4.40104
 124.00000    4.40166
 124.50000    4.40228
 125.00000    4.40290
 125.50000    4.40352
 126.00000    4.40414
 126.50000    4.40476
 127.00000    4.40538
 127.50000    4.40601
 128.00000    4.40668
 128.50000    4.40735
 129.00000    4.40802
 129.50000    4.40869
 130.00000    4.40936
 130.50000    4.41003
 131.00000    4.41070
 131.50000    4.41137
 132.00000    4.41205
 132.50000    4.41273
 133.00000    4.41341
 133.50000    4.41409
 134.00000    4.41477
 134.50000    4.41546
 135.00000    4.41614
 135.50000    4.41682
 136.00000    4.41751
 136.50000    4.41821
 137.00000    4.41890
 137.50000    4.41960
 138.00000    4.42029
 138.50000    4.42098
 139.00000    4.42168
 139.50000    4.42237
 140.00000    4.42304
 140.50000    4.42370
 141.00000    4.42437
 141.50000    4.42504
 142.00000    4.42571
 142.50000    4.42638
 143.00000    4.42705
 143.50000    4.42772
 144.00000    4.42837
 144.50000    4.42903
 145.00000    4.42969
 145.50000    4.43034
 146.00000    4.43100
 146.50000    4.43166
 147.00000    4.43231
 147.50000    4.43297
 148.00000    4.43358
 148.50000    4.43419
 149.00000    4.43479
 149.50000    4.43540
 150.00000    4.43601
