   0.00000    0.76890
   0.50000    1.48311
   1.00000    3.02020
   1.50000    3.04739
   2.00000    3.07442
   2.50000    3.09912
   3.00000    3.12383
   3.50000    3.14646
   4.00000    3.16867
   4.50000    3.18952
   5.00000    3.20941
   5.50000    3.22856
   6.00000    3.24631
   6.50000    3.26386
   7.00000    3.27960
   7.50000    3.29534
   8.00000    3.30955
   8.50000    3.32351
   9.00000    3.33651
   9.50000    3.34890
  10.00000    3.36073
  10.50000    3.37161
  11.00000    3.38234
  11.50000    3.39202
  12.00000    3.40169
  12.50000    3.41038
  13.00000    3.41894
  13.50000    3.42690
  14.00000    3.43453
  14.50000    3.44187
  15.00000    3.44878
  15.50000    3.45560
  16.00000    3.46198
  16.50000    3.46836
  17.00000    3.47437
  17.50000    3.48034
  18.00000    3.48617
  18.50000    3.49192
  19.00000    3.49767
  19.50000    3.50342
  20.00000    3.50920
  20.50000    3.51508
  21.00000    3.52097
  21.50000    3.52715
  22.00000    3.53335
  22.50000    3.53989
  23.00000    3.54658
  23.50000    3.55357
  24.00000    3.56093
  24.50000    3.56848
  25.00000    3.57673
  25.50000    3.58498
  26.00000    3.59418
  26.50000    3.60341
  27.00000    3.61352
  27.50000    3.62396
  28.00000    3.63509
  28.50000    3.64695
  29.00000    3.65918
  29.50000    3.67256
  30.00000    3.68594
  30.50000    3.70106
  31.00000    3.71617
  31.50000    3.73274
  32.00000    3.74978
  32.50000    3.76782
  33.00000    3.78682
  33.50000    4.14175
  34.00000    4.14556
  34.50000    4.14938
  35.00000    4.15319
  35.50000    4.15701
  36.00000    4.16082
  36.50000    4.16464
  37.00000    4.16845
  37.50000    4.17227
  38.00000    4.17549
  38.50000    4.17850
  39.00000    4.18151
  39.50000    4.18451
  40.00000    4.18752
  40.50000    4.19053
  41.00000    4.19354
  41.50000    4.19654
  42.00000    4.19941
  42.50000    4.20166
  43.00000    4.20391
  43.50000    4.20615
  44.00000    4.20840
  44.50000    4.21065
  45.00000    4.21289
  45.50000    4.21514
  46.00000    4.21739
  46.50000    4.21920
  47.00000    4.22077
  47.50000    4.22234
  48.00000    4.22390
  48.50000    4.22547
  49.00000    4.22704
  49.50000    4.22861
  50.00000    4.23018
  50.50000    4.23169
  51.00000    4.23266
  51.50000    4.23363
  52.00000    4.23460
  52.50000    4.23558
  53.00000    4.23655
  53.50000    4.23752
  54.00000    4.23849
  54.50000    4.23946
  55.00000    4.24016
  55.50000    4.24064
  56.00000    4.24112
  56.50000    4.24160
  57.00000    4.24208
  57.50000    4.24256
  58.00000    4.24304
  58.50000    4.24352
  59.00000    4.24400
  59.50000    4.24408
  60.00000    4.24416
  60.50000    4.24425
  61.00000    4.24433
  61.50000    4.24441
  62.00000    4.24449
  62.50000    4.24457
  63.00000    4.24466
  63.50000    4.24458
  64.00000    4.24433
  64.50000    4.24407
  65.00000    4.24381
  65.50000    4.24355
  66.00000    4.24330
  66.50000    4.24304
  67.00000    4.24278
  67.50000    4.24252
  68.00000    4.24206
  68.50000    4.24158
  69.00000    4.24110
  69.50000    4.24062
  70.00000    4.24014
  70.50000    4.23966
  71.00000    4.23918
  71.50000    4.23870
  72.00000    4.23817
  72.50000    4.23755
  73.00000    4.23693
  73.50000    4.23631
  74.00000    4.23569
  74.50000    4.23507
  75.00000    4.23445
  75.50000    4.23383
  76.00000    4.23321
  76.50000    4.23254
  77.00000    4.23186
  77.50000    4.23119
  78.00000    4.23051
  78.50000    4.22983
  79.00000    4.22915
  79.50000    4.22847
  80.00000    4.22779
  80.50000    4.22712
  81.00000    4.22648
  81.50000    4.22584
  82.00000    4.22519
  82.50000    4.22455
  83.00000    4.22391
  83.50000    4.22326
  84.00000    4.22262
  84.50000    4.22197
  85.00000    4.22142
  85.50000    4.22089
  86.00000    4.22036
  86.50000    4.21984
  87.00000    4.21931
  87.50000    4.21878
  88.00000    4.21826
  88.50000    4.21773
  89.00000    4.21724
  89.50000    4.21691
  90.00000    4.21658
  90.50000    4.21626
  91.00000    4.21593
  91.50000    4.21560
  92.00000    4.21527
  92.50000    4.21495
  93.00000    4.21462
  93.50000    4.21443
  94.00000    4.21431
  94.50000    4.21419
  95.00000    4.21407
  95.50000    4.21396
  96.00000    4.21384
  96.50000    4.21372
  97.00000    4.21361
  97.50000    4.21351
  98.00000    4.21356
  98.50000    4.21362
  99.00000    4.21368
  99.50000    4.21374
 100.00000    4.21380
 100.50000    4.21386
 101.00000    4.21391
 101.50000    4.21397
 102.00000    4.21414
 102.50000    4.21440
 103.00000    4.21466
 103.50000    4.21491
 104.00000    4.21517
 104.50000    4.21543
 105.00000    4.21569
 105.50000    4.21594
 106.00000    4.21620
 106.50000    4.21663
 107.00000    4.21707
 107.50000    4.21750
 108.00000    4.21793
 108.50000    4.21837
 109.00000    4.21880
 109.50000    4.21923
 110.00000    4.21966
 110.50000    4.22017
 111.00000    4.22077
 111.50000    4.22137
 112.00000    4.22196
 112.50000    4.22256
 113.00000    4.22316
 113.50000    4.22375
 114.00000    4.22435
 114.50000    4.22495
 115.00000    4.22569
 115.50000    4.22645
 116.00000    4.22721
 116.50000    4.22797
 117.00000    4.22873
 117.50000    4.22950
 118.00000    4.23026
 118.50000    4.23102
 119.00000    4.23183
 119.50000    4.23275
 120.00000    4.23366
 120.50000    4.23457
 121.00000    4.23548
 121.50000    4.23640
 122.00000    4.23731
 122.50000    4.23822
 123.00000    4.23914
 123.50000    4.24017
 124.00000    4.24124
 124.50000    4.24230
 125.00000    4.24337
 125.50000    4.24443
 126.00000    4.24550
 126.50000    4.24656
 127.00000    4.24763
 127.50000    4.24873
 128.00000    4.24992
 128.50000    4.25111
 129.00000    4.25231
 129.50000    4.25350
 130.00000    4.25469
 130.50000    4.25589
 131.00000    4.25708
 131.50000    4.25828
 132.00000    4.25956
 132.50000    4.26088
 133.00000    4.26221
 133.50000    4.26353
 134.00000    4.26485
 134.50000    4.26617
 135.00000    4.26750
 135.50000    4.26882
 136.00000    4.27016
 136.50000    4.27160
 137.00000    4.27304
 137.50000    4.27448
 138.00000    4.27592
 138.50000    4.27736
 139.00000    4.27880
 139.50000    4.28024
 140.00000    4.28168
 140.50000    4.28319
 141.00000    4.28475
 141.50000    4.28631
 142.00000    4.28786
 142.50000    4.28942
 143.00000    4.29097
 143.50000    4.29253
 144.00000    4.29409
 144.50000    4.29565
 145.00000    4.29730
 145.50000    4.29895
 146.00000    4.30060
 146.50000    4.30225
 147.00000    4.30390
 147.50000    4.30555
 148.00000    4.30720
 148.50000    4.30885
 149.00000    4.31056
 149.50000    4.31231
 150.00000    4.31407
