   0.00000    1.57590
   0.50000    2.02943
   1.00000    2.48295
   1.50000    3.16928
   2.00000    3.19075
   2.50000    3.21114
   3.00000    3.23058
   3.50000    3.24968
   4.00000    3.26713
   4.50000    3.28457
   5.00000    3.30048
   5.50000    3.31602
   6.00000    3.33079
   6.50000    3.34459
   7.00000    3.35826
   7.50000    3.37050
   8.00000    3.38274
   8.50000    3.39390
   9.00000    3.40466
   9.50000    3.41494
  10.00000    3.42438
  10.50000    3.43382
  11.00000    3.44208
  11.50000    3.45034
  12.00000    3.45795
  12.50000    3.46519
  13.00000    3.47218
  13.50000    3.47853
  14.00000    3.48488
  14.50000    3.49054
  15.00000    3.49613
  15.50000    3.50139
  16.00000    3.50638
  16.50000    3.51128
  17.00000    3.51577
  17.50000    3.52026
  18.00000    3.52446
  18.50000    3.52862
  19.00000    3.53269
  19.50000    3.53667
  20.00000    3.54064
  20.50000    3.54458
  21.00000    3.54852
  21.50000    3.55249
  22.00000    3.55647
  22.50000    3.56055
  23.00000    3.56478
  23.50000    3.56903
  24.00000    3.57365
  24.50000    3.57826
  25.00000    3.58319
  25.50000    3.58827
  26.00000    3.59356
  26.50000    3.59932
  27.00000    3.60508
  27.50000    3.61156
  28.00000    3.61808
  28.50000    3.62517
  29.00000    3.63267
  29.50000    3.64039
  30.00000    3.64890
  30.50000    3.65741
  31.00000    3.66698
  31.50000    3.67672
  32.00000    3.68714
  32.50000    3.69823
  33.00000    3.70953
  33.50000    3.72211
  34.00000    3.73469
  34.50000    3.74845
  35.00000    3.76255
  35.50000    4.13749
  36.00000    4.13772
  36.50000    4.13794
  37.00000    4.13817
  37.50000    4.13839
  38.00000    4.13862
  38.50000    4.13884
  39.00000    4.13907
  39.50000    4.13929
  40.00000    4.13956
  40.50000    4.13984
  41.00000    4.14011
  41.50000    4.14038
  42.00000    4.14065
  42.50000    4.14093
  43.00000    4.14120
  43.50000    4.14147
  44.00000    4.14176
  44.50000    4.14207
  45.00000    4.14238
  45.50000    4.14268
  46.00000    4.14299
  46.50000    4.14330
  47.00000    4.14361
  47.50000    4.14392
  48.00000    4.14423
  48.50000    4.14459
  49.00000    4.14496
  49.50000    4.14533
  50.00000    4.14570
  50.50000    4.14606
  51.00000    4.14643
  51.50000    4.14680
  52.00000    4.14716
  52.50000    4.14757
  53.00000    4.14799
  53.50000    4.14842
  54.00000    4.14885
  54.50000    4.14927
  55.00000    4.14970
  55.50000    4.15013
  56.00000    4.15055
  56.50000    4.15099
  57.00000    4.15146
  57.50000    4.15193
  58.00000    4.15241
  58.50000    4.15288
  59.00000    4.15335
  59.50000    4.15383
  60.00000    4.15430
  60.50000    4.15477
  61.00000    4.15531
  61.50000    4.15587
  62.00000    4.15642
  62.50000    4.15698
  63.00000    4.15754
  63.50000    4.15809
  64.00000    4.15865
  64.50000    4.15920
  65.00000    4.15978
  65.50000    4.16041
  66.00000    4.16104
  66.50000    4.16166
  67.00000    4.16229
  67.50000    4.16292
  68.00000    4.16355
  68.50000    4.16417
  69.00000    4.16480
  69.50000    4.16549
  70.00000    4.16619
  70.50000    4.16689
  71.00000    4.16758
  71.50000    4.16828
  72.00000    4.16898
  72.50000    4.16968
  73.00000    4.17038
  73.50000    4.17111
  74.00000    4.17191
  74.50000    4.17270
  75.00000    4.17349
  75.50000    4.17429
  76.00000    4.17508
  76.50000    4.17587
  77.00000    4.17667
  77.50000    4.17746
  78.00000    4.17833
  78.50000    4.17921
  79.00000    4.18008
  79.50000    4.18096
  80.00000    4.18184
  80.50000    4.18271
  81.00000    4.18359
  81.50000    4.18446
  82.00000    4.18539
  82.50000    4.18638
  83.00000    4.18736
  83.50000    4.18834
  84.00000    4.18933
  84.50000    4.19031
  85.00000    4.19129
  85.50000    4.19227
  86.00000    4.19326
  86.50000    4.19434
  87.00000    4.19542
  87.50000    4.19649
  88.00000    4.19757
  88.50000    4.19865
  89.00000    4.19973
  89.50000    4.20080
  90.00000    4.20188
  90.50000    4.20302
  91.00000    4.20421
  91.50000    4.20539
  92.00000    4.20657
  92.50000    4.20776
  93.00000    4.20894
  93.50000    4.21013
  94.00000    4.21131
  94.50000    4.21251
  95.00000    4.21379
  95.50000    4.21507
  96.00000    4.21635
  96.50000    4.21762
  97.00000    4.21890
  97.50000    4.22018
  98.00000    4.22146
  98.50000    4.22274
  99.00000    4.22407
  99.50000    4.22542
 100.00000    4.22677
 100.50000    4.22812
 101.00000    4.22947
 101.50000    4.23082
 102.00000    4.23217
 102.50000    4.23351
 103.00000    4.23488
 103.50000    4.23630
 104.00000    4.23773
 104.50000    4.23915
 105.00000    4.24057
 105.50000    4.24199
 106.00000    4.24341
 106.50000    4.24483
 107.00000    4.24625
 107.50000    4.24770
 108.00000    4.24916
 108.50000    4.25061
 109.00000    4.25207
 109.50000    4.25353
 110.00000    4.25498
 110.50000    4.25644
 111.00000    4.25789
 111.50000    4.25937
 112.00000    4.26087
 112.50000    4.26238
 113.00000    4.26388
 113.50000    4.26538
 114.00000    4.26689
 114.50000    4.26839
 115.00000    4.26989
 115.50000    4.27140
 116.00000    4.27290
 116.50000    4.27440
 117.00000    4.27591
 117.50000    4.27741
 118.00000    4.27891
 118.50000    4.28042
 119.00000    4.28192
 119.50000    4.28342
 120.00000    4.28493
 120.50000    4.28645
 121.00000    4.28796
 121.50000    4.28948
 122.00000    4.29100
 122.50000    4.29251
 123.00000    4.29403
 123.50000    4.29554
 124.00000    4.29706
 124.50000    4.29856
 125.00000    4.30006
 125.50000    4.30157
 126.00000    4.30307
 126.50000    4.30458
 127.00000    4.30608
 127.50000    4.30758
 128.00000    4.30909
 128.50000    4.31057
 129.00000    4.31204
 129.50000    4.31351
 130.00000    4.31497
 130.50000    4.31644
 131.00000    4.31791
 131.50000    4.31938
 132.00000    4.32085
 132.50000    4.32231
 133.00000    4.32373
 133.50000    4.32515
 134.00000    4.32657
 134.50000    4.32799
 135.00000    4.32941
 135.50000    4.33083
 136.00000    4.33225
 136.50000    4.33367
 137.00000    4.33506
 137.50000    4.33643
 138.00000    4.33781
 138.50000    4.33918
 139.00000    4.34055
 139.50000    4.34193
 140.00000    4.34330
 140.50000    4.34467
 141.00000    4.34603
 141.50000    4.34732
 142.00000    4.34861
 142.50000    4.34990
 143.00000    4.35119
 143.50000    4.35248
 144.00000    4.35377
 144.50000    4.35506
 145.00000    4.35635
 145.50000    4.35757
 146.00000    4.35878
 146.50000    4.35999
 147.00000    4.36120
 147.50000    4.36240
 148.00000    4.36361
 148.50000    4.36482
 149.00000    4.36603
 149.50000    4.36719
 150.00000    4.36828
