   0.00000    1.48260
   0.50000    2.06944
   1.00000    3.17305
   1.50000    3.19226
   2.00000    3.21148
   2.50000    3.23048
   3.00000    3.24764
   3.50000    3.26479
   4.00000    3.28195
   4.50000    3.29756
   5.00000    3.31268
   5.50000    3.32780
   6.00000    3.34215
   6.50000    3.35539
   7.00000    3.36863
   7.50000    3.38176
   8.00000    3.39326
   8.50000    3.40477
   9.00000    3.41628
   9.50000    3.42664
  10.00000    3.43656
  10.50000    3.44649
  11.00000    3.45588
  11.50000    3.46440
  12.00000    3.47292
  12.50000    3.48140
  13.00000    3.48863
  13.50000    3.49586
  14.00000    3.50310
  14.50000    3.50958
  15.00000    3.51570
  15.50000    3.52183
  16.00000    3.52764
  16.50000    3.53281
  17.00000    3.53798
  17.50000    3.54315
  18.00000    3.54749
  18.50000    3.55182
  19.00000    3.55616
  19.50000    3.56008
  20.00000    3.56379
  20.50000    3.56750
  21.00000    3.57106
  21.50000    3.57429
  22.00000    3.57752
  22.50000    3.58074
  23.00000    3.58363
  23.50000    3.58650
  24.00000    3.58937
  24.50000    3.59211
  25.00000    3.59477
  25.50000    3.59743
  26.00000    3.60008
  26.50000    3.60271
  27.00000    3.60534
  27.50000    3.60797
  28.00000    3.61071
  28.50000    3.61346
  29.00000    3.61621
  29.50000    3.61911
  30.00000    3.62213
  30.50000    3.62515
  31.00000    3.62827
  31.50000    3.63173
  32.00000    3.63520
  32.50000    3.63867
  33.00000    3.64263
  33.50000    3.64667
  34.00000    3.65070
  34.50000    3.65511
  35.00000    3.65987
  35.50000    3.66462
  36.00000    3.66953
  36.50000    3.67518
  37.00000    3.68083
  37.50000    3.68648
  38.00000    3.69300
  38.50000    3.69970
  39.00000    3.70639
  39.50000    3.71367
  40.00000    3.72156
  40.50000    3.72945
  41.00000    3.73754
  41.50000    3.74677
  42.00000    3.75601
  42.50000    3.76524
  43.00000    3.77567
  43.50000    3.78640
  44.00000    3.79713
  44.50000    3.80862
  45.00000    3.82102
  45.50000    3.83342
  46.00000    3.84602
  46.50000    3.86021
  47.00000    3.87441
  47.50000    3.88860
  48.00000    3.90423
  48.50000    3.92031
  49.00000    3.93639
  49.50000    4.14975
  50.00000    4.15735
  50.50000    4.16494
  51.00000    4.17254
  51.50000    4.18013
  52.00000    4.18773
  52.50000    4.19532
  53.00000    4.20292
  53.50000    4.20967
  54.00000    4.21603
  54.50000    4.22240
  55.00000    4.22877
  55.50000    4.23513
  56.00000    4.24150
  56.50000    4.24786
  57.00000    4.25423
  57.50000    4.25947
  58.00000    4.26466
  58.50000    4.26985
  59.00000    4.27503
  59.50000    4.28022
  60.00000    4.28541
  60.50000    4.29060
  61.00000    4.29555
  61.50000    4.29969
  62.00000    4.30383
  62.50000    4.30797
  63.00000    4.31211
  63.50000    4.31625
  64.00000    4.32039
  64.50000    4.32453
  65.00000    4.32819
  65.50000    4.33138
  66.00000    4.33456
  66.50000    4.33774
  67.00000    4.34093
  67.50000    4.34411
  68.00000    4.34729
  68.50000    4.35047
  69.00000    4.35303
  69.50000    4.35540
  70.00000    4.35776
  70.50000    4.36013
  71.00000    4.36250
  71.50000    4.36487
  72.00000    4.36723
  72.50000    4.36957
  73.00000    4.37121
  73.50000    4.37286
  74.00000    4.37450
  74.50000    4.37614
  75.00000    4.37779
  75.50000    4.37943
  76.00000    4.38107
  76.50000    4.38253
  77.00000    4.38358
  77.50000    4.38463
  78.00000    4.38567
  78.50000    4.38672
  79.00000    4.38777
  79.50000    4.38882
  80.00000    4.38987
  80.50000    4.39063
  81.00000    4.39118
  81.50000    4.39174
  82.00000    4.39230
  82.50000    4.39285
  83.00000    4.39341
  83.50000    4.39396
  84.00000    4.39452
  84.50000    4.39477
  85.00000    4.39496
  85.50000    4.39515
  86.00000    4.39535
  86.50000    4.39554
  87.00000    4.39574
  87.50000    4.39593
  88.00000    4.39609
  88.50000    4.39604
  89.00000    4.39599
  89.50000    4.39594
  90.00000    4.39589
  90.50000    4.39583
  91.00000    4.39578
  91.50000    4.39573
  92.00000    4.39562
  92.50000    4.39543
  93.00000    4.39523
  93.50000    4.39504
  94.00000    4.39485
  94.50000    4.39465
  95.00000    4.39446
  95.50000    4.39426
  96.00000    4.39406
  96.50000    4.39385
  97.00000    4.39365
  97.50000    4.39344
  98.00000    4.39323
  98.50000    4.39303
  99.00000    4.39282
  99.50000    4.39261
 100.00000    4.39247
 100.50000    4.39232
 101.00000    4.39218
 101.50000    4.39204
 102.00000    4.39190
 102.50000    4.39175
 103.00000    4.39161
 103.50000    4.39149
 104.00000    4.39144
 104.50000    4.39139
 105.00000    4.39133
 105.50000    4.39128
 106.00000    4.39123
 106.50000    4.39118
 107.00000    4.39113
 107.50000    4.39111
 108.00000    4.39114
 108.50000    4.39116
 109.00000    4.39119
 109.50000    4.39122
 110.00000    4.39124
 110.50000    4.39127
 111.00000    4.39129
 111.50000    4.39139
 112.00000    4.39150
 112.50000    4.39162
 113.00000    4.39174
 113.50000    4.39185
 114.00000    4.39197
 114.50000    4.39209
 115.00000    4.39221
 115.50000    4.39239
 116.00000    4.39257
 116.50000    4.39275
 117.00000    4.39293
 117.50000    4.39311
 118.00000    4.39329
 118.50000    4.39347
 119.00000    4.39368
 119.50000    4.39394
 120.00000    4.39420
 120.50000    4.39445
 121.00000    4.39471
 121.50000    4.39497
 122.00000    4.39523
 122.50000    4.39549
 123.00000    4.39578
 123.50000    4.39609
 124.00000    4.39640
 124.50000    4.39671
 125.00000    4.39702
 125.50000    4.39733
 126.00000    4.39764
 126.50000    4.39795
 127.00000    4.39832
 127.50000    4.39869
 128.00000    4.39907
 128.50000    4.39944
 129.00000    4.39982
 129.50000    4.40019
 130.00000    4.40057
 130.50000    4.40095
 131.00000    4.40136
 131.50000    4.40178
 132.00000    4.40219
 132.50000    4.40260
 133.00000    4.40302
 133.50000    4.40343
 134.00000    4.40385
 134.50000    4.40428
 135.00000    4.40476
 135.50000    4.40524
 136.00000    4.40572
 136.50000    4.40620
 137.00000    4.40668
 137.50000    4.40716
 138.00000    4.40764
 138.50000    4.40814
 139.00000    4.40866
 139.50000    4.40918
 140.00000    4.40969
 140.50000    4.41021
 141.00000    4.41073
 141.50000    4.41125
 142.00000    4.41176
 142.50000    4.41232
 143.00000    4.41287
 143.50000    4.41343
 144.00000    4.41399
 144.50000    4.41454
 145.00000    4.41510
 145.50000    4.41565
 146.00000    4.41622
 146.50000    4.41680
 147.00000    4.41738
 147.50000    4.41796
 148.00000    4.41855
 148.50000    4.41913
 149.00000    4.41971
 149.50000    4.42029
 150.00000    4.42089
