   0.00000    1.25810
   0.50000    3.14420
   1.00000    3.16984
   1.50000    3.19508
   2.00000    3.21788
   2.50000    3.24069
   3.00000    3.26074
   3.50000    3.28076
   4.00000    3.29861
   4.50000    3.31602
   5.00000    3.33183
   5.50000    3.34688
   6.00000    3.36080
   6.50000    3.37371
   7.00000    3.38591
   7.50000    3.39692
   8.00000    3.40757
   8.50000    3.41695
   9.00000    3.42623
   9.50000    3.43412
  10.00000    3.44202
  10.50000    3.44877
  11.00000    3.45541
  11.50000    3.46131
  12.00000    3.46698
  12.50000    3.47219
  13.00000    3.47711
  13.50000    3.48176
  14.00000    3.48608
  14.50000    3.49032
  15.00000    3.49436
  15.50000    3.49838
  16.00000    3.50233
  16.50000    3.50628
  17.00000    3.51032
  17.50000    3.51436
  18.00000    3.51871
  18.50000    3.52313
  19.00000    3.52792
  19.50000    3.53289
  20.00000    3.53831
  20.50000    3.54411
  21.00000    3.55031
  21.50000    3.55713
  22.00000    3.56425
  22.50000    3.57233
  23.00000    3.58052
  23.50000    3.59009
  24.00000    3.59966
  24.50000    3.61081
  25.00000    3.62210
  25.50000    3.63488
  26.00000    3.64812
  26.50000    3.66267
  27.00000    3.67804
  27.50000    3.69451
  28.00000    3.71225
  28.50000    3.73082
  29.00000    3.75120
  29.50000    3.77204
  30.00000    3.79526
  30.50000    3.81849
  31.00000    3.84459
  31.50000    3.87069
  32.00000    4.28041
  32.50000    4.27714
  33.00000    4.27386
  33.50000    4.27058
  34.00000    4.26731
  34.50000    4.26403
  35.00000    4.26076
  35.50000    4.25748
  36.00000    4.25432
  36.50000    4.25159
  37.00000    4.24885
  37.50000    4.24612
  38.00000    4.24339
  38.50000    4.24066
  39.00000    4.23792
  39.50000    4.23519
  40.00000    4.23246
  40.50000    4.23003
  41.00000    4.22783
  41.50000    4.22563
  42.00000    4.22343
  42.50000    4.22123
  43.00000    4.21903
  43.50000    4.21683
  44.00000    4.21463
  44.50000    4.21244
  45.00000    4.21070
  45.50000    4.20900
  46.00000    4.20730
  46.50000    4.20560
  47.00000    4.20389
  47.50000    4.20219
  48.00000    4.20049
  48.50000    4.19879
  49.00000    4.19721
  49.50000    4.19593
  50.00000    4.19464
  50.50000    4.19336
  51.00000    4.19207
  51.50000    4.19079
  52.00000    4.18950
  52.50000    4.18822
  53.00000    4.18693
  53.50000    4.18591
  54.00000    4.18502
  54.50000    4.18412
  55.00000    4.18323
  55.50000    4.18234
  56.00000    4.18145
  56.50000    4.18056
  57.00000    4.17967
  57.50000    4.17878
  58.00000    4.17823
  58.50000    4.17767
  59.00000    4.17712
  59.50000    4.17656
  60.00000    4.17601
  60.50000    4.17545
  61.00000    4.17489
  61.50000    4.17434
  62.00000    4.17390
  62.50000    4.17363
  63.00000    4.17336
  63.50000    4.17310
  64.00000    4.17283
  64.50000    4.17256
  65.00000    4.17230
  65.50000    4.17203
  66.00000    4.17177
  66.50000    4.17167
  67.00000    4.17164
  67.50000    4.17160
  68.00000    4.17157
  68.50000    4.17153
  69.00000    4.17150
  69.50000    4.17147
  70.00000    4.17143
  70.50000    4.17142
  71.00000    4.17158
  71.50000    4.17174
  72.00000    4.17191
  72.50000    4.17207
  73.00000    4.17223
  73.50000    4.17239
  74.00000    4.17255
  74.50000    4.17272
  75.00000    4.17294
  75.50000    4.17323
  76.00000    4.17352
  76.50000    4.17381
  77.00000    4.17410
  77.50000    4.17439
  78.00000    4.17468
  78.50000    4.17496
  79.00000    4.17525
  79.50000    4.17562
  80.00000    4.17600
  80.50000    4.17639
  81.00000    4.17677
  81.50000    4.17715
  82.00000    4.17753
  82.50000    4.17791
  83.00000    4.17830
  83.50000    4.17869
  84.00000    4.17910
  84.50000    4.17952
  85.00000    4.17994
  85.50000    4.18035
  86.00000    4.18077
  86.50000    4.18119
  87.00000    4.18160
  87.50000    4.18202
  88.00000    4.18244
  88.50000    4.18287
  89.00000    4.18330
  89.50000    4.18373
  90.00000    4.18416
  90.50000    4.18458
  91.00000    4.18501
  91.50000    4.18544
  92.00000    4.18587
  92.50000    4.18629
  93.00000    4.18670
  93.50000    4.18712
  94.00000    4.18754
  94.50000    4.18795
  95.00000    4.18837
  95.50000    4.18879
  96.00000    4.18921
  96.50000    4.18963
  97.00000    4.19007
  97.50000    4.19051
  98.00000    4.19095
  98.50000    4.19139
  99.00000    4.19183
  99.50000    4.19227
 100.00000    4.19271
 100.50000    4.19315
 101.00000    4.19360
 101.50000    4.19405
 102.00000    4.19450
 102.50000    4.19495
 103.00000    4.19540
 103.50000    4.19585
 104.00000    4.19631
 104.50000    4.19676
 105.00000    4.19721
 105.50000    4.19768
 106.00000    4.19816
 106.50000    4.19863
 107.00000    4.19911
 107.50000    4.19958
 108.00000    4.20006
 108.50000    4.20053
 109.00000    4.20101
 109.50000    4.20150
 110.00000    4.20204
 110.50000    4.20257
 111.00000    4.20310
 111.50000    4.20363
 112.00000    4.20417
 112.50000    4.20470
 113.00000    4.20523
 113.50000    4.20576
 114.00000    4.20632
 114.50000    4.20689
 115.00000    4.20746
 115.50000    4.20802
 116.00000    4.20859
 116.50000    4.20916
 117.00000    4.20973
 117.50000    4.21029
 118.00000    4.21087
 118.50000    4.21150
 119.00000    4.21214
 119.50000    4.21278
 120.00000    4.21341
 120.50000    4.21405
 121.00000    4.21469
 121.50000    4.21533
 122.00000    4.21596
 122.50000    4.21663
 123.00000    4.21734
 123.50000    4.21804
 124.00000    4.21875
 124.50000    4.21946
 125.00000    4.22016
 125.50000    4.22087
 126.00000    4.22158
 126.50000    4.22228
 127.00000    4.22306
 127.50000    4.22384
 128.00000    4.22463
 128.50000    4.22542
 129.00000    4.22620
 129.50000    4.22699
 130.00000    4.22778
 130.50000    4.22857
 131.00000    4.22937
 131.50000    4.23024
 132.00000    4.23111
 132.50000    4.23197
 133.00000    4.23284
 133.50000    4.23371
 134.00000    4.23458
 134.50000    4.23545
 135.00000    4.23632
 135.50000    4.23725
 136.00000    4.23823
 136.50000    4.23922
 137.00000    4.24020
 137.50000    4.24119
 138.00000    4.24217
 138.50000    4.24315
 139.00000    4.24414
 139.50000    4.24512
 140.00000    4.24620
 140.50000    4.24729
 141.00000    4.24838
 141.50000    4.24947
 142.00000    4.25056
 142.50000    4.25164
 143.00000    4.25273
 143.50000    4.25382
 144.00000    4.25494
 144.50000    4.25615
 145.00000    4.25735
 145.50000    4.25855
 146.00000    4.25976
 146.50000    4.26096
 147.00000    4.26217
 147.50000    4.26337
 148.00000    4.26457
 148.50000    4.26587
 149.00000    4.26721
 149.50000    4.26855
 150.00000    4.26990
