   0.00000    0.53870
   0.50000    1.01268
   1.00000    1.48666
   1.50000    1.96065
   2.00000    2.43463
   2.50000    3.33921
   3.00000    3.35425
   3.50000    3.36928
   4.00000    3.38364
   4.50000    3.39757
   5.00000    3.41150
   5.50000    3.42468
   6.00000    3.43740
   6.50000    3.45013
   7.00000    3.46219
   7.50000    3.47388
   8.00000    3.48556
   8.50000    3.49661
   9.00000    3.50733
   9.50000    3.51805
  10.00000    3.52816
  10.50000    3.53797
  11.00000    3.54778
  11.50000    3.55705
  12.00000    3.56605
  12.50000    3.57506
  13.00000    3.58358
  13.50000    3.59189
  14.00000    3.60019
  14.50000    3.60802
  15.00000    3.61566
  15.50000    3.62329
  16.00000    3.63056
  16.50000    3.63770
  17.00000    3.64483
  17.50000    3.65162
  18.00000    3.65828
  18.50000    3.66494
  19.00000    3.67133
  19.50000    3.67763
  20.00000    3.68392
  20.50000    3.68999
  21.00000    3.69598
  21.50000    3.70198
  22.00000    3.70784
  22.50000    3.71367
  23.00000    3.71949
  23.50000    3.72521
  24.00000    3.73091
  24.50000    3.73660
  25.00000    3.74229
  25.50000    3.74799
  26.00000    3.75368
  26.50000    3.75940
  27.00000    3.76513
  27.50000    3.77085
  28.00000    3.77672
  28.50000    3.78261
  29.00000    3.78851
  29.50000    3.79463
  30.00000    3.80079
  30.50000    3.80695
  31.00000    3.81337
  31.50000    3.81984
  32.00000    3.82630
  32.50000    3.83311
  33.00000    3.83998
  33.50000    3.84684
  34.00000    3.85419
  34.50000    3.86159
  35.00000    3.86899
  35.50000    3.87690
  36.00000    3.88487
  36.50000    3.89284
  37.00000    3.90143
  37.50000    3.91007
  38.00000    3.91871
  38.50000    3.92806
  39.00000    3.93747
  39.50000    3.94688
  40.00000    3.95712
  40.50000    3.96740
  41.00000    3.97768
  41.50000    3.98883
  42.00000    4.00001
  42.50000    4.01120
  43.00000    4.02339
  43.50000    4.03561
  44.00000    4.04784
  44.50000    4.06108
  45.00000    4.07434
  45.50000    4.50710
  46.00000    4.50995
  46.50000    4.51281
  47.00000    4.51566
  47.50000    4.51851
  48.00000    4.52136
  48.50000    4.52422
  49.00000    4.52707
  49.50000    4.52989
  50.00000    4.53230
  50.50000    4.53471
  51.00000    4.53712
  51.50000    4.53953
  52.00000    4.54194
  52.50000    4.54435
  53.00000    4.54676
  53.50000    4.54911
  54.00000    4.55112
  54.50000    4.55312
  55.00000    4.55513
  55.50000    4.55714
  56.00000    4.55914
  56.50000    4.56115
  57.00000    4.56316
  57.50000    4.56508
  58.00000    4.56672
  58.50000    4.56836
  59.00000    4.57000
  59.50000    4.57164
  60.00000    4.57328
  60.50000    4.57492
  61.00000    4.57656
  61.50000    4.57810
  62.00000    4.57940
  62.50000    4.58070
  63.00000    4.58200
  63.50000    4.58330
  64.00000    4.58460
  64.50000    4.58590
  65.00000    4.58720
  65.50000    4.58840
  66.00000    4.58943
  66.50000    4.59047
  67.00000    4.59150
  67.50000    4.59254
  68.00000    4.59357
  68.50000    4.59461
  69.00000    4.59564
  69.50000    4.59657
  70.00000    4.59736
  70.50000    4.59816
  71.00000    4.59895
  71.50000    4.59975
  72.00000    4.60054
  72.50000    4.60134
  73.00000    4.60213
  73.50000    4.60283
  74.00000    4.60343
  74.50000    4.60404
  75.00000    4.60464
  75.50000    4.60525
  76.00000    4.60586
  76.50000    4.60646
  77.00000    4.60707
  77.50000    4.60759
  78.00000    4.60805
  78.50000    4.60852
  79.00000    4.60899
  79.50000    4.60946
  80.00000    4.60992
  80.50000    4.61039
  81.00000    4.61086
  81.50000    4.61124
  82.00000    4.61160
  82.50000    4.61195
  83.00000    4.61231
  83.50000    4.61266
  84.00000    4.61301
  84.50000    4.61337
  85.00000    4.61372
  85.50000    4.61403
  86.00000    4.61434
  86.50000    4.61464
  87.00000    4.61494
  87.50000    4.61524
  88.00000    4.61555
  88.50000    4.61585
  89.00000    4.61615
  89.50000    4.61645
  90.00000    4.61674
  90.50000    4.61703
  91.00000    4.61732
  91.50000    4.61761
  92.00000    4.61790
  92.50000    4.61819
  93.00000    4.61848
  93.50000    4.61879
  94.00000    4.61911
  94.50000    4.61942
  95.00000    4.61974
  95.50000    4.62005
  96.00000    4.62037
  96.50000    4.62068
  97.00000    4.62100
  97.50000    4.62139
  98.00000    4.62178
  98.50000    4.62217
  99.00000    4.62257
  99.50000    4.62296
 100.00000    4.62335
 100.50000    4.62374
 101.00000    4.62413
 101.50000    4.62458
 102.00000    4.62502
 102.50000    4.62546
 103.00000    4.62590
 103.50000    4.62634
 104.00000    4.62678
 104.50000    4.62723
 105.00000    4.62768
 105.50000    4.62817
 106.00000    4.62866
 106.50000    4.62915
 107.00000    4.62965
 107.50000    4.63014
 108.00000    4.63063
 108.50000    4.63112
 109.00000    4.63162
 109.50000    4.63215
 110.00000    4.63268
 110.50000    4.63321
 111.00000    4.63374
 111.50000    4.63427
 112.00000    4.63480
 112.50000    4.63533
 113.00000    4.63587
 113.50000    4.63643
 114.00000    4.63698
 114.50000    4.63754
 115.00000    4.63809
 115.50000    4.63865
 116.00000    4.63920
 116.50000    4.63976
 117.00000    4.64031
 117.50000    4.64085
 118.00000    4.64139
 118.50000    4.64194
 119.00000    4.64248
 119.50000    4.64302
 120.00000    4.64357
 120.50000    4.64411
 121.00000    4.64465
 121.50000    4.64519
 122.00000    4.64574
 122.50000    4.64628
 123.00000    4.64682
 123.50000    4.64736
 124.00000    4.64791
 124.50000    4.64845
 125.00000    4.64898
 125.50000    4.64950
 126.00000    4.65001
 126.50000    4.65053
 127.00000    4.65105
 127.50000    4.65157
 128.00000    4.65208
 128.50000    4.65260
 129.00000    4.65310
 129.50000    4.65360
 130.00000    4.65409
 130.50000    4.65458
 131.00000    4.65507
 131.50000    4.65556
 132.00000    4.65606
 132.50000    4.65655
 133.00000    4.65700
 133.50000    4.65743
 134.00000    4.65786
 134.50000    4.65828
 135.00000    4.65871
 135.50000    4.65914
 136.00000    4.65957
 136.50000    4.66000
 137.00000    4.66037
 137.50000    4.66073
 138.00000    4.66108
 138.50000    4.66143
 139.00000    4.66179
 139.50000    4.66214
 140.00000    4.66249
 140.50000    4.66285
 141.00000    4.66315
 141.50000    4.66344
 142.00000    4.66373
 142.50000    4.66402
 143.00000    4.66431
 143.50000    4.66460
 144.00000    4.66489
 144.50000    4.66518
 145.00000    4.66537
 145.50000    4.66556
 146.00000    4.66575
 146.50000    4.66594
 147.00000    4.66613
 147.50000    4.66632
 148.00000    4.66651
 148.50000    4.66670
 149.00000    4.66678
 149.50000    4.66685
 150.00000    4.66693
