   0.00000    0.66880
   0.50000    1.33695
   1.00000    2.00511
   1.50000    3.45261
   2.00000    3.46085
   2.50000    3.46908
   3.00000    3.47710
   3.50000    3.48478
   4.00000    3.49247
   4.50000    3.49999
   5.00000    3.50713
   5.50000    3.51426
   6.00000    3.52131
   6.50000    3.52799
   7.00000    3.53468
   7.50000    3.54132
   8.00000    3.54755
   8.50000    3.55378
   9.00000    3.56001
   9.50000    3.56585
  10.00000    3.57170
  10.50000    3.57754
  11.00000    3.58315
  11.50000    3.58874
  12.00000    3.59433
  12.50000    3.59970
  13.00000    3.60503
  13.50000    3.61036
  14.00000    3.61557
  14.50000    3.62074
  15.00000    3.62590
  15.50000    3.63099
  16.00000    3.63603
  16.50000    3.64106
  17.00000    3.64608
  17.50000    3.65109
  18.00000    3.65609
  18.50000    3.66110
  19.00000    3.66610
  19.50000    3.67111
  20.00000    3.67614
  20.50000    3.68124
  21.00000    3.68635
  21.50000    3.69147
  22.00000    3.69667
  22.50000    3.70187
  23.00000    3.70709
  23.50000    3.71252
  24.00000    3.71794
  24.50000    3.72337
  25.00000    3.72906
  25.50000    3.73474
  26.00000    3.74042
  26.50000    3.74638
  27.00000    3.75235
  27.50000    3.75832
  28.00000    3.76465
  28.50000    3.77104
  29.00000    3.77743
  29.50000    3.78414
  30.00000    3.79095
  30.50000    3.79776
  31.00000    3.80491
  31.50000    3.81223
  32.00000    3.81956
  32.50000    3.82721
  33.00000    3.83512
  33.50000    3.84303
  34.00000    3.85122
  34.50000    3.85974
  35.00000    3.86826
  35.50000    3.87703
  36.00000    3.88623
  36.50000    3.89543
  37.00000    3.90483
  37.50000    3.91481
  38.00000    3.92478
  38.50000    3.93489
  39.00000    3.94571
  39.50000    3.95652
  40.00000    3.96739
  40.50000    3.97905
  41.00000    3.99070
  41.50000    4.00236
  42.00000    4.01495
  42.50000    4.02757
  43.00000    4.04020
  43.50000    4.05369
  44.00000    4.06731
  44.50000    4.08094
  45.00000    4.09528
  45.50000    4.10984
  46.00000    4.12440
  46.50000    4.56142
  47.00000    4.56265
  47.50000    4.56388
  48.00000    4.56511
  48.50000    4.56634
  49.00000    4.56757
  49.50000    4.56880
  50.00000    4.57003
  50.50000    4.57131
  51.00000    4.57260
  51.50000    4.57390
  52.00000    4.57519
  52.50000    4.57648
  53.00000    4.57778
  53.50000    4.57907
  54.00000    4.58036
  54.50000    4.58169
  55.00000    4.58302
  55.50000    4.58435
  56.00000    4.58568
  56.50000    4.58701
  57.00000    4.58834
  57.50000    4.58967
  58.00000    4.59101
  58.50000    4.59236
  59.00000    4.59372
  59.50000    4.59507
  60.00000    4.59643
  60.50000    4.59779
  61.00000    4.59914
  61.50000    4.60050
  62.00000    4.60186
  62.50000    4.60321
  63.00000    4.60457
  63.50000    4.60592
  64.00000    4.60728
  64.50000    4.60864
  65.00000    4.60999
  65.50000    4.61135
  66.00000    4.61270
  66.50000    4.61403
  67.00000    4.61536
  67.50000    4.61669
  68.00000    4.61802
  68.50000    4.61936
  69.00000    4.62069
  69.50000    4.62202
  70.00000    4.62333
  70.50000    4.62461
  71.00000    4.62589
  71.50000    4.62717
  72.00000    4.62845
  72.50000    4.62973
  73.00000    4.63101
  73.50000    4.63229
  74.00000    4.63355
  74.50000    4.63478
  75.00000    4.63601
  75.50000    4.63724
  76.00000    4.63847
  76.50000    4.63970
  77.00000    4.64093
  77.50000    4.64216
  78.00000    4.64334
  78.50000    4.64448
  79.00000    4.64562
  79.50000    4.64676
  80.00000    4.64790
  80.50000    4.64904
  81.00000    4.65018
  81.50000    4.65132
  82.00000    4.65240
  82.50000    4.65344
  83.00000    4.65448
  83.50000    4.65551
  84.00000    4.65655
  84.50000    4.65759
  85.00000    4.65863
  85.50000    4.65967
  86.00000    4.66061
  86.50000    4.66153
  87.00000    4.66244
  87.50000    4.66335
  88.00000    4.66426
  88.50000    4.66518
  89.00000    4.66609
  89.50000    4.66700
  90.00000    4.66778
  90.50000    4.66854
  91.00000    4.66930
  91.50000    4.67006
  92.00000    4.67082
  92.50000    4.67158
  93.00000    4.67234
  93.50000    4.67310
  94.00000    4.67371
  94.50000    4.67432
  95.00000    4.67493
  95.50000    4.67554
  96.00000    4.67614
  96.50000    4.67675
  97.00000    4.67736
  97.50000    4.67795
  98.00000    4.67838
  98.50000    4.67881
  99.00000    4.67924
  99.50000    4.67967
 100.00000    4.68010
 100.50000    4.68054
 101.00000    4.68097
 101.50000    4.68136
 102.00000    4.68161
 102.50000    4.68186
 103.00000    4.68212
 103.50000    4.68237
 104.00000    4.68262
 104.50000    4.68288
 105.00000    4.68313
 105.50000    4.68333
 106.00000    4.68342
 106.50000    4.68351
 107.00000    4.68360
 107.50000    4.68368
 108.00000    4.68377
 108.50000    4.68386
 109.00000    4.68395
 109.50000    4.68398
 110.00000    4.68393
 110.50000    4.68388
 111.00000    4.68383
 111.50000    4.68377
 112.00000    4.68372
 112.50000    4.68367
 113.00000    4.68362
 113.50000    4.68349
 114.00000    4.68328
 114.50000    4.68308
 115.00000    4.68288
 115.50000    4.68268
 116.00000    4.68247
 116.50000    4.68227
 117.00000    4.68207
 117.50000    4.68179
 118.00000    4.68147
 118.50000    4.68115
 119.00000    4.68084
 119.50000    4.68052
 120.00000    4.68020
 120.50000    4.67989
 121.00000    4.67957
 121.50000    4.67916
 122.00000    4.67873
 122.50000    4.67830
 123.00000    4.67787
 123.50000    4.67744
 124.00000    4.67701
 124.50000    4.67658
 125.00000    4.67615
 125.50000    4.67563
 126.00000    4.67509
 126.50000    4.67456
 127.00000    4.67403
 127.50000    4.67350
 128.00000    4.67296
 128.50000    4.67243
 129.00000    4.67190
 129.50000    4.67126
 130.00000    4.67063
 130.50000    4.67000
 131.00000    4.66936
 131.50000    4.66873
 132.00000    4.66810
 132.50000    4.66746
 133.00000    4.66682
 133.50000    4.66612
 134.00000    4.66543
 134.50000    4.66473
 135.00000    4.66403
 135.50000    4.66334
 136.00000    4.66264
 136.50000    4.66194
 137.00000    4.66123
 137.50000    4.66047
 138.00000    4.65971
 138.50000    4.65895
 139.00000    4.65819
 139.50000    4.65743
 140.00000    4.65667
 140.50000    4.65591
 141.00000    4.65512
 141.50000    4.65430
 142.00000    4.65348
 142.50000    4.65265
 143.00000    4.65183
 143.50000    4.65100
 144.00000    4.65018
 144.50000    4.64936
 145.00000    4.64852
 145.50000    4.64765
 146.00000    4.64679
 146.50000    4.64593
 147.00000    4.64507
 147.50000    4.64421
 148.00000    4.64334
 148.50000    4.64248
 149.00000    4.64160
 149.50000    4.64070
 150.00000    4.63980
