   0.00000    0.88470
   0.50000    1.35600
   1.00000    2.65678
   1.50000    2.67255
   2.00000    2.68880
   2.50000    2.70528
   3.00000    2.72207
   3.50000    2.73914
   4.00000    2.75640
   4.50000    2.77408
   5.00000    2.79199
   5.50000    2.81011
   6.00000    2.82860
   6.50000    2.84725
   7.00000    2.86614
   7.50000    2.88529
   8.00000    2.90459
   8.50000    2.92418
   9.00000    2.94403
   9.50000    2.96403
  10.00000    2.98426
  10.50000    3.00467
  11.00000    3.02522
  11.50000    3.04608
  12.00000    3.06705
  12.50000    3.08817
  13.00000    3.10946
  13.50000    3.13086
  14.00000    3.15250
  14.50000    3.17426
  15.00000    3.19612
  15.50000    3.21814
  16.00000    3.24026
  16.50000    3.26247
  17.00000    3.28487
  17.50000    3.30733
  18.00000    3.32986
  18.50000    3.35255
  19.00000    3.37529
  19.50000    3.39808
  20.00000    3.42095
  20.50000    3.44388
  21.00000    3.46692
  21.50000    3.49000
  22.00000    3.51311
  22.50000    3.53627
  23.00000    3.55938
  23.50000    3.58242
  24.00000    4.00241
  24.50000    4.01074
  25.00000    4.01907
  25.50000    4.02741
  26.00000    4.03574
  26.50000    4.04407
  27.00000    4.05240
  27.50000    4.06074
  28.00000    4.06907
  28.50000    4.07656
  29.00000    4.08391
  29.50000    4.09126
  30.00000    4.09861
  30.50000    4.10596
  31.00000    4.11331
  31.50000    4.12066
  32.00000    4.12801
  32.50000    4.13536
  33.00000    4.14190
  33.50000    4.14824
  34.00000    4.15458
  34.50000    4.16093
  35.00000    4.16727
  35.50000    4.17361
  36.00000    4.17996
  36.50000    4.18630
  37.00000    4.19264
  37.50000    4.19830
  38.00000    4.20372
  38.50000    4.20915
  39.00000    4.21457
  39.50000    4.22000
  40.00000    4.22543
  40.50000    4.23085
  41.00000    4.23628
  41.50000    4.24170
  42.00000    4.24653
  42.50000    4.25111
  43.00000    4.25568
  43.50000    4.26026
  44.00000    4.26483
  44.50000    4.26941
  45.00000    4.27398
  45.50000    4.27856
  46.00000    4.28313
  46.50000    4.28718
  47.00000    4.29096
  47.50000    4.29474
  48.00000    4.29852
  48.50000    4.30230
  49.00000    4.30608
  49.50000    4.30986
  50.00000    4.31364
  50.50000    4.31742
  51.00000    4.32077
  51.50000    4.32384
  52.00000    4.32691
  52.50000    4.32999
  53.00000    4.33306
  53.50000    4.33613
  54.00000    4.33920
  54.50000    4.34228
  55.00000    4.34535
  55.50000    4.34806
  56.00000    4.35048
  56.50000    4.35290
  57.00000    4.35532
  57.50000    4.35774
  58.00000    4.36016
  58.50000    4.36258
  59.00000    4.36500
  59.50000    4.36742
  60.00000    4.36954
  60.50000    4.37139
  61.00000    4.37323
  61.50000    4.37508
  62.00000    4.37693
  62.50000    4.37877
  63.00000    4.38062
  63.50000    4.38246
  64.00000    4.38431
  64.50000    4.38592
  65.00000    4.38726
  65.50000    4.38859
  66.00000    4.38993
  66.50000    4.39127
  67.00000    4.39260
  67.50000    4.39394
  68.00000    4.39528
  68.50000    4.39662
  69.00000    4.39777
  69.50000    4.39868
  70.00000    4.39959
  70.50000    4.40049
  71.00000    4.40140
  71.50000    4.40231
  72.00000    4.40321
  72.50000    4.40412
  73.00000    4.40502
  73.50000    4.40579
  74.00000    4.40632
  74.50000    4.40685
  75.00000    4.40739
  75.50000    4.40792
  76.00000    4.40845
  76.50000    4.40898
  77.00000    4.40951
  77.50000    4.41004
  78.00000    4.41047
  78.50000    4.41071
  79.00000    4.41094
  79.50000    4.41117
  80.00000    4.41140
  80.50000    4.41163
  81.00000    4.41187
  81.50000    4.41210
  82.00000    4.41233
  82.50000    4.41250
  83.00000    4.41249
  83.50000    4.41247
  84.00000    4.41246
  84.50000    4.41245
  85.00000    4.41244
  85.50000    4.41243
  86.00000    4.41242
  86.50000    4.41241
  87.00000    4.41235
  87.50000    4.41213
  88.00000    4.41191
  88.50000    4.41169
  89.00000    4.41147
  89.50000    4.41125
  90.00000    4.41103
  90.50000    4.41080
  91.00000    4.41058
  91.50000    4.41033
  92.00000    4.40993
  92.50000    4.40954
  93.00000    4.40914
  93.50000    4.40874
  94.00000    4.40834
  94.50000    4.40795
  95.00000    4.40755
  95.50000    4.40715
  96.00000    4.40673
  96.50000    4.40616
  97.00000    4.40558
  97.50000    4.40501
  98.00000    4.40443
  98.50000    4.40386
  99.00000    4.40328
  99.50000    4.40271
 100.00000    4.40213
 100.50000    4.40155
 101.00000    4.40082
 101.50000    4.40009
 102.00000    4.39936
 102.50000    4.39863
 103.00000    4.39790
 103.50000    4.39717
 104.00000    4.39644
 104.50000    4.39571
 105.00000    4.39498
 105.50000    4.39414
 106.00000    4.39330
 106.50000    4.39246
 107.00000    4.39162
 107.50000    4.39078
 108.00000    4.38994
 108.50000    4.38910
 109.00000    4.38826
 109.50000    4.38742
 110.00000    4.38646
 110.50000    4.38550
 111.00000    4.38454
 111.50000    4.38358
 112.00000    4.38262
 112.50000    4.38166
 113.00000    4.38069
 113.50000    4.37973
 114.00000    4.37877
 114.50000    4.37774
 115.00000    4.37670
 115.50000    4.37566
 116.00000    4.37462
 116.50000    4.37358
 117.00000    4.37254
 117.50000    4.37150
 118.00000    4.37047
 118.50000    4.36943
 119.00000    4.36833
 119.50000    4.36722
 120.00000    4.36612
 120.50000    4.36501
 121.00000    4.36391
 121.50000    4.36280
 122.00000    4.36170
 122.50000    4.36059
 123.00000    4.35949
 123.50000    4.35834
 124.00000    4.35718
 124.50000    4.35602
 125.00000    4.35486
 125.50000    4.35370
 126.00000    4.35254
 126.50000    4.35138
 127.00000    4.35022
 127.50000    4.34906
 128.00000    4.34789
 128.50000    4.34671
 129.00000    4.34554
 129.50000    4.34437
 130.00000    4.34320
 130.50000    4.34203
 131.00000    4.34086
 131.50000    4.33969
 132.00000    4.33851
 132.50000    4.33733
 133.00000    4.33615
 133.50000    4.33497
 134.00000    4.33379
 134.50000    4.33261
 135.00000    4.33142
 135.50000    4.33024
 136.00000    4.32906
 136.50000    4.32788
 137.00000    4.32671
 137.50000    4.32555
 138.00000    4.32439
 138.50000    4.32323
 139.00000    4.32207
 139.50000    4.32091
 140.00000    4.31975
 140.50000    4.31859
 141.00000    4.31742
 141.50000    4.31629
 142.00000    4.31516
 142.50000    4.31403
 143.00000    4.31290
 143.50000    4.31178
 144.00000    4.31065
 144.50000    4.30952
 145.00000    4.30839
 145.50000    4.30727
 146.00000    4.30617
 146.50000    4.30510
 147.00000    4.30403
 147.50000    4.30296
 148.00000    4.30188
 148.50000    4.30081
 149.00000    4.29974
 149.50000    4.29867
 150.00000    4.29760
