   0.00000    1.48380
   0.50000    1.85282
   1.00000    2.22184
   1.50000    2.59085
   2.00000    2.98780
   2.50000    3.01957
   3.00000    3.05096
   3.50000    3.08043
   4.00000    3.10990
   4.50000    3.13835
   5.00000    3.16545
   5.50000    3.19255
   6.00000    3.21808
   6.50000    3.24292
   7.00000    3.26775
   7.50000    3.29057
   8.00000    3.31328
   8.50000    3.33558
   9.00000    3.35632
   9.50000    3.37706
  10.00000    3.39692
  10.50000    3.41580
  11.00000    3.43468
  11.50000    3.45230
  12.00000    3.46946
  12.50000    3.48663
  13.00000    3.50215
  13.50000    3.51767
  14.00000    3.53283
  14.50000    3.54692
  15.00000    3.56102
  15.50000    3.57439
  16.00000    3.58710
  16.50000    3.59981
  17.00000    3.61158
  17.50000    3.62308
  18.00000    3.63454
  18.50000    3.64494
  19.00000    3.65535
  19.50000    3.66547
  20.00000    3.67493
  20.50000    3.68439
  21.00000    3.69337
  21.50000    3.70199
  22.00000    3.71061
  22.50000    3.71865
  23.00000    3.72657
  23.50000    3.73445
  24.00000    3.74179
  24.50000    3.74913
  25.00000    3.75630
  25.50000    3.76317
  26.00000    3.77003
  26.50000    3.77674
  27.00000    3.78335
  27.50000    3.78996
  28.00000    3.79638
  28.50000    3.80277
  29.00000    3.80915
  29.50000    3.81547
  30.00000    3.82178
  30.50000    3.82813
  31.00000    3.83452
  31.50000    3.84091
  32.00000    3.84742
  32.50000    3.85399
  33.00000    3.86057
  33.50000    3.86748
  34.00000    3.87441
  34.50000    3.88142
  35.00000    3.88876
  35.50000    3.89610
  36.00000    3.90372
  36.50000    3.91168
  37.00000    3.91964
  37.50000    3.92809
  38.00000    3.93674
  38.50000    3.94540
  39.00000    3.95486
  39.50000    3.96436
  40.00000    3.97405
  40.50000    3.98442
  41.00000    3.99479
  41.50000    4.18485
  42.00000    4.19191
  42.50000    4.19897
  43.00000    4.20604
  43.50000    4.21310
  44.00000    4.22016
  44.50000    4.22723
  45.00000    4.23429
  45.50000    4.24111
  46.00000    4.24749
  46.50000    4.25387
  47.00000    4.26024
  47.50000    4.26662
  48.00000    4.27299
  48.50000    4.27937
  49.00000    4.28574
  49.50000    4.29198
  50.00000    4.29766
  50.50000    4.30335
  51.00000    4.30904
  51.50000    4.31473
  52.00000    4.32041
  52.50000    4.32610
  53.00000    4.33179
  53.50000    4.33743
  54.00000    4.34247
  54.50000    4.34751
  55.00000    4.35254
  55.50000    4.35758
  56.00000    4.36261
  56.50000    4.36765
  57.00000    4.37269
  57.50000    4.37772
  58.00000    4.38222
  58.50000    4.38666
  59.00000    4.39111
  59.50000    4.39556
  60.00000    4.40000
  60.50000    4.40445
  61.00000    4.40890
  61.50000    4.41334
  62.00000    4.41736
  62.50000    4.42125
  63.00000    4.42514
  63.50000    4.42904
  64.00000    4.43293
  64.50000    4.43683
  65.00000    4.44072
  65.50000    4.44461
  66.00000    4.44818
  66.50000    4.45157
  67.00000    4.45496
  67.50000    4.45835
  68.00000    4.46174
  68.50000    4.46513
  69.00000    4.46853
  69.50000    4.47192
  70.00000    4.47508
  70.50000    4.47801
  71.00000    4.48095
  71.50000    4.48388
  72.00000    4.48682
  72.50000    4.48976
  73.00000    4.49269
  73.50000    4.49563
  74.00000    4.49842
  74.50000    4.50095
  75.00000    4.50348
  75.50000    4.50601
  76.00000    4.50854
  76.50000    4.51107
  77.00000    4.51360
  77.50000    4.51613
  78.00000    4.51858
  78.50000    4.52076
  79.00000    4.52293
  79.50000    4.52510
  80.00000    4.52728
  80.50000    4.52945
  81.00000    4.53163
  81.50000    4.53380
  82.00000    4.53595
  82.50000    4.53781
  83.00000    4.53966
  83.50000    4.54151
  84.00000    4.54337
  84.50000    4.54522
  85.00000    4.54708
  85.50000    4.54893
  86.00000    4.55079
  86.50000    4.55239
  87.00000    4.55397
  87.50000    4.55556
  88.00000    4.55714
  88.50000    4.55873
  89.00000    4.56031
  89.50000    4.56190
  90.00000    4.56348
  90.50000    4.56490
  91.00000    4.56628
  91.50000    4.56765
  92.00000    4.56903
  92.50000    4.57040
  93.00000    4.57178
  93.50000    4.57315
  94.00000    4.57453
  94.50000    4.57578
  95.00000    4.57698
  95.50000    4.57817
  96.00000    4.57936
  96.50000    4.58055
  97.00000    4.58174
  97.50000    4.58293
  98.00000    4.58413
  98.50000    4.58523
  99.00000    4.58627
  99.50000    4.58730
 100.00000    4.58833
 100.50000    4.58936
 101.00000    4.59039
 101.50000    4.59143
 102.00000    4.59246
 102.50000    4.59343
 103.00000    4.59432
 103.50000    4.59520
 104.00000    4.59609
 104.50000    4.59697
 105.00000    4.59786
 105.50000    4.59874
 106.00000    4.59962
 106.50000    4.60048
 107.00000    4.60123
 107.50000    4.60198
 108.00000    4.60273
 108.50000    4.60347
 109.00000    4.60422
 109.50000    4.60497
 110.00000    4.60572
 110.50000    4.60646
 111.00000    4.60710
 111.50000    4.60774
 112.00000    4.60838
 112.50000    4.60902
 113.00000    4.60966
 113.50000    4.61029
 114.00000    4.61093
 114.50000    4.61157
 115.00000    4.61210
 115.50000    4.61263
 116.00000    4.61316
 116.50000    4.61369
 117.00000    4.61422
 117.50000    4.61475
 118.00000    4.61527
 118.50000    4.61580
 119.00000    4.61626
 119.50000    4.61670
 120.00000    4.61714
 120.50000    4.61759
 121.00000    4.61803
 121.50000    4.61847
 122.00000    4.61891
 122.50000    4.61936
 123.00000    4.61974
 123.50000    4.62010
 124.00000    4.62045
 124.50000    4.62081
 125.00000    4.62117
 125.50000    4.62152
 126.00000    4.62188
 126.50000    4.62223
 127.00000    4.62256
 127.50000    4.62285
 128.00000    4.62315
 128.50000    4.62344
 129.00000    4.62374
 129.50000    4.62403
 130.00000    4.62433
 130.50000    4.62462
 131.00000    4.62490
 131.50000    4.62514
 132.00000    4.62539
 132.50000    4.62563
 133.00000    4.62588
 133.50000    4.62612
 134.00000    4.62637
 134.50000    4.62662
 135.00000    4.62685
 135.50000    4.62706
 136.00000    4.62727
 136.50000    4.62748
 137.00000    4.62769
 137.50000    4.62790
 138.00000    4.62811
 138.50000    4.62831
 139.00000    4.62852
 139.50000    4.62869
 140.00000    4.62886
 140.50000    4.62903
 141.00000    4.62921
 141.50000    4.62938
 142.00000    4.62955
 142.50000    4.62972
 143.00000    4.62989
 143.50000    4.63007
 144.00000    4.63024
 144.50000    4.63041
 145.00000    4.63058
 145.50000    4.63075
 146.00000    4.63093
 146.50000    4.63110
 147.00000    4.63127
 147.50000    4.63143
 148.00000    4.63159
 148.50000    4.63175
 149.00000    4.63191
 149.50000    4.63207
 150.00000    4.63223
