   0.00000    0.62160
   0.50000    1.20781
   1.00000    1.79402
   1.50000    2.38023
   2.00000    3.44429
   2.50000    3.45277
   3.00000    3.46125
   3.50000    3.46941
   4.00000    3.47756
   4.50000    3.48571
   5.00000    3.49348
   5.50000    3.50123
   6.00000    3.50897
   6.50000    3.51641
   7.00000    3.52383
   7.50000    3.53124
   8.00000    3.53838
   8.50000    3.54550
   9.00000    3.55261
   9.50000    3.55946
  10.00000    3.56627
  10.50000    3.57309
  11.00000    3.57969
  11.50000    3.58628
  12.00000    3.59286
  12.50000    3.59927
  13.00000    3.60565
  13.50000    3.61203
  14.00000    3.61824
  14.50000    3.62443
  15.00000    3.63061
  15.50000    3.63668
  16.00000    3.64273
  16.50000    3.64878
  17.00000    3.65472
  17.50000    3.66064
  18.00000    3.66655
  18.50000    3.67244
  19.00000    3.67833
  19.50000    3.68422
  20.00000    3.69002
  20.50000    3.69580
  21.00000    3.70159
  21.50000    3.70740
  22.00000    3.71322
  22.50000    3.71904
  23.00000    3.72486
  23.50000    3.73068
  24.00000    3.73650
  24.50000    3.74237
  25.00000    3.74826
  25.50000    3.75415
  26.00000    3.76011
  26.50000    3.76610
  27.00000    3.77209
  27.50000    3.77815
  28.00000    3.78424
  28.50000    3.79032
  29.00000    3.79655
  29.50000    3.80280
  30.00000    3.80905
  30.50000    3.81544
  31.00000    3.82185
  31.50000    3.82827
  32.00000    3.83491
  32.50000    3.84159
  33.00000    3.84827
  33.50000    3.85514
  34.00000    3.86206
  34.50000    3.86898
  35.00000    3.87610
  35.50000    3.88329
  36.00000    3.89047
  36.50000    3.89794
  37.00000    3.90549
  37.50000    3.91304
  38.00000    3.92084
  38.50000    3.92873
  39.00000    3.93661
  39.50000    3.94477
  40.00000    3.95302
  40.50000    3.96126
  41.00000    3.96987
  41.50000    3.97858
  42.00000    3.98729
  42.50000    3.99633
  43.00000    4.00548
  43.50000    4.01462
  44.00000    4.02409
  44.50000    4.03367
  45.00000    4.04324
  45.50000    4.50752
  46.00000    4.50984
  46.50000    4.51216
  47.00000    4.51447
  47.50000    4.51679
  48.00000    4.51911
  48.50000    4.52142
  49.00000    4.52374
  49.50000    4.52608
  50.00000    4.52842
  50.50000    4.53076
  51.00000    4.53310
  51.50000    4.53544
  52.00000    4.53779
  52.50000    4.54013
  53.00000    4.54247
  53.50000    4.54481
  54.00000    4.54715
  54.50000    4.54950
  55.00000    4.55184
  55.50000    4.55418
  56.00000    4.55652
  56.50000    4.55886
  57.00000    4.56121
  57.50000    4.56350
  58.00000    4.56579
  58.50000    4.56808
  59.00000    4.57038
  59.50000    4.57267
  60.00000    4.57496
  60.50000    4.57725
  61.00000    4.57954
  61.50000    4.58176
  62.00000    4.58398
  62.50000    4.58619
  63.00000    4.58841
  63.50000    4.59062
  64.00000    4.59284
  64.50000    4.59506
  65.00000    4.59727
  65.50000    4.59942
  66.00000    4.60158
  66.50000    4.60373
  67.00000    4.60588
  67.50000    4.60804
  68.00000    4.61019
  68.50000    4.61234
  69.00000    4.61448
  69.50000    4.61650
  70.00000    4.61851
  70.50000    4.62053
  71.00000    4.62254
  71.50000    4.62456
  72.00000    4.62657
  72.50000    4.62858
  73.00000    4.63058
  73.50000    4.63248
  74.00000    4.63438
  74.50000    4.63629
  75.00000    4.63819
  75.50000    4.64009
  76.00000    4.64199
  76.50000    4.64389
  77.00000    4.64576
  77.50000    4.64748
  78.00000    4.64921
  78.50000    4.65093
  79.00000    4.65266
  79.50000    4.65438
  80.00000    4.65611
  80.50000    4.65783
  81.00000    4.65951
  81.50000    4.66104
  82.00000    4.66258
  82.50000    4.66411
  83.00000    4.66565
  83.50000    4.66719
  84.00000    4.66872
  84.50000    4.67026
  85.00000    4.67173
  85.50000    4.67306
  86.00000    4.67440
  86.50000    4.67573
  87.00000    4.67707
  87.50000    4.67840
  88.00000    4.67974
  88.50000    4.68107
  89.00000    4.68232
  89.50000    4.68341
  90.00000    4.68451
  90.50000    4.68560
  91.00000    4.68670
  91.50000    4.68779
  92.00000    4.68889
  92.50000    4.68998
  93.00000    4.69096
  93.50000    4.69179
  94.00000    4.69263
  94.50000    4.69346
  95.00000    4.69429
  95.50000    4.69512
  96.00000    4.69595
  96.50000    4.69678
  97.00000    4.69748
  97.50000    4.69805
  98.00000    4.69861
  98.50000    4.69918
  99.00000    4.69975
  99.50000    4.70031
 100.00000    4.70088
 100.50000    4.70145
 101.00000    4.70186
 101.50000    4.70215
 102.00000    4.70244
 102.50000    4.70273
 103.00000    4.70302
 103.50000    4.70331
 104.00000    4.70360
 104.50000    4.70389
 105.00000    4.70403
 105.50000    4.70408
 106.00000    4.70413
 106.50000    4.70418
 107.00000    4.70423
 107.50000    4.70428
 108.00000    4.70433
 108.50000    4.70438
 109.00000    4.70428
 109.50000    4.70411
 110.00000    4.70393
 110.50000    4.70375
 111.00000    4.70358
 111.50000    4.70340
 112.00000    4.70322
 112.50000    4.70305
 113.00000    4.70273
 113.50000    4.70235
 114.00000    4.70197
 114.50000    4.70159
 115.00000    4.70121
 115.50000    4.70084
 116.00000    4.70046
 116.50000    4.70008
 117.00000    4.69957
 117.50000    4.69901
 118.00000    4.69846
 118.50000    4.69790
 119.00000    4.69735
 119.50000    4.69680
 120.00000    4.69624
 120.50000    4.69569
 121.00000    4.69500
 121.50000    4.69428
 122.00000    4.69356
 122.50000    4.69284
 123.00000    4.69212
 123.50000    4.69141
 124.00000    4.69069
 124.50000    4.68997
 125.00000    4.68913
 125.50000    4.68827
 126.00000    4.68742
 126.50000    4.68656
 127.00000    4.68570
 127.50000    4.68485
 128.00000    4.68399
 128.50000    4.68314
 129.00000    4.68216
 129.50000    4.68118
 130.00000    4.68019
 130.50000    4.67921
 131.00000    4.67823
 131.50000    4.67725
 132.00000    4.67627
 132.50000    4.67528
 133.00000    4.67421
 133.50000    4.67314
 134.00000    4.67207
 134.50000    4.67100
 135.00000    4.66993
 135.50000    4.66886
 136.00000    4.66779
 136.50000    4.66672
 137.00000    4.66557
 137.50000    4.66442
 138.00000    4.66328
 138.50000    4.66213
 139.00000    4.66099
 139.50000    4.65984
 140.00000    4.65869
 140.50000    4.65754
 141.00000    4.65633
 141.50000    4.65512
 142.00000    4.65391
 142.50000    4.65271
 143.00000    4.65150
 143.50000    4.65029
 144.00000    4.64908
 144.50000    4.64787
 145.00000    4.64663
 145.50000    4.64540
 146.00000    4.64416
 146.50000    4.64293
 147.00000    4.64170
 147.50000    4.64046
 148.00000    4.63923
 148.50000    4.63799
 149.00000    4.63673
 149.50000    4.63547
 150.00000    4.63421
