   0.00000    1.19730
   0.50000    1.79240
   1.00000    3.03471
   1.50000    3.06097
   2.00000    3.08645
   2.50000    3.11045
   3.00000    3.13445
   3.50000    3.15620
   4.00000    3.17792
   4.50000    3.19827
   5.00000    3.21782
   5.50000    3.23684
   6.00000    3.25440
   6.50000    3.27195
   7.00000    3.28781
   7.50000    3.30350
   8.00000    3.31823
   8.50000    3.33218
   9.00000    3.34583
   9.50000    3.35821
  10.00000    3.37060
  10.50000    3.38177
  11.00000    3.39271
  11.50000    3.40300
  12.00000    3.41259
  12.50000    3.42203
  13.00000    3.43047
  13.50000    3.43891
  14.00000    3.44654
  14.50000    3.45392
  15.00000    3.46094
  15.50000    3.46743
  16.00000    3.47388
  16.50000    3.47960
  17.00000    3.48533
  17.50000    3.49062
  18.00000    3.49571
  18.50000    3.50064
  19.00000    3.50526
  19.50000    3.50988
  20.00000    3.51418
  20.50000    3.51846
  21.00000    3.52261
  21.50000    3.52668
  22.00000    3.53073
  22.50000    3.53472
  23.00000    3.53871
  23.50000    3.54273
  24.00000    3.54676
  24.50000    3.55093
  25.00000    3.55521
  25.50000    3.55956
  26.00000    3.56418
  26.50000    3.56880
  27.00000    3.57381
  27.50000    3.57890
  28.00000    3.58427
  28.50000    3.58995
  29.00000    3.59573
  29.50000    3.60222
  30.00000    3.60870
  30.50000    3.61583
  31.00000    3.62317
  31.50000    3.63093
  32.00000    3.63932
  32.50000    3.64777
  33.00000    3.65735
  33.50000    3.66694
  34.00000    3.67736
  34.50000    3.68817
  35.00000    4.08782
  35.50000    4.09100
  36.00000    4.09418
  36.50000    4.09735
  37.00000    4.10053
  37.50000    4.10370
  38.00000    4.10688
  38.50000    4.11006
  39.00000    4.11323
  39.50000    4.11626
  40.00000    4.11926
  40.50000    4.12225
  41.00000    4.12525
  41.50000    4.12825
  42.00000    4.13125
  42.50000    4.13425
  43.00000    4.13725
  43.50000    4.14018
  44.00000    4.14299
  44.50000    4.14580
  45.00000    4.14861
  45.50000    4.15142
  46.00000    4.15423
  46.50000    4.15704
  47.00000    4.15985
  47.50000    4.16266
  48.00000    4.16530
  48.50000    4.16794
  49.00000    4.17057
  49.50000    4.17320
  50.00000    4.17584
  50.50000    4.17847
  51.00000    4.18110
  51.50000    4.18373
  52.00000    4.18630
  52.50000    4.18878
  53.00000    4.19126
  53.50000    4.19374
  54.00000    4.19622
  54.50000    4.19870
  55.00000    4.20118
  55.50000    4.20365
  56.00000    4.20613
  56.50000    4.20846
  57.00000    4.21079
  57.50000    4.21312
  58.00000    4.21544
  58.50000    4.21777
  59.00000    4.22009
  59.50000    4.22242
  60.00000    4.22475
  60.50000    4.22699
  61.00000    4.22917
  61.50000    4.23134
  62.00000    4.23351
  62.50000    4.23568
  63.00000    4.23786
  63.50000    4.24003
  64.00000    4.24220
  64.50000    4.24437
  65.00000    4.24644
  65.50000    4.24850
  66.00000    4.25057
  66.50000    4.25263
  67.00000    4.25470
  67.50000    4.25677
  68.00000    4.25883
  68.50000    4.26090
  69.00000    4.26289
  69.50000    4.26483
  70.00000    4.26676
  70.50000    4.26870
  71.00000    4.27064
  71.50000    4.27257
  72.00000    4.27451
  72.50000    4.27645
  73.00000    4.27837
  73.50000    4.28020
  74.00000    4.28203
  74.50000    4.28386
  75.00000    4.28569
  75.50000    4.28752
  76.00000    4.28935
  76.50000    4.29118
  77.00000    4.29301
  77.50000    4.29479
  78.00000    4.29654
  78.50000    4.29829
  79.00000    4.30003
  79.50000    4.30178
  80.00000    4.30353
  80.50000    4.30528
  81.00000    4.30702
  81.50000    4.30876
  82.00000    4.31042
  82.50000    4.31209
  83.00000    4.31375
  83.50000    4.31542
  84.00000    4.31708
  84.50000    4.31875
  85.00000    4.32041
  85.50000    4.32208
  86.00000    4.32369
  86.50000    4.32529
  87.00000    4.32688
  87.50000    4.32847
  88.00000    4.33007
  88.50000    4.33166
  89.00000    4.33325
  89.50000    4.33485
  90.00000    4.33643
  90.50000    4.33796
  91.00000    4.33950
  91.50000    4.34103
  92.00000    4.34257
  92.50000    4.34410
  93.00000    4.34564
  93.50000    4.34717
  94.00000    4.34871
  94.50000    4.35022
  95.00000    4.35172
  95.50000    4.35322
  96.00000    4.35472
  96.50000    4.35622
  97.00000    4.35771
  97.50000    4.35921
  98.00000    4.36071
  98.50000    4.36220
  99.00000    4.36364
  99.50000    4.36508
 100.00000    4.36652
 100.50000    4.36796
 101.00000    4.36940
 101.50000    4.37084
 102.00000    4.37228
 102.50000    4.37372
 103.00000    4.37513
 103.50000    4.37654
 104.00000    4.37794
 104.50000    4.37935
 105.00000    4.38075
 105.50000    4.38216
 106.00000    4.38356
 106.50000    4.38497
 107.00000    4.38636
 107.50000    4.38773
 108.00000    4.38910
 108.50000    4.39047
 109.00000    4.39184
 109.50000    4.39321
 110.00000    4.39458
 110.50000    4.39595
 111.00000    4.39732
 111.50000    4.39867
 112.00000    4.40001
 112.50000    4.40136
 113.00000    4.40270
 113.50000    4.40405
 114.00000    4.40540
 114.50000    4.40674
 115.00000    4.40809
 115.50000    4.40942
 116.00000    4.41075
 116.50000    4.41207
 117.00000    4.41339
 117.50000    4.41471
 118.00000    4.41604
 118.50000    4.41736
 119.00000    4.41868
 119.50000    4.42000
 120.00000    4.42130
 120.50000    4.42260
 121.00000    4.42390
 121.50000    4.42520
 122.00000    4.42650
 122.50000    4.42780
 123.00000    4.42909
 123.50000    4.43039
 124.00000    4.43169
 124.50000    4.43299
 125.00000    4.43429
 125.50000    4.43559
 126.00000    4.43689
 126.50000    4.43819
 127.00000    4.43948
 127.50000    4.44078
 128.00000    4.44208
 128.50000    4.44337
 129.00000    4.44466
 129.50000    4.44594
 130.00000    4.44723
 130.50000    4.44852
 131.00000    4.44981
 131.50000    4.45109
 132.00000    4.45238
 132.50000    4.45366
 133.00000    4.45494
 133.50000    4.45621
 134.00000    4.45749
 134.50000    4.45876
 135.00000    4.46004
 135.50000    4.46131
 136.00000    4.46259
 136.50000    4.46386
 137.00000    4.46515
 137.50000    4.46644
 138.00000    4.46772
 138.50000    4.46901
 139.00000    4.47030
 139.50000    4.47158
 140.00000    4.47287
 140.50000    4.47416
 141.00000    4.47544
 141.50000    4.47673
 142.00000    4.47802
 142.50000    4.47930
 143.00000    4.48059
 143.50000    4.48188
 144.00000    4.48317
 144.50000    4.48445
 145.00000    4.48574
 145.50000    4.48705
 146.00000    4.48836
 146.50000    4.48967
 147.00000    4.49098
 147.50000    4.49229
 148.00000    4.49360
 148.50000    4.49492
 149.00000    4.49623
 149.50000    4.49755
 150.00000    4.49889
