   0.00000    1.32380
   0.50000    1.81569
   1.00000    2.30758
   1.50000    3.01481
   2.00000    3.03958
   2.50000    3.06435
   3.00000    3.08852
   3.50000    3.11160
   4.00000    3.13468
   4.50000    3.15749
   5.00000    3.17887
   5.50000    3.20026
   6.00000    3.22165
   6.50000    3.24146
   7.00000    3.26122
   7.50000    3.28098
   8.00000    3.29953
   8.50000    3.31773
   9.00000    3.33592
   9.50000    3.35330
  10.00000    3.37008
  10.50000    3.38686
  11.00000    3.40313
  11.50000    3.41857
  12.00000    3.43401
  12.50000    3.44920
  13.00000    3.46339
  13.50000    3.47757
  14.00000    3.49176
  14.50000    3.50479
  15.00000    3.51782
  15.50000    3.53084
  16.00000    3.54301
  16.50000    3.55497
  17.00000    3.56694
  17.50000    3.57830
  18.00000    3.58930
  18.50000    3.60029
  19.00000    3.61092
  19.50000    3.62107
  20.00000    3.63122
  20.50000    3.64118
  21.00000    3.65051
  21.50000    3.65984
  22.00000    3.66915
  22.50000    3.67780
  23.00000    3.68644
  23.50000    3.69508
  24.00000    3.70323
  24.50000    3.71127
  25.00000    3.71932
  25.50000    3.72705
  26.00000    3.73459
  26.50000    3.74214
  27.00000    3.74950
  27.50000    3.75664
  28.00000    3.76378
  28.50000    3.77084
  29.00000    3.77767
  29.50000    3.78449
  30.00000    3.79131
  30.50000    3.79791
  31.00000    3.80452
  31.50000    3.81113
  32.00000    3.81763
  32.50000    3.82411
  33.00000    3.83059
  33.50000    3.83705
  34.00000    3.84350
  34.50000    3.84995
  35.00000    3.85643
  35.50000    3.86295
  36.00000    3.86946
  36.50000    3.87601
  37.00000    3.88265
  37.50000    3.88928
  38.00000    3.89595
  38.50000    3.90287
  39.00000    3.90979
  39.50000    3.91671
  40.00000    3.92391
  40.50000    3.93115
  41.00000    3.93838
  41.50000    3.94594
  42.00000    3.95365
  42.50000    3.96135
  43.00000    3.96931
  43.50000    3.97751
  44.00000    3.98572
  44.50000    3.99412
  45.00000    4.00295
  45.50000    4.01178
  46.00000    4.02070
  46.50000    4.03018
  47.00000    4.03967
  47.50000    4.04916
  48.00000    4.21214
  48.50000    4.22108
  49.00000    4.23002
  49.50000    4.23896
  50.00000    4.24790
  50.50000    4.25684
  51.00000    4.26578
  51.50000    4.27459
  52.00000    4.28238
  52.50000    4.29016
  53.00000    4.29795
  53.50000    4.30574
  54.00000    4.31353
  54.50000    4.32132
  55.00000    4.32911
  55.50000    4.33657
  56.00000    4.34323
  56.50000    4.34989
  57.00000    4.35656
  57.50000    4.36322
  58.00000    4.36988
  58.50000    4.37655
  59.00000    4.38321
  59.50000    4.38939
  60.00000    4.39505
  60.50000    4.40070
  61.00000    4.40635
  61.50000    4.41200
  62.00000    4.41766
  62.50000    4.42331
  63.00000    4.42896
  63.50000    4.43401
  64.00000    4.43874
  64.50000    4.44348
  65.00000    4.44821
  65.50000    4.45294
  66.00000    4.45767
  66.50000    4.46240
  67.00000    4.46714
  67.50000    4.47118
  68.00000    4.47510
  68.50000    4.47901
  69.00000    4.48292
  69.50000    4.48684
  70.00000    4.49075
  70.50000    4.49466
  71.00000    4.49856
  71.50000    4.50176
  72.00000    4.50496
  72.50000    4.50816
  73.00000    4.51135
  73.50000    4.51455
  74.00000    4.51775
  74.50000    4.52095
  75.00000    4.52402
  75.50000    4.52660
  76.00000    4.52919
  76.50000    4.53177
  77.00000    4.53435
  77.50000    4.53694
  78.00000    4.53952
  78.50000    4.54210
  79.00000    4.54449
  79.50000    4.54656
  80.00000    4.54864
  80.50000    4.55071
  81.00000    4.55278
  81.50000    4.55485
  82.00000    4.55692
  82.50000    4.55900
  83.00000    4.56083
  83.50000    4.56248
  84.00000    4.56413
  84.50000    4.56578
  85.00000    4.56743
  85.50000    4.56908
  86.00000    4.57073
  86.50000    4.57238
  87.00000    4.57380
  87.50000    4.57514
  88.00000    4.57649
  88.50000    4.57783
  89.00000    4.57917
  89.50000    4.58051
  90.00000    4.58186
  90.50000    4.58320
  91.00000    4.58434
  91.50000    4.58547
  92.00000    4.58659
  92.50000    4.58772
  93.00000    4.58884
  93.50000    4.58997
  94.00000    4.59110
  94.50000    4.59221
  95.00000    4.59323
  95.50000    4.59426
  96.00000    4.59528
  96.50000    4.59630
  97.00000    4.59733
  97.50000    4.59835
  98.00000    4.59937
  98.50000    4.60038
  99.00000    4.60137
  99.50000    4.60235
 100.00000    4.60334
 100.50000    4.60432
 101.00000    4.60531
 101.50000    4.60629
 102.00000    4.60728
 102.50000    4.60826
 103.00000    4.60923
 103.50000    4.61020
 104.00000    4.61117
 104.50000    4.61215
 105.00000    4.61312
 105.50000    4.61409
 106.00000    4.61506
 106.50000    4.61603
 107.00000    4.61698
 107.50000    4.61794
 108.00000    4.61890
 108.50000    4.61986
 109.00000    4.62082
 109.50000    4.62178
 110.00000    4.62274
 110.50000    4.62367
 111.00000    4.62459
 111.50000    4.62551
 112.00000    4.62643
 112.50000    4.62735
 113.00000    4.62827
 113.50000    4.62919
 114.00000    4.63011
 114.50000    4.63102
 115.00000    4.63193
 115.50000    4.63284
 116.00000    4.63374
 116.50000    4.63465
 117.00000    4.63556
 117.50000    4.63647
 118.00000    4.63737
 118.50000    4.63824
 119.00000    4.63911
 119.50000    4.63998
 120.00000    4.64085
 120.50000    4.64172
 121.00000    4.64259
 121.50000    4.64346
 122.00000    4.64431
 122.50000    4.64513
 123.00000    4.64595
 123.50000    4.64676
 124.00000    4.64758
 124.50000    4.64840
 125.00000    4.64922
 125.50000    4.65004
 126.00000    4.65084
 126.50000    4.65164
 127.00000    4.65243
 127.50000    4.65322
 128.00000    4.65401
 128.50000    4.65481
 129.00000    4.65560
 129.50000    4.65639
 130.00000    4.65715
 130.50000    4.65789
 131.00000    4.65863
 131.50000    4.65937
 132.00000    4.66012
 132.50000    4.66086
 133.00000    4.66160
 133.50000    4.66234
 134.00000    4.66304
 134.50000    4.66373
 135.00000    4.66442
 135.50000    4.66511
 136.00000    4.66580
 136.50000    4.66649
 137.00000    4.66718
 137.50000    4.66786
 138.00000    4.66849
 138.50000    4.66912
 139.00000    4.66974
 139.50000    4.67037
 140.00000    4.67100
 140.50000    4.67162
 141.00000    4.67225
 141.50000    4.67286
 142.00000    4.67344
 142.50000    4.67401
 143.00000    4.67459
 143.50000    4.67516
 144.00000    4.67574
 144.50000    4.67632
 145.00000    4.67689
 145.50000    4.67744
 146.00000    4.67795
 146.50000    4.67846
 147.00000    4.67897
 147.50000    4.67948
 148.00000    4.67999
 148.50000    4.68051
 149.00000    4.68102
 149.50000    4.68148
 150.00000    4.68191
