   0.00000    1.15120
   0.50000    2.91081
   1.00000    2.93308
   1.50000    2.95479
   2.00000    2.97537
   2.50000    2.99513
   3.00000    3.01407
   3.50000    3.03192
   4.00000    3.04922
   4.50000    3.06534
   5.00000    3.08122
   5.50000    3.09574
   6.00000    3.11004
   6.50000    3.12331
   7.00000    3.13620
   7.50000    3.14837
   8.00000    3.16005
   8.50000    3.17124
   9.00000    3.18184
   9.50000    3.19215
  10.00000    3.20178
  10.50000    3.21127
  11.00000    3.22017
  11.50000    3.22897
  12.00000    3.23732
  12.50000    3.24554
  13.00000    3.25351
  13.50000    3.26131
  14.00000    3.26895
  14.50000    3.27648
  15.00000    3.28396
  15.50000    3.29139
  16.00000    3.29881
  16.50000    3.30624
  17.00000    3.31370
  17.50000    3.32134
  18.00000    3.32908
  18.50000    3.33699
  19.00000    3.34513
  19.50000    3.35348
  20.00000    3.36217
  20.50000    3.37101
  21.00000    3.38042
  21.50000    3.38993
  22.00000    3.40019
  22.50000    3.41061
  23.00000    3.42169
  23.50000    3.43314
  24.00000    3.44526
  24.50000    3.45795
  25.00000    3.47116
  25.50000    3.48520
  26.00000    3.49961
  26.50000    3.51510
  27.00000    3.85007
  27.50000    3.86919
  28.00000    3.88832
  28.50000    3.90745
  29.00000    3.92657
  29.50000    3.94570
  30.00000    3.96482
  30.50000    3.98395
  31.00000    4.00308
  31.50000    4.02164
  32.00000    4.03716
  32.50000    4.05268
  33.00000    4.06820
  33.50000    4.08372
  34.00000    4.09924
  34.50000    4.11475
  35.00000    4.13027
  35.50000    4.14579
  36.00000    4.16033
  36.50000    4.17240
  37.00000    4.18448
  37.50000    4.19655
  38.00000    4.20862
  38.50000    4.22069
  39.00000    4.23276
  39.50000    4.24483
  40.00000    4.25690
  40.50000    4.26771
  41.00000    4.27670
  41.50000    4.28569
  42.00000    4.29469
  42.50000    4.30368
  43.00000    4.31268
  43.50000    4.32167
  44.00000    4.33066
  44.50000    4.33966
  45.00000    4.34717
  45.50000    4.35341
  46.00000    4.35966
  46.50000    4.36590
  47.00000    4.37214
  47.50000    4.37839
  48.00000    4.38463
  48.50000    4.39088
  49.00000    4.39712
  49.50000    4.40176
  50.00000    4.40561
  50.50000    4.40945
  51.00000    4.41329
  51.50000    4.41714
  52.00000    4.42098
  52.50000    4.42482
  53.00000    4.42867
  53.50000    4.43251
  54.00000    4.43473
  54.50000    4.43654
  55.00000    4.43834
  55.50000    4.44014
  56.00000    4.44195
  56.50000    4.44375
  57.00000    4.44555
  57.50000    4.44736
  58.00000    4.44916
  58.50000    4.44939
  59.00000    4.44949
  59.50000    4.44960
  60.00000    4.44970
  60.50000    4.44980
  61.00000    4.44990
  61.50000    4.45000
  62.00000    4.45010
  62.50000    4.45014
  63.00000    4.44888
  63.50000    4.44761
  64.00000    4.44635
  64.50000    4.44509
  65.00000    4.44383
  65.50000    4.44256
  66.00000    4.44130
  66.50000    4.44004
  67.00000    4.43860
  67.50000    4.43633
  68.00000    4.43407
  68.50000    4.43180
  69.00000    4.42954
  69.50000    4.42727
  70.00000    4.42501
  70.50000    4.42274
  71.00000    4.42048
  71.50000    4.41801
  72.00000    4.41506
  72.50000    4.41212
  73.00000    4.40918
  73.50000    4.40624
  74.00000    4.40330
  74.50000    4.40036
  75.00000    4.39741
  75.50000    4.39447
  76.00000    4.39140
  76.50000    4.38815
  77.00000    4.38491
  77.50000    4.38166
  78.00000    4.37842
  78.50000    4.37517
  79.00000    4.37192
  79.50000    4.36868
  80.00000    4.36543
  80.50000    4.36220
  81.00000    4.35898
  81.50000    4.35575
  82.00000    4.35253
  82.50000    4.34931
  83.00000    4.34608
  83.50000    4.34286
  84.00000    4.33963
  84.50000    4.33641
  85.00000    4.33340
  85.50000    4.33048
  86.00000    4.32756
  86.50000    4.32464
  87.00000    4.32172
  87.50000    4.31880
  88.00000    4.31588
  88.50000    4.31296
  89.00000    4.31004
  89.50000    4.30744
  90.00000    4.30490
  90.50000    4.30236
  91.00000    4.29983
  91.50000    4.29729
  92.00000    4.29476
  92.50000    4.29222
  93.00000    4.28969
  93.50000    4.28715
  94.00000    4.28495
  94.50000    4.28278
  95.00000    4.28060
  95.50000    4.27843
  96.00000    4.27625
  96.50000    4.27408
  97.00000    4.27190
  97.50000    4.26973
  98.00000    4.26758
  98.50000    4.26577
  99.00000    4.26397
  99.50000    4.26217
 100.00000    4.26036
 100.50000    4.25856
 101.00000    4.25676
 101.50000    4.25495
 102.00000    4.25315
 102.50000    4.25142
 103.00000    4.24996
 103.50000    4.24851
 104.00000    4.24705
 104.50000    4.24560
 105.00000    4.24414
 105.50000    4.24269
 106.00000    4.24124
 106.50000    4.23978
 107.00000    4.23844
 107.50000    4.23734
 108.00000    4.23623
 108.50000    4.23513
 109.00000    4.23402
 109.50000    4.23292
 110.00000    4.23182
 110.50000    4.23071
 111.00000    4.22961
 111.50000    4.22866
 112.00000    4.22790
 112.50000    4.22715
 113.00000    4.22639
 113.50000    4.22564
 114.00000    4.22488
 114.50000    4.22413
 115.00000    4.22337
 115.50000    4.22262
 116.00000    4.22207
 116.50000    4.22166
 117.00000    4.22125
 117.50000    4.22085
 118.00000    4.22044
 118.50000    4.22004
 119.00000    4.21963
 119.50000    4.21923
 120.00000    4.21882
 120.50000    4.21866
 121.00000    4.21860
 121.50000    4.21855
 122.00000    4.21849
 122.50000    4.21843
 123.00000    4.21838
 123.50000    4.21832
 124.00000    4.21827
 124.50000    4.21821
 125.00000    4.21843
 125.50000    4.21870
 126.00000    4.21897
 126.50000    4.21924
 127.00000    4.21951
 127.50000    4.21978
 128.00000    4.22005
 128.50000    4.22032
 129.00000    4.22059
 129.50000    4.22118
 130.00000    4.22179
 130.50000    4.22240
 131.00000    4.22301
 131.50000    4.22362
 132.00000    4.22423
 132.50000    4.22484
 133.00000    4.22544
 133.50000    4.22608
 134.00000    4.22702
 134.50000    4.22795
 135.00000    4.22889
 135.50000    4.22982
 136.00000    4.23076
 136.50000    4.23170
 137.00000    4.23263
 137.50000    4.23357
 138.00000    4.23457
 138.50000    4.23582
 139.00000    4.23707
 139.50000    4.23832
 140.00000    4.23957
 140.50000    4.24082
 141.00000    4.24208
 141.50000    4.24333
 142.00000    4.24458
 142.50000    4.24594
 143.00000    4.24753
 143.50000    4.24912
 144.00000    4.25071
 144.50000    4.25230
 145.00000    4.25389
 145.50000    4.25548
 146.00000    4.25707
 146.50000    4.25866
 147.00000    4.26039
 147.50000    4.26228
 148.00000    4.26418
 148.50000    4.26607
 149.00000    4.26796
 149.50000    4.26986
 150.00000    4.27175
