   0.00000    1.83780
   0.50000    1.93642
   1.00000    2.03504
   1.50000    2.13366
   2.00000    2.23228
   2.50000    2.33090
   3.00000    2.42952
   3.50000    2.52814
   4.00000    2.62676
   4.50000    2.72538
   5.00000    3.14159
   5.50000    3.17249
   6.00000    3.20276
   6.50000    3.23104
   7.00000    3.25932
   7.50000    3.28549
   8.00000    3.31115
   8.50000    3.33592
   9.00000    3.35912
   9.50000    3.38231
  10.00000    3.40336
  10.50000    3.42422
  11.00000    3.44403
  11.50000    3.46272
  12.00000    3.48133
  12.50000    3.49805
  13.00000    3.51477
  13.50000    3.53035
  14.00000    3.54519
  14.50000    3.55975
  15.00000    3.57291
  15.50000    3.58607
  16.00000    3.59813
  16.50000    3.60977
  17.00000    3.62101
  17.50000    3.63126
  18.00000    3.64150
  18.50000    3.65068
  19.00000    3.65965
  19.50000    3.66822
  20.00000    3.67617
  20.50000    3.68412
  21.00000    3.69120
  21.50000    3.69825
  22.00000    3.70489
  22.50000    3.71116
  23.00000    3.71738
  23.50000    3.72304
  24.00000    3.72869
  24.50000    3.73408
  25.00000    3.73933
  25.50000    3.74451
  26.00000    3.74943
  26.50000    3.75435
  27.00000    3.75917
  27.50000    3.76397
  28.00000    3.76877
  28.50000    3.77361
  29.00000    3.77845
  29.50000    3.78343
  30.00000    3.78843
  30.50000    3.79358
  31.00000    3.79890
  31.50000    3.80423
  32.00000    3.81006
  32.50000    3.81588
  33.00000    3.82207
  33.50000    3.82854
  34.00000    3.83512
  34.50000    3.84242
  35.00000    3.84971
  35.50000    3.85765
  36.00000    3.86589
  36.50000    3.87440
  37.00000    3.88375
  37.50000    3.89309
  38.00000    3.90346
  38.50000    3.91408
  39.00000    3.92521
  39.50000    3.93722
  40.00000    3.94923
  40.50000    4.33366
  41.00000    4.33568
  41.50000    4.33769
  42.00000    4.33970
  42.50000    4.34171
  43.00000    4.34372
  43.50000    4.34573
  44.00000    4.34774
  44.50000    4.34999
  45.00000    4.35233
  45.50000    4.35468
  46.00000    4.35702
  46.50000    4.35936
  47.00000    4.36170
  47.50000    4.36404
  48.00000    4.36638
  48.50000    4.36885
  49.00000    4.37143
  49.50000    4.37401
  50.00000    4.37660
  50.50000    4.37918
  51.00000    4.38177
  51.50000    4.38435
  52.00000    4.38694
  52.50000    4.38959
  53.00000    4.39238
  53.50000    4.39517
  54.00000    4.39796
  54.50000    4.40075
  55.00000    4.40354
  55.50000    4.40634
  56.00000    4.40913
  56.50000    4.41193
  57.00000    4.41486
  57.50000    4.41778
  58.00000    4.42071
  58.50000    4.42364
  59.00000    4.42656
  59.50000    4.42949
  60.00000    4.43241
  60.50000    4.43534
  61.00000    4.43836
  61.50000    4.44140
  62.00000    4.44444
  62.50000    4.44747
  63.00000    4.45051
  63.50000    4.45354
  64.00000    4.45658
  64.50000    4.45961
  65.00000    4.46267
  65.50000    4.46575
  66.00000    4.46882
  66.50000    4.47189
  67.00000    4.47496
  67.50000    4.47803
  68.00000    4.48110
  68.50000    4.48418
  69.00000    4.48724
  69.50000    4.49030
  70.00000    4.49336
  70.50000    4.49642
  71.00000    4.49948
  71.50000    4.50254
  72.00000    4.50560
  72.50000    4.50866
  73.00000    4.51170
  73.50000    4.51469
  74.00000    4.51767
  74.50000    4.52066
  75.00000    4.52364
  75.50000    4.52663
  76.00000    4.52962
  76.50000    4.53260
  77.00000    4.53558
  77.50000    4.53846
  78.00000    4.54133
  78.50000    4.54421
  79.00000    4.54709
  79.50000    4.54997
  80.00000    4.55284
  80.50000    4.55572
  81.00000    4.55860
  81.50000    4.56132
  82.00000    4.56403
  82.50000    4.56673
  83.00000    4.56944
  83.50000    4.57215
  84.00000    4.57485
  84.50000    4.57756
  85.00000    4.58026
  85.50000    4.58281
  86.00000    4.58528
  86.50000    4.58776
  87.00000    4.59023
  87.50000    4.59271
  88.00000    4.59518
  88.50000    4.59766
  89.00000    4.60013
  89.50000    4.60247
  90.00000    4.60466
  90.50000    4.60686
  91.00000    4.60905
  91.50000    4.61125
  92.00000    4.61344
  92.50000    4.61564
  93.00000    4.61783
  93.50000    4.61993
  94.00000    4.62181
  94.50000    4.62369
  95.00000    4.62557
  95.50000    4.62744
  96.00000    4.62932
  96.50000    4.63120
  97.00000    4.63308
  97.50000    4.63493
  98.00000    4.63650
  98.50000    4.63807
  99.00000    4.63965
  99.50000    4.64122
 100.00000    4.64279
 100.50000    4.64436
 101.00000    4.64594
 101.50000    4.64751
 102.00000    4.64882
 102.50000    4.65010
 103.00000    4.65138
 103.50000    4.65266
 104.00000    4.65394
 104.50000    4.65522
 105.00000    4.65650
 105.50000    4.65778
 106.00000    4.65889
 106.50000    4.65991
 107.00000    4.66094
 107.50000    4.66196
 108.00000    4.66299
 108.50000    4.66401
 109.00000    4.66504
 109.50000    4.66606
 110.00000    4.66696
 110.50000    4.66773
 111.00000    4.66850
 111.50000    4.66927
 112.00000    4.67003
 112.50000    4.67080
 113.00000    4.67157
 113.50000    4.67234
 114.00000    4.67305
 114.50000    4.67360
 115.00000    4.67414
 115.50000    4.67469
 116.00000    4.67524
 116.50000    4.67579
 117.00000    4.67634
 117.50000    4.67689
 118.00000    4.67742
 118.50000    4.67778
 119.00000    4.67813
 119.50000    4.67848
 120.00000    4.67884
 120.50000    4.67919
 121.00000    4.67954
 121.50000    4.67990
 122.00000    4.68025
 122.50000    4.68045
 123.00000    4.68062
 123.50000    4.68079
 124.00000    4.68096
 124.50000    4.68113
 125.00000    4.68130
 125.50000    4.68147
 126.00000    4.68164
 126.50000    4.68171
 127.00000    4.68172
 127.50000    4.68173
 128.00000    4.68174
 128.50000    4.68176
 129.00000    4.68177
 129.50000    4.68178
 130.00000    4.68179
 130.50000    4.68174
 131.00000    4.68160
 131.50000    4.68147
 132.00000    4.68134
 132.50000    4.68120
 133.00000    4.68107
 133.50000    4.68093
 134.00000    4.68080
 134.50000    4.68064
 135.00000    4.68041
 135.50000    4.68018
 136.00000    4.67995
 136.50000    4.67972
 137.00000    4.67948
 137.50000    4.67925
 138.00000    4.67902
 138.50000    4.67878
 139.00000    4.67844
 139.50000    4.67810
 140.00000    4.67776
 140.50000    4.67742
 141.00000    4.67708
 141.50000    4.67674
 142.00000    4.67639
 142.50000    4.67605
 143.00000    4.67566
 143.50000    4.67526
 144.00000    4.67486
 144.50000    4.67445
 145.00000    4.67405
 145.50000    4.67365
 146.00000    4.67325
 146.50000    4.67284
 147.00000    4.67241
 147.50000    4.67196
 148.00000    4.67151
 148.50000    4.67106
 149.00000    4.67061
 149.50000    4.67016
 150.00000    4.66970
