   0.00000    0.48300
   0.50000    1.14647
   1.00000    1.80995
   1.50000    3.46044
   2.00000    3.46888
   2.50000    3.47732
   3.00000    3.48562
   3.50000    3.49355
   4.00000    3.50148
   4.50000    3.50921
   5.00000    3.51662
   5.50000    3.52403
   6.00000    3.53119
   6.50000    3.53808
   7.00000    3.54498
   7.50000    3.55161
   8.00000    3.55806
   8.50000    3.56450
   9.00000    3.57069
   9.50000    3.57676
  10.00000    3.58282
  10.50000    3.58862
  11.00000    3.59434
  11.50000    3.60007
  12.00000    3.60549
  12.50000    3.61086
  13.00000    3.61624
  13.50000    3.62142
  14.00000    3.62659
  14.50000    3.63174
  15.00000    3.63667
  15.50000    3.64160
  16.00000    3.64650
  16.50000    3.65129
  17.00000    3.65608
  17.50000    3.66085
  18.00000    3.66553
  18.50000    3.67022
  19.00000    3.67487
  19.50000    3.67945
  20.00000    3.68404
  20.50000    3.68862
  21.00000    3.69321
  21.50000    3.69779
  22.00000    3.70239
  22.50000    3.70701
  23.00000    3.71163
  23.50000    3.71632
  24.00000    3.72104
  24.50000    3.72576
  25.00000    3.73056
  25.50000    3.73538
  26.00000    3.74021
  26.50000    3.74515
  27.00000    3.75012
  27.50000    3.75508
  28.00000    3.76031
  28.50000    3.76554
  29.00000    3.77080
  29.50000    3.77628
  30.00000    3.78176
  30.50000    3.78728
  31.00000    3.79307
  31.50000    3.79886
  32.00000    3.80475
  32.50000    3.81092
  33.00000    3.81709
  33.50000    3.82340
  34.00000    3.82998
  34.50000    3.83657
  35.00000    3.84335
  35.50000    3.85038
  36.00000    3.85741
  36.50000    3.86471
  37.00000    3.87222
  37.50000    3.87974
  38.00000    3.88763
  38.50000    3.89573
  39.00000    3.90383
  39.50000    3.91236
  40.00000    3.92105
  40.50000    3.92973
  41.00000    3.93897
  41.50000    3.94831
  42.00000    3.95765
  42.50000    3.96757
  43.00000    3.97753
  43.50000    4.18125
  44.00000    4.19274
  44.50000    4.20423
  45.00000    4.21571
  45.50000    4.22720
  46.00000    4.23869
  46.50000    4.25017
  47.00000    4.26166
  47.50000    4.27313
  48.00000    4.28309
  48.50000    4.29306
  49.00000    4.30303
  49.50000    4.31300
  50.00000    4.32296
  50.50000    4.33293
  51.00000    4.34290
  51.50000    4.35286
  52.00000    4.36134
  52.50000    4.36980
  53.00000    4.37826
  53.50000    4.38672
  54.00000    4.39518
  54.50000    4.40364
  55.00000    4.41210
  55.50000    4.42056
  56.00000    4.42770
  56.50000    4.43479
  57.00000    4.44188
  57.50000    4.44897
  58.00000    4.45606
  58.50000    4.46315
  59.00000    4.47023
  59.50000    4.47732
  60.00000    4.48326
  60.50000    4.48912
  61.00000    4.49497
  61.50000    4.50083
  62.00000    4.50668
  62.50000    4.51254
  63.00000    4.51840
  63.50000    4.52425
  64.00000    4.52909
  64.50000    4.53382
  65.00000    4.53856
  65.50000    4.54329
  66.00000    4.54803
  66.50000    4.55276
  67.00000    4.55749
  67.50000    4.56223
  68.00000    4.56609
  68.50000    4.56982
  69.00000    4.57356
  69.50000    4.57730
  70.00000    4.58104
  70.50000    4.58477
  71.00000    4.58851
  71.50000    4.59225
  72.00000    4.59526
  72.50000    4.59816
  73.00000    4.60105
  73.50000    4.60394
  74.00000    4.60683
  74.50000    4.60972
  75.00000    4.61261
  75.50000    4.61550
  76.00000    4.61778
  76.50000    4.61994
  77.00000    4.62209
  77.50000    4.62425
  78.00000    4.62640
  78.50000    4.62856
  79.00000    4.63071
  79.50000    4.63287
  80.00000    4.63454
  80.50000    4.63610
  81.00000    4.63766
  81.50000    4.63922
  82.00000    4.64077
  82.50000    4.64233
  83.00000    4.64389
  83.50000    4.64545
  84.00000    4.64664
  84.50000    4.64772
  85.00000    4.64881
  85.50000    4.64989
  86.00000    4.65097
  86.50000    4.65206
  87.00000    4.65314
  87.50000    4.65422
  88.00000    4.65505
  88.50000    4.65578
  89.00000    4.65652
  89.50000    4.65725
  90.00000    4.65799
  90.50000    4.65872
  91.00000    4.65946
  91.50000    4.66019
  92.00000    4.66078
  92.50000    4.66130
  93.00000    4.66182
  93.50000    4.66235
  94.00000    4.66287
  94.50000    4.66339
  95.00000    4.66392
  95.50000    4.66444
  96.00000    4.66488
  96.50000    4.66527
  97.00000    4.66567
  97.50000    4.66607
  98.00000    4.66647
  98.50000    4.66687
  99.00000    4.66727
  99.50000    4.66767
 100.00000    4.66802
 100.50000    4.66834
 101.00000    4.66866
 101.50000    4.66899
 102.00000    4.66931
 102.50000    4.66964
 103.00000    4.66996
 103.50000    4.67028
 104.00000    4.67055
 104.50000    4.67079
 105.00000    4.67102
 105.50000    4.67126
 106.00000    4.67150
 106.50000    4.67173
 107.00000    4.67197
 107.50000    4.67221
 108.00000    4.67238
 108.50000    4.67252
 109.00000    4.67266
 109.50000    4.67280
 110.00000    4.67293
 110.50000    4.67307
 111.00000    4.67321
 111.50000    4.67334
 112.00000    4.67344
 112.50000    4.67350
 113.00000    4.67356
 113.50000    4.67362
 114.00000    4.67369
 114.50000    4.67375
 115.00000    4.67381
 115.50000    4.67387
 116.00000    4.67388
 116.50000    4.67384
 117.00000    4.67380
 117.50000    4.67377
 118.00000    4.67373
 118.50000    4.67369
 119.00000    4.67365
 119.50000    4.67362
 120.00000    4.67354
 120.50000    4.67343
 121.00000    4.67332
 121.50000    4.67320
 122.00000    4.67309
 122.50000    4.67298
 123.00000    4.67287
 123.50000    4.67276
 124.00000    4.67260
 124.50000    4.67240
 125.00000    4.67220
 125.50000    4.67200
 126.00000    4.67180
 126.50000    4.67160
 127.00000    4.67140
 127.50000    4.67120
 128.00000    4.67096
 128.50000    4.67068
 129.00000    4.67039
 129.50000    4.67010
 130.00000    4.66982
 130.50000    4.66953
 131.00000    4.66924
 131.50000    4.66896
 132.00000    4.66863
 132.50000    4.66826
 133.00000    4.66788
 133.50000    4.66751
 134.00000    4.66714
 134.50000    4.66676
 135.00000    4.66639
 135.50000    4.66601
 136.00000    4.66561
 136.50000    4.66516
 137.00000    4.66471
 137.50000    4.66426
 138.00000    4.66381
 138.50000    4.66337
 139.00000    4.66292
 139.50000    4.66247
 140.00000    4.66199
 140.50000    4.66145
 141.00000    4.66091
 141.50000    4.66038
 142.00000    4.65984
 142.50000    4.65931
 143.00000    4.65877
 143.50000    4.65824
 144.00000    4.65767
 144.50000    4.65705
 145.00000    4.65642
 145.50000    4.65580
 146.00000    4.65518
 146.50000    4.65455
 147.00000    4.65393
 147.50000    4.65331
 148.00000    4.65266
 148.50000    4.65196
 149.00000    4.65126
 149.50000    4.65057
 150.00000    4.64987
