   0.00000    0.52270
   0.50000    1.06926
   1.00000    1.61582
   1.50000    2.16237
   2.00000    3.43011
   2.50000    3.44088
   3.00000    3.45164
   3.50000    3.46198
   4.00000    3.47186
   4.50000    3.48174
   5.00000    3.49162
   5.50000    3.50062
   6.00000    3.50961
   6.50000    3.51861
   7.00000    3.52720
   7.50000    3.53539
   8.00000    3.54358
   8.50000    3.55177
   9.00000    3.55924
   9.50000    3.56672
  10.00000    3.57419
  10.50000    3.58134
  11.00000    3.58818
  11.50000    3.59503
  12.00000    3.60186
  12.50000    3.60819
  13.00000    3.61452
  13.50000    3.62085
  14.00000    3.62692
  14.50000    3.63276
  15.00000    3.63860
  15.50000    3.64443
  16.00000    3.64990
  16.50000    3.65537
  17.00000    3.66084
  17.50000    3.66615
  18.00000    3.67133
  18.50000    3.67652
  19.00000    3.68169
  19.50000    3.68664
  20.00000    3.69160
  20.50000    3.69655
  21.00000    3.70146
  21.50000    3.70633
  22.00000    3.71119
  22.50000    3.71606
  23.00000    3.72084
  23.50000    3.72562
  24.00000    3.73040
  24.50000    3.73524
  25.00000    3.74011
  25.50000    3.74497
  26.00000    3.74985
  26.50000    3.75481
  27.00000    3.75976
  27.50000    3.76471
  28.00000    3.76982
  28.50000    3.77504
  29.00000    3.78025
  29.50000    3.78549
  30.00000    3.79096
  30.50000    3.79643
  31.00000    3.80190
  31.50000    3.80761
  32.00000    3.81349
  32.50000    3.81936
  33.00000    3.82528
  33.50000    3.83161
  34.00000    3.83794
  34.50000    3.84427
  35.00000    3.85094
  35.50000    3.85782
  36.00000    3.86469
  36.50000    3.87165
  37.00000    3.87916
  37.50000    3.88666
  38.00000    3.89416
  38.50000    3.90213
  39.00000    3.91035
  39.50000    3.91857
  40.00000    3.92691
  40.50000    3.93593
  41.00000    3.94495
  41.50000    3.95398
  42.00000    3.96359
  42.50000    3.97350
  43.00000    3.98341
  43.50000    3.99348
  44.00000    4.00437
  44.50000    4.01525
  45.00000    4.02613
  45.50000    4.03772
  46.00000    4.04963
  46.50000    4.06155
  47.00000    4.07368
  47.50000    4.08674
  48.00000    4.09979
  48.50000    4.11285
  49.00000    4.12677
  49.50000    4.14106
  50.00000    4.15535
  50.50000    4.16989
  51.00000    4.18539
  51.50000    4.20088
  52.00000    4.21637
  52.50000    4.56141
  53.00000    4.56465
  53.50000    4.56788
  54.00000    4.57112
  54.50000    4.57436
  55.00000    4.57759
  55.50000    4.58083
  56.00000    4.58407
  56.50000    4.58730
  57.00000    4.59054
  57.50000    4.59335
  58.00000    4.59578
  58.50000    4.59820
  59.00000    4.60062
  59.50000    4.60304
  60.00000    4.60546
  60.50000    4.60789
  61.00000    4.61031
  61.50000    4.61273
  62.00000    4.61515
  62.50000    4.61734
  63.00000    4.61904
  63.50000    4.62074
  64.00000    4.62243
  64.50000    4.62413
  65.00000    4.62583
  65.50000    4.62752
  66.00000    4.62922
  66.50000    4.63092
  67.00000    4.63261
  67.50000    4.63423
  68.00000    4.63528
  68.50000    4.63633
  69.00000    4.63738
  69.50000    4.63843
  70.00000    4.63948
  70.50000    4.64053
  71.00000    4.64157
  71.50000    4.64262
  72.00000    4.64367
  72.50000    4.64472
  73.00000    4.64529
  73.50000    4.64582
  74.00000    4.64635
  74.50000    4.64688
  75.00000    4.64741
  75.50000    4.64794
  76.00000    4.64847
  76.50000    4.64900
  77.00000    4.64953
  77.50000    4.65006
  78.00000    4.65026
  78.50000    4.65035
  79.00000    4.65044
  79.50000    4.65053
  80.00000    4.65062
  80.50000    4.65071
  81.00000    4.65079
  81.50000    4.65088
  82.00000    4.65097
  82.50000    4.65106
  83.00000    4.65096
  83.50000    4.65071
  84.00000    4.65045
  84.50000    4.65020
  85.00000    4.64994
  85.50000    4.64969
  86.00000    4.64943
  86.50000    4.64918
  87.00000    4.64892
  87.50000    4.64867
  88.00000    4.64834
  88.50000    4.64785
  89.00000    4.64736
  89.50000    4.64686
  90.00000    4.64637
  90.50000    4.64588
  91.00000    4.64539
  91.50000    4.64490
  92.00000    4.64441
  92.50000    4.64392
  93.00000    4.64341
  93.50000    4.64279
  94.00000    4.64216
  94.50000    4.64153
  95.00000    4.64090
  95.50000    4.64028
  96.00000    4.63965
  96.50000    4.63902
  97.00000    4.63839
  97.50000    4.63776
  98.00000    4.63714
  98.50000    4.63646
  99.00000    4.63579
  99.50000    4.63511
 100.00000    4.63443
 100.50000    4.63376
 101.00000    4.63308
 101.50000    4.63240
 102.00000    4.63173
 102.50000    4.63105
 103.00000    4.63037
 103.50000    4.62971
 104.00000    4.62905
 104.50000    4.62840
 105.00000    4.62774
 105.50000    4.62708
 106.00000    4.62643
 106.50000    4.62577
 107.00000    4.62511
 107.50000    4.62446
 108.00000    4.62380
 108.50000    4.62316
 109.00000    4.62253
 109.50000    4.62190
 110.00000    4.62127
 110.50000    4.62065
 111.00000    4.62002
 111.50000    4.61939
 112.00000    4.61876
 112.50000    4.61814
 113.00000    4.61751
 113.50000    4.61689
 114.00000    4.61628
 114.50000    4.61567
 115.00000    4.61506
 115.50000    4.61446
 116.00000    4.61385
 116.50000    4.61324
 117.00000    4.61263
 117.50000    4.61202
 118.00000    4.61142
 118.50000    4.61081
 119.00000    4.61021
 119.50000    4.60961
 120.00000    4.60901
 120.50000    4.60842
 121.00000    4.60782
 121.50000    4.60722
 122.00000    4.60662
 122.50000    4.60602
 123.00000    4.60542
 123.50000    4.60483
 124.00000    4.60427
 124.50000    4.60371
 125.00000    4.60315
 125.50000    4.60259
 126.00000    4.60203
 126.50000    4.60147
 127.00000    4.60091
 127.50000    4.60035
 128.00000    4.59979
 128.50000    4.59924
 129.00000    4.59868
 129.50000    4.59813
 130.00000    4.59759
 130.50000    4.59704
 131.00000    4.59649
 131.50000    4.59594
 132.00000    4.59539
 132.50000    4.59484
 133.00000    4.59429
 133.50000    4.59374
 134.00000    4.59321
 134.50000    4.59269
 135.00000    4.59217
 135.50000    4.59165
 136.00000    4.59113
 136.50000    4.59061
 137.00000    4.59009
 137.50000    4.58957
 138.00000    4.58905
 138.50000    4.58853
 139.00000    4.58801
 139.50000    4.58750
 140.00000    4.58699
 140.50000    4.58648
 141.00000    4.58597
 141.50000    4.58546
 142.00000    4.58495
 142.50000    4.58444
 143.00000    4.58393
 143.50000    4.58342
 144.00000    4.58292
 144.50000    4.58244
 145.00000    4.58196
 145.50000    4.58148
 146.00000    4.58100
 146.50000    4.58052
 147.00000    4.58004
 147.50000    4.57956
 148.00000    4.57908
 148.50000    4.57859
 149.00000    4.57811
 149.50000    4.57764
 150.00000    4.57717
