   0.00000    0.78030
   0.50000    1.15751
   1.00000    1.53471
   1.50000    1.91192
   2.00000    3.44603
   2.50000    3.45802
   3.00000    3.47001
   3.50000    3.48180
   4.00000    3.49247
   4.50000    3.50315
   5.00000    3.51382
   5.50000    3.52326
   6.00000    3.53262
   6.50000    3.54199
   7.00000    3.55052
   7.50000    3.55876
   8.00000    3.56700
   8.50000    3.57467
   9.00000    3.58184
   9.50000    3.58902
  10.00000    3.59590
  10.50000    3.60217
  11.00000    3.60845
  11.50000    3.61462
  12.00000    3.62008
  12.50000    3.62554
  13.00000    3.63100
  13.50000    3.63586
  14.00000    3.64066
  14.50000    3.64547
  15.00000    3.64985
  15.50000    3.65406
  16.00000    3.65828
  16.50000    3.66228
  17.00000    3.66609
  17.50000    3.66990
  18.00000    3.67360
  18.50000    3.67706
  19.00000    3.68053
  19.50000    3.68397
  20.00000    3.68721
  20.50000    3.69046
  21.00000    3.69370
  21.50000    3.69689
  22.00000    3.70008
  22.50000    3.70326
  23.00000    3.70647
  23.50000    3.70968
  24.00000    3.71290
  24.50000    3.71619
  25.00000    3.71956
  25.50000    3.72293
  26.00000    3.72639
  26.50000    3.73004
  27.00000    3.73369
  27.50000    3.73738
  28.00000    3.74141
  28.50000    3.74543
  29.00000    3.74946
  29.50000    3.75396
  30.00000    3.75851
  30.50000    3.76307
  31.00000    3.76806
  31.50000    3.77324
  32.00000    3.77842
  32.50000    3.78396
  33.00000    3.78989
  33.50000    3.79583
  34.00000    3.80200
  34.50000    3.80880
  35.00000    3.81561
  35.50000    3.82249
  36.00000    3.83026
  36.50000    3.83803
  37.00000    3.84580
  37.50000    3.85458
  38.00000    3.86351
  38.50000    3.87244
  39.00000    3.88216
  39.50000    3.89227
  40.00000    3.90238
  40.50000    3.91313
  41.00000    3.92462
  41.50000    3.93611
  42.00000    3.94797
  42.50000    3.96089
  43.00000    3.97381
  43.50000    3.98683
  44.00000    4.00134
  44.50000    4.01586
  45.00000    4.03037
  45.50000    4.04635
  46.00000    4.06258
  46.50000    4.07881
  47.00000    4.09616
  47.50000    4.11411
  48.00000    4.13205
  48.50000    4.44466
  49.00000    4.44974
  49.50000    4.45482
  50.00000    4.45989
  50.50000    4.46497
  51.00000    4.47005
  51.50000    4.47512
  52.00000    4.48020
  52.50000    4.48464
  53.00000    4.48875
  53.50000    4.49286
  54.00000    4.49697
  54.50000    4.50109
  55.00000    4.50520
  55.50000    4.50931
  56.00000    4.51343
  56.50000    4.51673
  57.00000    4.51993
  57.50000    4.52313
  58.00000    4.52633
  58.50000    4.52953
  59.00000    4.53273
  59.50000    4.53593
  60.00000    4.53905
  60.50000    4.54141
  61.00000    4.54378
  61.50000    4.54614
  62.00000    4.54850
  62.50000    4.55087
  63.00000    4.55323
  63.50000    4.55560
  64.00000    4.55773
  64.50000    4.55938
  65.00000    4.56102
  65.50000    4.56267
  66.00000    4.56431
  66.50000    4.56596
  67.00000    4.56760
  67.50000    4.56925
  68.00000    4.57054
  68.50000    4.57153
  69.00000    4.57252
  69.50000    4.57351
  70.00000    4.57450
  70.50000    4.57549
  71.00000    4.57647
  71.50000    4.57746
  72.00000    4.57803
  72.50000    4.57847
  73.00000    4.57891
  73.50000    4.57934
  74.00000    4.57978
  74.50000    4.58022
  75.00000    4.58065
  75.50000    4.58109
  76.00000    4.58109
  76.50000    4.58107
  77.00000    4.58106
  77.50000    4.58105
  78.00000    4.58104
  78.50000    4.58102
  79.00000    4.58101
  79.50000    4.58092
  80.00000    4.58052
  80.50000    4.58012
  81.00000    4.57972
  81.50000    4.57933
  82.00000    4.57893
  82.50000    4.57853
  83.00000    4.57813
  83.50000    4.57762
  84.00000    4.57695
  84.50000    4.57628
  85.00000    4.57561
  85.50000    4.57495
  86.00000    4.57428
  86.50000    4.57361
  87.00000    4.57294
  87.50000    4.57215
  88.00000    4.57129
  88.50000    4.57043
  89.00000    4.56957
  89.50000    4.56871
  90.00000    4.56784
  90.50000    4.56698
  91.00000    4.56612
  91.50000    4.56518
  92.00000    4.56423
  92.50000    4.56328
  93.00000    4.56233
  93.50000    4.56138
  94.00000    4.56043
  94.50000    4.55948
  95.00000    4.55853
  95.50000    4.55756
  96.00000    4.55660
  96.50000    4.55563
  97.00000    4.55467
  97.50000    4.55371
  98.00000    4.55274
  98.50000    4.55178
  99.00000    4.55084
  99.50000    4.54995
 100.00000    4.54906
 100.50000    4.54818
 101.00000    4.54729
 101.50000    4.54640
 102.00000    4.54552
 102.50000    4.54463
 103.00000    4.54378
 103.50000    4.54297
 104.00000    4.54216
 104.50000    4.54135
 105.00000    4.54054
 105.50000    4.53973
 106.00000    4.53892
 106.50000    4.53811
 107.00000    4.53735
 107.50000    4.53661
 108.00000    4.53586
 108.50000    4.53511
 109.00000    4.53437
 109.50000    4.53362
 110.00000    4.53288
 110.50000    4.53213
 111.00000    4.53147
 111.50000    4.53082
 112.00000    4.53016
 112.50000    4.52951
 113.00000    4.52885
 113.50000    4.52820
 114.00000    4.52754
 114.50000    4.52689
 115.00000    4.52629
 115.50000    4.52569
 116.00000    4.52508
 116.50000    4.52448
 117.00000    4.52387
 117.50000    4.52327
 118.00000    4.52267
 118.50000    4.52209
 119.00000    4.52155
 119.50000    4.52101
 120.00000    4.52047
 120.50000    4.51993
 121.00000    4.51939
 121.50000    4.51885
 122.00000    4.51831
 122.50000    4.51781
 123.00000    4.51733
 123.50000    4.51686
 124.00000    4.51638
 124.50000    4.51591
 125.00000    4.51543
 125.50000    4.51496
 126.00000    4.51448
 126.50000    4.51406
 127.00000    4.51365
 127.50000    4.51324
 128.00000    4.51282
 128.50000    4.51241
 129.00000    4.51200
 129.50000    4.51159
 130.00000    4.51118
 130.50000    4.51081
 131.00000    4.51044
 131.50000    4.51006
 132.00000    4.50969
 132.50000    4.50932
 133.00000    4.50894
 133.50000    4.50857
 134.00000    4.50821
 134.50000    4.50789
 135.00000    4.50757
 135.50000    4.50725
 136.00000    4.50693
 136.50000    4.50661
 137.00000    4.50629
 137.50000    4.50596
 138.00000    4.50566
 138.50000    4.50538
 139.00000    4.50510
 139.50000    4.50481
 140.00000    4.50453
 140.50000    4.50425
 141.00000    4.50396
 141.50000    4.50368
 142.00000    4.50343
 142.50000    4.50318
 143.00000    4.50294
 143.50000    4.50269
 144.00000    4.50245
 144.50000    4.50221
 145.00000    4.50196
 145.50000    4.50172
 146.00000    4.50151
 146.50000    4.50130
 147.00000    4.50110
 147.50000    4.50089
 148.00000    4.50069
 148.50000    4.50048
 149.00000    4.50028
 149.50000    4.50007
 150.00000    4.49989
