   0.00000    1.33520
   0.50000    3.05893
   1.00000    3.07930
   1.50000    3.09968
   2.00000    3.11884
   2.50000    3.13760
   3.00000    3.15591
   3.50000    3.17298
   4.00000    3.19005
   4.50000    3.20589
   5.00000    3.22139
   5.50000    3.23644
   6.00000    3.25045
   6.50000    3.26446
   7.00000    3.27742
   7.50000    3.29014
   8.00000    3.30244
   8.50000    3.31387
   9.00000    3.32531
   9.50000    3.33575
  10.00000    3.34601
  10.50000    3.35591
  11.00000    3.36517
  11.50000    3.37443
  12.00000    3.38287
  12.50000    3.39121
  13.00000    3.39919
  13.50000    3.40664
  14.00000    3.41408
  14.50000    3.42091
  15.00000    3.42767
  15.50000    3.43414
  16.00000    3.44022
  16.50000    3.44630
  17.00000    3.45192
  17.50000    3.45752
  18.00000    3.46292
  18.50000    3.46812
  19.00000    3.47331
  19.50000    3.47815
  20.00000    3.48298
  20.50000    3.48773
  21.00000    3.49240
  21.50000    3.49707
  22.00000    3.50158
  22.50000    3.50609
  23.00000    3.51062
  23.50000    3.51517
  24.00000    3.51972
  24.50000    3.52431
  25.00000    3.52890
  25.50000    3.53363
  26.00000    3.53846
  26.50000    3.54332
  27.00000    3.54847
  27.50000    3.55363
  28.00000    3.55902
  28.50000    3.56458
  29.00000    3.57019
  29.50000    3.57623
  30.00000    3.58227
  30.50000    3.58872
  31.00000    3.59540
  31.50000    3.60219
  32.00000    3.60960
  32.50000    3.61701
  33.00000    3.62495
  33.50000    3.63317
  34.00000    3.64155
  34.50000    3.65073
  35.00000    3.65991
  35.50000    3.66974
  36.00000    3.67985
  36.50000    4.08272
  37.00000    4.08566
  37.50000    4.08859
  38.00000    4.09152
  38.50000    4.09445
  39.00000    4.09738
  39.50000    4.10032
  40.00000    4.10325
  40.50000    4.10618
  41.00000    4.10887
  41.50000    4.11150
  42.00000    4.11414
  42.50000    4.11677
  43.00000    4.11940
  43.50000    4.12204
  44.00000    4.12467
  44.50000    4.12731
  45.00000    4.12982
  45.50000    4.13218
  46.00000    4.13454
  46.50000    4.13690
  47.00000    4.13926
  47.50000    4.14162
  48.00000    4.14398
  48.50000    4.14634
  49.00000    4.14869
  49.50000    4.15079
  50.00000    4.15289
  50.50000    4.15498
  51.00000    4.15708
  51.50000    4.15918
  52.00000    4.16128
  52.50000    4.16337
  53.00000    4.16547
  53.50000    4.16743
  54.00000    4.16931
  54.50000    4.17120
  55.00000    4.17308
  55.50000    4.17496
  56.00000    4.17685
  56.50000    4.17873
  57.00000    4.18061
  57.50000    4.18244
  58.00000    4.18414
  58.50000    4.18583
  59.00000    4.18752
  59.50000    4.18921
  60.00000    4.19091
  60.50000    4.19260
  61.00000    4.19429
  61.50000    4.19598
  62.00000    4.19753
  62.50000    4.19906
  63.00000    4.20058
  63.50000    4.20211
  64.00000    4.20363
  64.50000    4.20516
  65.00000    4.20669
  65.50000    4.20821
  66.00000    4.20968
  66.50000    4.21109
  67.00000    4.21249
  67.50000    4.21390
  68.00000    4.21530
  68.50000    4.21671
  69.00000    4.21812
  69.50000    4.21952
  70.00000    4.22092
  70.50000    4.22223
  71.00000    4.22354
  71.50000    4.22485
  72.00000    4.22617
  72.50000    4.22748
  73.00000    4.22879
  73.50000    4.23010
  74.00000    4.23141
  74.50000    4.23267
  75.00000    4.23391
  75.50000    4.23515
  76.00000    4.23639
  76.50000    4.23763
  77.00000    4.23887
  77.50000    4.24011
  78.00000    4.24135
  78.50000    4.24258
  79.00000    4.24378
  79.50000    4.24498
  80.00000    4.24619
  80.50000    4.24739
  81.00000    4.24860
  81.50000    4.24980
  82.00000    4.25100
  82.50000    4.25221
  83.00000    4.25342
  83.50000    4.25464
  84.00000    4.25585
  84.50000    4.25707
  85.00000    4.25828
  85.50000    4.25950
  86.00000    4.26072
  86.50000    4.26193
  87.00000    4.26315
  87.50000    4.26438
  88.00000    4.26561
  88.50000    4.26684
  89.00000    4.26806
  89.50000    4.26929
  90.00000    4.27052
  90.50000    4.27175
  91.00000    4.27298
  91.50000    4.27427
  92.00000    4.27556
  92.50000    4.27684
  93.00000    4.27813
  93.50000    4.27942
  94.00000    4.28071
  94.50000    4.28199
  95.00000    4.28328
  95.50000    4.28461
  96.00000    4.28596
  96.50000    4.28731
  97.00000    4.28865
  97.50000    4.29000
  98.00000    4.29135
  98.50000    4.29269
  99.00000    4.29404
  99.50000    4.29541
 100.00000    4.29680
 100.50000    4.29819
 101.00000    4.29959
 101.50000    4.30098
 102.00000    4.30238
 102.50000    4.30377
 103.00000    4.30517
 103.50000    4.30656
 104.00000    4.30799
 104.50000    4.30942
 105.00000    4.31085
 105.50000    4.31228
 106.00000    4.31371
 106.50000    4.31514
 107.00000    4.31657
 107.50000    4.31800
 108.00000    4.31947
 108.50000    4.32096
 109.00000    4.32245
 109.50000    4.32394
 110.00000    4.32543
 110.50000    4.32692
 111.00000    4.32841
 111.50000    4.32990
 112.00000    4.33139
 112.50000    4.33290
 113.00000    4.33442
 113.50000    4.33593
 114.00000    4.33745
 114.50000    4.33896
 115.00000    4.34047
 115.50000    4.34199
 116.00000    4.34350
 116.50000    4.34504
 117.00000    4.34659
 117.50000    4.34814
 118.00000    4.34969
 118.50000    4.35124
 119.00000    4.35279
 119.50000    4.35434
 120.00000    4.35589
 120.50000    4.35745
 121.00000    4.35904
 121.50000    4.36062
 122.00000    4.36221
 122.50000    4.36379
 123.00000    4.36538
 123.50000    4.36696
 124.00000    4.36855
 124.50000    4.37014
 125.00000    4.37174
 125.50000    4.37335
 126.00000    4.37496
 126.50000    4.37657
 127.00000    4.37818
 127.50000    4.37979
 128.00000    4.38140
 128.50000    4.38301
 129.00000    4.38462
 129.50000    4.38625
 130.00000    4.38787
 130.50000    4.38949
 131.00000    4.39111
 131.50000    4.39273
 132.00000    4.39435
 132.50000    4.39597
 133.00000    4.39760
 133.50000    4.39924
 134.00000    4.40089
 134.50000    4.40253
 135.00000    4.40418
 135.50000    4.40582
 136.00000    4.40747
 136.50000    4.40911
 137.00000    4.41076
 137.50000    4.41240
 138.00000    4.41405
 138.50000    4.41569
 139.00000    4.41734
 139.50000    4.41898
 140.00000    4.42063
 140.50000    4.42227
 141.00000    4.42392
 141.50000    4.42557
 142.00000    4.42724
 142.50000    4.42891
 143.00000    4.43058
 143.50000    4.43225
 144.00000    4.43391
 144.50000    4.43558
 145.00000    4.43725
 145.50000    4.43892
 146.00000    4.44058
 146.50000    4.44223
 147.00000    4.44389
 147.50000    4.44555
 148.00000    4.44720
 148.50000    4.44886
 149.00000    4.45052
 149.50000    4.45217
 150.00000    4.45383
