   0.00000    1.43710
   0.50000    2.83206
   1.00000    2.86280
   1.50000    2.89353
   2.00000    2.92244
   2.50000    2.95108
   3.00000    2.97906
   3.50000    3.00555
   4.00000    3.03205
   4.50000    3.05702
   5.00000    3.08144
   5.50000    3.10553
   6.00000    3.12797
   6.50000    3.15041
   7.00000    3.17175
   7.50000    3.19236
   8.00000    3.21290
   8.50000    3.23180
   9.00000    3.25070
   9.50000    3.26882
  10.00000    3.28608
  10.50000    3.30334
  11.00000    3.31923
  11.50000    3.33496
  12.00000    3.35023
  12.50000    3.36457
  13.00000    3.37891
  13.50000    3.39222
  14.00000    3.40523
  14.50000    3.41801
  15.00000    3.42985
  15.50000    3.44170
  16.00000    3.45285
  16.50000    3.46360
  17.00000    3.47429
  17.50000    3.48410
  18.00000    3.49392
  18.50000    3.50329
  19.00000    3.51221
  19.50000    3.52113
  20.00000    3.52936
  20.50000    3.53754
  21.00000    3.54548
  21.50000    3.55300
  22.00000    3.56052
  22.50000    3.56763
  23.00000    3.57464
  23.50000    3.58156
  24.00000    3.58814
  24.50000    3.59472
  25.00000    3.60110
  25.50000    3.60737
  26.00000    3.61362
  26.50000    3.61970
  27.00000    3.62578
  27.50000    3.63179
  28.00000    3.63776
  28.50000    3.64372
  29.00000    3.64971
  29.50000    3.65571
  30.00000    3.66175
  30.50000    3.66782
  31.00000    3.67390
  31.50000    3.68021
  32.00000    3.68656
  32.50000    3.69299
  33.00000    3.69965
  33.50000    3.70631
  34.00000    3.71333
  34.50000    3.72050
  35.00000    3.72774
  35.50000    3.73541
  36.00000    3.74309
  36.50000    3.75112
  37.00000    3.75942
  37.50000    4.10682
  38.00000    4.11562
  38.50000    4.12443
  39.00000    4.13324
  39.50000    4.14205
  40.00000    4.15086
  40.50000    4.15966
  41.00000    4.16847
  41.50000    4.17728
  42.00000    4.18452
  42.50000    4.19097
  43.00000    4.19743
  43.50000    4.20388
  44.00000    4.21034
  44.50000    4.21679
  45.00000    4.22325
  45.50000    4.22971
  46.00000    4.23545
  46.50000    4.23977
  47.00000    4.24409
  47.50000    4.24841
  48.00000    4.25273
  48.50000    4.25705
  49.00000    4.26137
  49.50000    4.26569
  50.00000    4.27000
  50.50000    4.27244
  51.00000    4.27488
  51.50000    4.27731
  52.00000    4.27975
  52.50000    4.28218
  53.00000    4.28462
  53.50000    4.28706
  54.00000    4.28949
  54.50000    4.29085
  55.00000    4.29166
  55.50000    4.29248
  56.00000    4.29329
  56.50000    4.29411
  57.00000    4.29493
  57.50000    4.29574
  58.00000    4.29656
  58.50000    4.29692
  59.00000    4.29638
  59.50000    4.29584
  60.00000    4.29530
  60.50000    4.29476
  61.00000    4.29422
  61.50000    4.29368
  62.00000    4.29314
  62.50000    4.29260
  63.00000    4.29098
  63.50000    4.28936
  64.00000    4.28774
  64.50000    4.28612
  65.00000    4.28450
  65.50000    4.28288
  66.00000    4.28126
  66.50000    4.27964
  67.00000    4.27746
  67.50000    4.27500
  68.00000    4.27254
  68.50000    4.27008
  69.00000    4.26762
  69.50000    4.26516
  70.00000    4.26270
  70.50000    4.26024
  71.00000    4.25759
  71.50000    4.25458
  72.00000    4.25157
  72.50000    4.24856
  73.00000    4.24554
  73.50000    4.24253
  74.00000    4.23952
  74.50000    4.23651
  75.00000    4.23350
  75.50000    4.23018
  76.00000    4.22687
  76.50000    4.22356
  77.00000    4.22025
  77.50000    4.21694
  78.00000    4.21362
  78.50000    4.21031
  79.00000    4.20700
  79.50000    4.20367
  80.00000    4.20034
  80.50000    4.19700
  81.00000    4.19366
  81.50000    4.19033
  82.00000    4.18699
  82.50000    4.18366
  83.00000    4.18032
  83.50000    4.17706
  84.00000    4.17395
  84.50000    4.17084
  85.00000    4.16774
  85.50000    4.16463
  86.00000    4.16152
  86.50000    4.15841
  87.00000    4.15530
  87.50000    4.15220
  88.00000    4.14959
  88.50000    4.14699
  89.00000    4.14438
  89.50000    4.14178
  90.00000    4.13918
  90.50000    4.13657
  91.00000    4.13397
  91.50000    4.13137
  92.00000    4.12923
  92.50000    4.12734
  93.00000    4.12544
  93.50000    4.12355
  94.00000    4.12165
  94.50000    4.11975
  95.00000    4.11786
  95.50000    4.11596
  96.00000    4.11430
  96.50000    4.11311
  97.00000    4.11193
  97.50000    4.11074
  98.00000    4.10955
  98.50000    4.10836
  99.00000    4.10717
  99.50000    4.10599
 100.00000    4.10480
 100.50000    4.10428
 101.00000    4.10377
 101.50000    4.10325
 102.00000    4.10274
 102.50000    4.10222
 103.00000    4.10170
 103.50000    4.10119
 104.00000    4.10067
 104.50000    4.10057
 105.00000    4.10068
 105.50000    4.10079
 106.00000    4.10090
 106.50000    4.10100
 107.00000    4.10111
 107.50000    4.10122
 108.00000    4.10133
 108.50000    4.10163
 109.00000    4.10231
 109.50000    4.10300
 110.00000    4.10368
 110.50000    4.10436
 111.00000    4.10505
 111.50000    4.10573
 112.00000    4.10642
 112.50000    4.10710
 113.00000    4.10831
 113.50000    4.10952
 114.00000    4.11074
 114.50000    4.11195
 115.00000    4.11316
 115.50000    4.11437
 116.00000    4.11559
 116.50000    4.11680
 117.00000    4.11833
 117.50000    4.12002
 118.00000    4.12171
 118.50000    4.12341
 119.00000    4.12510
 119.50000    4.12679
 120.00000    4.12848
 120.50000    4.13017
 121.00000    4.13201
 121.50000    4.13413
 122.00000    4.13626
 122.50000    4.13838
 123.00000    4.14050
 123.50000    4.14263
 124.00000    4.14475
 124.50000    4.14688
 125.00000    4.14900
 125.50000    4.15152
 126.00000    4.15404
 126.50000    4.15656
 127.00000    4.15908
 127.50000    4.16160
 128.00000    4.16412
 128.50000    4.16664
 129.00000    4.16916
 129.50000    4.17190
 130.00000    4.17474
 130.50000    4.17759
 131.00000    4.18043
 131.50000    4.18327
 132.00000    4.18612
 132.50000    4.18896
 133.00000    4.19181
 133.50000    4.19475
 134.00000    4.19789
 134.50000    4.20104
 135.00000    4.20418
 135.50000    4.20733
 136.00000    4.21047
 136.50000    4.21361
 137.00000    4.21676
 137.50000    4.21990
 138.00000    4.22330
 138.50000    4.22669
 139.00000    4.23009
 139.50000    4.23349
 140.00000    4.23688
 140.50000    4.24028
 141.00000    4.24368
 141.50000    4.24707
 142.00000    4.25060
 142.50000    4.25418
 143.00000    4.25777
 143.50000    4.26136
 144.00000    4.26495
 144.50000    4.26854
 145.00000    4.27212
 145.50000    4.27571
 146.00000    4.27935
 146.50000    4.28308
 147.00000    4.28681
 147.50000    4.29054
 148.00000    4.29427
 148.50000    4.29800
 149.00000    4.30174
 149.50000    4.30547
 150.00000    4.30920
