   0.00000    0.89360
   0.50000    1.55823
   1.00000    2.96853
   1.50000    3.00203
   2.00000    3.03472
   2.50000    3.06520
   3.00000    3.09569
   3.50000    3.12318
   4.00000    3.15061
   4.50000    3.17609
   5.00000    3.20067
   5.50000    3.22418
   6.00000    3.24606
   6.50000    3.26767
   7.00000    3.28707
   7.50000    3.30646
   8.00000    3.32395
   8.50000    3.34103
   9.00000    3.35697
   9.50000    3.37191
  10.00000    3.38639
  10.50000    3.39940
  11.00000    3.41242
  11.50000    3.42373
  12.00000    3.43496
  12.50000    3.44515
  13.00000    3.45480
  13.50000    3.46394
  14.00000    3.47219
  14.50000    3.48035
  15.00000    3.48738
  15.50000    3.49441
  16.00000    3.50061
  16.50000    3.50660
  17.00000    3.51219
  17.50000    3.51739
  18.00000    3.52243
  18.50000    3.52688
  19.00000    3.53134
  19.50000    3.53539
  20.00000    3.53941
  20.50000    3.54326
  21.00000    3.54702
  21.50000    3.55071
  22.00000    3.55429
  22.50000    3.55788
  23.00000    3.56155
  23.50000    3.56522
  24.00000    3.56908
  24.50000    3.57301
  25.00000    3.57715
  25.50000    3.58152
  26.00000    3.58599
  26.50000    3.59097
  27.00000    3.59595
  27.50000    3.60163
  28.00000    3.60739
  28.50000    3.61376
  29.00000    3.62053
  29.50000    3.62766
  30.00000    3.63561
  30.50000    3.64358
  31.00000    3.65284
  31.50000    3.66210
  32.00000    3.67251
  32.50000    3.68334
  33.00000    3.69490
  33.50000    3.70739
  34.00000    4.38917
  34.50000    4.38164
  35.00000    4.37412
  35.50000    4.36659
  36.00000    4.35906
  36.50000    4.35154
  37.00000    4.34401
  37.50000    4.33648
  38.00000    4.32896
  38.50000    4.32229
  39.00000    4.31613
  39.50000    4.30997
  40.00000    4.30380
  40.50000    4.29764
  41.00000    4.29147
  41.50000    4.28531
  42.00000    4.27914
  42.50000    4.27313
  43.00000    4.26827
  43.50000    4.26341
  44.00000    4.25855
  44.50000    4.25369
  45.00000    4.24883
  45.50000    4.24397
  46.00000    4.23910
  46.50000    4.23424
  47.00000    4.23008
  47.50000    4.22638
  48.00000    4.22268
  48.50000    4.21898
  49.00000    4.21529
  49.50000    4.21159
  50.00000    4.20789
  50.50000    4.20419
  51.00000    4.20058
  51.50000    4.19790
  52.00000    4.19522
  52.50000    4.19254
  53.00000    4.18987
  53.50000    4.18719
  54.00000    4.18451
  54.50000    4.18184
  55.00000    4.17916
  55.50000    4.17699
  56.00000    4.17520
  56.50000    4.17342
  57.00000    4.17163
  57.50000    4.16985
  58.00000    4.16806
  58.50000    4.16628
  59.00000    4.16450
  59.50000    4.16275
  60.00000    4.16173
  60.50000    4.16071
  61.00000    4.15968
  61.50000    4.15866
  62.00000    4.15764
  62.50000    4.15662
  63.00000    4.15560
  63.50000    4.15458
  64.00000    4.15389
  64.50000    4.15349
  65.00000    4.15309
  65.50000    4.15269
  66.00000    4.15229
  66.50000    4.15189
  67.00000    4.15149
  67.50000    4.15109
  68.00000    4.15070
  68.50000    4.15078
  69.00000    4.15087
  69.50000    4.15095
  70.00000    4.15103
  70.50000    4.15111
  71.00000    4.15119
  71.50000    4.15128
  72.00000    4.15136
  72.50000    4.15162
  73.00000    4.15205
  73.50000    4.15249
  74.00000    4.15292
  74.50000    4.15336
  75.00000    4.15379
  75.50000    4.15422
  76.00000    4.15466
  76.50000    4.15509
  77.00000    4.15574
  77.50000    4.15638
  78.00000    4.15703
  78.50000    4.15767
  79.00000    4.15832
  79.50000    4.15896
  80.00000    4.15961
  80.50000    4.16026
  81.00000    4.16094
  81.50000    4.16167
  82.00000    4.16240
  82.50000    4.16312
  83.00000    4.16385
  83.50000    4.16458
  84.00000    4.16531
  84.50000    4.16604
  85.00000    4.16676
  85.50000    4.16744
  86.00000    4.16811
  86.50000    4.16877
  87.00000    4.16944
  87.50000    4.17011
  88.00000    4.17078
  88.50000    4.17145
  89.00000    4.17212
  89.50000    4.17272
  90.00000    4.17324
  90.50000    4.17376
  91.00000    4.17427
  91.50000    4.17479
  92.00000    4.17531
  92.50000    4.17582
  93.00000    4.17634
  93.50000    4.17686
  94.00000    4.17723
  94.50000    4.17760
  95.00000    4.17796
  95.50000    4.17833
  96.00000    4.17869
  96.50000    4.17905
  97.00000    4.17942
  97.50000    4.17978
  98.00000    4.18010
  98.50000    4.18035
  99.00000    4.18059
  99.50000    4.18084
 100.00000    4.18109
 100.50000    4.18133
 101.00000    4.18158
 101.50000    4.18182
 102.00000    4.18207
 102.50000    4.18226
 103.00000    4.18243
 103.50000    4.18261
 104.00000    4.18278
 104.50000    4.18296
 105.00000    4.18314
 105.50000    4.18331
 106.00000    4.18349
 106.50000    4.18365
 107.00000    4.18378
 107.50000    4.18391
 108.00000    4.18403
 108.50000    4.18416
 109.00000    4.18429
 109.50000    4.18442
 110.00000    4.18455
 110.50000    4.18468
 111.00000    4.18482
 111.50000    4.18496
 112.00000    4.18510
 112.50000    4.18524
 113.00000    4.18538
 113.50000    4.18552
 114.00000    4.18567
 114.50000    4.18581
 115.00000    4.18596
 115.50000    4.18613
 116.00000    4.18631
 116.50000    4.18649
 117.00000    4.18666
 117.50000    4.18684
 118.00000    4.18702
 118.50000    4.18719
 119.00000    4.18737
 119.50000    4.18760
 120.00000    4.18785
 120.50000    4.18809
 121.00000    4.18834
 121.50000    4.18859
 122.00000    4.18883
 122.50000    4.18908
 123.00000    4.18933
 123.50000    4.18961
 124.00000    4.18997
 124.50000    4.19034
 125.00000    4.19070
 125.50000    4.19107
 126.00000    4.19143
 126.50000    4.19179
 127.00000    4.19216
 127.50000    4.19252
 128.00000    4.19300
 128.50000    4.19352
 129.00000    4.19404
 129.50000    4.19455
 130.00000    4.19507
 130.50000    4.19559
 131.00000    4.19610
 131.50000    4.19662
 132.00000    4.19719
 132.50000    4.19789
 133.00000    4.19860
 133.50000    4.19930
 134.00000    4.20001
 134.50000    4.20071
 135.00000    4.20141
 135.50000    4.20212
 136.00000    4.20282
 136.50000    4.20370
 137.00000    4.20464
 137.50000    4.20558
 138.00000    4.20652
 138.50000    4.20746
 139.00000    4.20840
 139.50000    4.20934
 140.00000    4.21028
 140.50000    4.21128
 141.00000    4.21248
 141.50000    4.21368
 142.00000    4.21487
 142.50000    4.21607
 143.00000    4.21727
 143.50000    4.21846
 144.00000    4.21966
 144.50000    4.22086
 145.00000    4.22228
 145.50000    4.22378
 146.00000    4.22528
 146.50000    4.22679
 147.00000    4.22829
 147.50000    4.22979
 148.00000    4.23129
 148.50000    4.23280
 149.00000    4.23437
 149.50000    4.23621
 150.00000    4.23806
