   0.00000    1.19350
   0.50000    1.41379
   1.00000    1.63408
   1.50000    1.85438
   2.00000    2.07467
   2.50000    2.29496
   3.00000    2.51525
   3.50000    3.41172
   4.00000    3.42634
   4.50000    3.44096
   5.00000    3.45514
   5.50000    3.46861
   6.00000    3.48208
   6.50000    3.49495
   7.00000    3.50726
   7.50000    3.51958
   8.00000    3.53124
   8.50000    3.54254
   9.00000    3.55385
   9.50000    3.56441
  10.00000    3.57477
  10.50000    3.58514
  11.00000    3.59473
  11.50000    3.60425
  12.00000    3.61373
  12.50000    3.62253
  13.00000    3.63132
  13.50000    3.63999
  14.00000    3.64812
  14.50000    3.65625
  15.00000    3.66421
  15.50000    3.67181
  16.00000    3.67942
  16.50000    3.68680
  17.00000    3.69392
  17.50000    3.70104
  18.00000    3.70797
  18.50000    3.71478
  19.00000    3.72158
  19.50000    3.72816
  20.00000    3.73465
  20.50000    3.74114
  21.00000    3.74751
  21.50000    3.75386
  22.00000    3.76021
  22.50000    3.76649
  23.00000    3.77277
  23.50000    3.77906
  24.00000    3.78538
  24.50000    3.79169
  25.00000    3.79805
  25.50000    3.80450
  26.00000    3.81096
  26.50000    3.81750
  27.00000    3.82416
  27.50000    3.83083
  28.00000    3.83766
  28.50000    3.84464
  29.00000    3.85162
  29.50000    3.85888
  30.00000    3.86628
  30.50000    3.87368
  31.00000    3.88147
  31.50000    3.88936
  32.00000    3.89725
  32.50000    3.90572
  33.00000    3.91424
  33.50000    3.92281
  34.00000    3.93202
  34.50000    3.94123
  35.00000    3.95062
  35.50000    3.96063
  36.00000    3.97065
  36.50000    3.98097
  37.00000    3.99190
  37.50000    4.00282
  38.00000    4.01421
  38.50000    4.02611
  39.00000    4.03801
  39.50000    4.05058
  40.00000    4.06356
  40.50000    4.07654
  41.00000    4.09044
  41.50000    4.10464
  42.00000    4.11884
  42.50000    4.13415
  43.00000    4.14961
  43.50000    4.16509
  44.00000    4.18181
  44.50000    4.19853
  45.00000    4.51300
  45.50000    4.51431
  46.00000    4.51561
  46.50000    4.51692
  47.00000    4.51823
  47.50000    4.51954
  48.00000    4.52085
  48.50000    4.52215
  49.00000    4.52347
  49.50000    4.52484
  50.00000    4.52621
  50.50000    4.52759
  51.00000    4.52896
  51.50000    4.53033
  52.00000    4.53170
  52.50000    4.53307
  53.00000    4.53445
  53.50000    4.53586
  54.00000    4.53726
  54.50000    4.53867
  55.00000    4.54008
  55.50000    4.54149
  56.00000    4.54290
  56.50000    4.54431
  57.00000    4.54572
  57.50000    4.54716
  58.00000    4.54859
  58.50000    4.55002
  59.00000    4.55146
  59.50000    4.55289
  60.00000    4.55432
  60.50000    4.55576
  61.00000    4.55720
  61.50000    4.55866
  62.00000    4.56012
  62.50000    4.56157
  63.00000    4.56303
  63.50000    4.56449
  64.00000    4.56595
  64.50000    4.56741
  65.00000    4.56887
  65.50000    4.57033
  66.00000    4.57178
  66.50000    4.57324
  67.00000    4.57470
  67.50000    4.57616
  68.00000    4.57762
  68.50000    4.57908
  69.00000    4.58054
  69.50000    4.58200
  70.00000    4.58345
  70.50000    4.58491
  71.00000    4.58637
  71.50000    4.58783
  72.00000    4.58929
  72.50000    4.59075
  73.00000    4.59220
  73.50000    4.59365
  74.00000    4.59509
  74.50000    4.59654
  75.00000    4.59798
  75.50000    4.59943
  76.00000    4.60088
  76.50000    4.60232
  77.00000    4.60375
  77.50000    4.60518
  78.00000    4.60660
  78.50000    4.60802
  79.00000    4.60944
  79.50000    4.61086
  80.00000    4.61228
  80.50000    4.61370
  81.00000    4.61511
  81.50000    4.61650
  82.00000    4.61790
  82.50000    4.61929
  83.00000    4.62069
  83.50000    4.62209
  84.00000    4.62348
  84.50000    4.62488
  85.00000    4.62625
  85.50000    4.62761
  86.00000    4.62897
  86.50000    4.63032
  87.00000    4.63168
  87.50000    4.63304
  88.00000    4.63440
  88.50000    4.63576
  89.00000    4.63707
  89.50000    4.63837
  90.00000    4.63966
  90.50000    4.64096
  91.00000    4.64225
  91.50000    4.64355
  92.00000    4.64484
  92.50000    4.64614
  93.00000    4.64739
  93.50000    4.64862
  94.00000    4.64985
  94.50000    4.65108
  95.00000    4.65232
  95.50000    4.65355
  96.00000    4.65478
  96.50000    4.65601
  97.00000    4.65720
  97.50000    4.65837
  98.00000    4.65954
  98.50000    4.66071
  99.00000    4.66188
  99.50000    4.66305
 100.00000    4.66422
 100.50000    4.66538
 101.00000    4.66649
 101.50000    4.66759
 102.00000    4.66868
 102.50000    4.66977
 103.00000    4.67087
 103.50000    4.67196
 104.00000    4.67306
 104.50000    4.67415
 105.00000    4.67518
 105.50000    4.67620
 106.00000    4.67722
 106.50000    4.67823
 107.00000    4.67925
 107.50000    4.68027
 108.00000    4.68129
 108.50000    4.68231
 109.00000    4.68326
 109.50000    4.68420
 110.00000    4.68514
 110.50000    4.68609
 111.00000    4.68703
 111.50000    4.68797
 112.00000    4.68892
 112.50000    4.68986
 113.00000    4.69073
 113.50000    4.69160
 114.00000    4.69247
 114.50000    4.69333
 115.00000    4.69420
 115.50000    4.69507
 116.00000    4.69594
 116.50000    4.69680
 117.00000    4.69760
 117.50000    4.69839
 118.00000    4.69918
 118.50000    4.69997
 119.00000    4.70076
 119.50000    4.70156
 120.00000    4.70235
 120.50000    4.70314
 121.00000    4.70385
 121.50000    4.70457
 122.00000    4.70529
 122.50000    4.70600
 123.00000    4.70672
 123.50000    4.70744
 124.00000    4.70815
 124.50000    4.70887
 125.00000    4.70952
 125.50000    4.71017
 126.00000    4.71083
 126.50000    4.71148
 127.00000    4.71214
 127.50000    4.71279
 128.00000    4.71344
 128.50000    4.71408
 129.00000    4.71465
 129.50000    4.71522
 130.00000    4.71578
 130.50000    4.71635
 131.00000    4.71691
 131.50000    4.71748
 132.00000    4.71804
 132.50000    4.71860
 133.00000    4.71909
 133.50000    4.71958
 134.00000    4.72007
 134.50000    4.72056
 135.00000    4.72105
 135.50000    4.72154
 136.00000    4.72203
 136.50000    4.72250
 137.00000    4.72292
 137.50000    4.72333
 138.00000    4.72375
 138.50000    4.72416
 139.00000    4.72458
 139.50000    4.72499
 140.00000    4.72541
 140.50000    4.72580
 141.00000    4.72614
 141.50000    4.72648
 142.00000    4.72682
 142.50000    4.72716
 143.00000    4.72750
 143.50000    4.72784
 144.00000    4.72817
 144.50000    4.72849
 145.00000    4.72875
 145.50000    4.72902
 146.00000    4.72928
 146.50000    4.72955
 147.00000    4.72981
 147.50000    4.73007
 148.00000    4.73034
 148.50000    4.73057
 149.00000    4.73074
 149.50000    4.73092
 150.00000    4.73110
