   0.00000    1.38650
   0.50000    3.08787
   1.00000    3.11042
   1.50000    3.13297
   2.00000    3.15437
   2.50000    3.17565
   3.00000    3.19630
   3.50000    3.21624
   4.00000    3.23614
   4.50000    3.25480
   5.00000    3.27346
   5.50000    3.29142
   6.00000    3.30885
   6.50000    3.32614
   7.00000    3.34251
   7.50000    3.35888
   8.00000    3.37452
   8.50000    3.38982
   9.00000    3.40490
   9.50000    3.41931
  10.00000    3.43372
  10.50000    3.44736
  11.00000    3.46083
  11.50000    3.47403
  12.00000    3.48676
  12.50000    3.49948
  13.00000    3.51150
  13.50000    3.52345
  14.00000    3.53513
  14.50000    3.54650
  15.00000    3.55786
  15.50000    3.56863
  16.00000    3.57939
  16.50000    3.58989
  17.00000    3.60020
  17.50000    3.61045
  18.00000    3.62036
  18.50000    3.63026
  19.00000    3.63997
  19.50000    3.64958
  20.00000    3.65913
  20.50000    3.66846
  21.00000    3.67779
  21.50000    3.68702
  22.00000    3.69623
  22.50000    3.70539
  23.00000    3.71448
  23.50000    3.72357
  24.00000    3.73265
  24.50000    3.74174
  25.00000    3.75086
  25.50000    3.76003
  26.00000    3.76921
  26.50000    3.77854
  27.00000    3.78787
  27.50000    3.79735
  28.00000    3.80692
  28.50000    3.81655
  29.00000    3.82641
  29.50000    3.83627
  30.00000    3.84643
  30.50000    3.85670
  31.00000    3.86710
  31.50000    3.87782
  32.00000    3.88854
  32.50000    3.89971
  33.00000    3.91096
  33.50000    3.92247
  34.00000    3.93438
  34.50000    3.94629
  35.00000    3.95881
  35.50000    3.97138
  36.00000    4.27507
  36.50000    4.27621
  37.00000    4.27735
  37.50000    4.27849
  38.00000    4.27963
  38.50000    4.28077
  39.00000    4.28190
  39.50000    4.28304
  40.00000    4.28416
  40.50000    4.28495
  41.00000    4.28575
  41.50000    4.28655
  42.00000    4.28734
  42.50000    4.28814
  43.00000    4.28893
  43.50000    4.28973
  44.00000    4.29052
  44.50000    4.29112
  45.00000    4.29160
  45.50000    4.29209
  46.00000    4.29258
  46.50000    4.29306
  47.00000    4.29355
  47.50000    4.29404
  48.00000    4.29452
  48.50000    4.29495
  49.00000    4.29518
  49.50000    4.29540
  50.00000    4.29563
  50.50000    4.29585
  51.00000    4.29608
  51.50000    4.29630
  52.00000    4.29653
  52.50000    4.29676
  53.00000    4.29681
  53.50000    4.29682
  54.00000    4.29683
  54.50000    4.29685
  55.00000    4.29686
  55.50000    4.29687
  56.00000    4.29688
  56.50000    4.29689
  57.00000    4.29685
  57.50000    4.29670
  58.00000    4.29656
  58.50000    4.29642
  59.00000    4.29628
  59.50000    4.29613
  60.00000    4.29599
  60.50000    4.29585
  61.00000    4.29571
  61.50000    4.29546
  62.00000    4.29521
  62.50000    4.29496
  63.00000    4.29471
  63.50000    4.29446
  64.00000    4.29421
  64.50000    4.29397
  65.00000    4.29372
  65.50000    4.29343
  66.00000    4.29311
  66.50000    4.29279
  67.00000    4.29247
  67.50000    4.29215
  68.00000    4.29183
  68.50000    4.29150
  69.00000    4.29118
  69.50000    4.29086
  70.00000    4.29053
  70.50000    4.29020
  71.00000    4.28987
  71.50000    4.28953
  72.00000    4.28920
  72.50000    4.28887
  73.00000    4.28854
  73.50000    4.28820
  74.00000    4.28790
  74.50000    4.28760
  75.00000    4.28730
  75.50000    4.28700
  76.00000    4.28671
  76.50000    4.28641
  77.00000    4.28611
  77.50000    4.28582
  78.00000    4.28554
  78.50000    4.28533
  79.00000    4.28512
  79.50000    4.28490
  80.00000    4.28469
  80.50000    4.28447
  81.00000    4.28426
  81.50000    4.28405
  82.00000    4.28383
  82.50000    4.28373
  83.00000    4.28365
  83.50000    4.28356
  84.00000    4.28348
  84.50000    4.28340
  85.00000    4.28331
  85.50000    4.28323
  86.00000    4.28315
  86.50000    4.28314
  87.00000    4.28323
  87.50000    4.28333
  88.00000    4.28342
  88.50000    4.28352
  89.00000    4.28361
  89.50000    4.28371
  90.00000    4.28380
  90.50000    4.28390
  91.00000    4.28421
  91.50000    4.28452
  92.00000    4.28483
  92.50000    4.28513
  93.00000    4.28544
  93.50000    4.28575
  94.00000    4.28606
  94.50000    4.28637
  95.00000    4.28680
  95.50000    4.28732
  96.00000    4.28785
  96.50000    4.28837
  97.00000    4.28889
  97.50000    4.28941
  98.00000    4.28993
  98.50000    4.29046
  99.00000    4.29101
  99.50000    4.29172
 100.00000    4.29243
 100.50000    4.29315
 101.00000    4.29386
 101.50000    4.29457
 102.00000    4.29528
 102.50000    4.29600
 103.00000    4.29671
 103.50000    4.29755
 104.00000    4.29844
 104.50000    4.29933
 105.00000    4.30022
 105.50000    4.30111
 106.00000    4.30200
 106.50000    4.30289
 107.00000    4.30378
 107.50000    4.30472
 108.00000    4.30575
 108.50000    4.30678
 109.00000    4.30782
 109.50000    4.30885
 110.00000    4.30988
 110.50000    4.31091
 111.00000    4.31195
 111.50000    4.31298
 112.00000    4.31414
 112.50000    4.31531
 113.00000    4.31649
 113.50000    4.31766
 114.00000    4.31884
 114.50000    4.32001
 115.00000    4.32119
 115.50000    4.32237
 116.00000    4.32360
 116.50000    4.32489
 117.00000    4.32618
 117.50000    4.32748
 118.00000    4.32877
 118.50000    4.33007
 119.00000    4.33136
 119.50000    4.33265
 120.00000    4.33395
 120.50000    4.33534
 121.00000    4.33673
 121.50000    4.33812
 122.00000    4.33951
 122.50000    4.34090
 123.00000    4.34229
 123.50000    4.34368
 124.00000    4.34506
 124.50000    4.34650
 125.00000    4.34798
 125.50000    4.34945
 126.00000    4.35092
 126.50000    4.35239
 127.00000    4.35387
 127.50000    4.35534
 128.00000    4.35681
 128.50000    4.35829
 129.00000    4.35983
 129.50000    4.36136
 130.00000    4.36289
 130.50000    4.36442
 131.00000    4.36595
 131.50000    4.36748
 132.00000    4.36901
 132.50000    4.37054
 133.00000    4.37211
 133.50000    4.37369
 134.00000    4.37527
 134.50000    4.37685
 135.00000    4.37843
 135.50000    4.38001
 136.00000    4.38159
 136.50000    4.38317
 137.00000    4.38475
 137.50000    4.38636
 138.00000    4.38796
 138.50000    4.38956
 139.00000    4.39116
 139.50000    4.39277
 140.00000    4.39437
 140.50000    4.39597
 141.00000    4.39757
 141.50000    4.39918
 142.00000    4.40078
 142.50000    4.40238
 143.00000    4.40399
 143.50000    4.40559
 144.00000    4.40719
 144.50000    4.40880
 145.00000    4.41040
 145.50000    4.41200
 146.00000    4.41359
 146.50000    4.41518
 147.00000    4.41677
 147.50000    4.41836
 148.00000    4.41995
 148.50000    4.42154
 149.00000    4.42313
 149.50000    4.42472
 150.00000    4.42629
