   0.00000    0.58510
   0.50000    1.21622
   1.00000    1.84734
   1.50000    3.47368
   2.00000    3.48314
   2.50000    3.49260
   3.00000    3.50184
   3.50000    3.51082
   4.00000    3.51979
   4.50000    3.52858
   5.00000    3.53707
   5.50000    3.54556
   6.00000    3.55392
   6.50000    3.56202
   7.00000    3.57012
   7.50000    3.57811
   8.00000    3.58579
   8.50000    3.59346
   9.00000    3.60108
   9.50000    3.60843
  10.00000    3.61578
  10.50000    3.62311
  11.00000    3.63020
  11.50000    3.63729
  12.00000    3.64438
  12.50000    3.65120
  13.00000    3.65803
  13.50000    3.66486
  14.00000    3.67154
  14.50000    3.67821
  15.00000    3.68487
  15.50000    3.69143
  16.00000    3.69796
  16.50000    3.70450
  17.00000    3.71096
  17.50000    3.71740
  18.00000    3.72384
  18.50000    3.73028
  19.00000    3.73671
  19.50000    3.74315
  20.00000    3.74959
  20.50000    3.75603
  21.00000    3.76247
  21.50000    3.76895
  22.00000    3.77545
  22.50000    3.78195
  23.00000    3.78852
  23.50000    3.79515
  24.00000    3.80179
  24.50000    3.80849
  25.00000    3.81529
  25.50000    3.82208
  26.00000    3.82897
  26.50000    3.83602
  27.00000    3.84308
  27.50000    3.85020
  28.00000    3.85748
  28.50000    3.86476
  29.00000    3.87211
  29.50000    3.87972
  30.00000    3.88733
  30.50000    3.89498
  31.00000    3.90298
  31.50000    3.91098
  32.00000    3.91899
  32.50000    3.92742
  33.00000    3.93584
  33.50000    3.94426
  34.00000    3.95312
  34.50000    3.96200
  35.00000    3.97088
  35.50000    3.98024
  36.00000    3.98967
  36.50000    3.99910
  37.00000    4.00898
  37.50000    4.01897
  38.00000    4.02895
  38.50000    4.03939
  39.00000    4.04999
  39.50000    4.06059
  40.00000    4.07164
  40.50000    4.08293
  41.00000    4.09421
  41.50000    4.10591
  42.00000    4.11791
  42.50000    4.12991
  43.00000    4.14231
  43.50000    4.15509
  44.00000    4.16787
  44.50000    4.18097
  45.00000    4.19450
  45.50000    4.20803
  46.00000    4.42916
  46.50000    4.43878
  47.00000    4.44841
  47.50000    4.45803
  48.00000    4.46766
  48.50000    4.47728
  49.00000    4.48691
  49.50000    4.49653
  50.00000    4.50550
  50.50000    4.51369
  51.00000    4.52187
  51.50000    4.53005
  52.00000    4.53823
  52.50000    4.54642
  53.00000    4.55460
  53.50000    4.56278
  54.00000    4.57020
  54.50000    4.57698
  55.00000    4.58376
  55.50000    4.59054
  56.00000    4.59732
  56.50000    4.60410
  57.00000    4.61087
  57.50000    4.61765
  58.00000    4.62363
  58.50000    4.62916
  59.00000    4.63469
  59.50000    4.64021
  60.00000    4.64574
  60.50000    4.65127
  61.00000    4.65680
  61.50000    4.66232
  62.00000    4.66701
  62.50000    4.67138
  63.00000    4.67576
  63.50000    4.68013
  64.00000    4.68451
  64.50000    4.68889
  65.00000    4.69326
  65.50000    4.69764
  66.00000    4.70117
  66.50000    4.70452
  67.00000    4.70787
  67.50000    4.71122
  68.00000    4.71457
  68.50000    4.71793
  69.00000    4.72128
  69.50000    4.72463
  70.00000    4.72718
  70.50000    4.72966
  71.00000    4.73214
  71.50000    4.73462
  72.00000    4.73709
  72.50000    4.73957
  73.00000    4.74205
  73.50000    4.74452
  74.00000    4.74623
  74.50000    4.74794
  75.00000    4.74964
  75.50000    4.75135
  76.00000    4.75306
  76.50000    4.75477
  77.00000    4.75647
  77.50000    4.75811
  78.00000    4.75917
  78.50000    4.76024
  79.00000    4.76130
  79.50000    4.76236
  80.00000    4.76342
  80.50000    4.76449
  81.00000    4.76555
  81.50000    4.76651
  82.00000    4.76708
  82.50000    4.76765
  83.00000    4.76822
  83.50000    4.76879
  84.00000    4.76936
  84.50000    4.76993
  85.00000    4.77050
  85.50000    4.77095
  86.00000    4.77111
  86.50000    4.77128
  87.00000    4.77144
  87.50000    4.77161
  88.00000    4.77177
  88.50000    4.77193
  89.00000    4.77210
  89.50000    4.77217
  90.00000    4.77209
  90.50000    4.77202
  91.00000    4.77194
  91.50000    4.77187
  92.00000    4.77179
  92.50000    4.77172
  93.00000    4.77164
  93.50000    4.77150
  94.00000    4.77128
  94.50000    4.77107
  95.00000    4.77085
  95.50000    4.77064
  96.00000    4.77042
  96.50000    4.77021
  97.00000    4.76999
  97.50000    4.76976
  98.00000    4.76950
  98.50000    4.76925
  99.00000    4.76900
  99.50000    4.76874
 100.00000    4.76849
 100.50000    4.76824
 101.00000    4.76798
 101.50000    4.76773
 102.00000    4.76748
 102.50000    4.76723
 103.00000    4.76697
 103.50000    4.76672
 104.00000    4.76647
 104.50000    4.76621
 105.00000    4.76596
 105.50000    4.76570
 106.00000    4.76543
 106.50000    4.76517
 107.00000    4.76490
 107.50000    4.76464
 108.00000    4.76437
 108.50000    4.76410
 109.00000    4.76384
 109.50000    4.76356
 110.00000    4.76328
 110.50000    4.76301
 111.00000    4.76273
 111.50000    4.76245
 112.00000    4.76217
 112.50000    4.76189
 113.00000    4.76162
 113.50000    4.76131
 114.00000    4.76101
 114.50000    4.76071
 115.00000    4.76040
 115.50000    4.76010
 116.00000    4.75979
 116.50000    4.75949
 117.00000    4.75919
 117.50000    4.75884
 118.00000    4.75850
 118.50000    4.75816
 119.00000    4.75782
 119.50000    4.75748
 120.00000    4.75714
 120.50000    4.75680
 121.00000    4.75645
 121.50000    4.75610
 122.00000    4.75574
 122.50000    4.75539
 123.00000    4.75504
 123.50000    4.75468
 124.00000    4.75433
 124.50000    4.75397
 125.00000    4.75361
 125.50000    4.75322
 126.00000    4.75283
 126.50000    4.75244
 127.00000    4.75204
 127.50000    4.75165
 128.00000    4.75126
 128.50000    4.75087
 129.00000    4.75047
 129.50000    4.75005
 130.00000    4.74963
 130.50000    4.74921
 131.00000    4.74880
 131.50000    4.74838
 132.00000    4.74796
 132.50000    4.74755
 133.00000    4.74711
 133.50000    4.74664
 134.00000    4.74617
 134.50000    4.74570
 135.00000    4.74524
 135.50000    4.74477
 136.00000    4.74430
 136.50000    4.74383
 137.00000    4.74334
 137.50000    4.74284
 138.00000    4.74233
 138.50000    4.74183
 139.00000    4.74132
 139.50000    4.74081
 140.00000    4.74031
 140.50000    4.73980
 141.00000    4.73926
 141.50000    4.73869
 142.00000    4.73812
 142.50000    4.73755
 143.00000    4.73698
 143.50000    4.73641
 144.00000    4.73584
 144.50000    4.73528
 145.00000    4.73469
 145.50000    4.73409
 146.00000    4.73350
 146.50000    4.73291
 147.00000    4.73231
 147.50000    4.73172
 148.00000    4.73112
 148.50000    4.73053
 149.00000    4.72987
 149.50000    4.72920
 150.00000    4.72853
