   0.00000    1.48530
   0.50000    1.80356
   1.00000    2.12182
   1.50000    2.44008
   2.00000    3.42229
   2.50000    3.43347
   3.00000    3.44464
   3.50000    3.45570
   4.00000    3.46652
   4.50000    3.47734
   5.00000    3.48808
   5.50000    3.49854
   6.00000    3.50900
   6.50000    3.51941
   7.00000    3.52948
   7.50000    3.53956
   8.00000    3.54961
   8.50000    3.55940
   9.00000    3.56918
   9.50000    3.57896
  10.00000    3.58843
  10.50000    3.59789
  11.00000    3.60735
  11.50000    3.61652
  12.00000    3.62565
  12.50000    3.63479
  13.00000    3.64371
  13.50000    3.65259
  14.00000    3.66147
  14.50000    3.67018
  15.00000    3.67883
  15.50000    3.68748
  16.00000    3.69596
  16.50000    3.70435
  17.00000    3.71274
  17.50000    3.72103
  18.00000    3.72922
  18.50000    3.73742
  19.00000    3.74553
  19.50000    3.75353
  20.00000    3.76153
  20.50000    3.76947
  21.00000    3.77731
  21.50000    3.78515
  22.00000    3.79294
  22.50000    3.80062
  23.00000    3.80830
  23.50000    3.81596
  24.00000    3.82354
  24.50000    3.83112
  25.00000    3.83868
  25.50000    3.84613
  26.00000    3.85359
  26.50000    3.86104
  27.00000    3.86845
  27.50000    3.87587
  28.00000    3.88329
  28.50000    3.89062
  29.00000    3.89794
  29.50000    3.90526
  30.00000    3.91255
  30.50000    3.91984
  31.00000    3.92713
  31.50000    3.93442
  32.00000    3.94171
  32.50000    3.94899
  33.00000    3.95626
  33.50000    3.96352
  34.00000    3.97077
  34.50000    3.97807
  35.00000    3.98539
  35.50000    3.99271
  36.00000    4.00005
  36.50000    4.00740
  37.00000    4.01475
  37.50000    4.02213
  38.00000    4.02955
  38.50000    4.03697
  39.00000    4.04442
  39.50000    4.05193
  40.00000    4.05945
  40.50000    4.06700
  41.00000    4.07464
  41.50000    4.08228
  42.00000    4.08995
  42.50000    4.09772
  43.00000    4.10550
  43.50000    4.11328
  44.00000    4.12118
  44.50000    4.12909
  45.00000    4.13699
  45.50000    4.14502
  46.00000    4.15306
  46.50000    4.16109
  47.00000    4.43328
  47.50000    4.43968
  48.00000    4.44609
  48.50000    4.45249
  49.00000    4.45890
  49.50000    4.46530
  50.00000    4.47171
  50.50000    4.47809
  51.00000    4.48323
  51.50000    4.48836
  52.00000    4.49349
  52.50000    4.49863
  53.00000    4.50376
  53.50000    4.50890
  54.00000    4.51403
  54.50000    4.51899
  55.00000    4.52297
  55.50000    4.52695
  56.00000    4.53093
  56.50000    4.53490
  57.00000    4.53888
  57.50000    4.54286
  58.00000    4.54684
  58.50000    4.55051
  59.00000    4.55343
  59.50000    4.55634
  60.00000    4.55925
  60.50000    4.56216
  61.00000    4.56507
  61.50000    4.56798
  62.00000    4.57089
  62.50000    4.57343
  63.00000    4.57543
  63.50000    4.57744
  64.00000    4.57945
  64.50000    4.58146
  65.00000    4.58347
  65.50000    4.58547
  66.00000    4.58748
  66.50000    4.58908
  67.00000    4.59032
  67.50000    4.59157
  68.00000    4.59281
  68.50000    4.59406
  69.00000    4.59530
  69.50000    4.59655
  70.00000    4.59779
  70.50000    4.59859
  71.00000    4.59918
  71.50000    4.59976
  72.00000    4.60035
  72.50000    4.60093
  73.00000    4.60152
  73.50000    4.60210
  74.00000    4.60269
  74.50000    4.60287
  75.00000    4.60296
  75.50000    4.60305
  76.00000    4.60314
  76.50000    4.60323
  77.00000    4.60332
  77.50000    4.60341
  78.00000    4.60349
  78.50000    4.60323
  79.00000    4.60293
  79.50000    4.60264
  80.00000    4.60235
  80.50000    4.60206
  81.00000    4.60177
  81.50000    4.60147
  82.00000    4.60116
  82.50000    4.60063
  83.00000    4.60010
  83.50000    4.59956
  84.00000    4.59903
  84.50000    4.59850
  85.00000    4.59796
  85.50000    4.59743
  86.00000    4.59688
  86.50000    4.59625
  87.00000    4.59563
  87.50000    4.59501
  88.00000    4.59439
  88.50000    4.59376
  89.00000    4.59314
  89.50000    4.59252
  90.00000    4.59190
  90.50000    4.59131
  91.00000    4.59071
  91.50000    4.59011
  92.00000    4.58951
  92.50000    4.58892
  93.00000    4.58832
  93.50000    4.58772
  94.00000    4.58720
  94.50000    4.58675
  95.00000    4.58631
  95.50000    4.58586
  96.00000    4.58542
  96.50000    4.58497
  97.00000    4.58453
  97.50000    4.58408
  98.00000    4.58381
  98.50000    4.58366
  99.00000    4.58350
  99.50000    4.58335
 100.00000    4.58320
 100.50000    4.58305
 101.00000    4.58289
 101.50000    4.58274
 102.00000    4.58277
 102.50000    4.58288
 103.00000    4.58298
 103.50000    4.58308
 104.00000    4.58318
 104.50000    4.58328
 105.00000    4.58338
 105.50000    4.58349
 106.00000    4.58379
 106.50000    4.58414
 107.00000    4.58448
 107.50000    4.58482
 108.00000    4.58517
 108.50000    4.58551
 109.00000    4.58585
 109.50000    4.58619
 110.00000    4.58674
 110.50000    4.58728
 111.00000    4.58783
 111.50000    4.58838
 112.00000    4.58892
 112.50000    4.58947
 113.00000    4.59002
 113.50000    4.59058
 114.00000    4.59129
 114.50000    4.59201
 115.00000    4.59272
 115.50000    4.59343
 116.00000    4.59414
 116.50000    4.59485
 117.00000    4.59556
 117.50000    4.59631
 118.00000    4.59715
 118.50000    4.59798
 119.00000    4.59882
 119.50000    4.59966
 120.00000    4.60050
 120.50000    4.60134
 121.00000    4.60218
 121.50000    4.60306
 122.00000    4.60401
 122.50000    4.60497
 123.00000    4.60592
 123.50000    4.60687
 124.00000    4.60783
 124.50000    4.60878
 125.00000    4.60973
 125.50000    4.61072
 126.00000    4.61175
 126.50000    4.61278
 127.00000    4.61381
 127.50000    4.61484
 128.00000    4.61587
 128.50000    4.61690
 129.00000    4.61793
 129.50000    4.61898
 130.00000    4.62003
 130.50000    4.62108
 131.00000    4.62214
 131.50000    4.62319
 132.00000    4.62425
 132.50000    4.62530
 133.00000    4.62636
 133.50000    4.62742
 134.00000    4.62849
 134.50000    4.62956
 135.00000    4.63063
 135.50000    4.63169
 136.00000    4.63276
 136.50000    4.63383
 137.00000    4.63490
 137.50000    4.63593
 138.00000    4.63696
 138.50000    4.63799
 139.00000    4.63902
 139.50000    4.64005
 140.00000    4.64108
 140.50000    4.64211
 141.00000    4.64313
 141.50000    4.64411
 142.00000    4.64509
 142.50000    4.64607
 143.00000    4.64705
 143.50000    4.64803
 144.00000    4.64900
 144.50000    4.64998
 145.00000    4.65095
 145.50000    4.65184
 146.00000    4.65273
 146.50000    4.65361
 147.00000    4.65450
 147.50000    4.65539
 148.00000    4.65628
 148.50000    4.65717
 149.00000    4.65802
 149.50000    4.65877
 150.00000    4.65952
