   0.00000    1.71150
   0.50000    1.91960
   1.00000    2.12769
   1.50000    2.33579
   2.00000    2.54388
   2.50000    2.75198
   3.00000    3.47569
   3.50000    3.48568
   4.00000    3.49567
   4.50000    3.50517
   5.00000    3.51437
   5.50000    3.52357
   6.00000    3.53223
   6.50000    3.54067
   7.00000    3.54912
   7.50000    3.55699
   8.00000    3.56471
   8.50000    3.57244
   9.00000    3.57961
   9.50000    3.58672
  10.00000    3.59382
  10.50000    3.60039
  11.00000    3.60695
  11.50000    3.61348
  12.00000    3.61952
  12.50000    3.62556
  13.00000    3.63153
  13.50000    3.63713
  14.00000    3.64273
  14.50000    3.64823
  15.00000    3.65345
  15.50000    3.65867
  16.00000    3.66380
  16.50000    3.66874
  17.00000    3.67368
  17.50000    3.67853
  18.00000    3.68323
  18.50000    3.68794
  19.00000    3.69257
  19.50000    3.69714
  20.00000    3.70170
  20.50000    3.70621
  21.00000    3.71067
  21.50000    3.71513
  22.00000    3.71957
  22.50000    3.72400
  23.00000    3.72843
  23.50000    3.73288
  24.00000    3.73735
  24.50000    3.74181
  25.00000    3.74636
  25.50000    3.75093
  26.00000    3.75549
  26.50000    3.76025
  27.00000    3.76502
  27.50000    3.76980
  28.00000    3.77477
  28.50000    3.77975
  29.00000    3.78477
  29.50000    3.79009
  30.00000    3.79541
  30.50000    3.80080
  31.00000    3.80650
  31.50000    3.81220
  32.00000    3.81802
  32.50000    3.82417
  33.00000    3.83031
  33.50000    3.83665
  34.00000    3.84331
  34.50000    3.84997
  35.00000    3.85688
  35.50000    3.86409
  36.00000    3.87130
  36.50000    3.87888
  37.00000    3.88677
  37.50000    3.89467
  38.00000    3.90302
  38.50000    3.91163
  39.00000    3.92025
  39.50000    3.92943
  40.00000    3.93884
  40.50000    3.94825
  41.00000    3.95831
  41.50000    3.96854
  42.00000    3.97877
  42.50000    3.98983
  43.00000    4.00098
  43.50000    4.01214
  44.00000    4.02420
  44.50000    4.03629
  45.00000    4.36023
  45.50000    4.35764
  46.00000    4.35505
  46.50000    4.35246
  47.00000    4.34987
  47.50000    4.34728
  48.00000    4.34469
  48.50000    4.34210
  49.00000    4.33957
  49.50000    4.33757
  50.00000    4.33557
  50.50000    4.33357
  51.00000    4.33157
  51.50000    4.32957
  52.00000    4.32757
  52.50000    4.32557
  53.00000    4.32367
  53.50000    4.32225
  54.00000    4.32083
  54.50000    4.31940
  55.00000    4.31798
  55.50000    4.31656
  56.00000    4.31514
  56.50000    4.31372
  57.00000    4.31241
  57.50000    4.31152
  58.00000    4.31062
  58.50000    4.30973
  59.00000    4.30884
  59.50000    4.30794
  60.00000    4.30705
  60.50000    4.30616
  61.00000    4.30539
  61.50000    4.30496
  62.00000    4.30453
  62.50000    4.30410
  63.00000    4.30368
  63.50000    4.30325
  64.00000    4.30282
  64.50000    4.30239
  65.00000    4.30210
  65.50000    4.30212
  66.00000    4.30213
  66.50000    4.30214
  67.00000    4.30215
  67.50000    4.30217
  68.00000    4.30218
  68.50000    4.30219
  69.00000    4.30235
  69.50000    4.30275
  70.00000    4.30315
  70.50000    4.30355
  71.00000    4.30396
  71.50000    4.30436
  72.00000    4.30476
  72.50000    4.30516
  73.00000    4.30570
  73.50000    4.30643
  74.00000    4.30716
  74.50000    4.30789
  75.00000    4.30862
  75.50000    4.30935
  76.00000    4.31008
  76.50000    4.31081
  77.00000    4.31168
  77.50000    4.31271
  78.00000    4.31374
  78.50000    4.31477
  79.00000    4.31580
  79.50000    4.31683
  80.00000    4.31786
  80.50000    4.31890
  81.00000    4.32004
  81.50000    4.32130
  82.00000    4.32256
  82.50000    4.32382
  83.00000    4.32507
  83.50000    4.32633
  84.00000    4.32759
  84.50000    4.32885
  85.00000    4.33022
  85.50000    4.33170
  86.00000    4.33317
  86.50000    4.33464
  87.00000    4.33611
  87.50000    4.33758
  88.00000    4.33905
  88.50000    4.34053
  89.00000    4.34208
  89.50000    4.34369
  90.00000    4.34530
  90.50000    4.34691
  91.00000    4.34852
  91.50000    4.35013
  92.00000    4.35174
  92.50000    4.35335
  93.00000    4.35504
  93.50000    4.35676
  94.00000    4.35848
  94.50000    4.36021
  95.00000    4.36193
  95.50000    4.36365
  96.00000    4.36538
  96.50000    4.36710
  97.00000    4.36886
  97.50000    4.37063
  98.00000    4.37240
  98.50000    4.37418
  99.00000    4.37595
  99.50000    4.37772
 100.00000    4.37950
 100.50000    4.38127
 101.00000    4.38307
 101.50000    4.38488
 102.00000    4.38670
 102.50000    4.38851
 103.00000    4.39032
 103.50000    4.39213
 104.00000    4.39394
 104.50000    4.39575
 105.00000    4.39759
 105.50000    4.39944
 106.00000    4.40129
 106.50000    4.40314
 107.00000    4.40499
 107.50000    4.40684
 108.00000    4.40869
 108.50000    4.41054
 109.00000    4.41238
 109.50000    4.41421
 110.00000    4.41605
 110.50000    4.41789
 111.00000    4.41972
 111.50000    4.42156
 112.00000    4.42339
 112.50000    4.42523
 113.00000    4.42706
 113.50000    4.42888
 114.00000    4.43070
 114.50000    4.43253
 115.00000    4.43435
 115.50000    4.43618
 116.00000    4.43800
 116.50000    4.43982
 117.00000    4.44162
 117.50000    4.44342
 118.00000    4.44522
 118.50000    4.44702
 119.00000    4.44882
 119.50000    4.45061
 120.00000    4.45241
 120.50000    4.45421
 121.00000    4.45596
 121.50000    4.45771
 122.00000    4.45946
 122.50000    4.46120
 123.00000    4.46295
 123.50000    4.46470
 124.00000    4.46645
 124.50000    4.46819
 125.00000    4.46987
 125.50000    4.47154
 126.00000    4.47321
 126.50000    4.47489
 127.00000    4.47656
 127.50000    4.47823
 128.00000    4.47990
 128.50000    4.48157
 129.00000    4.48317
 129.50000    4.48476
 130.00000    4.48636
 130.50000    4.48796
 131.00000    4.48956
 131.50000    4.49115
 132.00000    4.49275
 132.50000    4.49433
 133.00000    4.49583
 133.50000    4.49733
 134.00000    4.49882
 134.50000    4.50032
 135.00000    4.50182
 135.50000    4.50331
 136.00000    4.50481
 136.50000    4.50628
 137.00000    4.50764
 137.50000    4.50900
 138.00000    4.51036
 138.50000    4.51171
 139.00000    4.51307
 139.50000    4.51443
 140.00000    4.51579
 140.50000    4.51712
 141.00000    4.51836
 141.50000    4.51961
 142.00000    4.52085
 142.50000    4.52210
 143.00000    4.52334
 143.50000    4.52459
 144.00000    4.52583
 144.50000    4.52703
 145.00000    4.52811
 145.50000    4.52919
 146.00000    4.53027
 146.50000    4.53136
 147.00000    4.53244
 147.50000    4.53352
 148.00000    4.53460
 148.50000    4.53562
 149.00000    4.53653
 149.50000    4.53743
 150.00000    4.53834
