   0.00000    0.78500
   0.50000    1.12993
   1.00000    1.47486
   1.50000    1.81979
   2.00000    2.16472
   2.50000    2.50965
   3.00000    3.38867
   3.50000    3.40690
   4.00000    3.42513
   4.50000    3.44282
   5.00000    3.45937
   5.50000    3.47592
   6.00000    3.49154
   6.50000    3.50646
   7.00000    3.52137
   7.50000    3.53503
   8.00000    3.54842
   8.50000    3.56170
   9.00000    3.57367
   9.50000    3.58564
  10.00000    3.59721
  10.50000    3.60794
  11.00000    3.61867
  11.50000    3.62875
  12.00000    3.63836
  12.50000    3.64796
  13.00000    3.65672
  13.50000    3.66531
  14.00000    3.67382
  14.50000    3.68154
  15.00000    3.68925
  15.50000    3.69670
  16.00000    3.70361
  16.50000    3.71052
  17.00000    3.71709
  17.50000    3.72342
  18.00000    3.72976
  18.50000    3.73566
  19.00000    3.74148
  19.50000    3.74727
  20.00000    3.75277
  20.50000    3.75826
  21.00000    3.76366
  21.50000    3.76886
  22.00000    3.77406
  22.50000    3.77920
  23.00000    3.78429
  23.50000    3.78939
  24.00000    3.79451
  24.50000    3.79964
  25.00000    3.80478
  25.50000    3.81006
  26.00000    3.81534
  26.50000    3.82071
  27.00000    3.82628
  27.50000    3.83184
  28.00000    3.83762
  28.50000    3.84356
  29.00000    3.84949
  29.50000    3.85588
  30.00000    3.86235
  30.50000    3.86889
  31.00000    3.87602
  31.50000    3.88315
  32.00000    3.89056
  32.50000    3.89850
  33.00000    3.90643
  33.50000    3.91490
  34.00000    3.92375
  34.50000    3.93259
  35.00000    3.94229
  35.50000    3.95215
  36.00000    3.96213
  36.50000    3.97319
  37.00000    3.98426
  37.50000    3.99577
  38.00000    4.00810
  38.50000    4.02043
  39.00000    4.03365
  39.50000    4.04744
  40.00000    4.06123
  40.50000    4.07632
  41.00000    4.09164
  41.50000    4.10713
  42.00000    4.12405
  42.50000    4.14097
  43.00000    4.52680
  43.50000    4.52821
  44.00000    4.52961
  44.50000    4.53101
  45.00000    4.53241
  45.50000    4.53381
  46.00000    4.53522
  46.50000    4.53662
  47.00000    4.53802
  47.50000    4.53940
  48.00000    4.54079
  48.50000    4.54218
  49.00000    4.54357
  49.50000    4.54496
  50.00000    4.54635
  50.50000    4.54774
  51.00000    4.54913
  51.50000    4.55051
  52.00000    4.55188
  52.50000    4.55326
  53.00000    4.55464
  53.50000    4.55601
  54.00000    4.55739
  54.50000    4.55877
  55.00000    4.56014
  55.50000    4.56148
  56.00000    4.56282
  56.50000    4.56416
  57.00000    4.56550
  57.50000    4.56684
  58.00000    4.56818
  58.50000    4.56952
  59.00000    4.57085
  59.50000    4.57216
  60.00000    4.57346
  60.50000    4.57476
  61.00000    4.57606
  61.50000    4.57737
  62.00000    4.57867
  62.50000    4.57997
  63.00000    4.58127
  63.50000    4.58251
  64.00000    4.58375
  64.50000    4.58499
  65.00000    4.58623
  65.50000    4.58747
  66.00000    4.58871
  66.50000    4.58995
  67.00000    4.59120
  67.50000    4.59237
  68.00000    4.59355
  68.50000    4.59473
  69.00000    4.59591
  69.50000    4.59709
  70.00000    4.59827
  70.50000    4.59945
  71.00000    4.60062
  71.50000    4.60173
  72.00000    4.60284
  72.50000    4.60394
  73.00000    4.60505
  73.50000    4.60615
  74.00000    4.60725
  74.50000    4.60836
  75.00000    4.60946
  75.50000    4.61049
  76.00000    4.61151
  76.50000    4.61253
  77.00000    4.61354
  77.50000    4.61456
  78.00000    4.61558
  78.50000    4.61659
  79.00000    4.61761
  79.50000    4.61855
  80.00000    4.61947
  80.50000    4.62038
  81.00000    4.62130
  81.50000    4.62222
  82.00000    4.62314
  82.50000    4.62406
  83.00000    4.62497
  83.50000    4.62581
  84.00000    4.62661
  84.50000    4.62742
  85.00000    4.62823
  85.50000    4.62903
  86.00000    4.62984
  86.50000    4.63065
  87.00000    4.63145
  87.50000    4.63217
  88.00000    4.63286
  88.50000    4.63354
  89.00000    4.63422
  89.50000    4.63490
  90.00000    4.63559
  90.50000    4.63627
  91.00000    4.63695
  91.50000    4.63755
  92.00000    4.63811
  92.50000    4.63867
  93.00000    4.63923
  93.50000    4.63979
  94.00000    4.64034
  94.50000    4.64090
  95.00000    4.64146
  95.50000    4.64194
  96.00000    4.64236
  96.50000    4.64279
  97.00000    4.64321
  97.50000    4.64363
  98.00000    4.64405
  98.50000    4.64447
  99.00000    4.64489
  99.50000    4.64525
 100.00000    4.64555
 100.50000    4.64585
 101.00000    4.64615
 101.50000    4.64644
 102.00000    4.64674
 102.50000    4.64704
 103.00000    4.64734
 103.50000    4.64757
 104.00000    4.64773
 104.50000    4.64790
 105.00000    4.64806
 105.50000    4.64822
 106.00000    4.64838
 106.50000    4.64854
 107.00000    4.64870
 107.50000    4.64882
 108.00000    4.64889
 108.50000    4.64895
 109.00000    4.64901
 109.50000    4.64907
 110.00000    4.64913
 110.50000    4.64920
 111.00000    4.64926
 111.50000    4.64928
 112.00000    4.64923
 112.50000    4.64918
 113.00000    4.64913
 113.50000    4.64909
 114.00000    4.64904
 114.50000    4.64899
 115.00000    4.64894
 115.50000    4.64886
 116.00000    4.64873
 116.50000    4.64859
 117.00000    4.64845
 117.50000    4.64832
 118.00000    4.64818
 118.50000    4.64804
 119.00000    4.64791
 119.50000    4.64775
 120.00000    4.64753
 120.50000    4.64731
 121.00000    4.64708
 121.50000    4.64686
 122.00000    4.64664
 122.50000    4.64641
 123.00000    4.64619
 123.50000    4.64596
 124.00000    4.64566
 124.50000    4.64536
 125.00000    4.64506
 125.50000    4.64476
 126.00000    4.64447
 126.50000    4.64417
 127.00000    4.64387
 127.50000    4.64357
 128.00000    4.64321
 128.50000    4.64285
 129.00000    4.64249
 129.50000    4.64213
 130.00000    4.64177
 130.50000    4.64141
 131.00000    4.64105
 131.50000    4.64069
 132.00000    4.64027
 132.50000    4.63984
 133.00000    4.63942
 133.50000    4.63900
 134.00000    4.63858
 134.50000    4.63816
 135.00000    4.63774
 135.50000    4.63731
 136.00000    4.63686
 136.50000    4.63640
 137.00000    4.63594
 137.50000    4.63548
 138.00000    4.63502
 138.50000    4.63456
 139.00000    4.63410
 139.50000    4.63364
 140.00000    4.63315
 140.50000    4.63265
 141.00000    4.63216
 141.50000    4.63166
 142.00000    4.63116
 142.50000    4.63067
 143.00000    4.63017
 143.50000    4.62968
 144.00000    4.62916
 144.50000    4.62864
 145.00000    4.62812
 145.50000    4.62760
 146.00000    4.62707
 146.50000    4.62655
 147.00000    4.62603
 147.50000    4.62551
 148.00000    4.62498
 148.50000    4.62445
 149.00000    4.62391
 149.50000    4.62338
 150.00000    4.62285
