   0.00000    1.53930
   0.50000    1.76809
   1.00000    1.99688
   1.50000    2.22567
   2.00000    2.45446
   2.50000    2.68324
   3.00000    3.48901
   3.50000    3.50040
   4.00000    3.51180
   4.50000    3.52275
   5.00000    3.53327
   5.50000    3.54379
   6.00000    3.55390
   6.50000    3.56347
   7.00000    3.57305
   7.50000    3.58233
   8.00000    3.59106
   8.50000    3.59980
   9.00000    3.60833
   9.50000    3.61631
  10.00000    3.62430
  10.50000    3.63215
  11.00000    3.63946
  11.50000    3.64676
  12.00000    3.65400
  12.50000    3.66069
  13.00000    3.66738
  13.50000    3.67404
  14.00000    3.68021
  14.50000    3.68638
  15.00000    3.69255
  15.50000    3.69825
  16.00000    3.70394
  16.50000    3.70962
  17.00000    3.71496
  17.50000    3.72025
  18.00000    3.72554
  18.50000    3.73060
  19.00000    3.73560
  19.50000    3.74060
  20.00000    3.74539
  20.50000    3.75010
  21.00000    3.75481
  21.50000    3.75944
  22.00000    3.76401
  22.50000    3.76859
  23.00000    3.77310
  23.50000    3.77755
  24.00000    3.78199
  24.50000    3.78644
  25.00000    3.79089
  25.50000    3.79534
  26.00000    3.79980
  26.50000    3.80428
  27.00000    3.80876
  27.50000    3.81329
  28.00000    3.81790
  28.50000    3.82251
  29.00000    3.82717
  29.50000    3.83197
  30.00000    3.83678
  30.50000    3.84163
  31.00000    3.84673
  31.50000    3.85183
  32.00000    3.85695
  32.50000    3.86238
  33.00000    3.86780
  33.50000    3.87322
  34.00000    3.87903
  34.50000    3.88485
  35.00000    3.89066
  35.50000    3.89695
  36.00000    3.90328
  36.50000    3.90961
  37.00000    3.91641
  37.50000    3.92330
  38.00000    3.93018
  38.50000    3.93756
  39.00000    3.94509
  39.50000    3.95263
  40.00000    3.96065
  40.50000    3.96890
  41.00000    3.97715
  41.50000    3.98586
  42.00000    3.99489
  42.50000    4.00392
  43.00000    4.01339
  43.50000    4.02326
  44.00000    4.03313
  44.50000    4.04342
  45.00000    4.05424
  45.50000    4.06505
  46.00000    4.07621
  46.50000    4.08796
  47.00000    4.09971
  47.50000    4.46346
  48.00000    4.46574
  48.50000    4.46803
  49.00000    4.47032
  49.50000    4.47260
  50.00000    4.47489
  50.50000    4.47718
  51.00000    4.47946
  51.50000    4.48157
  52.00000    4.48346
  52.50000    4.48535
  53.00000    4.48724
  53.50000    4.48913
  54.00000    4.49102
  54.50000    4.49291
  55.00000    4.49480
  55.50000    4.49647
  56.00000    4.49800
  56.50000    4.49953
  57.00000    4.50107
  57.50000    4.50260
  58.00000    4.50413
  58.50000    4.50567
  59.00000    4.50720
  59.50000    4.50846
  60.00000    4.50967
  60.50000    4.51087
  61.00000    4.51207
  61.50000    4.51327
  62.00000    4.51447
  62.50000    4.51567
  63.00000    4.51687
  63.50000    4.51778
  64.00000    4.51869
  64.50000    4.51960
  65.00000    4.52051
  65.50000    4.52141
  66.00000    4.52232
  66.50000    4.52323
  67.00000    4.52410
  67.50000    4.52475
  68.00000    4.52540
  68.50000    4.52605
  69.00000    4.52670
  69.50000    4.52735
  70.00000    4.52801
  70.50000    4.52866
  71.00000    4.52924
  71.50000    4.52967
  72.00000    4.53011
  72.50000    4.53054
  73.00000    4.53098
  73.50000    4.53141
  74.00000    4.53184
  74.50000    4.53228
  75.00000    4.53263
  75.50000    4.53288
  76.00000    4.53314
  76.50000    4.53339
  77.00000    4.53365
  77.50000    4.53390
  78.00000    4.53416
  78.50000    4.53441
  79.00000    4.53457
  79.50000    4.53467
  80.00000    4.53477
  80.50000    4.53487
  81.00000    4.53498
  81.50000    4.53508
  82.00000    4.53518
  82.50000    4.53528
  83.00000    4.53531
  83.50000    4.53532
  84.00000    4.53534
  84.50000    4.53535
  85.00000    4.53536
  85.50000    4.53537
  86.00000    4.53539
  86.50000    4.53540
  87.00000    4.53534
  87.50000    4.53527
  88.00000    4.53521
  88.50000    4.53514
  89.00000    4.53508
  89.50000    4.53502
  90.00000    4.53495
  90.50000    4.53488
  91.00000    4.53479
  91.50000    4.53471
  92.00000    4.53462
  92.50000    4.53453
  93.00000    4.53444
  93.50000    4.53435
  94.00000    4.53426
  94.50000    4.53417
  95.00000    4.53408
  95.50000    4.53399
  96.00000    4.53390
  96.50000    4.53381
  97.00000    4.53372
  97.50000    4.53363
  98.00000    4.53354
  98.50000    4.53347
  99.00000    4.53342
  99.50000    4.53337
 100.00000    4.53332
 100.50000    4.53327
 101.00000    4.53322
 101.50000    4.53317
 102.00000    4.53312
 102.50000    4.53310
 103.00000    4.53310
 103.50000    4.53310
 104.00000    4.53310
 104.50000    4.53310
 105.00000    4.53310
 105.50000    4.53310
 106.00000    4.53310
 106.50000    4.53312
 107.00000    4.53315
 107.50000    4.53317
 108.00000    4.53320
 108.50000    4.53322
 109.00000    4.53325
 109.50000    4.53328
 110.00000    4.53330
 110.50000    4.53337
 111.00000    4.53343
 111.50000    4.53349
 112.00000    4.53356
 112.50000    4.53362
 113.00000    4.53369
 113.50000    4.53375
 114.00000    4.53382
 114.50000    4.53392
 115.00000    4.53403
 115.50000    4.53413
 116.00000    4.53423
 116.50000    4.53433
 117.00000    4.53444
 117.50000    4.53454
 118.00000    4.53464
 118.50000    4.53476
 119.00000    4.53487
 119.50000    4.53499
 120.00000    4.53510
 120.50000    4.53522
 121.00000    4.53533
 121.50000    4.53545
 122.00000    4.53559
 122.50000    4.53574
 123.00000    4.53589
 123.50000    4.53605
 124.00000    4.53620
 124.50000    4.53635
 125.00000    4.53651
 125.50000    4.53666
 126.00000    4.53682
 126.50000    4.53699
 127.00000    4.53715
 127.50000    4.53732
 128.00000    4.53749
 128.50000    4.53765
 129.00000    4.53782
 129.50000    4.53798
 130.00000    4.53816
 130.50000    4.53834
 131.00000    4.53852
 131.50000    4.53870
 132.00000    4.53888
 132.50000    4.53906
 133.00000    4.53923
 133.50000    4.53942
 134.00000    4.53962
 134.50000    4.53982
 135.00000    4.54003
 135.50000    4.54023
 136.00000    4.54044
 136.50000    4.54064
 137.00000    4.54085
 137.50000    4.54105
 138.00000    4.54125
 138.50000    4.54146
 139.00000    4.54166
 139.50000    4.54187
 140.00000    4.54207
 140.50000    4.54228
 141.00000    4.54248
 141.50000    4.54269
 142.00000    4.54291
 142.50000    4.54313
 143.00000    4.54334
 143.50000    4.54356
 144.00000    4.54378
 144.50000    4.54399
 145.00000    4.54421
 145.50000    4.54443
 146.00000    4.54465
 146.50000    4.54486
 147.00000    4.54508
 147.50000    4.54530
 148.00000    4.54551
 148.50000    4.54573
 149.00000    4.54595
 149.50000    4.54616
 150.00000    4.54636
