   0.00000    1.22280
   0.50000    3.45763
   1.00000    3.46356
   1.50000    3.46929
   2.00000    3.47470
   2.50000    3.48010
   3.00000    3.48508
   3.50000    3.49007
   4.00000    3.49476
   4.50000    3.49933
   5.00000    3.50375
   5.50000    3.50793
   6.00000    3.51211
   6.50000    3.51603
   7.00000    3.51995
   7.50000    3.52371
   8.00000    3.52737
   8.50000    3.53100
   9.00000    3.53454
   9.50000    3.53808
  10.00000    3.54145
  10.50000    3.54482
  11.00000    3.54816
  11.50000    3.55148
  12.00000    3.55482
  12.50000    3.55819
  13.00000    3.56156
  13.50000    3.56496
  14.00000    3.56837
  14.50000    3.57186
  15.00000    3.57540
  15.50000    3.57897
  16.00000    3.58268
  16.50000    3.58639
  17.00000    3.59037
  17.50000    3.59437
  18.00000    3.59852
  18.50000    3.60278
  19.00000    3.60712
  19.50000    3.61177
  20.00000    3.61642
  20.50000    3.62143
  21.00000    3.62650
  21.50000    3.63181
  22.00000    3.63735
  22.50000    3.64298
  23.00000    3.64908
  23.50000    3.65517
  24.00000    3.66176
  24.50000    3.66845
  25.00000    3.67544
  25.50000    3.68278
  26.00000    3.69020
  26.50000    3.69830
  27.00000    3.70640
  27.50000    3.71510
  28.00000    3.72397
  28.50000    3.73318
  29.00000    3.74286
  29.50000    3.75262
  30.00000    3.76323
  30.50000    3.77385
  31.00000    3.78519
  31.50000    3.79678
  32.00000    3.80877
  32.50000    3.82134
  33.00000    3.83397
  33.50000    3.84757
  34.00000    3.86117
  34.50000    4.37950
  35.00000    4.37836
  35.50000    4.37722
  36.00000    4.37608
  36.50000    4.37494
  37.00000    4.37380
  37.50000    4.37265
  38.00000    4.37151
  38.50000    4.37044
  39.00000    4.36966
  39.50000    4.36887
  40.00000    4.36808
  40.50000    4.36729
  41.00000    4.36651
  41.50000    4.36572
  42.00000    4.36493
  42.50000    4.36414
  43.00000    4.36360
  43.50000    4.36316
  44.00000    4.36273
  44.50000    4.36229
  45.00000    4.36186
  45.50000    4.36142
  46.00000    4.36099
  46.50000    4.36055
  47.00000    4.36018
  47.50000    4.36007
  48.00000    4.35997
  48.50000    4.35986
  49.00000    4.35976
  49.50000    4.35965
  50.00000    4.35955
  50.50000    4.35944
  51.00000    4.35933
  51.50000    4.35942
  52.00000    4.35960
  52.50000    4.35977
  53.00000    4.35995
  53.50000    4.36013
  54.00000    4.36030
  54.50000    4.36048
  55.00000    4.36065
  55.50000    4.36088
  56.00000    4.36130
  56.50000    4.36172
  57.00000    4.36214
  57.50000    4.36257
  58.00000    4.36299
  58.50000    4.36341
  59.00000    4.36384
  59.50000    4.36426
  60.00000    4.36484
  60.50000    4.36550
  61.00000    4.36616
  61.50000    4.36682
  62.00000    4.36748
  62.50000    4.36813
  63.00000    4.36879
  63.50000    4.36945
  64.00000    4.37014
  64.50000    4.37100
  65.00000    4.37186
  65.50000    4.37272
  66.00000    4.37358
  66.50000    4.37443
  67.00000    4.37529
  67.50000    4.37615
  68.00000    4.37701
  68.50000    4.37798
  69.00000    4.37902
  69.50000    4.38005
  70.00000    4.38109
  70.50000    4.38212
  71.00000    4.38316
  71.50000    4.38419
  72.00000    4.38523
  72.50000    4.38628
  73.00000    4.38745
  73.50000    4.38861
  74.00000    4.38977
  74.50000    4.39094
  75.00000    4.39210
  75.50000    4.39327
  76.00000    4.39443
  76.50000    4.39559
  77.00000    4.39683
  77.50000    4.39812
  78.00000    4.39940
  78.50000    4.40068
  79.00000    4.40196
  79.50000    4.40324
  80.00000    4.40452
  80.50000    4.40581
  81.00000    4.40710
  81.50000    4.40845
  82.00000    4.40980
  82.50000    4.41115
  83.00000    4.41251
  83.50000    4.41386
  84.00000    4.41521
  84.50000    4.41656
  85.00000    4.41791
  85.50000    4.41930
  86.00000    4.42070
  86.50000    4.42209
  87.00000    4.42349
  87.50000    4.42489
  88.00000    4.42629
  88.50000    4.42769
  89.00000    4.42909
  89.50000    4.43049
  90.00000    4.43193
  90.50000    4.43336
  91.00000    4.43480
  91.50000    4.43623
  92.00000    4.43767
  92.50000    4.43910
  93.00000    4.44054
  93.50000    4.44197
  94.00000    4.44341
  94.50000    4.44486
  95.00000    4.44630
  95.50000    4.44775
  96.00000    4.44920
  96.50000    4.45064
  97.00000    4.45209
  97.50000    4.45353
  98.00000    4.45498
  98.50000    4.45644
  99.00000    4.45790
  99.50000    4.45936
 100.00000    4.46081
 100.50000    4.46227
 101.00000    4.46373
 101.50000    4.46519
 102.00000    4.46665
 102.50000    4.46810
 103.00000    4.46954
 103.50000    4.47099
 104.00000    4.47243
 104.50000    4.47388
 105.00000    4.47533
 105.50000    4.47677
 106.00000    4.47822
 106.50000    4.47967
 107.00000    4.48112
 107.50000    4.48258
 108.00000    4.48404
 108.50000    4.48550
 109.00000    4.48696
 109.50000    4.48842
 110.00000    4.48987
 110.50000    4.49133
 111.00000    4.49278
 111.50000    4.49423
 112.00000    4.49567
 112.50000    4.49712
 113.00000    4.49857
 113.50000    4.50001
 114.00000    4.50146
 114.50000    4.50290
 115.00000    4.50435
 115.50000    4.50578
 116.00000    4.50722
 116.50000    4.50865
 117.00000    4.51009
 117.50000    4.51152
 118.00000    4.51295
 118.50000    4.51439
 119.00000    4.51582
 119.50000    4.51724
 120.00000    4.51865
 120.50000    4.52007
 121.00000    4.52148
 121.50000    4.52289
 122.00000    4.52430
 122.50000    4.52571
 123.00000    4.52712
 123.50000    4.52853
 124.00000    4.52993
 124.50000    4.53133
 125.00000    4.53273
 125.50000    4.53413
 126.00000    4.53553
 126.50000    4.53693
 127.00000    4.53832
 127.50000    4.53972
 128.00000    4.54110
 128.50000    4.54245
 129.00000    4.54380
 129.50000    4.54515
 130.00000    4.54650
 130.50000    4.54786
 131.00000    4.54921
 131.50000    4.55056
 132.00000    4.55191
 132.50000    4.55324
 133.00000    4.55457
 133.50000    4.55590
 134.00000    4.55723
 134.50000    4.55855
 135.00000    4.55988
 135.50000    4.56121
 136.00000    4.56254
 136.50000    4.56384
 137.00000    4.56512
 137.50000    4.56640
 138.00000    4.56769
 138.50000    4.56897
 139.00000    4.57025
 139.50000    4.57153
 140.00000    4.57281
 140.50000    4.57409
 141.00000    4.57532
 141.50000    4.57656
 142.00000    4.57779
 142.50000    4.57903
 143.00000    4.58026
 143.50000    4.58150
 144.00000    4.58273
 144.50000    4.58397
 145.00000    4.58517
 145.50000    4.58636
 146.00000    4.58755
 146.50000    4.58874
 147.00000    4.58992
 147.50000    4.59111
 148.00000    4.59230
 148.50000    4.59349
 149.00000    4.59467
 149.50000    4.59580
 150.00000    4.59693
