   0.00000    1.56850
   0.50000    1.79853
   1.00000    2.02856
   1.50000    2.25858
   2.00000    2.48861
   2.50000    3.44066
   3.00000    3.45285
   3.50000    3.46505
   4.00000    3.47718
   4.50000    3.48841
   5.00000    3.49965
   5.50000    3.51086
   6.00000    3.52117
   6.50000    3.53149
   7.00000    3.54181
   7.50000    3.55120
   8.00000    3.56059
   8.50000    3.56998
   9.00000    3.57861
   9.50000    3.58721
  10.00000    3.59582
  10.50000    3.60374
  11.00000    3.61162
  11.50000    3.61950
  12.00000    3.62675
  12.50000    3.63394
  13.00000    3.64112
  13.50000    3.64782
  14.00000    3.65445
  14.50000    3.66107
  15.00000    3.66729
  15.50000    3.67342
  16.00000    3.67955
  16.50000    3.68531
  17.00000    3.69098
  17.50000    3.69665
  18.00000    3.70204
  18.50000    3.70735
  19.00000    3.71265
  19.50000    3.71774
  20.00000    3.72275
  20.50000    3.72776
  21.00000    3.73263
  21.50000    3.73744
  22.00000    3.74226
  22.50000    3.74698
  23.00000    3.75166
  23.50000    3.75634
  24.00000    3.76096
  24.50000    3.76554
  25.00000    3.77012
  25.50000    3.77472
  26.00000    3.77934
  26.50000    3.78395
  27.00000    3.78860
  27.50000    3.79328
  28.00000    3.79796
  28.50000    3.80271
  29.00000    3.80752
  29.50000    3.81233
  30.00000    3.81727
  30.50000    3.82235
  31.00000    3.82742
  31.50000    3.83262
  32.00000    3.83796
  32.50000    3.84330
  33.00000    3.84882
  33.50000    3.85458
  34.00000    3.86035
  34.50000    3.86627
  35.00000    3.87243
  35.50000    3.87860
  36.00000    3.88496
  36.50000    3.89168
  37.00000    3.89840
  37.50000    3.90531
  38.00000    3.91263
  38.50000    3.91995
  39.00000    3.92745
  39.50000    3.93543
  40.00000    3.94340
  40.50000    3.95156
  41.00000    3.96026
  41.50000    3.96896
  42.00000    3.97784
  42.50000    3.98740
  43.00000    3.99696
  43.50000    4.00668
  44.00000    4.01712
  44.50000    4.02757
  45.00000    4.03815
  45.50000    4.04949
  46.00000    4.06082
  46.50000    4.40364
  47.00000    4.40669
  47.50000    4.40973
  48.00000    4.41278
  48.50000    4.41583
  49.00000    4.41888
  49.50000    4.42193
  50.00000    4.42497
  50.50000    4.42788
  51.00000    4.43032
  51.50000    4.43275
  52.00000    4.43519
  52.50000    4.43763
  53.00000    4.44007
  53.50000    4.44251
  54.00000    4.44494
  54.50000    4.44718
  55.00000    4.44904
  55.50000    4.45091
  56.00000    4.45278
  56.50000    4.45464
  57.00000    4.45651
  57.50000    4.45838
  58.00000    4.46024
  58.50000    4.46186
  59.00000    4.46322
  59.50000    4.46458
  60.00000    4.46594
  60.50000    4.46730
  61.00000    4.46866
  61.50000    4.47001
  62.00000    4.47137
  62.50000    4.47245
  63.00000    4.47335
  63.50000    4.47426
  64.00000    4.47516
  64.50000    4.47606
  65.00000    4.47696
  65.50000    4.47786
  66.00000    4.47876
  66.50000    4.47939
  67.00000    4.47993
  67.50000    4.48046
  68.00000    4.48099
  68.50000    4.48153
  69.00000    4.48206
  69.50000    4.48259
  70.00000    4.48313
  70.50000    4.48340
  71.00000    4.48363
  71.50000    4.48385
  72.00000    4.48408
  72.50000    4.48431
  73.00000    4.48454
  73.50000    4.48477
  74.00000    4.48500
  74.50000    4.48496
  75.00000    4.48492
  75.50000    4.48489
  76.00000    4.48485
  76.50000    4.48481
  77.00000    4.48477
  77.50000    4.48473
  78.00000    4.48468
  78.50000    4.48446
  79.00000    4.48424
  79.50000    4.48403
  80.00000    4.48381
  80.50000    4.48360
  81.00000    4.48338
  81.50000    4.48316
  82.00000    4.48292
  82.50000    4.48259
  83.00000    4.48226
  83.50000    4.48193
  84.00000    4.48160
  84.50000    4.48127
  85.00000    4.48094
  85.50000    4.48061
  86.00000    4.48026
  86.50000    4.47988
  87.00000    4.47950
  87.50000    4.47912
  88.00000    4.47874
  88.50000    4.47836
  89.00000    4.47798
  89.50000    4.47759
  90.00000    4.47721
  90.50000    4.47683
  91.00000    4.47645
  91.50000    4.47607
  92.00000    4.47569
  92.50000    4.47531
  93.00000    4.47493
  93.50000    4.47455
  94.00000    4.47422
  94.50000    4.47393
  95.00000    4.47364
  95.50000    4.47334
  96.00000    4.47305
  96.50000    4.47276
  97.00000    4.47247
  97.50000    4.47218
  98.00000    4.47197
  98.50000    4.47179
  99.00000    4.47161
  99.50000    4.47143
 100.00000    4.47126
 100.50000    4.47108
 101.00000    4.47090
 101.50000    4.47072
 102.00000    4.47067
 102.50000    4.47063
 103.00000    4.47059
 103.50000    4.47055
 104.00000    4.47051
 104.50000    4.47048
 105.00000    4.47044
 105.50000    4.47040
 106.00000    4.47049
 106.50000    4.47058
 107.00000    4.47067
 107.50000    4.47075
 108.00000    4.47084
 108.50000    4.47093
 109.00000    4.47102
 109.50000    4.47112
 110.00000    4.47131
 110.50000    4.47150
 111.00000    4.47169
 111.50000    4.47188
 112.00000    4.47207
 112.50000    4.47227
 113.00000    4.47246
 113.50000    4.47267
 114.00000    4.47298
 114.50000    4.47328
 115.00000    4.47359
 115.50000    4.47389
 116.00000    4.47420
 116.50000    4.47450
 117.00000    4.47481
 117.50000    4.47514
 118.00000    4.47552
 118.50000    4.47590
 119.00000    4.47628
 119.50000    4.47666
 120.00000    4.47704
 120.50000    4.47743
 121.00000    4.47781
 121.50000    4.47822
 122.00000    4.47868
 122.50000    4.47914
 123.00000    4.47960
 123.50000    4.48005
 124.00000    4.48051
 124.50000    4.48097
 125.00000    4.48143
 125.50000    4.48193
 126.00000    4.48246
 126.50000    4.48300
 127.00000    4.48353
 127.50000    4.48406
 128.00000    4.48460
 128.50000    4.48513
 129.00000    4.48566
 129.50000    4.48623
 130.00000    4.48682
 130.50000    4.48740
 131.00000    4.48799
 131.50000    4.48857
 132.00000    4.48915
 132.50000    4.48974
 133.00000    4.49032
 133.50000    4.49095
 134.00000    4.49159
 134.50000    4.49222
 135.00000    4.49286
 135.50000    4.49349
 136.00000    4.49413
 136.50000    4.49476
 137.00000    4.49540
 137.50000    4.49607
 138.00000    4.49674
 138.50000    4.49742
 139.00000    4.49809
 139.50000    4.49876
 140.00000    4.49943
 140.50000    4.50011
 141.00000    4.50078
 141.50000    4.50148
 142.00000    4.50218
 142.50000    4.50288
 143.00000    4.50358
 143.50000    4.50428
 144.00000    4.50497
 144.50000    4.50567
 145.00000    4.50637
 145.50000    4.50708
 146.00000    4.50780
 146.50000    4.50851
 147.00000    4.50922
 147.50000    4.50993
 148.00000    4.51064
 148.50000    4.51135
 149.00000    4.51206
 149.50000    4.51277
 150.00000    4.51349
