   0.00000    1.29540
   0.50000    2.84921
   1.00000    2.87806
   1.50000    2.90692
   2.00000    2.93500
   2.50000    2.96304
   3.00000    2.99048
   3.50000    3.01752
   4.00000    3.04430
   4.50000    3.07036
   5.00000    3.09641
   5.50000    3.12166
   6.00000    3.14686
   6.50000    3.17151
   7.00000    3.19581
   7.50000    3.21989
   8.00000    3.24341
   8.50000    3.26694
   9.00000    3.28968
   9.50000    3.31239
  10.00000    3.33462
  10.50000    3.35656
  11.00000    3.37828
  11.50000    3.39949
  12.00000    3.42070
  12.50000    3.44128
  13.00000    3.46184
  13.50000    3.48197
  14.00000    3.50185
  14.50000    3.52155
  15.00000    3.54087
  15.50000    3.56019
  16.00000    3.57892
  16.50000    3.59763
  17.00000    3.61602
  17.50000    3.63422
  18.00000    3.65227
  18.50000    3.67000
  19.00000    3.68773
  19.50000    3.70499
  20.00000    3.72225
  20.50000    3.73922
  21.00000    3.75605
  21.50000    3.77275
  22.00000    3.78919
  22.50000    3.80564
  23.00000    3.82174
  23.50000    3.83784
  24.00000    3.85373
  24.50000    3.86953
  25.00000    3.88524
  25.50000    3.90078
  26.00000    3.91632
  26.50000    3.93160
  27.00000    3.94688
  27.50000    3.96205
  28.00000    3.97716
  28.50000    3.99221
  29.00000    4.00715
  29.50000    4.02209
  30.00000    4.03694
  30.50000    4.05179
  31.00000    4.06656
  31.50000    4.08128
  32.00000    4.09599
  32.50000    4.11067
  33.00000    4.12535
  33.50000    4.13999
  34.00000    4.15463
  34.50000    4.38514
  35.00000    4.38308
  35.50000    4.38103
  36.00000    4.37897
  36.50000    4.37691
  37.00000    4.37485
  37.50000    4.37280
  38.00000    4.37074
  38.50000    4.36873
  39.00000    4.36689
  39.50000    4.36506
  40.00000    4.36322
  40.50000    4.36139
  41.00000    4.35956
  41.50000    4.35772
  42.00000    4.35589
  42.50000    4.35405
  43.00000    4.35238
  43.50000    4.35077
  44.00000    4.34915
  44.50000    4.34754
  45.00000    4.34593
  45.50000    4.34432
  46.00000    4.34271
  46.50000    4.34110
  47.00000    4.33953
  47.50000    4.33813
  48.00000    4.33673
  48.50000    4.33533
  49.00000    4.33393
  49.50000    4.33254
  50.00000    4.33114
  50.50000    4.32974
  51.00000    4.32834
  51.50000    4.32709
  52.00000    4.32592
  52.50000    4.32474
  53.00000    4.32356
  53.50000    4.32239
  54.00000    4.32121
  54.50000    4.32004
  55.00000    4.31886
  55.50000    4.31772
  56.00000    4.31675
  56.50000    4.31577
  57.00000    4.31480
  57.50000    4.31382
  58.00000    4.31284
  58.50000    4.31187
  59.00000    4.31089
  59.50000    4.30992
  60.00000    4.30907
  60.50000    4.30828
  61.00000    4.30749
  61.50000    4.30670
  62.00000    4.30592
  62.50000    4.30513
  63.00000    4.30434
  63.50000    4.30355
  64.00000    4.30280
  64.50000    4.30218
  65.00000    4.30157
  65.50000    4.30096
  66.00000    4.30035
  66.50000    4.29974
  67.00000    4.29913
  67.50000    4.29852
  68.00000    4.29790
  68.50000    4.29742
  69.00000    4.29699
  69.50000    4.29657
  70.00000    4.29615
  70.50000    4.29573
  71.00000    4.29530
  71.50000    4.29488
  72.00000    4.29446
  72.50000    4.29406
  73.00000    4.29379
  73.50000    4.29352
  74.00000    4.29325
  74.50000    4.29297
  75.00000    4.29270
  75.50000    4.29243
  76.00000    4.29216
  76.50000    4.29189
  77.00000    4.29173
  77.50000    4.29162
  78.00000    4.29152
  78.50000    4.29141
  79.00000    4.29131
  79.50000    4.29120
  80.00000    4.29110
  80.50000    4.29099
  81.00000    4.29091
  81.50000    4.29094
  82.00000    4.29098
  82.50000    4.29101
  83.00000    4.29105
  83.50000    4.29108
  84.00000    4.29112
  84.50000    4.29115
  85.00000    4.29119
  85.50000    4.29132
  86.00000    4.29151
  86.50000    4.29170
  87.00000    4.29189
  87.50000    4.29207
  88.00000    4.29226
  88.50000    4.29245
  89.00000    4.29264
  89.50000    4.29284
  90.00000    4.29315
  90.50000    4.29345
  91.00000    4.29376
  91.50000    4.29407
  92.00000    4.29437
  92.50000    4.29468
  93.00000    4.29498
  93.50000    4.29529
  94.00000    4.29568
  94.50000    4.29611
  95.00000    4.29655
  95.50000    4.29698
  96.00000    4.29742
  96.50000    4.29785
  97.00000    4.29829
  97.50000    4.29872
  98.00000    4.29917
  98.50000    4.29971
  99.00000    4.30025
  99.50000    4.30079
 100.00000    4.30133
 100.50000    4.30187
 101.00000    4.30241
 101.50000    4.30296
 102.00000    4.30350
 102.50000    4.30411
 103.00000    4.30477
 103.50000    4.30543
 104.00000    4.30609
 104.50000    4.30674
 105.00000    4.30740
 105.50000    4.30806
 106.00000    4.30872
 106.50000    4.30939
 107.00000    4.31015
 107.50000    4.31092
 108.00000    4.31168
 108.50000    4.31245
 109.00000    4.31321
 109.50000    4.31398
 110.00000    4.31474
 110.50000    4.31550
 111.00000    4.31633
 111.50000    4.31718
 112.00000    4.31804
 112.50000    4.31890
 113.00000    4.31976
 113.50000    4.32062
 114.00000    4.32148
 114.50000    4.32233
 115.00000    4.32320
 115.50000    4.32416
 116.00000    4.32511
 116.50000    4.32606
 117.00000    4.32701
 117.50000    4.32796
 118.00000    4.32892
 118.50000    4.32987
 119.00000    4.33082
 119.50000    4.33182
 120.00000    4.33284
 120.50000    4.33386
 121.00000    4.33488
 121.50000    4.33591
 122.00000    4.33693
 122.50000    4.33795
 123.00000    4.33898
 123.50000    4.34001
 124.00000    4.34111
 124.50000    4.34222
 125.00000    4.34332
 125.50000    4.34443
 126.00000    4.34553
 126.50000    4.34664
 127.00000    4.34774
 127.50000    4.34885
 128.00000    4.35000
 128.50000    4.35117
 129.00000    4.35235
 129.50000    4.35352
 130.00000    4.35470
 130.50000    4.35587
 131.00000    4.35705
 131.50000    4.35823
 132.00000    4.35941
 132.50000    4.36064
 133.00000    4.36188
 133.50000    4.36311
 134.00000    4.36434
 134.50000    4.36558
 135.00000    4.36681
 135.50000    4.36805
 136.00000    4.36928
 136.50000    4.37055
 137.00000    4.37184
 137.50000    4.37314
 138.00000    4.37443
 138.50000    4.37572
 139.00000    4.37702
 139.50000    4.37831
 140.00000    4.37960
 140.50000    4.38090
 141.00000    4.38224
 141.50000    4.38358
 142.00000    4.38492
 142.50000    4.38626
 143.00000    4.38760
 143.50000    4.38894
 144.00000    4.39028
 144.50000    4.39162
 145.00000    4.39299
 145.50000    4.39438
 146.00000    4.39577
 146.50000    4.39715
 147.00000    4.39854
 147.50000    4.39993
 148.00000    4.40131
 148.50000    4.40270
 149.00000    4.40409
 149.50000    4.40551
 150.00000    4.40694
