   0.00000    0.73250
   0.50000    1.22390
   1.00000    1.71530
   1.50000    2.20670
   2.00000    3.33386
   2.50000    3.34998
   3.00000    3.36610
   3.50000    3.38221
   4.00000    3.39761
   4.50000    3.41251
   5.00000    3.42741
   5.50000    3.44213
   6.00000    3.45581
   6.50000    3.46949
   7.00000    3.48317
   7.50000    3.49605
   8.00000    3.50860
   8.50000    3.52114
   9.00000    3.53341
   9.50000    3.54488
  10.00000    3.55635
  10.50000    3.56783
  11.00000    3.57854
  11.50000    3.58908
  12.00000    3.59962
  12.50000    3.60983
  13.00000    3.61947
  13.50000    3.62911
  14.00000    3.63875
  14.50000    3.64769
  15.00000    3.65658
  15.50000    3.66547
  16.00000    3.67400
  16.50000    3.68216
  17.00000    3.69032
  17.50000    3.69845
  18.00000    3.70600
  18.50000    3.71356
  19.00000    3.72111
  19.50000    3.72834
  20.00000    3.73537
  20.50000    3.74240
  21.00000    3.74936
  21.50000    3.75595
  22.00000    3.76255
  22.50000    3.76914
  23.00000    3.77548
  23.50000    3.78173
  24.00000    3.78797
  24.50000    3.79414
  25.00000    3.80013
  25.50000    3.80611
  26.00000    3.81209
  26.50000    3.81795
  27.00000    3.82379
  27.50000    3.82963
  28.00000    3.83542
  28.50000    3.84114
  29.00000    3.84687
  29.50000    3.85259
  30.00000    3.85834
  30.50000    3.86409
  31.00000    3.86984
  31.50000    3.87563
  32.00000    3.88147
  32.50000    3.88731
  33.00000    3.89316
  33.50000    3.89917
  34.00000    3.90518
  34.50000    3.91119
  35.00000    3.91738
  35.50000    3.92369
  36.00000    3.92999
  36.50000    3.93635
  37.00000    3.94297
  37.50000    3.94959
  38.00000    3.95621
  38.50000    3.96317
  39.00000    3.97026
  39.50000    3.97735
  40.00000    3.98459
  40.50000    3.99223
  41.00000    3.99987
  41.50000    4.00751
  42.00000    4.01564
  42.50000    4.02386
  43.00000    4.03208
  43.50000    4.04060
  44.00000    4.04957
  44.50000    4.05855
  45.00000    4.06752
  45.50000    4.07722
  46.00000    4.08695
  46.50000    4.09668
  47.00000    4.10687
  47.50000    4.11750
  48.00000    4.12813
  48.50000    4.13883
  49.00000    4.15045
  49.50000    4.16207
  50.00000    4.17369
  50.50000    4.18592
  51.00000    4.19853
  51.50000    4.21113
  52.00000    4.64173
  52.50000    4.64246
  53.00000    4.64318
  53.50000    4.64391
  54.00000    4.64463
  54.50000    4.64536
  55.00000    4.64608
  55.50000    4.64681
  56.00000    4.64753
  56.50000    4.64826
  57.00000    4.64898
  57.50000    4.64919
  58.00000    4.64939
  58.50000    4.64958
  59.00000    4.64978
  59.50000    4.64997
  60.00000    4.65017
  60.50000    4.65037
  61.00000    4.65056
  61.50000    4.65076
  62.00000    4.65095
  62.50000    4.65080
  63.00000    4.65054
  63.50000    4.65027
  64.00000    4.65001
  64.50000    4.64974
  65.00000    4.64948
  65.50000    4.64921
  66.00000    4.64895
  66.50000    4.64868
  67.00000    4.64842
  67.50000    4.64794
  68.00000    4.64729
  68.50000    4.64663
  69.00000    4.64597
  69.50000    4.64532
  70.00000    4.64466
  70.50000    4.64401
  71.00000    4.64335
  71.50000    4.64269
  72.00000    4.64204
  72.50000    4.64128
  73.00000    4.64032
  73.50000    4.63936
  74.00000    4.63840
  74.50000    4.63744
  75.00000    4.63648
  75.50000    4.63552
  76.00000    4.63456
  76.50000    4.63360
  77.00000    4.63265
  77.50000    4.63166
  78.00000    4.63046
  78.50000    4.62927
  79.00000    4.62807
  79.50000    4.62688
  80.00000    4.62569
  80.50000    4.62449
  81.00000    4.62330
  81.50000    4.62210
  82.00000    4.62091
  82.50000    4.61971
  83.00000    4.61839
  83.50000    4.61704
  84.00000    4.61570
  84.50000    4.61436
  85.00000    4.61302
  85.50000    4.61168
  86.00000    4.61034
  86.50000    4.60900
  87.00000    4.60765
  87.50000    4.60631
  88.00000    4.60492
  88.50000    4.60350
  89.00000    4.60208
  89.50000    4.60066
  90.00000    4.59924
  90.50000    4.59782
  91.00000    4.59640
  91.50000    4.59498
  92.00000    4.59356
  92.50000    4.59214
  93.00000    4.59072
  93.50000    4.58929
  94.00000    4.58786
  94.50000    4.58643
  95.00000    4.58500
  95.50000    4.58357
  96.00000    4.58214
  96.50000    4.58071
  97.00000    4.57928
  97.50000    4.57785
  98.00000    4.57644
  98.50000    4.57510
  99.00000    4.57376
  99.50000    4.57242
 100.00000    4.57108
 100.50000    4.56974
 101.00000    4.56840
 101.50000    4.56705
 102.00000    4.56571
 102.50000    4.56437
 103.00000    4.56304
 103.50000    4.56181
 104.00000    4.56059
 104.50000    4.55936
 105.00000    4.55814
 105.50000    4.55692
 106.00000    4.55569
 106.50000    4.55447
 107.00000    4.55324
 107.50000    4.55202
 108.00000    4.55080
 108.50000    4.54970
 109.00000    4.54862
 109.50000    4.54754
 110.00000    4.54646
 110.50000    4.54539
 111.00000    4.54431
 111.50000    4.54323
 112.00000    4.54216
 112.50000    4.54108
 113.00000    4.54000
 113.50000    4.53901
 114.00000    4.53807
 114.50000    4.53713
 115.00000    4.53619
 115.50000    4.53525
 116.00000    4.53431
 116.50000    4.53337
 117.00000    4.53243
 117.50000    4.53149
 118.00000    4.53055
 118.50000    4.52968
 119.00000    4.52889
 119.50000    4.52811
 120.00000    4.52733
 120.50000    4.52654
 121.00000    4.52576
 121.50000    4.52498
 122.00000    4.52419
 122.50000    4.52341
 123.00000    4.52263
 123.50000    4.52187
 124.00000    4.52125
 124.50000    4.52062
 125.00000    4.51999
 125.50000    4.51937
 126.00000    4.51874
 126.50000    4.51812
 127.00000    4.51749
 127.50000    4.51686
 128.00000    4.51624
 128.50000    4.51561
 129.00000    4.51515
 129.50000    4.51469
 130.00000    4.51423
 130.50000    4.51377
 131.00000    4.51331
 131.50000    4.51285
 132.00000    4.51239
 132.50000    4.51193
 133.00000    4.51147
 133.50000    4.51100
 134.00000    4.51068
 134.50000    4.51040
 135.00000    4.51011
 135.50000    4.50983
 136.00000    4.50954
 136.50000    4.50926
 137.00000    4.50898
 137.50000    4.50869
 138.00000    4.50841
 138.50000    4.50812
 139.00000    4.50793
 139.50000    4.50782
 140.00000    4.50770
 140.50000    4.50758
 141.00000    4.50746
 141.50000    4.50735
 142.00000    4.50723
 142.50000    4.50711
 143.00000    4.50699
 143.50000    4.50688
 144.00000    4.50683
 144.50000    4.50691
 145.00000    4.50698
 145.50000    4.50706
 146.00000    4.50714
 146.50000    4.50722
 147.00000    4.50730
 147.50000    4.50738
 148.00000    4.50745
 148.50000    4.50753
 149.00000    4.50764
 149.50000    4.50791
 150.00000    4.50818
