   0.00000    0.92950
   0.50000    1.29752
   1.00000    1.66555
   1.50000    2.03357
   2.00000    2.40159
   2.50000    2.76962
   3.00000    3.44147
   3.50000    3.45505
   4.00000    3.46864
   4.50000    3.48170
   5.00000    3.49418
   5.50000    3.50666
   6.00000    3.51899
   6.50000    3.53036
   7.00000    3.54174
   7.50000    3.55311
   8.00000    3.56369
   8.50000    3.57408
   9.00000    3.58446
   9.50000    3.59443
  10.00000    3.60388
  10.50000    3.61334
  11.00000    3.62270
  11.50000    3.63132
  12.00000    3.63994
  12.50000    3.64856
  13.00000    3.65658
  13.50000    3.66442
  14.00000    3.67226
  14.50000    3.67982
  15.00000    3.68700
  15.50000    3.69419
  16.00000    3.70132
  16.50000    3.70793
  17.00000    3.71455
  17.50000    3.72116
  18.00000    3.72737
  18.50000    3.73345
  19.00000    3.73952
  19.50000    3.74543
  20.00000    3.75108
  20.50000    3.75674
  21.00000    3.76237
  21.50000    3.76770
  22.00000    3.77303
  22.50000    3.77836
  23.00000    3.78351
  23.50000    3.78860
  24.00000    3.79368
  24.50000    3.79870
  25.00000    3.80361
  25.50000    3.80852
  26.00000    3.81342
  26.50000    3.81824
  27.00000    3.82306
  27.50000    3.82788
  28.00000    3.83270
  28.50000    3.83752
  29.00000    3.84234
  29.50000    3.84718
  30.00000    3.85206
  30.50000    3.85694
  31.00000    3.86182
  31.50000    3.86691
  32.00000    3.87200
  32.50000    3.87708
  33.00000    3.88232
  33.50000    3.88761
  34.00000    3.89291
  34.50000    3.89833
  35.00000    3.90399
  35.50000    3.90964
  36.00000    3.91530
  36.50000    3.92138
  37.00000    3.92745
  37.50000    3.93353
  38.00000    3.93992
  38.50000    3.94648
  39.00000    3.95303
  39.50000    3.95977
  40.00000    3.96693
  40.50000    3.97408
  41.00000    3.98124
  41.50000    3.98903
  42.00000    3.99684
  42.50000    4.00466
  43.00000    4.01296
  43.50000    4.02155
  44.00000    4.03014
  44.50000    4.03897
  45.00000    4.04837
  45.50000    4.05777
  46.00000    4.06717
  46.50000    4.07745
  47.00000    4.08778
  47.50000    4.09810
  48.00000    4.10905
  48.50000    4.12039
  49.00000    4.13174
  49.50000    4.14336
  50.00000    4.15572
  50.50000    4.16808
  51.00000    4.18044
  51.50000    4.59138
  52.00000    4.59458
  52.50000    4.59779
  53.00000    4.60099
  53.50000    4.60419
  54.00000    4.60739
  54.50000    4.61059
  55.00000    4.61380
  55.50000    4.61700
  56.00000    4.62020
  56.50000    4.62261
  57.00000    4.62461
  57.50000    4.62660
  58.00000    4.62860
  58.50000    4.63059
  59.00000    4.63259
  59.50000    4.63458
  60.00000    4.63658
  60.50000    4.63857
  61.00000    4.64057
  61.50000    4.64215
  62.00000    4.64308
  62.50000    4.64400
  63.00000    4.64493
  63.50000    4.64585
  64.00000    4.64678
  64.50000    4.64770
  65.00000    4.64863
  65.50000    4.64955
  66.00000    4.65048
  66.50000    4.65130
  67.00000    4.65134
  67.50000    4.65138
  68.00000    4.65142
  68.50000    4.65146
  69.00000    4.65150
  69.50000    4.65154
  70.00000    4.65158
  70.50000    4.65162
  71.00000    4.65165
  71.50000    4.65169
  72.00000    4.65112
  72.50000    4.65043
  73.00000    4.64974
  73.50000    4.64905
  74.00000    4.64836
  74.50000    4.64767
  75.00000    4.64698
  75.50000    4.64628
  76.00000    4.64559
  76.50000    4.64490
  77.00000    4.64390
  77.50000    4.64265
  78.00000    4.64141
  78.50000    4.64016
  79.00000    4.63891
  79.50000    4.63767
  80.00000    4.63642
  80.50000    4.63518
  81.00000    4.63393
  81.50000    4.63268
  82.00000    4.63133
  82.50000    4.62969
  83.00000    4.62806
  83.50000    4.62642
  84.00000    4.62478
  84.50000    4.62315
  85.00000    4.62151
  85.50000    4.61988
  86.00000    4.61824
  86.50000    4.61661
  87.00000    4.61497
  87.50000    4.61310
  88.00000    4.61123
  88.50000    4.60936
  89.00000    4.60749
  89.50000    4.60562
  90.00000    4.60376
  90.50000    4.60189
  91.00000    4.60002
  91.50000    4.59815
  92.00000    4.59628
  92.50000    4.59438
  93.00000    4.59247
  93.50000    4.59057
  94.00000    4.58866
  94.50000    4.58675
  95.00000    4.58484
  95.50000    4.58294
  96.00000    4.58103
  96.50000    4.57912
  97.00000    4.57721
  97.50000    4.57535
  98.00000    4.57355
  98.50000    4.57175
  99.00000    4.56995
  99.50000    4.56815
 100.00000    4.56635
 100.50000    4.56455
 101.00000    4.56275
 101.50000    4.56095
 102.00000    4.55915
 102.50000    4.55739
 103.00000    4.55581
 103.50000    4.55424
 104.00000    4.55266
 104.50000    4.55108
 105.00000    4.54951
 105.50000    4.54793
 106.00000    4.54635
 106.50000    4.54478
 107.00000    4.54320
 107.50000    4.54162
 108.00000    4.54025
 108.50000    4.53890
 109.00000    4.53755
 109.50000    4.53619
 110.00000    4.53484
 110.50000    4.53349
 111.00000    4.53213
 111.50000    4.53078
 112.00000    4.52943
 112.50000    4.52807
 113.00000    4.52687
 113.50000    4.52575
 114.00000    4.52463
 114.50000    4.52351
 115.00000    4.52240
 115.50000    4.52128
 116.00000    4.52016
 116.50000    4.51904
 117.00000    4.51792
 117.50000    4.51680
 118.00000    4.51576
 118.50000    4.51487
 119.00000    4.51397
 119.50000    4.51308
 120.00000    4.51218
 120.50000    4.51129
 121.00000    4.51039
 121.50000    4.50950
 122.00000    4.50860
 122.50000    4.50770
 123.00000    4.50683
 123.50000    4.50617
 124.00000    4.50551
 124.50000    4.50485
 125.00000    4.50419
 125.50000    4.50352
 126.00000    4.50286
 126.50000    4.50220
 127.00000    4.50154
 127.50000    4.50088
 128.00000    4.50021
 128.50000    4.49975
 129.00000    4.49932
 129.50000    4.49889
 130.00000    4.49846
 130.50000    4.49803
 131.00000    4.49760
 131.50000    4.49718
 132.00000    4.49675
 132.50000    4.49632
 133.00000    4.49589
 133.50000    4.49559
 134.00000    4.49538
 134.50000    4.49518
 135.00000    4.49497
 135.50000    4.49477
 136.00000    4.49456
 136.50000    4.49436
 137.00000    4.49416
 137.50000    4.49395
 138.00000    4.49375
 138.50000    4.49361
 139.00000    4.49364
 139.50000    4.49367
 140.00000    4.49370
 140.50000    4.49373
 141.00000    4.49375
 141.50000    4.49378
 142.00000    4.49381
 142.50000    4.49384
 143.00000    4.49387
 143.50000    4.49390
 144.00000    4.49416
 144.50000    4.49441
 145.00000    4.49466
 145.50000    4.49491
 146.00000    4.49517
 146.50000    4.49542
 147.00000    4.49567
 147.50000    4.49593
 148.00000    4.49618
 148.50000    4.49643
 149.00000    4.49686
 149.50000    4.49734
 150.00000    4.49783
