   0.00000    1.55260
   0.50000    3.06804
   1.00000    3.09557
   1.50000    3.12311
   2.00000    3.14871
   2.50000    3.17365
   3.00000    3.19776
   3.50000    3.22010
   4.00000    3.24245
   4.50000    3.26265
   5.00000    3.28261
   5.50000    3.30149
   6.00000    3.31918
   6.50000    3.33677
   7.00000    3.35240
   7.50000    3.36802
   8.00000    3.38245
   8.50000    3.39614
   9.00000    3.40950
   9.50000    3.42150
  10.00000    3.43349
  10.50000    3.44432
  11.00000    3.45479
  11.50000    3.46479
  12.00000    3.47385
  12.50000    3.48292
  13.00000    3.49090
  13.50000    3.49877
  14.00000    3.50614
  14.50000    3.51299
  15.00000    3.51978
  15.50000    3.52580
  16.00000    3.53182
  16.50000    3.53739
  17.00000    3.54271
  17.50000    3.54792
  18.00000    3.55274
  18.50000    3.55757
  19.00000    3.56213
  19.50000    3.56662
  20.00000    3.57106
  20.50000    3.57539
  21.00000    3.57972
  21.50000    3.58412
  22.00000    3.58853
  22.50000    3.59301
  23.00000    3.59754
  23.50000    3.60211
  24.00000    3.60706
  24.50000    3.61200
  25.00000    3.61730
  25.50000    3.62278
  26.00000    3.62844
  26.50000    3.63466
  27.00000    3.64089
  27.50000    3.64781
  28.00000    3.65490
  28.50000    3.66240
  29.00000    3.67056
  29.50000    3.67872
  30.00000    3.68811
  30.50000    3.69755
  31.00000    3.70770
  31.50000    3.71851
  32.00000    3.72947
  32.50000    3.74192
  33.00000    3.75437
  33.50000    3.76800
  34.00000    3.78218
  34.50000    3.79683
  35.00000    3.81286
  35.50000    3.82890
  36.00000    4.05081
  36.50000    4.05955
  37.00000    4.06830
  37.50000    4.07704
  38.00000    4.08578
  38.50000    4.09452
  39.00000    4.10326
  39.50000    4.11200
  40.00000    4.12024
  40.50000    4.12770
  41.00000    4.13516
  41.50000    4.14262
  42.00000    4.15008
  42.50000    4.15754
  43.00000    4.16500
  43.50000    4.17246
  44.00000    4.17992
  44.50000    4.18618
  45.00000    4.19240
  45.50000    4.19861
  46.00000    4.20483
  46.50000    4.21104
  47.00000    4.21725
  47.50000    4.22347
  48.00000    4.22968
  48.50000    4.23530
  49.00000    4.24039
  49.50000    4.24548
  50.00000    4.25057
  50.50000    4.25565
  51.00000    4.26074
  51.50000    4.26583
  52.00000    4.27092
  52.50000    4.27591
  53.00000    4.28001
  53.50000    4.28412
  54.00000    4.28822
  54.50000    4.29232
  55.00000    4.29643
  55.50000    4.30053
  56.00000    4.30463
  56.50000    4.30874
  57.00000    4.31225
  57.50000    4.31548
  58.00000    4.31871
  58.50000    4.32193
  59.00000    4.32516
  59.50000    4.32839
  60.00000    4.33161
  60.50000    4.33484
  61.00000    4.33789
  61.50000    4.34037
  62.00000    4.34284
  62.50000    4.34532
  63.00000    4.34780
  63.50000    4.35028
  64.00000    4.35276
  64.50000    4.35524
  65.00000    4.35772
  65.50000    4.35969
  66.00000    4.36154
  66.50000    4.36339
  67.00000    4.36524
  67.50000    4.36709
  68.00000    4.36894
  68.50000    4.37079
  69.00000    4.37264
  69.50000    4.37430
  70.00000    4.37564
  70.50000    4.37698
  71.00000    4.37832
  71.50000    4.37966
  72.00000    4.38100
  72.50000    4.38234
  73.00000    4.38368
  73.50000    4.38502
  74.00000    4.38601
  74.50000    4.38697
  75.00000    4.38793
  75.50000    4.38889
  76.00000    4.38985
  76.50000    4.39081
  77.00000    4.39177
  77.50000    4.39273
  78.00000    4.39356
  78.50000    4.39426
  79.00000    4.39496
  79.50000    4.39566
  80.00000    4.39636
  80.50000    4.39706
  81.00000    4.39776
  81.50000    4.39846
  82.00000    4.39914
  82.50000    4.39970
  83.00000    4.40026
  83.50000    4.40082
  84.00000    4.40137
  84.50000    4.40193
  85.00000    4.40249
  85.50000    4.40305
  86.00000    4.40360
  86.50000    4.40415
  87.00000    4.40470
  87.50000    4.40524
  88.00000    4.40579
  88.50000    4.40634
  89.00000    4.40688
  89.50000    4.40743
  90.00000    4.40797
  90.50000    4.40854
  91.00000    4.40918
  91.50000    4.40982
  92.00000    4.41046
  92.50000    4.41110
  93.00000    4.41174
  93.50000    4.41238
  94.00000    4.41302
  94.50000    4.41366
  95.00000    4.41437
  95.50000    4.41509
  96.00000    4.41581
  96.50000    4.41654
  97.00000    4.41726
  97.50000    4.41799
  98.00000    4.41871
  98.50000    4.41943
  99.00000    4.42019
  99.50000    4.42101
 100.00000    4.42183
 100.50000    4.42264
 101.00000    4.42346
 101.50000    4.42428
 102.00000    4.42510
 102.50000    4.42592
 103.00000    4.42674
 103.50000    4.42762
 104.00000    4.42851
 104.50000    4.42940
 105.00000    4.43029
 105.50000    4.43118
 106.00000    4.43207
 106.50000    4.43296
 107.00000    4.43385
 107.50000    4.43477
 108.00000    4.43571
 108.50000    4.43666
 109.00000    4.43761
 109.50000    4.43856
 110.00000    4.43951
 110.50000    4.44046
 111.00000    4.44141
 111.50000    4.44236
 112.00000    4.44338
 112.50000    4.44440
 113.00000    4.44542
 113.50000    4.44644
 114.00000    4.44746
 114.50000    4.44848
 115.00000    4.44950
 115.50000    4.45052
 116.00000    4.45156
 116.50000    4.45262
 117.00000    4.45367
 117.50000    4.45473
 118.00000    4.45578
 118.50000    4.45684
 119.00000    4.45790
 119.50000    4.45895
 120.00000    4.46002
 120.50000    4.46112
 121.00000    4.46222
 121.50000    4.46333
 122.00000    4.46443
 122.50000    4.46553
 123.00000    4.46664
 123.50000    4.46774
 124.00000    4.46884
 124.50000    4.46996
 125.00000    4.47109
 125.50000    4.47222
 126.00000    4.47334
 126.50000    4.47447
 127.00000    4.47560
 127.50000    4.47672
 128.00000    4.47785
 128.50000    4.47898
 129.00000    4.48012
 129.50000    4.48126
 130.00000    4.48240
 130.50000    4.48353
 131.00000    4.48467
 131.50000    4.48581
 132.00000    4.48695
 132.50000    4.48809
 133.00000    4.48923
 133.50000    4.49037
 134.00000    4.49150
 134.50000    4.49264
 135.00000    4.49378
 135.50000    4.49492
 136.00000    4.49606
 136.50000    4.49720
 137.00000    4.49834
 137.50000    4.49947
 138.00000    4.50061
 138.50000    4.50175
 139.00000    4.50289
 139.50000    4.50403
 140.00000    4.50517
 140.50000    4.50631
 141.00000    4.50745
 141.50000    4.50857
 142.00000    4.50970
 142.50000    4.51083
 143.00000    4.51195
 143.50000    4.51308
 144.00000    4.51421
 144.50000    4.51533
 145.00000    4.51646
 145.50000    4.51757
 146.00000    4.51867
 146.50000    4.51978
 147.00000    4.52088
 147.50000    4.52198
 148.00000    4.52309
 148.50000    4.52419
 149.00000    4.52529
 149.50000    4.52639
 150.00000    4.52746
