   0.00000    0.66240
   0.50000    0.97098
   1.00000    1.27956
   1.50000    1.58815
   2.00000    1.89673
   2.50000    2.20531
   3.00000    2.51389
   3.50000    2.82247
   4.00000    3.53176
   4.50000    3.54429
   5.00000    3.55681
   5.50000    3.56899
   6.00000    3.58021
   6.50000    3.59142
   7.00000    3.60258
   7.50000    3.61259
   8.00000    3.62260
   8.50000    3.63260
   9.00000    3.64160
   9.50000    3.65040
  10.00000    3.65919
  10.50000    3.66736
  11.00000    3.67513
  11.50000    3.68290
  12.00000    3.69030
  12.50000    3.69714
  13.00000    3.70397
  13.50000    3.71067
  14.00000    3.71670
  14.50000    3.72273
  15.00000    3.72876
  15.50000    3.73410
  16.00000    3.73941
  16.50000    3.74473
  17.00000    3.74958
  17.50000    3.75427
  18.00000    3.75897
  18.50000    3.76341
  19.00000    3.76764
  19.50000    3.77187
  20.00000    3.77597
  20.50000    3.77979
  21.00000    3.78361
  21.50000    3.78742
  22.00000    3.79099
  22.50000    3.79456
  23.00000    3.79814
  23.50000    3.80155
  24.00000    3.80494
  24.50000    3.80832
  25.00000    3.81169
  25.50000    3.81505
  26.00000    3.81840
  26.50000    3.82179
  27.00000    3.82520
  27.50000    3.82862
  28.00000    3.83208
  28.50000    3.83569
  29.00000    3.83929
  29.50000    3.84290
  30.00000    3.84678
  30.50000    3.85067
  31.00000    3.85455
  31.50000    3.85873
  32.00000    3.86298
  32.50000    3.86724
  33.00000    3.87180
  33.50000    3.87658
  34.00000    3.88137
  34.50000    3.88636
  35.00000    3.89174
  35.50000    3.89711
  36.00000    3.90258
  36.50000    3.90871
  37.00000    3.91483
  37.50000    3.92095
  38.00000    3.92784
  38.50000    3.93480
  39.00000    3.94176
  39.50000    3.94937
  40.00000    3.95726
  40.50000    3.96515
  41.00000    3.97355
  41.50000    3.98250
  42.00000    3.99145
  42.50000    4.00070
  43.00000    4.01083
  43.50000    4.02096
  44.00000    4.03114
  44.50000    4.04255
  45.00000    4.05396
  45.50000    4.06536
  46.00000    4.07791
  46.50000    4.09072
  47.00000    4.10352
  47.50000    4.11723
  48.00000    4.13152
  48.50000    4.14582
  49.00000    4.16070
  49.50000    4.17652
  50.00000    4.19234
  50.50000    4.45908
  51.00000    4.46731
  51.50000    4.47554
  52.00000    4.48377
  52.50000    4.49200
  53.00000    4.50023
  53.50000    4.50846
  54.00000    4.51669
  54.50000    4.52492
  55.00000    4.53315
  55.50000    4.54138
  56.00000    4.54768
  56.50000    4.55364
  57.00000    4.55960
  57.50000    4.56556
  58.00000    4.57152
  58.50000    4.57749
  59.00000    4.58345
  59.50000    4.58941
  60.00000    4.59537
  60.50000    4.60133
  61.00000    4.60621
  61.50000    4.61016
  62.00000    4.61410
  62.50000    4.61805
  63.00000    4.62199
  63.50000    4.62594
  64.00000    4.62988
  64.50000    4.63383
  65.00000    4.63778
  65.50000    4.64172
  66.00000    4.64529
  66.50000    4.64753
  67.00000    4.64977
  67.50000    4.65201
  68.00000    4.65425
  68.50000    4.65649
  69.00000    4.65873
  69.50000    4.66097
  70.00000    4.66321
  70.50000    4.66544
  71.00000    4.66768
  71.50000    4.66866
  72.00000    4.66951
  72.50000    4.67035
  73.00000    4.67119
  73.50000    4.67204
  74.00000    4.67288
  74.50000    4.67372
  75.00000    4.67457
  75.50000    4.67541
  76.00000    4.67625
  76.50000    4.67645
  77.00000    4.67620
  77.50000    4.67595
  78.00000    4.67570
  78.50000    4.67544
  79.00000    4.67519
  79.50000    4.67494
  80.00000    4.67469
  80.50000    4.67444
  81.00000    4.67418
  81.50000    4.67372
  82.00000    4.67269
  82.50000    4.67167
  83.00000    4.67064
  83.50000    4.66961
  84.00000    4.66858
  84.50000    4.66756
  85.00000    4.66653
  85.50000    4.66550
  86.00000    4.66447
  86.50000    4.66345
  87.00000    4.66196
  87.50000    4.66044
  88.00000    4.65893
  88.50000    4.65742
  89.00000    4.65591
  89.50000    4.65440
  90.00000    4.65288
  90.50000    4.65137
  91.00000    4.64986
  91.50000    4.64835
  92.00000    4.64672
  92.50000    4.64504
  93.00000    4.64335
  93.50000    4.64166
  94.00000    4.63998
  94.50000    4.63829
  95.00000    4.63660
  95.50000    4.63492
  96.00000    4.63323
  96.50000    4.63154
  97.00000    4.62990
  97.50000    4.62836
  98.00000    4.62682
  98.50000    4.62528
  99.00000    4.62374
  99.50000    4.62220
 100.00000    4.62066
 100.50000    4.61911
 101.00000    4.61757
 101.50000    4.61603
 102.00000    4.61449
 102.50000    4.61326
 103.00000    4.61203
 103.50000    4.61080
 104.00000    4.60957
 104.50000    4.60834
 105.00000    4.60711
 105.50000    4.60587
 106.00000    4.60464
 106.50000    4.60341
 107.00000    4.60218
 107.50000    4.60115
 108.00000    4.60021
 108.50000    4.59927
 109.00000    4.59833
 109.50000    4.59739
 110.00000    4.59645
 110.50000    4.59551
 111.00000    4.59457
 111.50000    4.59363
 112.00000    4.59269
 112.50000    4.59185
 113.00000    4.59118
 113.50000    4.59051
 114.00000    4.58984
 114.50000    4.58917
 115.00000    4.58851
 115.50000    4.58784
 116.00000    4.58717
 116.50000    4.58650
 117.00000    4.58583
 117.50000    4.58517
 118.00000    4.58472
 118.50000    4.58426
 119.00000    4.58381
 119.50000    4.58335
 120.00000    4.58290
 120.50000    4.58244
 121.00000    4.58198
 121.50000    4.58153
 122.00000    4.58107
 122.50000    4.58062
 123.00000    4.58031
 123.50000    4.58006
 124.00000    4.57981
 124.50000    4.57956
 125.00000    4.57930
 125.50000    4.57905
 126.00000    4.57880
 126.50000    4.57855
 127.00000    4.57830
 127.50000    4.57804
 128.00000    4.57786
 128.50000    4.57776
 129.00000    4.57766
 129.50000    4.57757
 130.00000    4.57747
 130.50000    4.57737
 131.00000    4.57728
 131.50000    4.57718
 132.00000    4.57708
 132.50000    4.57699
 133.00000    4.57690
 133.50000    4.57692
 134.00000    4.57694
 134.50000    4.57696
 135.00000    4.57698
 135.50000    4.57700
 136.00000    4.57702
 136.50000    4.57704
 137.00000    4.57706
 137.50000    4.57708
 138.00000    4.57710
 138.50000    4.57719
 139.00000    4.57731
 139.50000    4.57743
 140.00000    4.57754
 140.50000    4.57766
 141.00000    4.57777
 141.50000    4.57789
 142.00000    4.57801
 142.50000    4.57812
 143.00000    4.57824
 143.50000    4.57838
 144.00000    4.57854
 144.50000    4.57871
 145.00000    4.57887
 145.50000    4.57904
 146.00000    4.57920
 146.50000    4.57937
 147.00000    4.57953
 147.50000    4.57970
 148.00000    4.57986
 148.50000    4.58003
 149.00000    4.58021
 149.50000    4.58040
 150.00000    4.58058
