   0.00000    1.56610
   0.50000    1.99035
   1.00000    2.41460
   1.50000    3.47058
   2.00000    3.47932
   2.50000    3.48807
   3.00000    3.49628
   3.50000    3.50411
   4.00000    3.51193
   4.50000    3.51905
   5.00000    3.52593
   5.50000    3.53280
   6.00000    3.53897
   6.50000    3.54507
   7.00000    3.55112
   7.50000    3.55655
   8.00000    3.56198
   8.50000    3.56726
   9.00000    3.57205
   9.50000    3.57685
  10.00000    3.58146
  10.50000    3.58580
  11.00000    3.59013
  11.50000    3.59425
  12.00000    3.59820
  12.50000    3.60215
  13.00000    3.60587
  13.50000    3.60950
  14.00000    3.61313
  14.50000    3.61660
  15.00000    3.62006
  15.50000    3.62351
  16.00000    3.62690
  16.50000    3.63028
  17.00000    3.63368
  17.50000    3.63710
  18.00000    3.64052
  18.50000    3.64398
  19.00000    3.64751
  19.50000    3.65103
  20.00000    3.65468
  20.50000    3.65841
  21.00000    3.66215
  21.50000    3.66612
  22.00000    3.67017
  22.50000    3.67423
  23.00000    3.67869
  23.50000    3.68320
  24.00000    3.68774
  24.50000    3.69278
  25.00000    3.69783
  25.50000    3.70300
  26.00000    3.70868
  26.50000    3.71436
  27.00000    3.72030
  27.50000    3.72669
  28.00000    3.73307
  28.50000    3.73991
  29.00000    3.74714
  29.50000    3.75437
  30.00000    3.76227
  30.50000    3.77045
  31.00000    3.77863
  31.50000    3.78773
  32.00000    3.79697
  32.50000    3.80624
  33.00000    3.81661
  33.50000    3.82698
  34.00000    3.83759
  34.50000    3.84919
  35.00000    3.86079
  35.50000    3.87288
  36.00000    3.88582
  36.50000    3.89877
  37.00000    3.91249
  37.50000    3.92691
  38.00000    3.94133
  38.50000    3.95680
  39.00000    3.97274
  39.50000    3.98868
  40.00000    4.00606
  40.50000    4.02370
  41.00000    4.04136
  41.50000    4.06061
  42.00000    4.07987
  42.50000    4.43640
  43.00000    4.43421
  43.50000    4.43202
  44.00000    4.42983
  44.50000    4.42764
  45.00000    4.42545
  45.50000    4.42326
  46.00000    4.42107
  46.50000    4.41893
  47.00000    4.41729
  47.50000    4.41564
  48.00000    4.41400
  48.50000    4.41235
  49.00000    4.41070
  49.50000    4.40906
  50.00000    4.40741
  50.50000    4.40578
  51.00000    4.40466
  51.50000    4.40355
  52.00000    4.40244
  52.50000    4.40132
  53.00000    4.40021
  53.50000    4.39910
  54.00000    4.39798
  54.50000    4.39687
  55.00000    4.39618
  55.50000    4.39553
  56.00000    4.39487
  56.50000    4.39422
  57.00000    4.39356
  57.50000    4.39291
  58.00000    4.39225
  58.50000    4.39159
  59.00000    4.39129
  59.50000    4.39104
  60.00000    4.39079
  60.50000    4.39055
  61.00000    4.39030
  61.50000    4.39005
  62.00000    4.38980
  62.50000    4.38956
  63.00000    4.38959
  63.50000    4.38970
  64.00000    4.38981
  64.50000    4.38992
  65.00000    4.39003
  65.50000    4.39014
  66.00000    4.39025
  66.50000    4.39037
  67.00000    4.39068
  67.50000    4.39109
  68.00000    4.39150
  68.50000    4.39191
  69.00000    4.39232
  69.50000    4.39272
  70.00000    4.39313
  70.50000    4.39354
  71.00000    4.39410
  71.50000    4.39476
  72.00000    4.39541
  72.50000    4.39607
  73.00000    4.39672
  73.50000    4.39738
  74.00000    4.39804
  74.50000    4.39869
  75.00000    4.39945
  75.50000    4.40029
  76.00000    4.40113
  76.50000    4.40197
  77.00000    4.40281
  77.50000    4.40365
  78.00000    4.40449
  78.50000    4.40534
  79.00000    4.40623
  79.50000    4.40720
  80.00000    4.40816
  80.50000    4.40913
  81.00000    4.41009
  81.50000    4.41106
  82.00000    4.41202
  82.50000    4.41299
  83.00000    4.41399
  83.50000    4.41505
  84.00000    4.41612
  84.50000    4.41718
  85.00000    4.41825
  85.50000    4.41931
  86.00000    4.42038
  86.50000    4.42144
  87.00000    4.42251
  87.50000    4.42358
  88.00000    4.42466
  88.50000    4.42574
  89.00000    4.42681
  89.50000    4.42789
  90.00000    4.42897
  90.50000    4.43004
  91.00000    4.43111
  91.50000    4.43215
  92.00000    4.43319
  92.50000    4.43423
  93.00000    4.43527
  93.50000    4.43631
  94.00000    4.43735
  94.50000    4.43839
  95.00000    4.43942
  95.50000    4.44040
  96.00000    4.44137
  96.50000    4.44235
  97.00000    4.44333
  97.50000    4.44431
  98.00000    4.44528
  98.50000    4.44626
  99.00000    4.44724
  99.50000    4.44813
 100.00000    4.44902
 100.50000    4.44991
 101.00000    4.45080
 101.50000    4.45169
 102.00000    4.45258
 102.50000    4.45347
 103.00000    4.45436
 103.50000    4.45518
 104.00000    4.45600
 104.50000    4.45682
 105.00000    4.45763
 105.50000    4.45845
 106.00000    4.45927
 106.50000    4.46008
 107.00000    4.46090
 107.50000    4.46166
 108.00000    4.46242
 108.50000    4.46317
 109.00000    4.46393
 109.50000    4.46468
 110.00000    4.46544
 110.50000    4.46619
 111.00000    4.46695
 111.50000    4.46766
 112.00000    4.46837
 112.50000    4.46907
 113.00000    4.46978
 113.50000    4.47048
 114.00000    4.47119
 114.50000    4.47189
 115.00000    4.47260
 115.50000    4.47327
 116.00000    4.47392
 116.50000    4.47458
 117.00000    4.47524
 117.50000    4.47589
 118.00000    4.47655
 118.50000    4.47720
 119.00000    4.47786
 119.50000    4.47849
 120.00000    4.47911
 120.50000    4.47973
 121.00000    4.48035
 121.50000    4.48097
 122.00000    4.48159
 122.50000    4.48220
 123.00000    4.48282
 123.50000    4.48342
 124.00000    4.48400
 124.50000    4.48458
 125.00000    4.48517
 125.50000    4.48575
 126.00000    4.48633
 126.50000    4.48691
 127.00000    4.48749
 127.50000    4.48807
 128.00000    4.48864
 128.50000    4.48921
 129.00000    4.48978
 129.50000    4.49034
 130.00000    4.49091
 130.50000    4.49148
 131.00000    4.49205
 131.50000    4.49261
 132.00000    4.49316
 132.50000    4.49370
 133.00000    4.49424
 133.50000    4.49479
 134.00000    4.49533
 134.50000    4.49588
 135.00000    4.49642
 135.50000    4.49697
 136.00000    4.49751
 136.50000    4.49806
 137.00000    4.49860
 137.50000    4.49914
 138.00000    4.49969
 138.50000    4.50023
 139.00000    4.50078
 139.50000    4.50132
 140.00000    4.50185
 140.50000    4.50238
 141.00000    4.50292
 141.50000    4.50345
 142.00000    4.50398
 142.50000    4.50451
 143.00000    4.50504
 143.50000    4.50558
 144.00000    4.50612
 144.50000    4.50667
 145.00000    4.50721
 145.50000    4.50776
 146.00000    4.50830
 146.50000    4.50884
 147.00000    4.50939
 147.50000    4.50994
 148.00000    4.51050
 148.50000    4.51107
 149.00000    4.51164
 149.50000    4.51221
 150.00000    4.51278
