   0.00000    0.70150
   0.50000    1.08204
   1.00000    1.46258
   1.50000    1.84313
   2.00000    2.22367
   2.50000    2.60421
   3.00000    3.49219
   3.50000    3.50549
   4.00000    3.51879
   4.50000    3.53187
   5.00000    3.54403
   5.50000    3.55619
   6.00000    3.56811
   6.50000    3.57916
   7.00000    3.59021
   7.50000    3.60102
   8.00000    3.61106
   8.50000    3.62111
   9.00000    3.63089
   9.50000    3.63996
  10.00000    3.64903
  10.50000    3.65785
  11.00000    3.66605
  11.50000    3.67424
  12.00000    3.68219
  12.50000    3.68958
  13.00000    3.69697
  13.50000    3.70412
  14.00000    3.71081
  14.50000    3.71749
  15.00000    3.72396
  15.50000    3.73004
  16.00000    3.73612
  16.50000    3.74199
  17.00000    3.74749
  17.50000    3.75300
  18.00000    3.75832
  18.50000    3.76336
  19.00000    3.76840
  19.50000    3.77328
  20.00000    3.77795
  20.50000    3.78262
  21.00000    3.78714
  21.50000    3.79147
  22.00000    3.79581
  22.50000    3.80004
  23.00000    3.80418
  23.50000    3.80831
  24.00000    3.81237
  24.50000    3.81637
  25.00000    3.82037
  25.50000    3.82433
  26.00000    3.82826
  26.50000    3.83219
  27.00000    3.83612
  27.50000    3.84005
  28.00000    3.84398
  28.50000    3.84797
  29.00000    3.85200
  29.50000    3.85603
  30.00000    3.86016
  30.50000    3.86436
  31.00000    3.86855
  31.50000    3.87294
  32.00000    3.87744
  32.50000    3.88194
  33.00000    3.88663
  33.50000    3.89143
  34.00000    3.89624
  34.50000    3.90133
  35.00000    3.90657
  35.50000    3.91181
  36.00000    3.91739
  36.50000    3.92313
  37.00000    3.92888
  37.50000    3.93502
  38.00000    3.94134
  38.50000    3.94765
  39.00000    3.95445
  39.50000    3.96144
  40.00000    3.96842
  40.50000    3.97596
  41.00000    3.98369
  41.50000    3.99141
  42.00000    3.99979
  42.50000    4.00835
  43.00000    4.01692
  43.50000    4.02620
  44.00000    4.03567
  44.50000    4.04515
  45.00000    4.05536
  45.50000    4.06574
  46.00000    4.07612
  46.50000    4.55563
  47.00000    4.55686
  47.50000    4.55809
  48.00000    4.55932
  48.50000    4.56055
  49.00000    4.56177
  49.50000    4.56300
  50.00000    4.56423
  50.50000    4.56542
  51.00000    4.56662
  51.50000    4.56781
  52.00000    4.56900
  52.50000    4.57019
  53.00000    4.57138
  53.50000    4.57257
  54.00000    4.57376
  54.50000    4.57490
  55.00000    4.57604
  55.50000    4.57718
  56.00000    4.57832
  56.50000    4.57946
  57.00000    4.58060
  57.50000    4.58174
  58.00000    4.58287
  58.50000    4.58393
  59.00000    4.58500
  59.50000    4.58606
  60.00000    4.58712
  60.50000    4.58819
  61.00000    4.58925
  61.50000    4.59032
  62.00000    4.59136
  62.50000    4.59235
  63.00000    4.59334
  63.50000    4.59433
  64.00000    4.59531
  64.50000    4.59630
  65.00000    4.59729
  65.50000    4.59828
  66.00000    4.59923
  66.50000    4.60013
  67.00000    4.60103
  67.50000    4.60193
  68.00000    4.60283
  68.50000    4.60373
  69.00000    4.60463
  69.50000    4.60553
  70.00000    4.60638
  70.50000    4.60716
  71.00000    4.60795
  71.50000    4.60873
  72.00000    4.60952
  72.50000    4.61030
  73.00000    4.61109
  73.50000    4.61187
  74.00000    4.61259
  74.50000    4.61326
  75.00000    4.61394
  75.50000    4.61461
  76.00000    4.61528
  76.50000    4.61595
  77.00000    4.61662
  77.50000    4.61729
  78.00000    4.61788
  78.50000    4.61842
  79.00000    4.61897
  79.50000    4.61951
  80.00000    4.62006
  80.50000    4.62060
  81.00000    4.62115
  81.50000    4.62169
  82.00000    4.62212
  82.50000    4.62253
  83.00000    4.62293
  83.50000    4.62334
  84.00000    4.62375
  84.50000    4.62415
  85.00000    4.62456
  85.50000    4.62496
  86.00000    4.62523
  86.50000    4.62548
  87.00000    4.62574
  87.50000    4.62599
  88.00000    4.62624
  88.50000    4.62650
  89.00000    4.62675
  89.50000    4.62700
  90.00000    4.62708
  90.50000    4.62715
  91.00000    4.62723
  91.50000    4.62730
  92.00000    4.62738
  92.50000    4.62746
  93.00000    4.62753
  93.50000    4.62759
  94.00000    4.62750
  94.50000    4.62741
  95.00000    4.62732
  95.50000    4.62723
  96.00000    4.62715
  96.50000    4.62706
  97.00000    4.62697
  97.50000    4.62684
  98.00000    4.62656
  98.50000    4.62628
  99.00000    4.62600
  99.50000    4.62572
 100.00000    4.62544
 100.50000    4.62516
 101.00000    4.62489
 101.50000    4.62455
 102.00000    4.62411
 102.50000    4.62367
 103.00000    4.62322
 103.50000    4.62278
 104.00000    4.62234
 104.50000    4.62189
 105.00000    4.62145
 105.50000    4.62094
 106.00000    4.62034
 106.50000    4.61975
 107.00000    4.61915
 107.50000    4.61856
 108.00000    4.61796
 108.50000    4.61737
 109.00000    4.61677
 109.50000    4.61611
 110.00000    4.61540
 110.50000    4.61469
 111.00000    4.61398
 111.50000    4.61328
 112.00000    4.61257
 112.50000    4.61186
 113.00000    4.61115
 113.50000    4.61037
 114.00000    4.60956
 114.50000    4.60875
 115.00000    4.60794
 115.50000    4.60713
 116.00000    4.60632
 116.50000    4.60551
 117.00000    4.60470
 117.50000    4.60383
 118.00000    4.60294
 118.50000    4.60205
 119.00000    4.60117
 119.50000    4.60028
 120.00000    4.59939
 120.50000    4.59851
 121.00000    4.59762
 121.50000    4.59668
 122.00000    4.59573
 122.50000    4.59478
 123.00000    4.59383
 123.50000    4.59288
 124.00000    4.59193
 124.50000    4.59098
 125.00000    4.59003
 125.50000    4.58905
 126.00000    4.58808
 126.50000    4.58710
 127.00000    4.58613
 127.50000    4.58515
 128.00000    4.58417
 128.50000    4.58320
 129.00000    4.58222
 129.50000    4.58123
 130.00000    4.58025
 130.50000    4.57926
 131.00000    4.57827
 131.50000    4.57728
 132.00000    4.57629
 132.50000    4.57530
 133.00000    4.57432
 133.50000    4.57334
 134.00000    4.57237
 134.50000    4.57139
 135.00000    4.57042
 135.50000    4.56944
 136.00000    4.56847
 136.50000    4.56749
 137.00000    4.56653
 137.50000    4.56559
 138.00000    4.56465
 138.50000    4.56371
 139.00000    4.56278
 139.50000    4.56184
 140.00000    4.56090
 140.50000    4.55996
 141.00000    4.55905
 141.50000    4.55816
 142.00000    4.55727
 142.50000    4.55639
 143.00000    4.55550
 143.50000    4.55461
 144.00000    4.55373
 144.50000    4.55284
 145.00000    4.55200
 145.50000    4.55120
 146.00000    4.55040
 146.50000    4.54960
 147.00000    4.54880
 147.50000    4.54801
 148.00000    4.54721
 148.50000    4.54641
 149.00000    4.54567
 149.50000    4.54496
 150.00000    4.54425
