   0.00000    1.41030
   0.50000    3.05791
   1.00000    3.08668
   1.50000    3.11546
   2.00000    3.14168
   2.50000    3.16759
   3.00000    3.19169
   3.50000    3.21469
   4.00000    3.23675
   4.50000    3.25706
   5.00000    3.27717
   5.50000    3.29502
   6.00000    3.31286
   6.50000    3.32888
   7.00000    3.34448
   7.50000    3.35893
   8.00000    3.37241
   8.50000    3.38538
   9.00000    3.39696
   9.50000    3.40855
  10.00000    3.41850
  10.50000    3.42846
  11.00000    3.43732
  11.50000    3.44578
  12.00000    3.45362
  12.50000    3.46076
  13.00000    3.46770
  13.50000    3.47383
  14.00000    3.47995
  14.50000    3.48526
  15.00000    3.49050
  15.50000    3.49531
  16.00000    3.49989
  16.50000    3.50429
  17.00000    3.50839
  17.50000    3.51245
  18.00000    3.51629
  18.50000    3.52012
  19.00000    3.52388
  19.50000    3.52762
  20.00000    3.53147
  20.50000    3.53539
  21.00000    3.53940
  21.50000    3.54358
  22.00000    3.54779
  22.50000    3.55260
  23.00000    3.55740
  23.50000    3.56275
  24.00000    3.56825
  24.50000    3.57423
  25.00000    3.58066
  25.50000    3.58736
  26.00000    3.59494
  26.50000    3.60252
  27.00000    3.61141
  27.50000    3.62035
  28.00000    3.63034
  28.50000    3.64078
  29.00000    3.65197
  29.50000    3.66417
  30.00000    3.67668
  30.50000    3.69082
  31.00000    3.70497
  31.50000    3.72102
  32.00000    3.73733
  32.50000    3.75501
  33.00000    3.77356
  33.50000    4.29223
  34.00000    4.29464
  34.50000    4.29705
  35.00000    4.29946
  35.50000    4.30187
  36.00000    4.30428
  36.50000    4.30669
  37.00000    4.30910
  37.50000    4.31151
  38.00000    4.31359
  38.50000    4.31558
  39.00000    4.31757
  39.50000    4.31955
  40.00000    4.32154
  40.50000    4.32353
  41.00000    4.32552
  41.50000    4.32751
  42.00000    4.32939
  42.50000    4.33095
  43.00000    4.33250
  43.50000    4.33406
  44.00000    4.33561
  44.50000    4.33717
  45.00000    4.33873
  45.50000    4.34028
  46.00000    4.34184
  46.50000    4.34315
  47.00000    4.34435
  47.50000    4.34556
  48.00000    4.34676
  48.50000    4.34797
  49.00000    4.34917
  49.50000    4.35038
  50.00000    4.35158
  50.50000    4.35274
  51.00000    4.35363
  51.50000    4.35452
  52.00000    4.35541
  52.50000    4.35630
  53.00000    4.35718
  53.50000    4.35807
  54.00000    4.35896
  54.50000    4.35985
  55.00000    4.36058
  55.50000    4.36120
  56.00000    4.36182
  56.50000    4.36244
  57.00000    4.36306
  57.50000    4.36368
  58.00000    4.36430
  58.50000    4.36492
  59.00000    4.36553
  59.50000    4.36593
  60.00000    4.36634
  60.50000    4.36675
  61.00000    4.36716
  61.50000    4.36757
  62.00000    4.36798
  62.50000    4.36839
  63.00000    4.36880
  63.50000    4.36912
  64.00000    4.36935
  64.50000    4.36959
  65.00000    4.36982
  65.50000    4.37006
  66.00000    4.37029
  66.50000    4.37052
  67.00000    4.37076
  67.50000    4.37099
  68.00000    4.37111
  68.50000    4.37123
  69.00000    4.37135
  69.50000    4.37146
  70.00000    4.37158
  70.50000    4.37170
  71.00000    4.37182
  71.50000    4.37193
  72.00000    4.37202
  72.50000    4.37207
  73.00000    4.37211
  73.50000    4.37216
  74.00000    4.37221
  74.50000    4.37225
  75.00000    4.37230
  75.50000    4.37235
  76.00000    4.37239
  76.50000    4.37243
  77.00000    4.37247
  77.50000    4.37250
  78.00000    4.37254
  78.50000    4.37257
  79.00000    4.37261
  79.50000    4.37264
  80.00000    4.37268
  80.50000    4.37272
  81.00000    4.37278
  81.50000    4.37284
  82.00000    4.37289
  82.50000    4.37295
  83.00000    4.37301
  83.50000    4.37307
  84.00000    4.37313
  84.50000    4.37319
  85.00000    4.37330
  85.50000    4.37343
  86.00000    4.37356
  86.50000    4.37369
  87.00000    4.37381
  87.50000    4.37394
  88.00000    4.37407
  88.50000    4.37420
  89.00000    4.37436
  89.50000    4.37462
  90.00000    4.37487
  90.50000    4.37513
  91.00000    4.37539
  91.50000    4.37565
  92.00000    4.37590
  92.50000    4.37616
  93.00000    4.37642
  93.50000    4.37675
  94.00000    4.37711
  94.50000    4.37747
  95.00000    4.37784
  95.50000    4.37820
  96.00000    4.37856
  96.50000    4.37892
  97.00000    4.37929
  97.50000    4.37967
  98.00000    4.38014
  98.50000    4.38062
  99.00000    4.38110
  99.50000    4.38158
 100.00000    4.38206
 100.50000    4.38254
 101.00000    4.38302
 101.50000    4.38350
 102.00000    4.38404
 102.50000    4.38461
 103.00000    4.38518
 103.50000    4.38576
 104.00000    4.38633
 104.50000    4.38690
 105.00000    4.38748
 105.50000    4.38805
 106.00000    4.38863
 106.50000    4.38928
 107.00000    4.38994
 107.50000    4.39059
 108.00000    4.39125
 108.50000    4.39190
 109.00000    4.39256
 109.50000    4.39321
 110.00000    4.39387
 110.50000    4.39456
 111.00000    4.39530
 111.50000    4.39604
 112.00000    4.39678
 112.50000    4.39751
 113.00000    4.39825
 113.50000    4.39899
 114.00000    4.39972
 114.50000    4.40046
 115.00000    4.40126
 115.50000    4.40207
 116.00000    4.40288
 116.50000    4.40369
 117.00000    4.40449
 117.50000    4.40530
 118.00000    4.40611
 118.50000    4.40692
 119.00000    4.40774
 119.50000    4.40860
 120.00000    4.40945
 120.50000    4.41030
 121.00000    4.41116
 121.50000    4.41201
 122.00000    4.41287
 122.50000    4.41372
 123.00000    4.41457
 123.50000    4.41547
 124.00000    4.41637
 124.50000    4.41727
 125.00000    4.41817
 125.50000    4.41907
 126.00000    4.41997
 126.50000    4.42087
 127.00000    4.42177
 127.50000    4.42268
 128.00000    4.42362
 128.50000    4.42456
 129.00000    4.42549
 129.50000    4.42643
 130.00000    4.42737
 130.50000    4.42830
 131.00000    4.42924
 131.50000    4.43017
 132.00000    4.43113
 132.50000    4.43209
 133.00000    4.43305
 133.50000    4.43401
 134.00000    4.43496
 134.50000    4.43592
 135.00000    4.43688
 135.50000    4.43784
 136.00000    4.43881
 136.50000    4.43979
 137.00000    4.44077
 137.50000    4.44175
 138.00000    4.44274
 138.50000    4.44372
 139.00000    4.44470
 139.50000    4.44569
 140.00000    4.44667
 140.50000    4.44765
 141.00000    4.44863
 141.50000    4.44962
 142.00000    4.45060
 142.50000    4.45158
 143.00000    4.45257
 143.50000    4.45355
 144.00000    4.45453
 144.50000    4.45551
 145.00000    4.45648
 145.50000    4.45745
 146.00000    4.45843
 146.50000    4.45940
 147.00000    4.46037
 147.50000    4.46134
 148.00000    4.46231
 148.50000    4.46328
 149.00000    4.46424
 149.50000    4.46520
 150.00000    4.46616
