   0.00000    0.58700
   0.50000    0.97097
   1.00000    1.35494
   1.50000    1.73891
   2.00000    2.12289
   2.50000    2.50686
   3.00000    3.42434
   3.50000    3.44002
   4.00000    3.45571
   4.50000    3.47139
   5.00000    3.48603
   5.50000    3.50050
   6.00000    3.51497
   6.50000    3.52864
   7.00000    3.54183
   7.50000    3.55503
   8.00000    3.56774
   8.50000    3.57976
   9.00000    3.59177
   9.50000    3.60358
  10.00000    3.61451
  10.50000    3.62544
  11.00000    3.63637
  11.50000    3.64631
  12.00000    3.65621
  12.50000    3.66612
  13.00000    3.67535
  13.50000    3.68435
  14.00000    3.69336
  14.50000    3.70192
  15.00000    3.71008
  15.50000    3.71825
  16.00000    3.72618
  16.50000    3.73357
  17.00000    3.74096
  17.50000    3.74829
  18.00000    3.75503
  18.50000    3.76177
  19.00000    3.76850
  19.50000    3.77473
  20.00000    3.78088
  20.50000    3.78703
  21.00000    3.79285
  21.50000    3.79850
  22.00000    3.80416
  22.50000    3.80962
  23.00000    3.81484
  23.50000    3.82005
  24.00000    3.82520
  24.50000    3.83008
  25.00000    3.83495
  25.50000    3.83982
  26.00000    3.84446
  26.50000    3.84908
  27.00000    3.85371
  27.50000    3.85822
  28.00000    3.86269
  28.50000    3.86716
  29.00000    3.87158
  29.50000    3.87596
  30.00000    3.88034
  30.50000    3.88470
  31.00000    3.88905
  31.50000    3.89340
  32.00000    3.89776
  32.50000    3.90223
  33.00000    3.90670
  33.50000    3.91117
  34.00000    3.91578
  34.50000    3.92041
  35.00000    3.92503
  35.50000    3.92982
  36.00000    3.93470
  36.50000    3.93957
  37.00000    3.94460
  37.50000    3.94981
  38.00000    3.95503
  38.50000    3.96034
  39.00000    3.96596
  39.50000    3.97158
  40.00000    3.97720
  40.50000    3.98334
  41.00000    3.98949
  41.50000    3.99564
  42.00000    4.00222
  42.50000    4.00893
  43.00000    4.01564
  43.50000    4.02272
  44.00000    4.03011
  44.50000    4.03750
  45.00000    4.04514
  45.50000    4.05328
  46.00000    4.06141
  46.50000    4.06965
  47.00000    4.07862
  47.50000    4.08759
  48.00000    4.09657
  48.50000    4.10632
  49.00000    4.11616
  49.50000    4.12600
  50.00000    4.56162
  50.50000    4.56727
  51.00000    4.57293
  51.50000    4.57859
  52.00000    4.58424
  52.50000    4.58990
  53.00000    4.59555
  53.50000    4.60121
  54.00000    4.60575
  54.50000    4.61025
  55.00000    4.61475
  55.50000    4.61925
  56.00000    4.62375
  56.50000    4.62825
  57.00000    4.63275
  57.50000    4.63698
  58.00000    4.64040
  58.50000    4.64383
  59.00000    4.64725
  59.50000    4.65067
  60.00000    4.65410
  60.50000    4.65752
  61.00000    4.66095
  61.50000    4.66384
  62.00000    4.66629
  62.50000    4.66874
  63.00000    4.67119
  63.50000    4.67365
  64.00000    4.67610
  64.50000    4.67855
  65.00000    4.68100
  65.50000    4.68270
  66.00000    4.68426
  66.50000    4.68582
  67.00000    4.68737
  67.50000    4.68893
  68.00000    4.69049
  68.50000    4.69204
  69.00000    4.69350
  69.50000    4.69431
  70.00000    4.69511
  70.50000    4.69591
  71.00000    4.69672
  71.50000    4.69752
  72.00000    4.69833
  72.50000    4.69913
  73.00000    4.69965
  73.50000    4.69978
  74.00000    4.69991
  74.50000    4.70004
  75.00000    4.70017
  75.50000    4.70030
  76.00000    4.70043
  76.50000    4.70056
  77.00000    4.70030
  77.50000    4.69987
  78.00000    4.69944
  78.50000    4.69901
  79.00000    4.69858
  79.50000    4.69816
  80.00000    4.69773
  80.50000    4.69730
  81.00000    4.69642
  81.50000    4.69554
  82.00000    4.69466
  82.50000    4.69377
  83.00000    4.69289
  83.50000    4.69201
  84.00000    4.69113
  84.50000    4.69015
  85.00000    4.68893
  85.50000    4.68771
  86.00000    4.68649
  86.50000    4.68527
  87.00000    4.68405
  87.50000    4.68283
  88.00000    4.68161
  88.50000    4.68025
  89.00000    4.67879
  89.50000    4.67732
  90.00000    4.67585
  90.50000    4.67439
  91.00000    4.67292
  91.50000    4.67146
  92.00000    4.66999
  92.50000    4.66840
  93.00000    4.66679
  93.50000    4.66518
  94.00000    4.66358
  94.50000    4.66197
  95.00000    4.66036
  95.50000    4.65875
  96.00000    4.65714
  96.50000    4.65550
  97.00000    4.65387
  97.50000    4.65224
  98.00000    4.65060
  98.50000    4.64897
  99.00000    4.64733
  99.50000    4.64570
 100.00000    4.64409
 100.50000    4.64252
 101.00000    4.64095
 101.50000    4.63939
 102.00000    4.63782
 102.50000    4.63625
 103.00000    4.63468
 103.50000    4.63311
 104.00000    4.63160
 104.50000    4.63010
 105.00000    4.62861
 105.50000    4.62712
 106.00000    4.62563
 106.50000    4.62414
 107.00000    4.62265
 107.50000    4.62116
 108.00000    4.61974
 108.50000    4.61833
 109.00000    4.61692
 109.50000    4.61550
 110.00000    4.61409
 110.50000    4.61267
 111.00000    4.61126
 111.50000    4.60987
 112.00000    4.60855
 112.50000    4.60723
 113.00000    4.60591
 113.50000    4.60458
 114.00000    4.60326
 114.50000    4.60194
 115.00000    4.60061
 115.50000    4.59934
 116.00000    4.59809
 116.50000    4.59685
 117.00000    4.59560
 117.50000    4.59436
 118.00000    4.59311
 118.50000    4.59187
 119.00000    4.59062
 119.50000    4.58945
 120.00000    4.58828
 120.50000    4.58711
 121.00000    4.58595
 121.50000    4.58478
 122.00000    4.58361
 122.50000    4.58244
 123.00000    4.58129
 123.50000    4.58022
 124.00000    4.57914
 124.50000    4.57806
 125.00000    4.57699
 125.50000    4.57591
 126.00000    4.57483
 126.50000    4.57376
 127.00000    4.57272
 127.50000    4.57174
 128.00000    4.57075
 128.50000    4.56977
 129.00000    4.56878
 129.50000    4.56779
 130.00000    4.56681
 130.50000    4.56582
 131.00000    4.56491
 131.50000    4.56401
 132.00000    4.56312
 132.50000    4.56222
 133.00000    4.56133
 133.50000    4.56043
 134.00000    4.55954
 134.50000    4.55865
 135.00000    4.55784
 135.50000    4.55704
 136.00000    4.55624
 136.50000    4.55543
 137.00000    4.55463
 137.50000    4.55382
 138.00000    4.55302
 138.50000    4.55225
 139.00000    4.55153
 139.50000    4.55082
 140.00000    4.55011
 140.50000    4.54939
 141.00000    4.54868
 141.50000    4.54797
 142.00000    4.54725
 142.50000    4.54660
 143.00000    4.54598
 143.50000    4.54535
 144.00000    4.54473
 144.50000    4.54411
 145.00000    4.54349
 145.50000    4.54286
 146.00000    4.54224
 146.50000    4.54172
 147.00000    4.54120
 147.50000    4.54068
 148.00000    4.54016
 148.50000    4.53964
 149.00000    4.53912
 149.50000    4.53860
 150.00000    4.53810
