   8.00000    3.18200    0.02040    3.09500    0.05090
  10.00000    3.22300    0.01580    2.98500    0.03950
  12.00000    3.28900    0.01280    2.92400    0.03210
  14.00000    3.36900    0.01120    2.89800    0.02790
  16.00000    3.45200    0.01050    2.89400    0.02630
  18.00000    3.53400    0.01040    2.91600    0.02600
  20.00000    3.61700    0.01050    3.02400    0.02630
  22.00000    3.67800    0.01180    3.17900    0.02950
  24.00000    3.72900    0.01330    3.27100    0.03320
  26.00000    3.76800    0.01520    3.34800    0.03800
  28.00000    3.80400    0.01680    3.44100    0.04240
  30.00000    3.82400    0.01760    3.53400    0.04470
  32.00000    3.84300    0.02100    3.59400    0.05840
  35.00000    3.86800    0.02230    3.66100    0.06340
  40.00000    3.88700    0.02490    3.77900    0.08100
  45.00000    3.90000    0.02480    3.82000    0.09490
  50.00000    3.92400    0.02070    3.84600    0.10720
