   0.00000    1.37998    0.00000    1.37998
   0.50000    2.04202    0.00000    2.04202
   1.00000    2.61686    0.00000    2.61686
   1.50000    2.89948    0.00000    2.89948
   2.00000    2.99799    0.00000    2.99799
   2.50000    3.07905    0.00000    3.07905
   3.00000    3.17638    0.00000    3.17638
   3.50000    3.21149    0.00000    3.21149
   4.00000    3.24235    0.00000    3.24235
   4.50000    3.25051    0.00000    3.25051
   5.00000    3.25903    0.00000    3.25903
   5.50000    3.26227    0.00000    3.26227
   6.00000    3.26018    0.00000    3.26018
   6.50000    3.27635    0.00000    3.27635
   7.00000    3.31110    0.00000    3.31110
   7.50000    3.32889    0.00000    3.32889
   8.00000    3.33420    0.00000    3.33420
   8.50000    3.35395    0.00000    3.35395
   9.00000    3.37445    0.00000    3.37445
   9.50000    3.40091    0.00000    3.40091
  10.00000    3.41584    0.00000    3.41584
  10.50000    3.43075    0.00000    3.43075
  11.00000    3.44078    0.00000    3.44078
  11.50000    3.45977    0.00000    3.45977
  12.00000    3.47779    0.00000    3.47779
  12.50000    3.49392    0.00000    3.49392
  13.00000    3.50499    0.00000    3.50499
  13.50000    3.51565    0.00000    3.51565
  14.00000    3.53277    0.00000    3.53277
  14.50000    3.54044    0.00000    3.54044
  15.00000    3.54336    0.00000    3.54336
  15.50000    3.55366    0.00000    3.55366
  16.00000    3.57479    0.00000    3.57479
  16.50000    3.59553    0.00000    3.59553
  17.00000    3.61783    0.00000    3.61783
  17.50000    3.63230    0.00000    3.63230
  18.00000    3.64892    0.00000    3.64892
  18.50000    3.67477    0.00000    3.67477
  19.00000    3.70277    0.00000    3.70277
  19.50000    3.71535    0.00000    3.71535
  20.00000    3.73160    0.00000    3.73160
  20.50000    3.76286    0.00000    3.76286
  21.00000    3.77875    0.00000    3.77875
  21.50000    3.78086    0.00000    3.78086
  22.00000    3.79313    0.00000    3.79313
  22.50000    3.86041    0.00000    3.86041
  23.00000    3.94670    0.00000    3.94670
  23.50000    3.99709    0.00000    3.99709
  24.00000    4.05801    0.00000    4.05801
  24.50000    4.12072    0.00000    4.12072
  25.00000    4.18986    0.00000    4.18986
  25.50000    4.27091    0.00000    4.27091
  26.00000    4.36508    0.00000    4.36508
  26.50000    4.43188    0.00000    4.43188
  27.00000    4.45572    0.00000    4.45572
  27.50000    4.45907    0.00000    4.45907
  28.00000    4.44089    0.00000    4.44089
  28.50000    4.43130    0.00000    4.43130
  29.00000    4.43455    0.00000    4.43455
  29.50000    4.44826    0.00000    4.44826
  30.00000    4.45794    0.00000    4.45794
  30.50000    4.45158    0.00000    4.45158
  31.00000    4.45287    0.00000    4.45287
  31.50000    4.46614    0.00000    4.46614
  32.00000    4.47573    0.00000    4.47573
  32.50000    4.47412    0.00000    4.47412
  33.00000    4.48935    0.00000    4.48935
  33.50000    4.48646    0.00000    4.48646
  34.00000    4.48584    0.00000    4.48584
  34.50000    4.49544    0.00000    4.49544
  35.00000    4.49762    0.00000    4.49762
  35.50000    4.48804    0.00000    4.48804
  36.00000    4.45592    0.00000    4.45592
  36.50000    4.43682    0.00000    4.43682
  37.00000    4.42214    0.00000    4.42214
  37.50000    4.42227    0.00000    4.42227
  38.00000    4.41520    0.00000    4.41520
  38.50000    4.41332    0.00000    4.41332
  39.00000    4.40941    0.00000    4.40941
  39.50000    4.40601    0.00000    4.40601
  40.00000    4.39471    0.00000    4.39471
  40.50000    4.39280    0.00000    4.39280
  41.00000    4.39562    0.00000    4.39562
  41.50000    4.40973    0.00000    4.40973
  42.00000    4.42421    0.00000    4.42421
  42.50000    4.43612    0.00000    4.43612
  43.00000    4.44695    0.00000    4.44695
  43.50000    4.46232    0.00000    4.46232
  44.00000    4.47217    0.00000    4.47217
  44.50000    4.46871    0.00000    4.46871
  45.00000    4.46110    0.00000    4.46110
  45.50000    4.46167    0.00000    4.46167
  46.00000    4.46900    0.00000    4.46900
  46.50000    4.47879    0.00000    4.47879
  47.00000    4.47713    0.00000    4.47713
  47.50000    4.46116    0.00000    4.46116
  48.00000    4.45530    0.00000    4.45530
  48.50000    4.45423    0.00000    4.45423
  49.00000    4.45006    0.00000    4.45006
  49.50000    4.45321    0.00000    4.45321
  50.00000    4.45998    0.00000    4.45998
  50.50000    4.45880    0.00000    4.45880
  51.00000    4.44976    0.00000    4.44976
  51.50000    4.45131    0.00000    4.45131
  52.00000    4.44933    0.00000    4.44933
  52.50000    4.45308    0.00000    4.45308
  53.00000    4.44242    0.00000    4.44242
  53.50000    4.42658    0.00000    4.42658
  54.00000    4.41692    0.00000    4.41692
  54.50000    4.41981    0.00000    4.41981
  55.00000    4.42942    0.00000    4.42942
  55.50000    4.42925    0.00000    4.42925
  56.00000    4.43915    0.00000    4.43915
  56.50000    4.43301    0.00000    4.43301
  57.00000    4.44040    0.00000    4.44040
  57.50000    4.43797    0.00000    4.43797
  58.00000    4.43492    0.00000    4.43492
  58.50000    4.43042    0.00000    4.43042
  59.00000    4.43043    0.00000    4.43043
  59.50000    4.43168    0.00000    4.43168
  60.00000    4.42800    0.00000    4.42800
  60.50000    4.44011    0.00000    4.44011
  61.00000    4.44423    0.00000    4.44423
  61.50000    4.45505    0.00000    4.45505
  62.00000    4.44824    0.00000    4.44824
  62.50000    4.43611    0.00000    4.43611
  63.00000    4.41633    0.00000    4.41633
  63.50000    4.41744    0.00000    4.41744
  64.00000    4.43100    0.00000    4.43100
  64.50000    4.44181    0.00000    4.44181
  65.00000    4.44634    0.00000    4.44634
  65.50000    4.44340    0.00000    4.44340
  66.00000    4.44997    0.00000    4.44997
  66.50000    4.45088    0.00000    4.45088
  67.00000    4.45993    0.00000    4.45993
  67.50000    4.45936    0.00000    4.45936
  68.00000    4.45392    0.00000    4.45392
  68.50000    4.43502    0.00000    4.43502
  69.00000    4.43732    0.00000    4.43732
  69.50000    4.44487    0.00000    4.44487
  70.00000    4.45093    0.00000    4.45093
  70.50000    4.44676    0.00000    4.44676
  71.00000    4.44468    0.00000    4.44468
  71.50000    4.45690    0.00000    4.45690
  72.00000    4.45869    0.00000    4.45869
  72.50000    4.46002    0.00000    4.46002
  73.00000    4.43921    0.00000    4.43921
  73.50000    4.44250    0.00000    4.44250
  74.00000    4.43744    0.00000    4.43744
  74.50000    4.45067    0.00000    4.45067
  75.00000    4.44312    0.00000    4.44312
  75.50000    4.45143    0.00000    4.45143
  76.00000    4.44472    0.00000    4.44472
  76.50000    4.44820    0.00000    4.44820
  77.00000    4.43303    0.00000    4.43303
  77.50000    4.43345    0.00000    4.43345
  78.00000    4.43254    0.00000    4.43254
  78.50000    4.43301    0.00000    4.43301
  79.00000    4.43067    0.00000    4.43067
  79.50000    4.43331    0.00000    4.43331
  80.00000    4.43401    0.00000    4.43401
  80.50000    4.42797    0.00000    4.42797
  81.00000    4.43007    0.00000    4.43007
  81.50000    4.43627    0.00000    4.43627
  82.00000    4.43194    0.00000    4.43194
  82.50000    4.42626    0.00000    4.42626
  83.00000    4.43763    0.00000    4.43763
  83.50000    4.44674    0.00000    4.44674
  84.00000    4.44553    0.00000    4.44553
  84.50000    4.43156    0.00000    4.43156
  85.00000    4.43376    0.00000    4.43376
  85.50000    4.43844    0.00000    4.43844
  86.00000    4.43578    0.00000    4.43578
  86.50000    4.41901    0.00000    4.41901
  87.00000    4.41450    0.00000    4.41450
  87.50000    4.41937    0.00000    4.41937
  88.00000    4.42034    0.00000    4.42034
  88.50000    4.41665    0.00000    4.41665
  89.00000    4.41324    0.00000    4.41324
  89.50000    4.41038    0.00000    4.41038
  90.00000    4.41583    0.00000    4.41583
  90.50000    4.43364    0.00000    4.43364
  91.00000    4.43642    0.00000    4.43642
  91.50000    4.43480    0.00000    4.43480
  92.00000    4.40907    0.00000    4.40907
  92.50000    4.41184    0.00000    4.41184
  93.00000    4.42400    0.00000    4.42400
  93.50000    4.43439    0.00000    4.43439
  94.00000    4.42143    0.00000    4.42143
  94.50000    4.41860    0.00000    4.41860
  95.00000    4.41490    0.00000    4.41490
  95.50000    4.39932    0.00000    4.39932
  96.00000    4.39653    0.00000    4.39653
  96.50000    4.40103    0.00000    4.40103
  97.00000    4.40756    0.00000    4.40756
  97.50000    4.40555    0.00000    4.40555
  98.00000    4.40266    0.00000    4.40266
  98.50000    4.39339    0.00000    4.39339
  99.00000    4.40000    0.00000    4.40000
  99.50000    4.41045    0.00000    4.41045
 100.00000    4.40338    0.00000    4.40338
 100.50000    4.38563    0.00000    4.38563
 101.00000    4.37409    0.00000    4.37409
 101.50000    4.37975    0.00000    4.37975
 102.00000    4.37791    0.00000    4.37791
 102.50000    4.37574    0.00000    4.37574
 103.00000    4.36743    0.00000    4.36743
 103.50000    4.37663    0.00000    4.37663
 104.00000    4.37401    0.00000    4.37401
 104.50000    4.38388    0.00000    4.38388
 105.00000    4.38654    0.00000    4.38654
 105.50000    4.38609    0.00000    4.38609
 106.00000    4.37542    0.00000    4.37542
 106.50000    4.36961    0.00000    4.36961
 107.00000    4.36136    0.00000    4.36136
 107.50000    4.36113    0.00000    4.36113
 108.00000    4.37645    0.00000    4.37645
 108.50000    4.38698    0.00000    4.38698
 109.00000    4.37194    0.00000    4.37194
 109.50000    4.37044    0.00000    4.37044
 110.00000    4.36832    0.00000    4.36832
 110.50000    4.37393    0.00000    4.37393
 111.00000    4.36007    0.00000    4.36007
 111.50000    4.36400    0.00000    4.36400
 112.00000    4.36383    0.00000    4.36383
 112.50000    4.37481    0.00000    4.37481
 113.00000    4.37777    0.00000    4.37777
 113.50000    4.37477    0.00000    4.37477
 114.00000    4.36985    0.00000    4.36985
 114.50000    4.36744    0.00000    4.36744
 115.00000    4.36567    0.00000    4.36567
 115.50000    4.34913    0.00000    4.34913
 116.00000    4.33889    0.00000    4.33889
 116.50000    4.34124    0.00000    4.34124
 117.00000    4.34171    0.00000    4.34171
 117.50000    4.34377    0.00000    4.34377
 118.00000    4.33847    0.00000    4.33847
 118.50000    4.34266    0.00000    4.34266
 119.00000    4.33444    0.00000    4.33444
 119.50000    4.34977    0.00000    4.34977
 120.00000    4.35550    0.00000    4.35550
 120.50000    4.35260    0.00000    4.35260
 121.00000    4.32949    0.00000    4.32949
 121.50000    4.33086    0.00000    4.33086
 122.00000    4.33583    0.00000    4.33583
 122.50000    4.33097    0.00000    4.33097
 123.00000    4.32005    0.00000    4.32005
 123.50000    4.32360    0.00000    4.32360
 124.00000    4.32325    0.00000    4.32325
 124.50000    4.31425    0.00000    4.31425
 125.00000    4.30599    0.00000    4.30599
 125.50000    4.31613    0.00000    4.31613
 126.00000    4.31571    0.00000    4.31571
 126.50000    4.31964    0.00000    4.31964
 127.00000    4.31734    0.00000    4.31734
 127.50000    4.32010    0.00000    4.32010
 128.00000    4.32046    0.00000    4.32046
 128.50000    4.31589    0.00000    4.31589
 129.00000    4.31860    0.00000    4.31860
 129.50000    4.31901    0.00000    4.31901
 130.00000    4.33071    0.00000    4.33071
 130.50000    4.32136    0.00000    4.32136
 131.00000    4.31388    0.00000    4.31388
 131.50000    4.30878    0.00000    4.30878
 132.00000    4.31853    0.00000    4.31853
 132.50000    4.32235    0.00000    4.32235
 133.00000    4.32711    0.00000    4.32711
 133.50000    4.31433    0.00000    4.31433
 134.00000    4.30742    0.00000    4.30742
 134.50000    4.29874    0.00000    4.29874
 135.00000    4.30074    0.00000    4.30074
 135.50000    4.30093    0.00000    4.30093
 136.00000    4.30716    0.00000    4.30716
 136.50000    4.29454    0.00000    4.29454
 137.00000    4.28882    0.00000    4.28882
 137.50000    4.28661    0.00000    4.28661
 138.00000    4.28799    0.00000    4.28799
 138.50000    4.28032    0.00000    4.28032
 139.00000    4.27946    0.00000    4.27946
 139.50000    4.28787    0.00000    4.28787
 140.00000    4.28157    0.00000    4.28157
 140.50000    4.27967    0.00000    4.27967
 141.00000    4.27771    0.00000    4.27771
 141.50000    4.28092    0.00000    4.28092
 142.00000    4.27457    0.00000    4.27457
 142.50000    4.27305    0.00000    4.27305
 143.00000    4.28098    0.00000    4.28098
 143.50000    4.28203    0.00000    4.28203
 144.00000    4.28963    0.00000    4.28963
 144.50000    4.29543    0.00000    4.29543
 145.00000    4.29257    0.00000    4.29257
 145.50000    4.28238    0.00000    4.28238
 146.00000    4.27858    0.00000    4.27858
 146.50000    4.29502    0.00000    4.29502
 147.00000    4.30708    0.00000    4.30708
 147.50000    4.29851    0.00000    4.29851
 148.00000    4.28510    0.00000    4.28510
 148.50000    4.28632    0.00000    4.28632
 149.00000    4.30459    0.00000    4.30459
 149.50000    4.31045    0.00000    4.31045
 150.00000    4.29383    0.00000    4.29383
