   0.00000    1.19867    0.00000    1.19867
   0.50000    2.57310    0.00000    2.57310
   1.00000    2.95887    0.00000    2.95887
   1.50000    2.97861    0.00000    2.97861
   2.00000    3.03634    0.00000    3.03634
   2.50000    3.14924    0.00000    3.14924
   3.00000    3.27080    0.00000    3.27080
   3.50000    3.32323    0.00000    3.32323
   4.00000    3.31803    0.00000    3.31803
   4.50000    3.28966    0.00000    3.28966
   5.00000    3.29092    0.00000    3.29092
   5.50000    3.29585    0.00000    3.29585
   6.00000    3.30686    0.00000    3.30686
   6.50000    3.31605    0.00000    3.31605
   7.00000    3.33037    0.00000    3.33037
   7.50000    3.34587    0.00000    3.34587
   8.00000    3.36018    0.00000    3.36018
   8.50000    3.35911    0.00000    3.35911
   9.00000    3.36242    0.00000    3.36242
   9.50000    3.36567    0.00000    3.36567
  10.00000    3.37536    0.00000    3.37536
  10.50000    3.36981    0.00000    3.36981
  11.00000    3.37735    0.00000    3.37735
  11.50000    3.39040    0.00000    3.39040
  12.00000    3.39980    0.00000    3.39980
  12.50000    3.40723    0.00000    3.40723
  13.00000    3.41233    0.00000    3.41233
  13.50000    3.41604    0.00000    3.41604
  14.00000    3.40990    0.00000    3.40990
  14.50000    3.41000    0.00000    3.41000
  15.00000    3.41051    0.00000    3.41051
  15.50000    3.40620    0.00000    3.40620
  16.00000    3.41567    0.00000    3.41567
  16.50000    3.42322    0.00000    3.42322
  17.00000    3.43138    0.00000    3.43138
  17.50000    3.42807    0.00000    3.42807
  18.00000    3.43235    0.00000    3.43235
  18.50000    3.43485    0.00000    3.43485
  19.00000    3.44242    0.00000    3.44242
  19.50000    3.44285    0.00000    3.44285
  20.00000    3.44826    0.00000    3.44826
  20.50000    3.44864    0.00000    3.44864
  21.00000    3.45306    0.00000    3.45306
  21.50000    3.45327    0.00000    3.45327
  22.00000    3.46145    0.00000    3.46145
  22.50000    3.47643    0.00000    3.47643
  23.00000    3.48620    0.00000    3.48620
  23.50000    3.49653    0.00000    3.49653
  24.00000    3.49759    0.00000    3.49759
  24.50000    3.50802    0.00000    3.50802
  25.00000    3.51010    0.00000    3.51010
  25.50000    3.52168    0.00000    3.52168
  26.00000    3.53076    0.00000    3.53076
  26.50000    3.54093    0.00000    3.54093
  27.00000    3.55339    0.00000    3.55339
  27.50000    3.57177    0.00000    3.57177
  28.00000    3.59845    0.00000    3.59845
  28.50000    3.63186    0.00000    3.63186
  29.00000    3.66668    0.00000    3.66668
  29.50000    3.67734    0.00000    3.67734
  30.00000    3.68230    0.00000    3.68230
  30.50000    3.69277    0.00000    3.69277
  31.00000    3.73305    0.00000    3.73305
  31.50000    3.76606    0.00000    3.76606
  32.00000    3.79575    0.00000    3.79575
  32.50000    3.80811    0.00000    3.80811
  33.00000    3.85325    0.00000    3.85325
  33.50000    3.92015    0.00000    3.92015
  34.00000    3.99764    0.00000    3.99764
  34.50000    4.05441    0.00000    4.05441
  35.00000    4.11229    0.00000    4.11229
  35.50000    4.17168    0.00000    4.17168
  36.00000    4.22667    0.00000    4.22667
  36.50000    4.25815    0.00000    4.25815
  37.00000    4.28254    0.00000    4.28254
  37.50000    4.28589    0.00000    4.28589
  38.00000    4.27709    0.00000    4.27709
  38.50000    4.27607    0.00000    4.27607
  39.00000    4.28559    0.00000    4.28559
  39.50000    4.28589    0.00000    4.28589
  40.00000    4.26229    0.00000    4.26229
  40.50000    4.24777    0.00000    4.24777
  41.00000    4.23583    0.00000    4.23583
  41.50000    4.23673    0.00000    4.23673
  42.00000    4.24196    0.00000    4.24196
  42.50000    4.26991    0.00000    4.26991
  43.00000    4.28455    0.00000    4.28455
  43.50000    4.29046    0.00000    4.29046
  44.00000    4.28403    0.00000    4.28403
  44.50000    4.28498    0.00000    4.28498
  45.00000    4.28661    0.00000    4.28661
  45.50000    4.28107    0.00000    4.28107
  46.00000    4.26606    0.00000    4.26606
  46.50000    4.24296    0.00000    4.24296
  47.00000    4.23077    0.00000    4.23077
  47.50000    4.22674    0.00000    4.22674
  48.00000    4.23552    0.00000    4.23552
  48.50000    4.24559    0.00000    4.24559
  49.00000    4.25999    0.00000    4.25999
  49.50000    4.27257    0.00000    4.27257
  50.00000    4.27839    0.00000    4.27839
  50.50000    4.27815    0.00000    4.27815
  51.00000    4.27658    0.00000    4.27658
  51.50000    4.27775    0.00000    4.27775
  52.00000    4.27809    0.00000    4.27809
  52.50000    4.28271    0.00000    4.28271
  53.00000    4.28733    0.00000    4.28733
  53.50000    4.29383    0.00000    4.29383
  54.00000    4.29918    0.00000    4.29918
  54.50000    4.30030    0.00000    4.30030
  55.00000    4.30163    0.00000    4.30163
  55.50000    4.30604    0.00000    4.30604
  56.00000    4.30744    0.00000    4.30744
  56.50000    4.30473    0.00000    4.30473
  57.00000    4.30103    0.00000    4.30103
  57.50000    4.31455    0.00000    4.31455
  58.00000    4.32000    0.00000    4.32000
  58.50000    4.32232    0.00000    4.32232
  59.00000    4.32061    0.00000    4.32061
  59.50000    4.33172    0.00000    4.33172
  60.00000    4.33386    0.00000    4.33386
  60.50000    4.33192    0.00000    4.33192
  61.00000    4.32499    0.00000    4.32499
  61.50000    4.32787    0.00000    4.32787
  62.00000    4.32663    0.00000    4.32663
  62.50000    4.33233    0.00000    4.33233
  63.00000    4.33156    0.00000    4.33156
  63.50000    4.33968    0.00000    4.33968
  64.00000    4.33917    0.00000    4.33917
  64.50000    4.34322    0.00000    4.34322
  65.00000    4.34195    0.00000    4.34195
  65.50000    4.34258    0.00000    4.34258
  66.00000    4.34584    0.00000    4.34584
  66.50000    4.35542    0.00000    4.35542
  67.00000    4.35823    0.00000    4.35823
  67.50000    4.35478    0.00000    4.35478
  68.00000    4.35183    0.00000    4.35183
  68.50000    4.35275    0.00000    4.35275
  69.00000    4.35022    0.00000    4.35022
  69.50000    4.35614    0.00000    4.35614
  70.00000    4.35909    0.00000    4.35909
  70.50000    4.35299    0.00000    4.35299
  71.00000    4.34817    0.00000    4.34817
  71.50000    4.35354    0.00000    4.35354
  72.00000    4.35438    0.00000    4.35438
  72.50000    4.35384    0.00000    4.35384
  73.00000    4.35280    0.00000    4.35280
  73.50000    4.35284    0.00000    4.35284
  74.00000    4.34673    0.00000    4.34673
  74.50000    4.34728    0.00000    4.34728
  75.00000    4.35125    0.00000    4.35125
  75.50000    4.35665    0.00000    4.35665
  76.00000    4.35330    0.00000    4.35330
  76.50000    4.34844    0.00000    4.34844
  77.00000    4.34956    0.00000    4.34956
  77.50000    4.35448    0.00000    4.35448
  78.00000    4.34955    0.00000    4.34955
  78.50000    4.34678    0.00000    4.34678
  79.00000    4.34843    0.00000    4.34843
  79.50000    4.35032    0.00000    4.35032
  80.00000    4.34312    0.00000    4.34312
  80.50000    4.33850    0.00000    4.33850
  81.00000    4.33921    0.00000    4.33921
  81.50000    4.33669    0.00000    4.33669
  82.00000    4.33799    0.00000    4.33799
  82.50000    4.34482    0.00000    4.34482
  83.00000    4.34386    0.00000    4.34386
  83.50000    4.32808    0.00000    4.32808
  84.00000    4.32017    0.00000    4.32017
  84.50000    4.32460    0.00000    4.32460
  85.00000    4.32659    0.00000    4.32659
  85.50000    4.32059    0.00000    4.32059
  86.00000    4.31816    0.00000    4.31816
  86.50000    4.31917    0.00000    4.31917
  87.00000    4.32235    0.00000    4.32235
  87.50000    4.31689    0.00000    4.31689
  88.00000    4.31834    0.00000    4.31834
  88.50000    4.31146    0.00000    4.31146
  89.00000    4.31243    0.00000    4.31243
  89.50000    4.31708    0.00000    4.31708
  90.00000    4.32605    0.00000    4.32605
  90.50000    4.31441    0.00000    4.31441
  91.00000    4.31134    0.00000    4.31134
  91.50000    4.30913    0.00000    4.30913
  92.00000    4.31219    0.00000    4.31219
  92.50000    4.30423    0.00000    4.30423
  93.00000    4.30374    0.00000    4.30374
  93.50000    4.29865    0.00000    4.29865
  94.00000    4.30221    0.00000    4.30221
  94.50000    4.29941    0.00000    4.29941
  95.00000    4.29978    0.00000    4.29978
  95.50000    4.30092    0.00000    4.30092
  96.00000    4.30367    0.00000    4.30367
  96.50000    4.29686    0.00000    4.29686
  97.00000    4.29263    0.00000    4.29263
  97.50000    4.29524    0.00000    4.29524
  98.00000    4.29955    0.00000    4.29955
  98.50000    4.29547    0.00000    4.29547
  99.00000    4.29552    0.00000    4.29552
  99.50000    4.29246    0.00000    4.29246
 100.00000    4.29132    0.00000    4.29132
 100.50000    4.27688    0.00000    4.27688
 101.00000    4.27751    0.00000    4.27751
 101.50000    4.27393    0.00000    4.27393
 102.00000    4.28458    0.00000    4.28458
 102.50000    4.27441    0.00000    4.27441
 103.00000    4.27282    0.00000    4.27282
 103.50000    4.26802    0.00000    4.26802
 104.00000    4.27088    0.00000    4.27088
 104.50000    4.27507    0.00000    4.27507
 105.00000    4.27870    0.00000    4.27870
 105.50000    4.27921    0.00000    4.27921
 106.00000    4.26290    0.00000    4.26290
 106.50000    4.25932    0.00000    4.25932
 107.00000    4.25534    0.00000    4.25534
 107.50000    4.26025    0.00000    4.26025
 108.00000    4.26068    0.00000    4.26068
 108.50000    4.26134    0.00000    4.26134
 109.00000    4.25639    0.00000    4.25639
 109.50000    4.25422    0.00000    4.25422
 110.00000    4.25022    0.00000    4.25022
 110.50000    4.25270    0.00000    4.25270
 111.00000    4.25101    0.00000    4.25101
 111.50000    4.24951    0.00000    4.24951
 112.00000    4.24047    0.00000    4.24047
 112.50000    4.23611    0.00000    4.23611
 113.00000    4.22981    0.00000    4.22981
 113.50000    4.23283    0.00000    4.23283
 114.00000    4.24213    0.00000    4.24213
 114.50000    4.24698    0.00000    4.24698
 115.00000    4.23982    0.00000    4.23982
 115.50000    4.22969    0.00000    4.22969
 116.00000    4.22354    0.00000    4.22354
 116.50000    4.22922    0.00000    4.22922
 117.00000    4.23536    0.00000    4.23536
 117.50000    4.23720    0.00000    4.23720
 118.00000    4.22799    0.00000    4.22799
 118.50000    4.22502    0.00000    4.22502
 119.00000    4.22345    0.00000    4.22345
 119.50000    4.22108    0.00000    4.22108
 120.00000    4.21555    0.00000    4.21555
 120.50000    4.21959    0.00000    4.21959
 121.00000    4.21865    0.00000    4.21865
 121.50000    4.21493    0.00000    4.21493
 122.00000    4.21372    0.00000    4.21372
 122.50000    4.21676    0.00000    4.21676
 123.00000    4.21191    0.00000    4.21191
 123.50000    4.20693    0.00000    4.20693
 124.00000    4.20661    0.00000    4.20661
 124.50000    4.21151    0.00000    4.21151
 125.00000    4.21327    0.00000    4.21327
 125.50000    4.20993    0.00000    4.20993
 126.00000    4.20521    0.00000    4.20521
 126.50000    4.20329    0.00000    4.20329
 127.00000    4.20357    0.00000    4.20357
 127.50000    4.19673    0.00000    4.19673
 128.00000    4.19602    0.00000    4.19602
 128.50000    4.19898    0.00000    4.19898
 129.00000    4.20481    0.00000    4.20481
 129.50000    4.19445    0.00000    4.19445
 130.00000    4.18704    0.00000    4.18704
 130.50000    4.18737    0.00000    4.18737
 131.00000    4.19502    0.00000    4.19502
 131.50000    4.19550    0.00000    4.19550
 132.00000    4.19269    0.00000    4.19269
 132.50000    4.18840    0.00000    4.18840
 133.00000    4.18811    0.00000    4.18811
 133.50000    4.18853    0.00000    4.18853
 134.00000    4.19552    0.00000    4.19552
 134.50000    4.19929    0.00000    4.19929
 135.00000    4.19713    0.00000    4.19713
 135.50000    4.19489    0.00000    4.19489
 136.00000    4.19525    0.00000    4.19525
 136.50000    4.19645    0.00000    4.19645
 137.00000    4.18966    0.00000    4.18966
 137.50000    4.18639    0.00000    4.18639
 138.00000    4.18803    0.00000    4.18803
 138.50000    4.19270    0.00000    4.19270
 139.00000    4.19370    0.00000    4.19370
 139.50000    4.19512    0.00000    4.19512
 140.00000    4.19167    0.00000    4.19167
 140.50000    4.18360    0.00000    4.18360
 141.00000    4.17949    0.00000    4.17949
 141.50000    4.18783    0.00000    4.18783
 142.00000    4.18712    0.00000    4.18712
 142.50000    4.18488    0.00000    4.18488
 143.00000    4.18157    0.00000    4.18157
 143.50000    4.18503    0.00000    4.18503
 144.00000    4.18404    0.00000    4.18404
 144.50000    4.18471    0.00000    4.18471
 145.00000    4.18651    0.00000    4.18651
 145.50000    4.18627    0.00000    4.18627
 146.00000    4.18414    0.00000    4.18414
 146.50000    4.17679    0.00000    4.17679
 147.00000    4.17675    0.00000    4.17675
 147.50000    4.17853    0.00000    4.17853
 148.00000    4.18302    0.00000    4.18302
 148.50000    4.18521    0.00000    4.18521
 149.00000    4.18404    0.00000    4.18404
 149.50000    4.17198    0.00000    4.17198
 150.00000    4.14093    0.00000    4.14093
