   0.00000    1.36549    0.00000    1.36549
   0.50000    3.27408    0.00000    3.27408
   1.00000    3.46327    0.00000    3.46327
   1.50000    3.18623    0.00000    3.18623
   2.00000    3.14139    0.00000    3.14139
   2.50000    3.18398    0.00000    3.18398
   3.00000    3.23383    0.00000    3.23383
   3.50000    3.24724    0.00000    3.24724
   4.00000    3.25205    0.00000    3.25205
   4.50000    3.27841    0.00000    3.27841
   5.00000    3.31070    0.00000    3.31070
   5.50000    3.32918    0.00000    3.32918
   6.00000    3.35478    0.00000    3.35478
   6.50000    3.37202    0.00000    3.37202
   7.00000    3.36852    0.00000    3.36852
   7.50000    3.36317    0.00000    3.36317
   8.00000    3.37533    0.00000    3.37533
   8.50000    3.38990    0.00000    3.38990
   9.00000    3.40674    0.00000    3.40674
   9.50000    3.40445    0.00000    3.40445
  10.00000    3.41290    0.00000    3.41290
  10.50000    3.40497    0.00000    3.40497
  11.00000    3.41402    0.00000    3.41402
  11.50000    3.41334    0.00000    3.41334
  12.00000    3.42398    0.00000    3.42398
  12.50000    3.42923    0.00000    3.42923
  13.00000    3.44504    0.00000    3.44504
  13.50000    3.44524    0.00000    3.44524
  14.00000    3.43960    0.00000    3.43960
  14.50000    3.43471    0.00000    3.43471
  15.00000    3.43392    0.00000    3.43392
  15.50000    3.44516    0.00000    3.44516
  16.00000    3.45818    0.00000    3.45818
  16.50000    3.46402    0.00000    3.46402
  17.00000    3.46628    0.00000    3.46628
  17.50000    3.46674    0.00000    3.46674
  18.00000    3.46118    0.00000    3.46118
  18.50000    3.45546    0.00000    3.45546
  19.00000    3.46453    0.00000    3.46453
  19.50000    3.47645    0.00000    3.47645
  20.00000    3.49676    0.00000    3.49676
  20.50000    3.50079    0.00000    3.50079
  21.00000    3.50409    0.00000    3.50409
  21.50000    3.51391    0.00000    3.51391
  22.00000    3.53124    0.00000    3.53124
  22.50000    3.53984    0.00000    3.53984
  23.00000    3.54637    0.00000    3.54637
  23.50000    3.56446    0.00000    3.56446
  24.00000    3.57113    0.00000    3.57113
  24.50000    3.58655    0.00000    3.58655
  25.00000    3.58906    0.00000    3.58906
  25.50000    3.61069    0.00000    3.61069
  26.00000    3.62247    0.00000    3.62247
  26.50000    3.65172    0.00000    3.65172
  27.00000    3.65373    0.00000    3.65373
  27.50000    3.68567    0.00000    3.68567
  28.00000    3.74291    0.00000    3.74291
  28.50000    3.82671    0.00000    3.82671
  29.00000    3.87607    0.00000    3.87607
  29.50000    3.90841    0.00000    3.90841
  30.00000    3.94593    0.00000    3.94593
  30.50000    4.02040    0.00000    4.02040
  31.00000    4.07160    0.00000    4.07160
  31.50000    4.11116    0.00000    4.11116
  32.00000    4.13511    0.00000    4.13511
  32.50000    4.15122    0.00000    4.15122
  33.00000    4.14392    0.00000    4.14392
  33.50000    4.14743    0.00000    4.14743
  34.00000    4.17040    0.00000    4.17040
  34.50000    4.16390    0.00000    4.16390
  35.00000    4.16044    0.00000    4.16044
  35.50000    4.17839    0.00000    4.17839
  36.00000    4.23921    0.00000    4.23921
  36.50000    4.26662    0.00000    4.26662
  37.00000    4.27938    0.00000    4.27938
  37.50000    4.28512    0.00000    4.28512
  38.00000    4.29359    0.00000    4.29359
  38.50000    4.27804    0.00000    4.27804
  39.00000    4.29106    0.00000    4.29106
  39.50000    4.30521    0.00000    4.30521
  40.00000    4.32568    0.00000    4.32568
  40.50000    4.31559    0.00000    4.31559
  41.00000    4.31525    0.00000    4.31525
  41.50000    4.29927    0.00000    4.29927
  42.00000    4.29297    0.00000    4.29297
  42.50000    4.27524    0.00000    4.27524
  43.00000    4.26404    0.00000    4.26404
  43.50000    4.24573    0.00000    4.24573
  44.00000    4.23620    0.00000    4.23620
  44.50000    4.22475    0.00000    4.22475
  45.00000    4.23331    0.00000    4.23331
  45.50000    4.21908    0.00000    4.21908
  46.00000    4.22264    0.00000    4.22264
  46.50000    4.21097    0.00000    4.21097
  47.00000    4.22999    0.00000    4.22999
  47.50000    4.24135    0.00000    4.24135
  48.00000    4.26234    0.00000    4.26234
  48.50000    4.27698    0.00000    4.27698
  49.00000    4.29234    0.00000    4.29234
  49.50000    4.30047    0.00000    4.30047
  50.00000    4.28007    0.00000    4.28007
  50.50000    4.27888    0.00000    4.27888
  51.00000    4.28385    0.00000    4.28385
  51.50000    4.29281    0.00000    4.29281
  52.00000    4.29067    0.00000    4.29067
  52.50000    4.27935    0.00000    4.27935
  53.00000    4.28161    0.00000    4.28161
  53.50000    4.29042    0.00000    4.29042
  54.00000    4.30496    0.00000    4.30496
  54.50000    4.29633    0.00000    4.29633
  55.00000    4.29805    0.00000    4.29805
  55.50000    4.29319    0.00000    4.29319
  56.00000    4.28696    0.00000    4.28696
  56.50000    4.28584    0.00000    4.28584
  57.00000    4.28328    0.00000    4.28328
  57.50000    4.28984    0.00000    4.28984
  58.00000    4.30622    0.00000    4.30622
  58.50000    4.32538    0.00000    4.32538
  59.00000    4.31004    0.00000    4.31004
  59.50000    4.30219    0.00000    4.30219
  60.00000    4.29193    0.00000    4.29193
  60.50000    4.29788    0.00000    4.29788
  61.00000    4.29731    0.00000    4.29731
  61.50000    4.30896    0.00000    4.30896
  62.00000    4.31022    0.00000    4.31022
  62.50000    4.30683    0.00000    4.30683
  63.00000    4.30977    0.00000    4.30977
  63.50000    4.31057    0.00000    4.31057
  64.00000    4.30740    0.00000    4.30740
  64.50000    4.29499    0.00000    4.29499
  65.00000    4.30122    0.00000    4.30122
  65.50000    4.30332    0.00000    4.30332
  66.00000    4.29870    0.00000    4.29870
  66.50000    4.29713    0.00000    4.29713
  67.00000    4.29494    0.00000    4.29494
  67.50000    4.30035    0.00000    4.30035
  68.00000    4.29664    0.00000    4.29664
  68.50000    4.28954    0.00000    4.28954
  69.00000    4.28256    0.00000    4.28256
  69.50000    4.29380    0.00000    4.29380
  70.00000    4.30147    0.00000    4.30147
  70.50000    4.30156    0.00000    4.30156
  71.00000    4.28999    0.00000    4.28999
  71.50000    4.29056    0.00000    4.29056
  72.00000    4.27768    0.00000    4.27768
  72.50000    4.28454    0.00000    4.28454
  73.00000    4.27964    0.00000    4.27964
  73.50000    4.29179    0.00000    4.29179
  74.00000    4.28306    0.00000    4.28306
  74.50000    4.28039    0.00000    4.28039
  75.00000    4.27834    0.00000    4.27834
  75.50000    4.28549    0.00000    4.28549
  76.00000    4.27976    0.00000    4.27976
  76.50000    4.27098    0.00000    4.27098
  77.00000    4.28231    0.00000    4.28231
  77.50000    4.28954    0.00000    4.28954
  78.00000    4.27777    0.00000    4.27777
  78.50000    4.26403    0.00000    4.26403
  79.00000    4.27155    0.00000    4.27155
  79.50000    4.28122    0.00000    4.28122
  80.00000    4.27873    0.00000    4.27873
  80.50000    4.26904    0.00000    4.26904
  81.00000    4.25839    0.00000    4.25839
  81.50000    4.25857    0.00000    4.25857
  82.00000    4.26325    0.00000    4.26325
  82.50000    4.26216    0.00000    4.26216
  83.00000    4.25559    0.00000    4.25559
  83.50000    4.24650    0.00000    4.24650
  84.00000    4.25542    0.00000    4.25542
  84.50000    4.25177    0.00000    4.25177
  85.00000    4.24987    0.00000    4.24987
  85.50000    4.23477    0.00000    4.23477
  86.00000    4.24491    0.00000    4.24491
  86.50000    4.24606    0.00000    4.24606
  87.00000    4.25270    0.00000    4.25270
  87.50000    4.24468    0.00000    4.24468
  88.00000    4.23881    0.00000    4.23881
  88.50000    4.22818    0.00000    4.22818
  89.00000    4.23062    0.00000    4.23062
  89.50000    4.23674    0.00000    4.23674
  90.00000    4.23800    0.00000    4.23800
  90.50000    4.23359    0.00000    4.23359
  91.00000    4.23571    0.00000    4.23571
  91.50000    4.22475    0.00000    4.22475
  92.00000    4.23123    0.00000    4.23123
  92.50000    4.22524    0.00000    4.22524
  93.00000    4.22247    0.00000    4.22247
  93.50000    4.20577    0.00000    4.20577
  94.00000    4.20880    0.00000    4.20880
  94.50000    4.21064    0.00000    4.21064
  95.00000    4.21936    0.00000    4.21936
  95.50000    4.22508    0.00000    4.22508
  96.00000    4.22115    0.00000    4.22115
  96.50000    4.20330    0.00000    4.20330
  97.00000    4.19178    0.00000    4.19178
  97.50000    4.20006    0.00000    4.20006
  98.00000    4.20596    0.00000    4.20596
  98.50000    4.19972    0.00000    4.19972
  99.00000    4.18803    0.00000    4.18803
  99.50000    4.19038    0.00000    4.19038
 100.00000    4.19965    0.00000    4.19965
 100.50000    4.19929    0.00000    4.19929
 101.00000    4.18845    0.00000    4.18845
 101.50000    4.18176    0.00000    4.18176
 102.00000    4.20077    0.00000    4.20077
 102.50000    4.19491    0.00000    4.19491
 103.00000    4.19316    0.00000    4.19316
 103.50000    4.17867    0.00000    4.17867
 104.00000    4.17935    0.00000    4.17935
 104.50000    4.17827    0.00000    4.17827
 105.00000    4.19359    0.00000    4.19359
 105.50000    4.19059    0.00000    4.19059
 106.00000    4.17837    0.00000    4.17837
 106.50000    4.17164    0.00000    4.17164
 107.00000    4.16428    0.00000    4.16428
 107.50000    4.15469    0.00000    4.15469
 108.00000    4.16236    0.00000    4.16236
 108.50000    4.17236    0.00000    4.17236
 109.00000    4.17689    0.00000    4.17689
 109.50000    4.16502    0.00000    4.16502
 110.00000    4.15943    0.00000    4.15943
 110.50000    4.15291    0.00000    4.15291
 111.00000    4.15505    0.00000    4.15505
 111.50000    4.15281    0.00000    4.15281
 112.00000    4.15291    0.00000    4.15291
 112.50000    4.15299    0.00000    4.15299
 113.00000    4.15060    0.00000    4.15060
 113.50000    4.14449    0.00000    4.14449
 114.00000    4.14459    0.00000    4.14459
 114.50000    4.13971    0.00000    4.13971
 115.00000    4.13037    0.00000    4.13037
 115.50000    4.13196    0.00000    4.13196
 116.00000    4.14158    0.00000    4.14158
 116.50000    4.13932    0.00000    4.13932
 117.00000    4.12887    0.00000    4.12887
 117.50000    4.13083    0.00000    4.13083
 118.00000    4.12986    0.00000    4.12986
 118.50000    4.12539    0.00000    4.12539
 119.00000    4.11860    0.00000    4.11860
 119.50000    4.11901    0.00000    4.11901
 120.00000    4.11516    0.00000    4.11516
 120.50000    4.12426    0.00000    4.12426
 121.00000    4.12250    0.00000    4.12250
 121.50000    4.11317    0.00000    4.11317
 122.00000    4.11016    0.00000    4.11016
 122.50000    4.12018    0.00000    4.12018
 123.00000    4.11802    0.00000    4.11802
 123.50000    4.10942    0.00000    4.10942
 124.00000    4.10072    0.00000    4.10072
 124.50000    4.11404    0.00000    4.11404
 125.00000    4.10934    0.00000    4.10934
 125.50000    4.10538    0.00000    4.10538
 126.00000    4.09646    0.00000    4.09646
 126.50000    4.10313    0.00000    4.10313
 127.00000    4.10085    0.00000    4.10085
 127.50000    4.10287    0.00000    4.10287
 128.00000    4.10284    0.00000    4.10284
 128.50000    4.10351    0.00000    4.10351
 129.00000    4.10297    0.00000    4.10297
 129.50000    4.09454    0.00000    4.09454
 130.00000    4.07833    0.00000    4.07833
 130.50000    4.07182    0.00000    4.07182
 131.00000    4.07718    0.00000    4.07718
 131.50000    4.07438    0.00000    4.07438
 132.00000    4.07247    0.00000    4.07247
 132.50000    4.07680    0.00000    4.07680
 133.00000    4.08338    0.00000    4.08338
 133.50000    4.08427    0.00000    4.08427
 134.00000    4.09036    0.00000    4.09036
 134.50000    4.10053    0.00000    4.10053
 135.00000    4.09425    0.00000    4.09425
 135.50000    4.07997    0.00000    4.07997
 136.00000    4.06942    0.00000    4.06942
 136.50000    4.07334    0.00000    4.07334
 137.00000    4.07780    0.00000    4.07780
 137.50000    4.07692    0.00000    4.07692
 138.00000    4.07546    0.00000    4.07546
 138.50000    4.08394    0.00000    4.08394
 139.00000    4.09453    0.00000    4.09453
 139.50000    4.08684    0.00000    4.08684
 140.00000    4.08180    0.00000    4.08180
 140.50000    4.07792    0.00000    4.07792
 141.00000    4.09221    0.00000    4.09221
 141.50000    4.09821    0.00000    4.09821
 142.00000    4.10047    0.00000    4.10047
 142.50000    4.08566    0.00000    4.08566
 143.00000    4.07974    0.00000    4.07974
 143.50000    4.07689    0.00000    4.07689
 144.00000    4.07524    0.00000    4.07524
 144.50000    4.07089    0.00000    4.07089
 145.00000    4.07423    0.00000    4.07423
 145.50000    4.07431    0.00000    4.07431
 146.00000    4.07746    0.00000    4.07746
 146.50000    4.06997    0.00000    4.06997
 147.00000    4.07293    0.00000    4.07293
 147.50000    4.07278    0.00000    4.07278
 148.00000    4.08231    0.00000    4.08231
 148.50000    4.07019    0.00000    4.07019
 149.00000    4.06476    0.00000    4.06476
 149.50000    4.05212    0.00000    4.05212
 150.00000    4.04277    0.00000    4.04277
