   0.00000    1.50147    0.00000    1.50147
   0.50000    3.47521    0.00000    3.47521
   1.00000    3.71365    0.00000    3.71365
   1.50000    3.44135    0.00000    3.44135
   2.00000    3.42394    0.00000    3.42394
   2.50000    3.44798    0.00000    3.44798
   3.00000    3.52129    0.00000    3.52129
   3.50000    3.54236    0.00000    3.54236
   4.00000    3.52871    0.00000    3.52871
   4.50000    3.48632    0.00000    3.48632
   5.00000    3.49350    0.00000    3.49350
   5.50000    3.52404    0.00000    3.52404
   6.00000    3.55147    0.00000    3.55147
   6.50000    3.56378    0.00000    3.56378
   7.00000    3.56954    0.00000    3.56954
   7.50000    3.57015    0.00000    3.57015
   8.00000    3.56192    0.00000    3.56192
   8.50000    3.55633    0.00000    3.55633
   9.00000    3.57188    0.00000    3.57188
   9.50000    3.58559    0.00000    3.58559
  10.00000    3.59086    0.00000    3.59086
  10.50000    3.59078    0.00000    3.59078
  11.00000    3.59418    0.00000    3.59418
  11.50000    3.59544    0.00000    3.59544
  12.00000    3.60331    0.00000    3.60331
  12.50000    3.61501    0.00000    3.61501
  13.00000    3.61923    0.00000    3.61923
  13.50000    3.62257    0.00000    3.62257
  14.00000    3.62045    0.00000    3.62045
  14.50000    3.62379    0.00000    3.62379
  15.00000    3.63575    0.00000    3.63575
  15.50000    3.64967    0.00000    3.64967
  16.00000    3.65741    0.00000    3.65741
  16.50000    3.65765    0.00000    3.65765
  17.00000    3.65975    0.00000    3.65975
  17.50000    3.66365    0.00000    3.66365
  18.00000    3.67981    0.00000    3.67981
  18.50000    3.70507    0.00000    3.70507
  19.00000    3.73126    0.00000    3.73126
  19.50000    3.74731    0.00000    3.74731
  20.00000    3.76544    0.00000    3.76544
  20.50000    3.79728    0.00000    3.79728
  21.00000    3.80175    0.00000    3.80175
  21.50000    3.77773    0.00000    3.77773
  22.00000    3.77767    0.00000    3.77767
  22.50000    3.85354    0.00000    3.85354
  23.00000    3.95186    0.00000    3.95186
  23.50000    3.98995    0.00000    3.98995
  24.00000    3.94192    0.00000    3.94192
  24.50000    3.86317    0.00000    3.86317
  25.00000    3.84716    0.00000    3.84716
  25.50000    3.83105    0.00000    3.83105
  26.00000    3.82780    0.00000    3.82780
  26.50000    3.81180    0.00000    3.81180
  27.00000    3.82678    0.00000    3.82678
  27.50000    3.85007    0.00000    3.85007
  28.00000    3.90466    0.00000    3.90466
  28.50000    3.95554    0.00000    3.95554
  29.00000    3.98009    0.00000    3.98009
  29.50000    4.01763    0.00000    4.01763
  30.00000    4.03450    0.00000    4.03450
  30.50000    4.07702    0.00000    4.07702
  31.00000    4.13338    0.00000    4.13338
  31.50000    4.18974    0.00000    4.18974
  32.00000    4.20460    0.00000    4.20460
  32.50000    4.22977    0.00000    4.22977
  33.00000    4.25080    0.00000    4.25080
  33.50000    4.29321    0.00000    4.29321
  34.00000    4.34774    0.00000    4.34774
  34.50000    4.43465    0.00000    4.43465
  35.00000    4.48879    0.00000    4.48879
  35.50000    4.52222    0.00000    4.52222
  36.00000    4.53183    0.00000    4.53183
  36.50000    4.54195    0.00000    4.54195
  37.00000    4.53065    0.00000    4.53065
  37.50000    4.53299    0.00000    4.53299
  38.00000    4.54899    0.00000    4.54899
  38.50000    4.56033    0.00000    4.56033
  39.00000    4.55377    0.00000    4.55377
  39.50000    4.55404    0.00000    4.55404
  40.00000    4.54721    0.00000    4.54721
  40.50000    4.53402    0.00000    4.53402
  41.00000    4.52188    0.00000    4.52188
  41.50000    4.52919    0.00000    4.52919
  42.00000    4.54230    0.00000    4.54230
  42.50000    4.55801    0.00000    4.55801
  43.00000    4.55071    0.00000    4.55071
  43.50000    4.53916    0.00000    4.53916
  44.00000    4.52590    0.00000    4.52590
  44.50000    4.53087    0.00000    4.53087
  45.00000    4.54317    0.00000    4.54317
  45.50000    4.53585    0.00000    4.53585
  46.00000    4.51985    0.00000    4.51985
  46.50000    4.49937    0.00000    4.49937
  47.00000    4.47627    0.00000    4.47627
  47.50000    4.45346    0.00000    4.45346
  48.00000    4.44241    0.00000    4.44241
  48.50000    4.44465    0.00000    4.44465
  49.00000    4.44453    0.00000    4.44453
  49.50000    4.45902    0.00000    4.45902
  50.00000    4.47960    0.00000    4.47960
  50.50000    4.48135    0.00000    4.48135
  51.00000    4.45772    0.00000    4.45772
  51.50000    4.44721    0.00000    4.44721
  52.00000    4.46014    0.00000    4.46014
  52.50000    4.46526    0.00000    4.46526
  53.00000    4.46136    0.00000    4.46136
  53.50000    4.46632    0.00000    4.46632
  54.00000    4.47607    0.00000    4.47607
  54.50000    4.47683    0.00000    4.47683
  55.00000    4.47738    0.00000    4.47738
  55.50000    4.48195    0.00000    4.48195
  56.00000    4.49595    0.00000    4.49595
  56.50000    4.48659    0.00000    4.48659
  57.00000    4.48377    0.00000    4.48377
  57.50000    4.48759    0.00000    4.48759
  58.00000    4.49360    0.00000    4.49360
  58.50000    4.49133    0.00000    4.49133
  59.00000    4.50429    0.00000    4.50429
  59.50000    4.51278    0.00000    4.51278
  60.00000    4.51005    0.00000    4.51005
  60.50000    4.49985    0.00000    4.49985
  61.00000    4.49245    0.00000    4.49245
  61.50000    4.49439    0.00000    4.49439
  62.00000    4.50436    0.00000    4.50436
  62.50000    4.50371    0.00000    4.50371
  63.00000    4.49637    0.00000    4.49637
  63.50000    4.49519    0.00000    4.49519
  64.00000    4.50370    0.00000    4.50370
  64.50000    4.51152    0.00000    4.51152
  65.00000    4.51937    0.00000    4.51937
  65.50000    4.51717    0.00000    4.51717
  66.00000    4.50910    0.00000    4.50910
  66.50000    4.48952    0.00000    4.48952
  67.00000    4.48764    0.00000    4.48764
  67.50000    4.49627    0.00000    4.49627
  68.00000    4.51103    0.00000    4.51103
  68.50000    4.50271    0.00000    4.50271
  69.00000    4.49831    0.00000    4.49831
  69.50000    4.50811    0.00000    4.50811
  70.00000    4.51857    0.00000    4.51857
  70.50000    4.50227    0.00000    4.50227
  71.00000    4.49334    0.00000    4.49334
  71.50000    4.49719    0.00000    4.49719
  72.00000    4.50187    0.00000    4.50187
  72.50000    4.50365    0.00000    4.50365
  73.00000    4.50460    0.00000    4.50460
  73.50000    4.51100    0.00000    4.51100
  74.00000    4.50238    0.00000    4.50238
  74.50000    4.50004    0.00000    4.50004
  75.00000    4.48867    0.00000    4.48867
  75.50000    4.49024    0.00000    4.49024
  76.00000    4.48398    0.00000    4.48398
  76.50000    4.48807    0.00000    4.48807
  77.00000    4.48706    0.00000    4.48706
  77.50000    4.48442    0.00000    4.48442
  78.00000    4.47634    0.00000    4.47634
  78.50000    4.48117    0.00000    4.48117
  79.00000    4.48409    0.00000    4.48409
  79.50000    4.48397    0.00000    4.48397
  80.00000    4.48130    0.00000    4.48130
  80.50000    4.48063    0.00000    4.48063
  81.00000    4.47841    0.00000    4.47841
  81.50000    4.48235    0.00000    4.48235
  82.00000    4.48537    0.00000    4.48537
  82.50000    4.47681    0.00000    4.47681
  83.00000    4.46094    0.00000    4.46094
  83.50000    4.46495    0.00000    4.46495
  84.00000    4.46432    0.00000    4.46432
  84.50000    4.47055    0.00000    4.47055
  85.00000    4.45848    0.00000    4.45848
  85.50000    4.45457    0.00000    4.45457
  86.00000    4.45359    0.00000    4.45359
  86.50000    4.46646    0.00000    4.46646
  87.00000    4.46636    0.00000    4.46636
  87.50000    4.46026    0.00000    4.46026
  88.00000    4.46545    0.00000    4.46545
  88.50000    4.45066    0.00000    4.45066
  89.00000    4.43339    0.00000    4.43339
  89.50000    4.41428    0.00000    4.41428
  90.00000    4.42526    0.00000    4.42526
  90.50000    4.43313    0.00000    4.43313
  91.00000    4.44738    0.00000    4.44738
  91.50000    4.44472    0.00000    4.44472
  92.00000    4.44116    0.00000    4.44116
  92.50000    4.43859    0.00000    4.43859
  93.00000    4.43726    0.00000    4.43726
  93.50000    4.43851    0.00000    4.43851
  94.00000    4.42258    0.00000    4.42258
  94.50000    4.41943    0.00000    4.41943
  95.00000    4.42326    0.00000    4.42326
  95.50000    4.41862    0.00000    4.41862
  96.00000    4.40832    0.00000    4.40832
  96.50000    4.41268    0.00000    4.41268
  97.00000    4.42674    0.00000    4.42674
  97.50000    4.41314    0.00000    4.41314
  98.00000    4.41287    0.00000    4.41287
  98.50000    4.41669    0.00000    4.41669
  99.00000    4.42639    0.00000    4.42639
  99.50000    4.41950    0.00000    4.41950
 100.00000    4.42066    0.00000    4.42066
 100.50000    4.41457    0.00000    4.41457
 101.00000    4.40436    0.00000    4.40436
 101.50000    4.39298    0.00000    4.39298
 102.00000    4.39451    0.00000    4.39451
 102.50000    4.39393    0.00000    4.39393
 103.00000    4.38343    0.00000    4.38343
 103.50000    4.37389    0.00000    4.37389
 104.00000    4.36687    0.00000    4.36687
 104.50000    4.36947    0.00000    4.36947
 105.00000    4.36994    0.00000    4.36994
 105.50000    4.38733    0.00000    4.38733
 106.00000    4.38285    0.00000    4.38285
 106.50000    4.37348    0.00000    4.37348
 107.00000    4.36214    0.00000    4.36214
 107.50000    4.37063    0.00000    4.37063
 108.00000    4.36552    0.00000    4.36552
 108.50000    4.36114    0.00000    4.36114
 109.00000    4.37125    0.00000    4.37125
 109.50000    4.37039    0.00000    4.37039
 110.00000    4.35103    0.00000    4.35103
 110.50000    4.35956    0.00000    4.35956
 111.00000    4.37498    0.00000    4.37498
 111.50000    4.37612    0.00000    4.37612
 112.00000    4.36101    0.00000    4.36101
 112.50000    4.35060    0.00000    4.35060
 113.00000    4.33571    0.00000    4.33571
 113.50000    4.33439    0.00000    4.33439
 114.00000    4.34389    0.00000    4.34389
 114.50000    4.34515    0.00000    4.34515
 115.00000    4.34660    0.00000    4.34660
 115.50000    4.33558    0.00000    4.33558
 116.00000    4.32592    0.00000    4.32592
 116.50000    4.33301    0.00000    4.33301
 117.00000    4.34531    0.00000    4.34531
 117.50000    4.33294    0.00000    4.33294
 118.00000    4.32164    0.00000    4.32164
 118.50000    4.31519    0.00000    4.31519
 119.00000    4.32102    0.00000    4.32102
 119.50000    4.31058    0.00000    4.31058
 120.00000    4.31612    0.00000    4.31612
 120.50000    4.31353    0.00000    4.31353
 121.00000    4.31814    0.00000    4.31814
 121.50000    4.30587    0.00000    4.30587
 122.00000    4.30964    0.00000    4.30964
 122.50000    4.30448    0.00000    4.30448
 123.00000    4.29847    0.00000    4.29847
 123.50000    4.29379    0.00000    4.29379
 124.00000    4.30603    0.00000    4.30603
 124.50000    4.31212    0.00000    4.31212
 125.00000    4.30737    0.00000    4.30737
 125.50000    4.28918    0.00000    4.28918
 126.00000    4.28640    0.00000    4.28640
 126.50000    4.28929    0.00000    4.28929
 127.00000    4.29256    0.00000    4.29256
 127.50000    4.28342    0.00000    4.28342
 128.00000    4.28852    0.00000    4.28852
 128.50000    4.28831    0.00000    4.28831
 129.00000    4.28866    0.00000    4.28866
 129.50000    4.28223    0.00000    4.28223
 130.00000    4.28751    0.00000    4.28751
 130.50000    4.27742    0.00000    4.27742
 131.00000    4.26571    0.00000    4.26571
 131.50000    4.25497    0.00000    4.25497
 132.00000    4.26133    0.00000    4.26133
 132.50000    4.27275    0.00000    4.27275
 133.00000    4.28660    0.00000    4.28660
 133.50000    4.29856    0.00000    4.29856
 134.00000    4.28936    0.00000    4.28936
 134.50000    4.27483    0.00000    4.27483
 135.00000    4.28475    0.00000    4.28475
 135.50000    4.28908    0.00000    4.28908
 136.00000    4.28545    0.00000    4.28545
 136.50000    4.25375    0.00000    4.25375
 137.00000    4.26197    0.00000    4.26197
 137.50000    4.25904    0.00000    4.25904
 138.00000    4.28233    0.00000    4.28233
 138.50000    4.27329    0.00000    4.27329
 139.00000    4.27002    0.00000    4.27002
 139.50000    4.25264    0.00000    4.25264
 140.00000    4.25933    0.00000    4.25933
 140.50000    4.26474    0.00000    4.26474
 141.00000    4.25217    0.00000    4.25217
 141.50000    4.24167    0.00000    4.24167
 142.00000    4.24719    0.00000    4.24719
 142.50000    4.26741    0.00000    4.26741
 143.00000    4.26014    0.00000    4.26014
 143.50000    4.25791    0.00000    4.25791
 144.00000    4.24717    0.00000    4.24717
 144.50000    4.24954    0.00000    4.24954
 145.00000    4.24523    0.00000    4.24523
 145.50000    4.23959    0.00000    4.23959
 146.00000    4.24019    0.00000    4.24019
 146.50000    4.25299    0.00000    4.25299
 147.00000    4.26453    0.00000    4.26453
 147.50000    4.26391    0.00000    4.26391
 148.00000    4.25306    0.00000    4.25306
 148.50000    4.24909    0.00000    4.24909
 149.00000    4.25151    0.00000    4.25151
 149.50000    4.25648    0.00000    4.25648
 150.00000    4.21922    0.00000    4.21922
