   0.00000    1.27931    0.00000    1.27931
   0.50000    3.38967    0.00000    3.38967
   1.00000    3.62823    0.00000    3.62823
   1.50000    3.30506    0.00000    3.30506
   2.00000    3.26062    0.00000    3.26062
   2.50000    3.32182    0.00000    3.32182
   3.00000    3.42749    0.00000    3.42749
   3.50000    3.45911    0.00000    3.45911
   4.00000    3.44089    0.00000    3.44089
   4.50000    3.40390    0.00000    3.40390
   5.00000    3.41346    0.00000    3.41346
   5.50000    3.43641    0.00000    3.43641
   6.00000    3.46175    0.00000    3.46175
   6.50000    3.47375    0.00000    3.47375
   7.00000    3.47758    0.00000    3.47758
   7.50000    3.45786    0.00000    3.45786
   8.00000    3.44149    0.00000    3.44149
   8.50000    3.43569    0.00000    3.43569
   9.00000    3.45926    0.00000    3.45926
   9.50000    3.46988    0.00000    3.46988
  10.00000    3.47202    0.00000    3.47202
  10.50000    3.47994    0.00000    3.47994
  11.00000    3.50057    0.00000    3.50057
  11.50000    3.49674    0.00000    3.49674
  12.00000    3.49096    0.00000    3.49096
  12.50000    3.49972    0.00000    3.49972
  13.00000    3.51793    0.00000    3.51793
  13.50000    3.51883    0.00000    3.51883
  14.00000    3.51274    0.00000    3.51274
  14.50000    3.51520    0.00000    3.51520
  15.00000    3.51985    0.00000    3.51985
  15.50000    3.51835    0.00000    3.51835
  16.00000    3.52931    0.00000    3.52931
  16.50000    3.55355    0.00000    3.55355
  17.00000    3.56423    0.00000    3.56423
  17.50000    3.55986    0.00000    3.55986
  18.00000    3.56259    0.00000    3.56259
  18.50000    3.57799    0.00000    3.57799
  19.00000    3.60861    0.00000    3.60861
  19.50000    3.62575    0.00000    3.62575
  20.00000    3.65217    0.00000    3.65217
  20.50000    3.68500    0.00000    3.68500
  21.00000    3.69677    0.00000    3.69677
  21.50000    3.68581    0.00000    3.68581
  22.00000    3.70645    0.00000    3.70645
  22.50000    3.74669    0.00000    3.74669
  23.00000    3.77928    0.00000    3.77928
  23.50000    3.78443    0.00000    3.78443
  24.00000    3.80723    0.00000    3.80723
  24.50000    3.83248    0.00000    3.83248
  25.00000    3.87706    0.00000    3.87706
  25.50000    3.92347    0.00000    3.92347
  26.00000    3.96413    0.00000    3.96413
  26.50000    3.98671    0.00000    3.98671
  27.00000    3.97588    0.00000    3.97588
  27.50000    3.96380    0.00000    3.96380
  28.00000    3.96997    0.00000    3.96997
  28.50000    4.01711    0.00000    4.01711
  29.00000    4.06967    0.00000    4.06967
  29.50000    4.11700    0.00000    4.11700
  30.00000    4.13647    0.00000    4.13647
  30.50000    4.17553    0.00000    4.17553
  31.00000    4.21492    0.00000    4.21492
  31.50000    4.26908    0.00000    4.26908
  32.00000    4.30293    0.00000    4.30293
  32.50000    4.32711    0.00000    4.32711
  33.00000    4.34132    0.00000    4.34132
  33.50000    4.39617    0.00000    4.39617
  34.00000    4.47725    0.00000    4.47725
  34.50000    4.55416    0.00000    4.55416
  35.00000    4.58515    0.00000    4.58515
  35.50000    4.60514    0.00000    4.60514
  36.00000    4.60353    0.00000    4.60353
  36.50000    4.60044    0.00000    4.60044
  37.00000    4.57018    0.00000    4.57018
  37.50000    4.55813    0.00000    4.55813
  38.00000    4.55951    0.00000    4.55951
  38.50000    4.56433    0.00000    4.56433
  39.00000    4.54843    0.00000    4.54843
  39.50000    4.52050    0.00000    4.52050
  40.00000    4.49561    0.00000    4.49561
  40.50000    4.45763    0.00000    4.45763
  41.00000    4.42545    0.00000    4.42545
  41.50000    4.40221    0.00000    4.40221
  42.00000    4.41582    0.00000    4.41582
  42.50000    4.42603    0.00000    4.42603
  43.00000    4.42775    0.00000    4.42775
  43.50000    4.40682    0.00000    4.40682
  44.00000    4.38650    0.00000    4.38650
  44.50000    4.36640    0.00000    4.36640
  45.00000    4.37685    0.00000    4.37685
  45.50000    4.36306    0.00000    4.36306
  46.00000    4.35029    0.00000    4.35029
  46.50000    4.33231    0.00000    4.33231
  47.00000    4.32874    0.00000    4.32874
  47.50000    4.29704    0.00000    4.29704
  48.00000    4.27107    0.00000    4.27107
  48.50000    4.25758    0.00000    4.25758
  49.00000    4.27070    0.00000    4.27070
  49.50000    4.29329    0.00000    4.29329
  50.00000    4.31305    0.00000    4.31305
  50.50000    4.31973    0.00000    4.31973
  51.00000    4.31813    0.00000    4.31813
  51.50000    4.31925    0.00000    4.31925
  52.00000    4.32092    0.00000    4.32092
  52.50000    4.32870    0.00000    4.32870
  53.00000    4.33216    0.00000    4.33216
  53.50000    4.34169    0.00000    4.34169
  54.00000    4.34234    0.00000    4.34234
  54.50000    4.33975    0.00000    4.33975
  55.00000    4.35686    0.00000    4.35686
  55.50000    4.37055    0.00000    4.37055
  56.00000    4.36605    0.00000    4.36605
  56.50000    4.32980    0.00000    4.32980
  57.00000    4.31992    0.00000    4.31992
  57.50000    4.33899    0.00000    4.33899
  58.00000    4.35661    0.00000    4.35661
  58.50000    4.34735    0.00000    4.34735
  59.00000    4.34605    0.00000    4.34605
  59.50000    4.36355    0.00000    4.36355
  60.00000    4.39036    0.00000    4.39036
  60.50000    4.38483    0.00000    4.38483
  61.00000    4.36460    0.00000    4.36460
  61.50000    4.35045    0.00000    4.35045
  62.00000    4.36920    0.00000    4.36920
  62.50000    4.39268    0.00000    4.39268
  63.00000    4.38766    0.00000    4.38766
  63.50000    4.38562    0.00000    4.38562
  64.00000    4.36705    0.00000    4.36705
  64.50000    4.38249    0.00000    4.38249
  65.00000    4.37479    0.00000    4.37479
  65.50000    4.38525    0.00000    4.38525
  66.00000    4.38387    0.00000    4.38387
  66.50000    4.39180    0.00000    4.39180
  67.00000    4.39351    0.00000    4.39351
  67.50000    4.39789    0.00000    4.39789
  68.00000    4.39736    0.00000    4.39736
  68.50000    4.38770    0.00000    4.38770
  69.00000    4.39384    0.00000    4.39384
  69.50000    4.40511    0.00000    4.40511
  70.00000    4.39843    0.00000    4.39843
  70.50000    4.38858    0.00000    4.38858
  71.00000    4.39673    0.00000    4.39673
  71.50000    4.41371    0.00000    4.41371
  72.00000    4.41509    0.00000    4.41509
  72.50000    4.40107    0.00000    4.40107
  73.00000    4.40206    0.00000    4.40206
  73.50000    4.41423    0.00000    4.41423
  74.00000    4.40943    0.00000    4.40943
  74.50000    4.41000    0.00000    4.41000
  75.00000    4.40790    0.00000    4.40790
  75.50000    4.41741    0.00000    4.41741
  76.00000    4.41558    0.00000    4.41558
  76.50000    4.42596    0.00000    4.42596
  77.00000    4.41335    0.00000    4.41335
  77.50000    4.40194    0.00000    4.40194
  78.00000    4.39416    0.00000    4.39416
  78.50000    4.39009    0.00000    4.39009
  79.00000    4.39554    0.00000    4.39554
  79.50000    4.40910    0.00000    4.40910
  80.00000    4.41555    0.00000    4.41555
  80.50000    4.40001    0.00000    4.40001
  81.00000    4.39814    0.00000    4.39814
  81.50000    4.40654    0.00000    4.40654
  82.00000    4.41636    0.00000    4.41636
  82.50000    4.41168    0.00000    4.41168
  83.00000    4.40768    0.00000    4.40768
  83.50000    4.40368    0.00000    4.40368
  84.00000    4.39921    0.00000    4.39921
  84.50000    4.39829    0.00000    4.39829
  85.00000    4.40986    0.00000    4.40986
  85.50000    4.41073    0.00000    4.41073
  86.00000    4.40845    0.00000    4.40845
  86.50000    4.40135    0.00000    4.40135
  87.00000    4.40222    0.00000    4.40222
  87.50000    4.39531    0.00000    4.39531
  88.00000    4.40857    0.00000    4.40857
  88.50000    4.41092    0.00000    4.41092
  89.00000    4.40589    0.00000    4.40589
  89.50000    4.37630    0.00000    4.37630
  90.00000    4.37637    0.00000    4.37637
  90.50000    4.38560    0.00000    4.38560
  91.00000    4.40698    0.00000    4.40698
  91.50000    4.39994    0.00000    4.39994
  92.00000    4.39096    0.00000    4.39096
  92.50000    4.39211    0.00000    4.39211
  93.00000    4.39595    0.00000    4.39595
  93.50000    4.40884    0.00000    4.40884
  94.00000    4.40166    0.00000    4.40166
  94.50000    4.39560    0.00000    4.39560
  95.00000    4.39337    0.00000    4.39337
  95.50000    4.38679    0.00000    4.38679
  96.00000    4.37252    0.00000    4.37252
  96.50000    4.36986    0.00000    4.36986
  97.00000    4.38765    0.00000    4.38765
  97.50000    4.38284    0.00000    4.38284
  98.00000    4.38285    0.00000    4.38285
  98.50000    4.39612    0.00000    4.39612
  99.00000    4.41314    0.00000    4.41314
  99.50000    4.40623    0.00000    4.40623
 100.00000    4.38447    0.00000    4.38447
 100.50000    4.36844    0.00000    4.36844
 101.00000    4.37394    0.00000    4.37394
 101.50000    4.37557    0.00000    4.37557
 102.00000    4.36883    0.00000    4.36883
 102.50000    4.36513    0.00000    4.36513
 103.00000    4.36240    0.00000    4.36240
 103.50000    4.34903    0.00000    4.34903
 104.00000    4.33150    0.00000    4.33150
 104.50000    4.33939    0.00000    4.33939
 105.00000    4.35478    0.00000    4.35478
 105.50000    4.37120    0.00000    4.37120
 106.00000    4.36775    0.00000    4.36775
 106.50000    4.36406    0.00000    4.36406
 107.00000    4.35257    0.00000    4.35257
 107.50000    4.35295    0.00000    4.35295
 108.00000    4.35371    0.00000    4.35371
 108.50000    4.35890    0.00000    4.35890
 109.00000    4.35154    0.00000    4.35154
 109.50000    4.33491    0.00000    4.33491
 110.00000    4.32280    0.00000    4.32280
 110.50000    4.33554    0.00000    4.33554
 111.00000    4.34438    0.00000    4.34438
 111.50000    4.34299    0.00000    4.34299
 112.00000    4.33603    0.00000    4.33603
 112.50000    4.33835    0.00000    4.33835
 113.00000    4.33045    0.00000    4.33045
 113.50000    4.33252    0.00000    4.33252
 114.00000    4.32825    0.00000    4.32825
 114.50000    4.33069    0.00000    4.33069
 115.00000    4.32580    0.00000    4.32580
 115.50000    4.32394    0.00000    4.32394
 116.00000    4.31635    0.00000    4.31635
 116.50000    4.32165    0.00000    4.32165
 117.00000    4.33446    0.00000    4.33446
 117.50000    4.33025    0.00000    4.33025
 118.00000    4.32170    0.00000    4.32170
 118.50000    4.31175    0.00000    4.31175
 119.00000    4.32318    0.00000    4.32318
 119.50000    4.32026    0.00000    4.32026
 120.00000    4.33704    0.00000    4.33704
 120.50000    4.32669    0.00000    4.32669
 121.00000    4.32459    0.00000    4.32459
 121.50000    4.31368    0.00000    4.31368
 122.00000    4.31423    0.00000    4.31423
 122.50000    4.30439    0.00000    4.30439
 123.00000    4.29617    0.00000    4.29617
 123.50000    4.30667    0.00000    4.30667
 124.00000    4.30773    0.00000    4.30773
 124.50000    4.30901    0.00000    4.30901
 125.00000    4.29419    0.00000    4.29419
 125.50000    4.27947    0.00000    4.27947
 126.00000    4.27397    0.00000    4.27397
 126.50000    4.27272    0.00000    4.27272
 127.00000    4.28092    0.00000    4.28092
 127.50000    4.27899    0.00000    4.27899
 128.00000    4.29215    0.00000    4.29215
 128.50000    4.29084    0.00000    4.29084
 129.00000    4.27298    0.00000    4.27298
 129.50000    4.25798    0.00000    4.25798
 130.00000    4.27544    0.00000    4.27544
 130.50000    4.29387    0.00000    4.29387
 131.00000    4.28875    0.00000    4.28875
 131.50000    4.27028    0.00000    4.27028
 132.00000    4.25824    0.00000    4.25824
 132.50000    4.25719    0.00000    4.25719
 133.00000    4.28023    0.00000    4.28023
 133.50000    4.28643    0.00000    4.28643
 134.00000    4.27531    0.00000    4.27531
 134.50000    4.25773    0.00000    4.25773
 135.00000    4.27214    0.00000    4.27214
 135.50000    4.26875    0.00000    4.26875
 136.00000    4.26531    0.00000    4.26531
 136.50000    4.23802    0.00000    4.23802
 137.00000    4.24910    0.00000    4.24910
 137.50000    4.25138    0.00000    4.25138
 138.00000    4.27162    0.00000    4.27162
 138.50000    4.26052    0.00000    4.26052
 139.00000    4.24370    0.00000    4.24370
 139.50000    4.22680    0.00000    4.22680
 140.00000    4.22310    0.00000    4.22310
 140.50000    4.24042    0.00000    4.24042
 141.00000    4.23637    0.00000    4.23637
 141.50000    4.23119    0.00000    4.23119
 142.00000    4.23474    0.00000    4.23474
 142.50000    4.24847    0.00000    4.24847
 143.00000    4.25423    0.00000    4.25423
 143.50000    4.23797    0.00000    4.23797
 144.00000    4.23921    0.00000    4.23921
 144.50000    4.23488    0.00000    4.23488
 145.00000    4.23236    0.00000    4.23236
 145.50000    4.20953    0.00000    4.20953
 146.00000    4.22427    0.00000    4.22427
 146.50000    4.23961    0.00000    4.23961
 147.00000    4.25657    0.00000    4.25657
 147.50000    4.25429    0.00000    4.25429
 148.00000    4.24818    0.00000    4.24818
 148.50000    4.24553    0.00000    4.24553
 149.00000    4.25067    0.00000    4.25067
 149.50000    4.26138    0.00000    4.26138
 150.00000    4.23012    0.00000    4.23012
