   0.00000    1.35403    0.00000    1.35403
   0.50000    3.50707    0.00000    3.50707
   1.00000    3.83197    0.00000    3.83197
   1.50000    3.60283    0.00000    3.60283
   2.00000    3.54924    0.00000    3.54924
   2.50000    3.43170    0.00000    3.43170
   3.00000    3.32825    0.00000    3.32825
   3.50000    3.27016    0.00000    3.27016
   4.00000    3.27757    0.00000    3.27757
   4.50000    3.31755    0.00000    3.31755
   5.00000    3.34643    0.00000    3.34643
   5.50000    3.37444    0.00000    3.37444
   6.00000    3.40907    0.00000    3.40907
   6.50000    3.43503    0.00000    3.43503
   7.00000    3.43296    0.00000    3.43296
   7.50000    3.42934    0.00000    3.42934
   8.00000    3.43871    0.00000    3.43871
   8.50000    3.44381    0.00000    3.44381
   9.00000    3.45703    0.00000    3.45703
   9.50000    3.46389    0.00000    3.46389
  10.00000    3.47803    0.00000    3.47803
  10.50000    3.47916    0.00000    3.47916
  11.00000    3.48569    0.00000    3.48569
  11.50000    3.49510    0.00000    3.49510
  12.00000    3.51198    0.00000    3.51198
  12.50000    3.51675    0.00000    3.51675
  13.00000    3.50669    0.00000    3.50669
  13.50000    3.50634    0.00000    3.50634
  14.00000    3.51848    0.00000    3.51848
  14.50000    3.53230    0.00000    3.53230
  15.00000    3.53822    0.00000    3.53822
  15.50000    3.54961    0.00000    3.54961
  16.00000    3.56845    0.00000    3.56845
  16.50000    3.57060    0.00000    3.57060
  17.00000    3.57279    0.00000    3.57279
  17.50000    3.58273    0.00000    3.58273
  18.00000    3.58579    0.00000    3.58579
  18.50000    3.57668    0.00000    3.57668
  19.00000    3.57956    0.00000    3.57956
  19.50000    3.59807    0.00000    3.59807
  20.00000    3.61520    0.00000    3.61520
  20.50000    3.61219    0.00000    3.61219
  21.00000    3.60535    0.00000    3.60535
  21.50000    3.61852    0.00000    3.61852
  22.00000    3.63612    0.00000    3.63612
  22.50000    3.64995    0.00000    3.64995
  23.00000    3.65752    0.00000    3.65752
  23.50000    3.67200    0.00000    3.67200
  24.00000    3.65007    0.00000    3.65007
  24.50000    3.63764    0.00000    3.63764
  25.00000    3.63921    0.00000    3.63921
  25.50000    3.62768    0.00000    3.62768
  26.00000    3.58074    0.00000    3.58074
  26.50000    3.57887    0.00000    3.57887
  27.00000    3.60329    0.00000    3.60329
  27.50000    3.63928    0.00000    3.63928
  28.00000    3.65233    0.00000    3.65233
  28.50000    3.70310    0.00000    3.70310
  29.00000    3.73917    0.00000    3.73917
  29.50000    3.76609    0.00000    3.76609
  30.00000    3.75864    0.00000    3.75864
  30.50000    3.79013    0.00000    3.79013
  31.00000    3.79000    0.00000    3.79000
  31.50000    3.78911    0.00000    3.78911
  32.00000    3.78605    0.00000    3.78605
  32.50000    3.83221    0.00000    3.83221
  33.00000    3.85775    0.00000    3.85775
  33.50000    3.93487    0.00000    3.93487
  34.00000    4.04800    0.00000    4.04800
  34.50000    4.17293    0.00000    4.17293
  35.00000    4.25155    0.00000    4.25155
  35.50000    4.32054    0.00000    4.32054
  36.00000    4.38875    0.00000    4.38875
  36.50000    4.44550    0.00000    4.44550
  37.00000    4.48430    0.00000    4.48430
  37.50000    4.52809    0.00000    4.52809
  38.00000    4.55844    0.00000    4.55844
  38.50000    4.57434    0.00000    4.57434
  39.00000    4.59024    0.00000    4.59024
  39.50000    4.62020    0.00000    4.62020
  40.00000    4.63204    0.00000    4.63204
  40.50000    4.63684    0.00000    4.63684
  41.00000    4.62897    0.00000    4.62897
  41.50000    4.61916    0.00000    4.61916
  42.00000    4.59372    0.00000    4.59372
  42.50000    4.59802    0.00000    4.59802
  43.00000    4.59025    0.00000    4.59025
  43.50000    4.57226    0.00000    4.57226
  44.00000    4.53987    0.00000    4.53987
  44.50000    4.52962    0.00000    4.52962
  45.00000    4.53126    0.00000    4.53126
  45.50000    4.53417    0.00000    4.53417
  46.00000    4.54090    0.00000    4.54090
  46.50000    4.53685    0.00000    4.53685
  47.00000    4.54715    0.00000    4.54715
  47.50000    4.55749    0.00000    4.55749
  48.00000    4.54863    0.00000    4.54863
  48.50000    4.52271    0.00000    4.52271
  49.00000    4.50620    0.00000    4.50620
  49.50000    4.50350    0.00000    4.50350
  50.00000    4.47837    0.00000    4.47837
  50.50000    4.47482    0.00000    4.47482
  51.00000    4.47124    0.00000    4.47124
  51.50000    4.46806    0.00000    4.46806
  52.00000    4.44935    0.00000    4.44935
  52.50000    4.43980    0.00000    4.43980
  53.00000    4.44713    0.00000    4.44713
  53.50000    4.46431    0.00000    4.46431
  54.00000    4.47883    0.00000    4.47883
  54.50000    4.46471    0.00000    4.46471
  55.00000    4.45736    0.00000    4.45736
  55.50000    4.45918    0.00000    4.45918
  56.00000    4.45680    0.00000    4.45680
  56.50000    4.45860    0.00000    4.45860
  57.00000    4.44585    0.00000    4.44585
  57.50000    4.44533    0.00000    4.44533
  58.00000    4.45268    0.00000    4.45268
  58.50000    4.46291    0.00000    4.46291
  59.00000    4.45479    0.00000    4.45479
  59.50000    4.44700    0.00000    4.44700
  60.00000    4.45144    0.00000    4.45144
  60.50000    4.45415    0.00000    4.45415
  61.00000    4.44960    0.00000    4.44960
  61.50000    4.44322    0.00000    4.44322
  62.00000    4.43841    0.00000    4.43841
  62.50000    4.44199    0.00000    4.44199
  63.00000    4.45012    0.00000    4.45012
  63.50000    4.44612    0.00000    4.44612
  64.00000    4.43971    0.00000    4.43971
  64.50000    4.43704    0.00000    4.43704
  65.00000    4.43867    0.00000    4.43867
  65.50000    4.41874    0.00000    4.41874
  66.00000    4.41729    0.00000    4.41729
  66.50000    4.41968    0.00000    4.41968
  67.00000    4.41571    0.00000    4.41571
  67.50000    4.41420    0.00000    4.41420
  68.00000    4.41908    0.00000    4.41908
  68.50000    4.41547    0.00000    4.41547
  69.00000    4.40607    0.00000    4.40607
  69.50000    4.39430    0.00000    4.39430
  70.00000    4.38517    0.00000    4.38517
  70.50000    4.39463    0.00000    4.39463
  71.00000    4.40915    0.00000    4.40915
  71.50000    4.40422    0.00000    4.40422
  72.00000    4.39563    0.00000    4.39563
  72.50000    4.39853    0.00000    4.39853
  73.00000    4.39333    0.00000    4.39333
  73.50000    4.38818    0.00000    4.38818
  74.00000    4.39990    0.00000    4.39990
  74.50000    4.39828    0.00000    4.39828
  75.00000    4.39328    0.00000    4.39328
  75.50000    4.37626    0.00000    4.37626
  76.00000    4.38078    0.00000    4.38078
  76.50000    4.37434    0.00000    4.37434
  77.00000    4.39182    0.00000    4.39182
  77.50000    4.38172    0.00000    4.38172
  78.00000    4.37318    0.00000    4.37318
  78.50000    4.36295    0.00000    4.36295
  79.00000    4.36152    0.00000    4.36152
  79.50000    4.35878    0.00000    4.35878
  80.00000    4.36200    0.00000    4.36200
  80.50000    4.37184    0.00000    4.37184
  81.00000    4.36265    0.00000    4.36265
  81.50000    4.34850    0.00000    4.34850
  82.00000    4.33013    0.00000    4.33013
  82.50000    4.31975    0.00000    4.31975
  83.00000    4.32197    0.00000    4.32197
  83.50000    4.32770    0.00000    4.32770
  84.00000    4.34304    0.00000    4.34304
  84.50000    4.34984    0.00000    4.34984
  85.00000    4.35556    0.00000    4.35556
  85.50000    4.34240    0.00000    4.34240
  86.00000    4.34210    0.00000    4.34210
  86.50000    4.33658    0.00000    4.33658
  87.00000    4.33361    0.00000    4.33361
  87.50000    4.32385    0.00000    4.32385
  88.00000    4.33480    0.00000    4.33480
  88.50000    4.33260    0.00000    4.33260
  89.00000    4.32238    0.00000    4.32238
  89.50000    4.30587    0.00000    4.30587
  90.00000    4.30573    0.00000    4.30573
  90.50000    4.29647    0.00000    4.29647
  91.00000    4.28663    0.00000    4.28663
  91.50000    4.28007    0.00000    4.28007
  92.00000    4.29686    0.00000    4.29686
  92.50000    4.29887    0.00000    4.29887
  93.00000    4.29227    0.00000    4.29227
  93.50000    4.28997    0.00000    4.28997
  94.00000    4.29176    0.00000    4.29176
  94.50000    4.28585    0.00000    4.28585
  95.00000    4.28535    0.00000    4.28535
  95.50000    4.28398    0.00000    4.28398
  96.00000    4.28598    0.00000    4.28598
  96.50000    4.27498    0.00000    4.27498
  97.00000    4.27557    0.00000    4.27557
  97.50000    4.27093    0.00000    4.27093
  98.00000    4.28255    0.00000    4.28255
  98.50000    4.28659    0.00000    4.28659
  99.00000    4.28137    0.00000    4.28137
  99.50000    4.26536    0.00000    4.26536
 100.00000    4.27542    0.00000    4.27542
 100.50000    4.28218    0.00000    4.28218
 101.00000    4.27903    0.00000    4.27903
 101.50000    4.25498    0.00000    4.25498
 102.00000    4.25632    0.00000    4.25632
 102.50000    4.25612    0.00000    4.25612
 103.00000    4.27323    0.00000    4.27323
 103.50000    4.26426    0.00000    4.26426
 104.00000    4.25874    0.00000    4.25874
 104.50000    4.26150    0.00000    4.26150
 105.00000    4.26478    0.00000    4.26478
 105.50000    4.25224    0.00000    4.25224
 106.00000    4.25131    0.00000    4.25131
 106.50000    4.27470    0.00000    4.27470
 107.00000    4.27071    0.00000    4.27071
 107.50000    4.25555    0.00000    4.25555
 108.00000    4.24642    0.00000    4.24642
 108.50000    4.26741    0.00000    4.26741
 109.00000    4.27661    0.00000    4.27661
 109.50000    4.27062    0.00000    4.27062
 110.00000    4.26268    0.00000    4.26268
 110.50000    4.24804    0.00000    4.24804
 111.00000    4.24935    0.00000    4.24935
 111.50000    4.24753    0.00000    4.24753
 112.00000    4.23717    0.00000    4.23717
 112.50000    4.22059    0.00000    4.22059
 113.00000    4.23481    0.00000    4.23481
 113.50000    4.25152    0.00000    4.25152
 114.00000    4.25679    0.00000    4.25679
 114.50000    4.25561    0.00000    4.25561
 115.00000    4.24502    0.00000    4.24502
 115.50000    4.24726    0.00000    4.24726
 116.00000    4.24696    0.00000    4.24696
 116.50000    4.24809    0.00000    4.24809
 117.00000    4.24053    0.00000    4.24053
 117.50000    4.25339    0.00000    4.25339
 118.00000    4.25799    0.00000    4.25799
 118.50000    4.26786    0.00000    4.26786
 119.00000    4.26434    0.00000    4.26434
 119.50000    4.25536    0.00000    4.25536
 120.00000    4.24767    0.00000    4.24767
 120.50000    4.26421    0.00000    4.26421
 121.00000    4.27309    0.00000    4.27309
 121.50000    4.26116    0.00000    4.26116
 122.00000    4.24082    0.00000    4.24082
 122.50000    4.24201    0.00000    4.24201
 123.00000    4.23820    0.00000    4.23820
 123.50000    4.24476    0.00000    4.24476
 124.00000    4.26113    0.00000    4.26113
 124.50000    4.28269    0.00000    4.28269
 125.00000    4.27311    0.00000    4.27311
 125.50000    4.26560    0.00000    4.26560
 126.00000    4.25673    0.00000    4.25673
 126.50000    4.25708    0.00000    4.25708
 127.00000    4.24719    0.00000    4.24719
 127.50000    4.24370    0.00000    4.24370
 128.00000    4.25311    0.00000    4.25311
 128.50000    4.26572    0.00000    4.26572
 129.00000    4.25955    0.00000    4.25955
 129.50000    4.25731    0.00000    4.25731
 130.00000    4.26571    0.00000    4.26571
 130.50000    4.27674    0.00000    4.27674
 131.00000    4.28096    0.00000    4.28096
 131.50000    4.29050    0.00000    4.29050
 132.00000    4.27457    0.00000    4.27457
 132.50000    4.26694    0.00000    4.26694
 133.00000    4.26944    0.00000    4.26944
 133.50000    4.27590    0.00000    4.27590
 134.00000    4.27082    0.00000    4.27082
 134.50000    4.27467    0.00000    4.27467
 135.00000    4.28012    0.00000    4.28012
 135.50000    4.27434    0.00000    4.27434
 136.00000    4.27898    0.00000    4.27898
 136.50000    4.29283    0.00000    4.29283
 137.00000    4.29243    0.00000    4.29243
 137.50000    4.29015    0.00000    4.29015
 138.00000    4.29469    0.00000    4.29469
 138.50000    4.30020    0.00000    4.30020
 139.00000    4.29575    0.00000    4.29575
 139.50000    4.29489    0.00000    4.29489
 140.00000    4.30091    0.00000    4.30091
 140.50000    4.30720    0.00000    4.30720
 141.00000    4.31091    0.00000    4.31091
 141.50000    4.30773    0.00000    4.30773
 142.00000    4.30878    0.00000    4.30878
 142.50000    4.31411    0.00000    4.31411
 143.00000    4.31986    0.00000    4.31986
 143.50000    4.32543    0.00000    4.32543
 144.00000    4.32679    0.00000    4.32679
 144.50000    4.32217    0.00000    4.32217
 145.00000    4.31955    0.00000    4.31955
 145.50000    4.32471    0.00000    4.32471
 146.00000    4.33612    0.00000    4.33612
 146.50000    4.34035    0.00000    4.34035
 147.00000    4.33112    0.00000    4.33112
 147.50000    4.31515    0.00000    4.31515
 148.00000    4.32249    0.00000    4.32249
 148.50000    4.32542    0.00000    4.32542
 149.00000    4.32196    0.00000    4.32196
 149.50000    4.31490    0.00000    4.31490
 150.00000    4.35839    0.00000    4.35839
