   0.00000    1.45056    0.00000    1.45056
   0.50000    3.29246    0.00000    3.29246
   1.00000    3.56441    0.00000    3.56441
   1.50000    3.32121    0.00000    3.32121
   2.00000    3.33208    0.00000    3.33208
   2.50000    3.42569    0.00000    3.42569
   3.00000    3.57032    0.00000    3.57032
   3.50000    3.58418    0.00000    3.58418
   4.00000    3.55863    0.00000    3.55863
   4.50000    3.49951    0.00000    3.49951
   5.00000    3.49334    0.00000    3.49334
   5.50000    3.51361    0.00000    3.51361
   6.00000    3.55498    0.00000    3.55498
   6.50000    3.57243    0.00000    3.57243
   7.00000    3.55967    0.00000    3.55967
   7.50000    3.55475    0.00000    3.55475
   8.00000    3.55739    0.00000    3.55739
   8.50000    3.56341    0.00000    3.56341
   9.00000    3.56576    0.00000    3.56576
   9.50000    3.58352    0.00000    3.58352
  10.00000    3.59060    0.00000    3.59060
  10.50000    3.60429    0.00000    3.60429
  11.00000    3.61703    0.00000    3.61703
  11.50000    3.62964    0.00000    3.62964
  12.00000    3.62106    0.00000    3.62106
  12.50000    3.61917    0.00000    3.61917
  13.00000    3.62015    0.00000    3.62015
  13.50000    3.62265    0.00000    3.62265
  14.00000    3.62160    0.00000    3.62160
  14.50000    3.62810    0.00000    3.62810
  15.00000    3.63220    0.00000    3.63220
  15.50000    3.65060    0.00000    3.65060
  16.00000    3.65768    0.00000    3.65768
  16.50000    3.67095    0.00000    3.67095
  17.00000    3.67342    0.00000    3.67342
  17.50000    3.67286    0.00000    3.67286
  18.00000    3.67973    0.00000    3.67973
  18.50000    3.71191    0.00000    3.71191
  19.00000    3.75993    0.00000    3.75993
  19.50000    3.77942    0.00000    3.77942
  20.00000    3.79745    0.00000    3.79745
  20.50000    3.82034    0.00000    3.82034
  21.00000    3.81612    0.00000    3.81612
  21.50000    3.80016    0.00000    3.80016
  22.00000    3.81518    0.00000    3.81518
  22.50000    3.88015    0.00000    3.88015
  23.00000    3.94241    0.00000    3.94241
  23.50000    3.95234    0.00000    3.95234
  24.00000    3.92815    0.00000    3.92815
  24.50000    3.89083    0.00000    3.89083
  25.00000    3.91027    0.00000    3.91027
  25.50000    3.91550    0.00000    3.91550
  26.00000    3.92052    0.00000    3.92052
  26.50000    3.88998    0.00000    3.88998
  27.00000    3.89386    0.00000    3.89386
  27.50000    3.90510    0.00000    3.90510
  28.00000    3.95120    0.00000    3.95120
  28.50000    3.98588    0.00000    3.98588
  29.00000    4.01545    0.00000    4.01545
  29.50000    4.04575    0.00000    4.04575
  30.00000    4.07301    0.00000    4.07301
  30.50000    4.10148    0.00000    4.10148
  31.00000    4.15711    0.00000    4.15711
  31.50000    4.21994    0.00000    4.21994
  32.00000    4.26519    0.00000    4.26519
  32.50000    4.28234    0.00000    4.28234
  33.00000    4.28772    0.00000    4.28772
  33.50000    4.30880    0.00000    4.30880
  34.00000    4.36664    0.00000    4.36664
  34.50000    4.44842    0.00000    4.44842
  35.00000    4.49217    0.00000    4.49217
  35.50000    4.51226    0.00000    4.51226
  36.00000    4.50443    0.00000    4.50443
  36.50000    4.49070    0.00000    4.49070
  37.00000    4.47578    0.00000    4.47578
  37.50000    4.48670    0.00000    4.48670
  38.00000    4.49333    0.00000    4.49333
  38.50000    4.49093    0.00000    4.49093
  39.00000    4.48293    0.00000    4.48293
  39.50000    4.47845    0.00000    4.47845
  40.00000    4.48032    0.00000    4.48032
  40.50000    4.46806    0.00000    4.46806
  41.00000    4.45648    0.00000    4.45648
  41.50000    4.43828    0.00000    4.43828
  42.00000    4.45587    0.00000    4.45587
  42.50000    4.46338    0.00000    4.46338
  43.00000    4.45746    0.00000    4.45746
  43.50000    4.44784    0.00000    4.44784
  44.00000    4.45023    0.00000    4.45023
  44.50000    4.46232    0.00000    4.46232
  45.00000    4.46284    0.00000    4.46284
  45.50000    4.45740    0.00000    4.45740
  46.00000    4.43679    0.00000    4.43679
  46.50000    4.42864    0.00000    4.42864
  47.00000    4.40837    0.00000    4.40837
  47.50000    4.39016    0.00000    4.39016
  48.00000    4.35841    0.00000    4.35841
  48.50000    4.36585    0.00000    4.36585
  49.00000    4.38433    0.00000    4.38433
  49.50000    4.44237    0.00000    4.44237
  50.00000    4.46909    0.00000    4.46909
  50.50000    4.47478    0.00000    4.47478
  51.00000    4.46002    0.00000    4.46002
  51.50000    4.46614    0.00000    4.46614
  52.00000    4.47843    0.00000    4.47843
  52.50000    4.48855    0.00000    4.48855
  53.00000    4.49566    0.00000    4.49566
  53.50000    4.48464    0.00000    4.48464
  54.00000    4.48317    0.00000    4.48317
  54.50000    4.49390    0.00000    4.49390
  55.00000    4.50140    0.00000    4.50140
  55.50000    4.50343    0.00000    4.50343
  56.00000    4.51426    0.00000    4.51426
  56.50000    4.49679    0.00000    4.49679
  57.00000    4.49007    0.00000    4.49007
  57.50000    4.49377    0.00000    4.49377
  58.00000    4.49592    0.00000    4.49592
  58.50000    4.48044    0.00000    4.48044
  59.00000    4.50926    0.00000    4.50926
  59.50000    4.51678    0.00000    4.51678
  60.00000    4.51706    0.00000    4.51706
  60.50000    4.51501    0.00000    4.51501
  61.00000    4.53532    0.00000    4.53532
  61.50000    4.52001    0.00000    4.52001
  62.00000    4.51076    0.00000    4.51076
  62.50000    4.50432    0.00000    4.50432
  63.00000    4.52192    0.00000    4.52192
  63.50000    4.51204    0.00000    4.51204
  64.00000    4.50215    0.00000    4.50215
  64.50000    4.49519    0.00000    4.49519
  65.00000    4.51366    0.00000    4.51366
  65.50000    4.51385    0.00000    4.51385
  66.00000    4.52544    0.00000    4.52544
  66.50000    4.51394    0.00000    4.51394
  67.00000    4.52490    0.00000    4.52490
  67.50000    4.51777    0.00000    4.51777
  68.00000    4.52568    0.00000    4.52568
  68.50000    4.51801    0.00000    4.51801
  69.00000    4.50917    0.00000    4.50917
  69.50000    4.51996    0.00000    4.51996
  70.00000    4.51898    0.00000    4.51898
  70.50000    4.51560    0.00000    4.51560
  71.00000    4.49268    0.00000    4.49268
  71.50000    4.50310    0.00000    4.50310
  72.00000    4.50097    0.00000    4.50097
  72.50000    4.50299    0.00000    4.50299
  73.00000    4.49619    0.00000    4.49619
  73.50000    4.50982    0.00000    4.50982
  74.00000    4.49056    0.00000    4.49056
  74.50000    4.49117    0.00000    4.49117
  75.00000    4.48160    0.00000    4.48160
  75.50000    4.50703    0.00000    4.50703
  76.00000    4.48834    0.00000    4.48834
  76.50000    4.48214    0.00000    4.48214
  77.00000    4.45151    0.00000    4.45151
  77.50000    4.45218    0.00000    4.45218
  78.00000    4.43667    0.00000    4.43667
  78.50000    4.44153    0.00000    4.44153
  79.00000    4.45214    0.00000    4.45214
  79.50000    4.48219    0.00000    4.48219
  80.00000    4.48458    0.00000    4.48458
  80.50000    4.45683    0.00000    4.45683
  81.00000    4.45590    0.00000    4.45590
  81.50000    4.46973    0.00000    4.46973
  82.00000    4.46330    0.00000    4.46330
  82.50000    4.42441    0.00000    4.42441
  83.00000    4.42283    0.00000    4.42283
  83.50000    4.44300    0.00000    4.44300
  84.00000    4.43776    0.00000    4.43776
  84.50000    4.42498    0.00000    4.42498
  85.00000    4.42417    0.00000    4.42417
  85.50000    4.43965    0.00000    4.43965
  86.00000    4.44111    0.00000    4.44111
  86.50000    4.42906    0.00000    4.42906
  87.00000    4.41163    0.00000    4.41163
  87.50000    4.40688    0.00000    4.40688
  88.00000    4.42101    0.00000    4.42101
  88.50000    4.41926    0.00000    4.41926
  89.00000    4.40567    0.00000    4.40567
  89.50000    4.37967    0.00000    4.37967
  90.00000    4.37927    0.00000    4.37927
  90.50000    4.39888    0.00000    4.39888
  91.00000    4.42659    0.00000    4.42659
  91.50000    4.41971    0.00000    4.41971
  92.00000    4.39778    0.00000    4.39778
  92.50000    4.37953    0.00000    4.37953
  93.00000    4.38376    0.00000    4.38376
  93.50000    4.38569    0.00000    4.38569
  94.00000    4.38974    0.00000    4.38974
  94.50000    4.38591    0.00000    4.38591
  95.00000    4.38853    0.00000    4.38853
  95.50000    4.36747    0.00000    4.36747
  96.00000    4.34520    0.00000    4.34520
  96.50000    4.35001    0.00000    4.35001
  97.00000    4.36763    0.00000    4.36763
  97.50000    4.36658    0.00000    4.36658
  98.00000    4.36235    0.00000    4.36235
  98.50000    4.36160    0.00000    4.36160
  99.00000    4.35265    0.00000    4.35265
  99.50000    4.34315    0.00000    4.34315
 100.00000    4.35666    0.00000    4.35666
 100.50000    4.35840    0.00000    4.35840
 101.00000    4.34375    0.00000    4.34375
 101.50000    4.33293    0.00000    4.33293
 102.00000    4.32984    0.00000    4.32984
 102.50000    4.31448    0.00000    4.31448
 103.00000    4.29199    0.00000    4.29199
 103.50000    4.30166    0.00000    4.30166
 104.00000    4.30428    0.00000    4.30428
 104.50000    4.31202    0.00000    4.31202
 105.00000    4.31022    0.00000    4.31022
 105.50000    4.31718    0.00000    4.31718
 106.00000    4.29990    0.00000    4.29990
 106.50000    4.29748    0.00000    4.29748
 107.00000    4.27817    0.00000    4.27817
 107.50000    4.28527    0.00000    4.28527
 108.00000    4.28359    0.00000    4.28359
 108.50000    4.28973    0.00000    4.28973
 109.00000    4.28670    0.00000    4.28670
 109.50000    4.30061    0.00000    4.30061
 110.00000    4.28903    0.00000    4.28903
 110.50000    4.28313    0.00000    4.28313
 111.00000    4.27305    0.00000    4.27305
 111.50000    4.26569    0.00000    4.26569
 112.00000    4.27079    0.00000    4.27079
 112.50000    4.28226    0.00000    4.28226
 113.00000    4.27579    0.00000    4.27579
 113.50000    4.25248    0.00000    4.25248
 114.00000    4.26785    0.00000    4.26785
 114.50000    4.26546    0.00000    4.26546
 115.00000    4.28320    0.00000    4.28320
 115.50000    4.26414    0.00000    4.26414
 116.00000    4.26644    0.00000    4.26644
 116.50000    4.25283    0.00000    4.25283
 117.00000    4.26229    0.00000    4.26229
 117.50000    4.25037    0.00000    4.25037
 118.00000    4.24934    0.00000    4.24934
 118.50000    4.26052    0.00000    4.26052
 119.00000    4.25566    0.00000    4.25566
 119.50000    4.24409    0.00000    4.24409
 120.00000    4.24411    0.00000    4.24411
 120.50000    4.24688    0.00000    4.24688
 121.00000    4.23404    0.00000    4.23404
 121.50000    4.23560    0.00000    4.23560
 122.00000    4.24735    0.00000    4.24735
 122.50000    4.25321    0.00000    4.25321
 123.00000    4.24144    0.00000    4.24144
 123.50000    4.23543    0.00000    4.23543
 124.00000    4.22747    0.00000    4.22747
 124.50000    4.22179    0.00000    4.22179
 125.00000    4.20517    0.00000    4.20517
 125.50000    4.20533    0.00000    4.20533
 126.00000    4.22295    0.00000    4.22295
 126.50000    4.23973    0.00000    4.23973
 127.00000    4.23425    0.00000    4.23425
 127.50000    4.23032    0.00000    4.23032
 128.00000    4.22620    0.00000    4.22620
 128.50000    4.20968    0.00000    4.20968
 129.00000    4.21297    0.00000    4.21297
 129.50000    4.22679    0.00000    4.22679
 130.00000    4.24144    0.00000    4.24144
 130.50000    4.22476    0.00000    4.22476
 131.00000    4.23047    0.00000    4.23047
 131.50000    4.21634    0.00000    4.21634
 132.00000    4.20831    0.00000    4.20831
 132.50000    4.20467    0.00000    4.20467
 133.00000    4.22644    0.00000    4.22644
 133.50000    4.21666    0.00000    4.21666
 134.00000    4.22358    0.00000    4.22358
 134.50000    4.22050    0.00000    4.22050
 135.00000    4.22543    0.00000    4.22543
 135.50000    4.20394    0.00000    4.20394
 136.00000    4.20837    0.00000    4.20837
 136.50000    4.19279    0.00000    4.19279
 137.00000    4.20892    0.00000    4.20892
 137.50000    4.20629    0.00000    4.20629
 138.00000    4.21847    0.00000    4.21847
 138.50000    4.20090    0.00000    4.20090
 139.00000    4.18876    0.00000    4.18876
 139.50000    4.17234    0.00000    4.17234
 140.00000    4.18845    0.00000    4.18845
 140.50000    4.21333    0.00000    4.21333
 141.00000    4.21224    0.00000    4.21224
 141.50000    4.19581    0.00000    4.19581
 142.00000    4.19578    0.00000    4.19578
 142.50000    4.20873    0.00000    4.20873
 143.00000    4.20215    0.00000    4.20215
 143.50000    4.20693    0.00000    4.20693
 144.00000    4.21715    0.00000    4.21715
 144.50000    4.22829    0.00000    4.22829
 145.00000    4.20514    0.00000    4.20514
 145.50000    4.18695    0.00000    4.18695
 146.00000    4.16843    0.00000    4.16843
 146.50000    4.19918    0.00000    4.19918
 147.00000    4.21745    0.00000    4.21745
 147.50000    4.22841    0.00000    4.22841
 148.00000    4.21514    0.00000    4.21514
 148.50000    4.23610    0.00000    4.23610
 149.00000    4.23559    0.00000    4.23559
 149.50000    4.23009    0.00000    4.23009
 150.00000    4.20795    0.00000    4.20795
