   0.00000    1.32285    0.00000    1.32285
   0.50000    2.83242    0.00000    2.83242
   1.00000    3.26141    0.00000    3.26141
   1.50000    3.36370    0.00000    3.36370
   2.00000    3.53920    0.00000    3.53920
   2.50000    3.48745    0.00000    3.48745
   3.00000    3.41725    0.00000    3.41725
   3.50000    3.37300    0.00000    3.37300
   4.00000    3.37415    0.00000    3.37415
   4.50000    3.37043    0.00000    3.37043
   5.00000    3.41342    0.00000    3.41342
   5.50000    3.45969    0.00000    3.45969
   6.00000    3.49513    0.00000    3.49513
   6.50000    3.51243    0.00000    3.51243
   7.00000    3.50259    0.00000    3.50259
   7.50000    3.47902    0.00000    3.47902
   8.00000    3.48848    0.00000    3.48848
   8.50000    3.53219    0.00000    3.53219
   9.00000    3.55221    0.00000    3.55221
   9.50000    3.53159    0.00000    3.53159
  10.00000    3.51679    0.00000    3.51679
  10.50000    3.53455    0.00000    3.53455
  11.00000    3.55325    0.00000    3.55325
  11.50000    3.57368    0.00000    3.57368
  12.00000    3.57449    0.00000    3.57449
  12.50000    3.57582    0.00000    3.57582
  13.00000    3.56970    0.00000    3.56970
  13.50000    3.57755    0.00000    3.57755
  14.00000    3.58391    0.00000    3.58391
  14.50000    3.59581    0.00000    3.59581
  15.00000    3.61492    0.00000    3.61492
  15.50000    3.61342    0.00000    3.61342
  16.00000    3.62518    0.00000    3.62518
  16.50000    3.63865    0.00000    3.63865
  17.00000    3.64068    0.00000    3.64068
  17.50000    3.62566    0.00000    3.62566
  18.00000    3.63619    0.00000    3.63619
  18.50000    3.64118    0.00000    3.64118
  19.00000    3.64809    0.00000    3.64809
  19.50000    3.65581    0.00000    3.65581
  20.00000    3.67169    0.00000    3.67169
  20.50000    3.68652    0.00000    3.68652
  21.00000    3.70048    0.00000    3.70048
  21.50000    3.68170    0.00000    3.68170
  22.00000    3.67492    0.00000    3.67492
  22.50000    3.71469    0.00000    3.71469
  23.00000    3.76537    0.00000    3.76537
  23.50000    3.77200    0.00000    3.77200
  24.00000    3.74708    0.00000    3.74708
  24.50000    3.72882    0.00000    3.72882
  25.00000    3.73535    0.00000    3.73535
  25.50000    3.69411    0.00000    3.69411
  26.00000    3.62095    0.00000    3.62095
  26.50000    3.61349    0.00000    3.61349
  27.00000    3.63791    0.00000    3.63791
  27.50000    3.62535    0.00000    3.62535
  28.00000    3.59544    0.00000    3.59544
  28.50000    3.60428    0.00000    3.60428
  29.00000    3.60278    0.00000    3.60278
  29.50000    3.59665    0.00000    3.59665
  30.00000    3.60188    0.00000    3.60188
  30.50000    3.62589    0.00000    3.62589
  31.00000    3.64250    0.00000    3.64250
  31.50000    3.64669    0.00000    3.64669
  32.00000    3.65231    0.00000    3.65231
  32.50000    3.67393    0.00000    3.67393
  33.00000    3.69666    0.00000    3.69666
  33.50000    3.74761    0.00000    3.74761
  34.00000    3.81983    0.00000    3.81983
  34.50000    3.93281    0.00000    3.93281
  35.00000    4.03085    0.00000    4.03085
  35.50000    4.09149    0.00000    4.09149
  36.00000    4.13112    0.00000    4.13112
  36.50000    4.16489    0.00000    4.16489
  37.00000    4.21048    0.00000    4.21048
  37.50000    4.24861    0.00000    4.24861
  38.00000    4.29284    0.00000    4.29284
  38.50000    4.32600    0.00000    4.32600
  39.00000    4.36200    0.00000    4.36200
  39.50000    4.38260    0.00000    4.38260
  40.00000    4.40034    0.00000    4.40034
  40.50000    4.42333    0.00000    4.42333
  41.00000    4.45880    0.00000    4.45880
  41.50000    4.48251    0.00000    4.48251
  42.00000    4.48963    0.00000    4.48963
  42.50000    4.49466    0.00000    4.49466
  43.00000    4.48540    0.00000    4.48540
  43.50000    4.48655    0.00000    4.48655
  44.00000    4.47198    0.00000    4.47198
  44.50000    4.48587    0.00000    4.48587
  45.00000    4.50502    0.00000    4.50502
  45.50000    4.51113    0.00000    4.51113
  46.00000    4.52262    0.00000    4.52262
  46.50000    4.52434    0.00000    4.52434
  47.00000    4.54697    0.00000    4.54697
  47.50000    4.55321    0.00000    4.55321
  48.00000    4.55479    0.00000    4.55479
  48.50000    4.53166    0.00000    4.53166
  49.00000    4.52992    0.00000    4.52992
  49.50000    4.54654    0.00000    4.54654
  50.00000    4.55007    0.00000    4.55007
  50.50000    4.53576    0.00000    4.53576
  51.00000    4.51951    0.00000    4.51951
  51.50000    4.50495    0.00000    4.50495
  52.00000    4.50106    0.00000    4.50106
  52.50000    4.49675    0.00000    4.49675
  53.00000    4.49528    0.00000    4.49528
  53.50000    4.48899    0.00000    4.48899
  54.00000    4.49580    0.00000    4.49580
  54.50000    4.49268    0.00000    4.49268
  55.00000    4.50040    0.00000    4.50040
  55.50000    4.48920    0.00000    4.48920
  56.00000    4.48363    0.00000    4.48363
  56.50000    4.47431    0.00000    4.47431
  57.00000    4.49073    0.00000    4.49073
  57.50000    4.50437    0.00000    4.50437
  58.00000    4.52130    0.00000    4.52130
  58.50000    4.52315    0.00000    4.52315
  59.00000    4.51983    0.00000    4.51983
  59.50000    4.50226    0.00000    4.50226
  60.00000    4.50323    0.00000    4.50323
  60.50000    4.49025    0.00000    4.49025
  61.00000    4.50989    0.00000    4.50989
  61.50000    4.50808    0.00000    4.50808
  62.00000    4.50534    0.00000    4.50534
  62.50000    4.48470    0.00000    4.48470
  63.00000    4.49906    0.00000    4.49906
  63.50000    4.50680    0.00000    4.50680
  64.00000    4.50943    0.00000    4.50943
  64.50000    4.51986    0.00000    4.51986
  65.00000    4.51736    0.00000    4.51736
  65.50000    4.49494    0.00000    4.49494
  66.00000    4.48977    0.00000    4.48977
  66.50000    4.50118    0.00000    4.50118
  67.00000    4.51207    0.00000    4.51207
  67.50000    4.51059    0.00000    4.51059
  68.00000    4.50941    0.00000    4.50941
  68.50000    4.50700    0.00000    4.50700
  69.00000    4.50976    0.00000    4.50976
  69.50000    4.51144    0.00000    4.51144
  70.00000    4.49414    0.00000    4.49414
  70.50000    4.50759    0.00000    4.50759
  71.00000    4.50952    0.00000    4.50952
  71.50000    4.51578    0.00000    4.51578
  72.00000    4.51192    0.00000    4.51192
  72.50000    4.52321    0.00000    4.52321
  73.00000    4.52392    0.00000    4.52392
  73.50000    4.52858    0.00000    4.52858
  74.00000    4.53916    0.00000    4.53916
  74.50000    4.52675    0.00000    4.52675
  75.00000    4.52986    0.00000    4.52986
  75.50000    4.52521    0.00000    4.52521
  76.00000    4.52524    0.00000    4.52524
  76.50000    4.51944    0.00000    4.51944
  77.00000    4.53319    0.00000    4.53319
  77.50000    4.54011    0.00000    4.54011
  78.00000    4.53757    0.00000    4.53757
  78.50000    4.51945    0.00000    4.51945
  79.00000    4.51314    0.00000    4.51314
  79.50000    4.51760    0.00000    4.51760
  80.00000    4.53118    0.00000    4.53118
  80.50000    4.51972    0.00000    4.51972
  81.00000    4.52066    0.00000    4.52066
  81.50000    4.51875    0.00000    4.51875
  82.00000    4.50995    0.00000    4.50995
  82.50000    4.49066    0.00000    4.49066
  83.00000    4.50307    0.00000    4.50307
  83.50000    4.51983    0.00000    4.51983
  84.00000    4.53133    0.00000    4.53133
  84.50000    4.54300    0.00000    4.54300
  85.00000    4.54594    0.00000    4.54594
  85.50000    4.53923    0.00000    4.53923
  86.00000    4.52503    0.00000    4.52503
  86.50000    4.51372    0.00000    4.51372
  87.00000    4.51841    0.00000    4.51841
  87.50000    4.52904    0.00000    4.52904
  88.00000    4.55157    0.00000    4.55157
  88.50000    4.52901    0.00000    4.52901
  89.00000    4.53080    0.00000    4.53080
  89.50000    4.52292    0.00000    4.52292
  90.00000    4.53137    0.00000    4.53137
  90.50000    4.50469    0.00000    4.50469
  91.00000    4.50824    0.00000    4.50824
  91.50000    4.52246    0.00000    4.52246
  92.00000    4.53637    0.00000    4.53637
  92.50000    4.52360    0.00000    4.52360
  93.00000    4.51017    0.00000    4.51017
  93.50000    4.51565    0.00000    4.51565
  94.00000    4.51461    0.00000    4.51461
  94.50000    4.50058    0.00000    4.50058
  95.00000    4.49486    0.00000    4.49486
  95.50000    4.50104    0.00000    4.50104
  96.00000    4.50787    0.00000    4.50787
  96.50000    4.50855    0.00000    4.50855
  97.00000    4.52134    0.00000    4.52134
  97.50000    4.52865    0.00000    4.52865
  98.00000    4.53184    0.00000    4.53184
  98.50000    4.51803    0.00000    4.51803
  99.00000    4.50550    0.00000    4.50550
  99.50000    4.50754    0.00000    4.50754
 100.00000    4.51016    0.00000    4.51016
 100.50000    4.51390    0.00000    4.51390
 101.00000    4.52886    0.00000    4.52886
 101.50000    4.54082    0.00000    4.54082
 102.00000    4.52932    0.00000    4.52932
 102.50000    4.51639    0.00000    4.51639
 103.00000    4.51965    0.00000    4.51965
 103.50000    4.52271    0.00000    4.52271
 104.00000    4.51844    0.00000    4.51844
 104.50000    4.50506    0.00000    4.50506
 105.00000    4.48765    0.00000    4.48765
 105.50000    4.49377    0.00000    4.49377
 106.00000    4.51764    0.00000    4.51764
 106.50000    4.52514    0.00000    4.52514
 107.00000    4.49839    0.00000    4.49839
 107.50000    4.48899    0.00000    4.48899
 108.00000    4.48855    0.00000    4.48855
 108.50000    4.49667    0.00000    4.49667
 109.00000    4.49967    0.00000    4.49967
 109.50000    4.51212    0.00000    4.51212
 110.00000    4.50714    0.00000    4.50714
 110.50000    4.49757    0.00000    4.49757
 111.00000    4.50522    0.00000    4.50522
 111.50000    4.50642    0.00000    4.50642
 112.00000    4.49847    0.00000    4.49847
 112.50000    4.48872    0.00000    4.48872
 113.00000    4.48199    0.00000    4.48199
 113.50000    4.48753    0.00000    4.48753
 114.00000    4.51559    0.00000    4.51559
 114.50000    4.53753    0.00000    4.53753
 115.00000    4.51182    0.00000    4.51182
 115.50000    4.49790    0.00000    4.49790
 116.00000    4.50276    0.00000    4.50276
 116.50000    4.50408    0.00000    4.50408
 117.00000    4.47783    0.00000    4.47783
 117.50000    4.47641    0.00000    4.47641
 118.00000    4.48026    0.00000    4.48026
 118.50000    4.48250    0.00000    4.48250
 119.00000    4.48812    0.00000    4.48812
 119.50000    4.49565    0.00000    4.49565
 120.00000    4.49299    0.00000    4.49299
 120.50000    4.47661    0.00000    4.47661
 121.00000    4.48732    0.00000    4.48732
 121.50000    4.49907    0.00000    4.49907
 122.00000    4.50245    0.00000    4.50245
 122.50000    4.48683    0.00000    4.48683
 123.00000    4.46476    0.00000    4.46476
 123.50000    4.46475    0.00000    4.46475
 124.00000    4.46760    0.00000    4.46760
 124.50000    4.48087    0.00000    4.48087
 125.00000    4.46701    0.00000    4.46701
 125.50000    4.46954    0.00000    4.46954
 126.00000    4.47578    0.00000    4.47578
 126.50000    4.47029    0.00000    4.47029
 127.00000    4.45067    0.00000    4.45067
 127.50000    4.45090    0.00000    4.45090
 128.00000    4.47509    0.00000    4.47509
 128.50000    4.46918    0.00000    4.46918
 129.00000    4.44350    0.00000    4.44350
 129.50000    4.42990    0.00000    4.42990
 130.00000    4.45274    0.00000    4.45274
 130.50000    4.47230    0.00000    4.47230
 131.00000    4.46576    0.00000    4.46576
 131.50000    4.45548    0.00000    4.45548
 132.00000    4.45557    0.00000    4.45557
 132.50000    4.46722    0.00000    4.46722
 133.00000    4.47122    0.00000    4.47122
 133.50000    4.47132    0.00000    4.47132
 134.00000    4.45408    0.00000    4.45408
 134.50000    4.45112    0.00000    4.45112
 135.00000    4.46542    0.00000    4.46542
 135.50000    4.46935    0.00000    4.46935
 136.00000    4.45032    0.00000    4.45032
 136.50000    4.43752    0.00000    4.43752
 137.00000    4.44651    0.00000    4.44651
 137.50000    4.47548    0.00000    4.47548
 138.00000    4.47340    0.00000    4.47340
 138.50000    4.45195    0.00000    4.45195
 139.00000    4.42645    0.00000    4.42645
 139.50000    4.43020    0.00000    4.43020
 140.00000    4.44072    0.00000    4.44072
 140.50000    4.44202    0.00000    4.44202
 141.00000    4.43448    0.00000    4.43448
 141.50000    4.42457    0.00000    4.42457
 142.00000    4.44484    0.00000    4.44484
 142.50000    4.45624    0.00000    4.45624
 143.00000    4.44578    0.00000    4.44578
 143.50000    4.42081    0.00000    4.42081
 144.00000    4.42373    0.00000    4.42373
 144.50000    4.41992    0.00000    4.41992
 145.00000    4.41413    0.00000    4.41413
 145.50000    4.41014    0.00000    4.41014
 146.00000    4.44066    0.00000    4.44066
 146.50000    4.46169    0.00000    4.46169
 147.00000    4.45648    0.00000    4.45648
 147.50000    4.44581    0.00000    4.44581
 148.00000    4.43520    0.00000    4.43520
 148.50000    4.43148    0.00000    4.43148
 149.00000    4.42264    0.00000    4.42264
 149.50000    4.43173    0.00000    4.43173
 150.00000    4.42825    0.00000    4.42825
