   0.00000    1.68671    0.00000    1.68671
   0.50000    3.37143    0.00000    3.37143
   1.00000    3.58091    0.00000    3.58091
   1.50000    3.38902    0.00000    3.38902
   2.00000    3.41974    0.00000    3.41974
   2.50000    3.41504    0.00000    3.41504
   3.00000    3.39224    0.00000    3.39224
   3.50000    3.37263    0.00000    3.37263
   4.00000    3.40920    0.00000    3.40920
   4.50000    3.45208    0.00000    3.45208
   5.00000    3.47881    0.00000    3.47881
   5.50000    3.49755    0.00000    3.49755
   6.00000    3.50677    0.00000    3.50677
   6.50000    3.51649    0.00000    3.51649
   7.00000    3.51341    0.00000    3.51341
   7.50000    3.51820    0.00000    3.51820
   8.00000    3.52836    0.00000    3.52836
   8.50000    3.53135    0.00000    3.53135
   9.00000    3.52530    0.00000    3.52530
   9.50000    3.51948    0.00000    3.51948
  10.00000    3.52974    0.00000    3.52974
  10.50000    3.53302    0.00000    3.53302
  11.00000    3.53506    0.00000    3.53506
  11.50000    3.53258    0.00000    3.53258
  12.00000    3.53384    0.00000    3.53384
  12.50000    3.52343    0.00000    3.52343
  13.00000    3.52983    0.00000    3.52983
  13.50000    3.53249    0.00000    3.53249
  14.00000    3.54668    0.00000    3.54668
  14.50000    3.53108    0.00000    3.53108
  15.00000    3.53553    0.00000    3.53553
  15.50000    3.53521    0.00000    3.53521
  16.00000    3.55976    0.00000    3.55976
  16.50000    3.55052    0.00000    3.55052
  17.00000    3.55841    0.00000    3.55841
  17.50000    3.56333    0.00000    3.56333
  18.00000    3.58449    0.00000    3.58449
  18.50000    3.59118    0.00000    3.59118
  19.00000    3.61320    0.00000    3.61320
  19.50000    3.61212    0.00000    3.61212
  20.00000    3.60285    0.00000    3.60285
  20.50000    3.60966    0.00000    3.60966
  21.00000    3.63730    0.00000    3.63730
  21.50000    3.65152    0.00000    3.65152
  22.00000    3.65269    0.00000    3.65269
  22.50000    3.68911    0.00000    3.68911
  23.00000    3.76621    0.00000    3.76621
  23.50000    3.83599    0.00000    3.83599
  24.00000    3.87244    0.00000    3.87244
  24.50000    3.85954    0.00000    3.85954
  25.00000    3.82926    0.00000    3.82926
  25.50000    3.87553    0.00000    3.87553
  26.00000    3.96089    0.00000    3.96089
  26.50000    4.05669    0.00000    4.05669
  27.00000    4.09230    0.00000    4.09230
  27.50000    4.17678    0.00000    4.17678
  28.00000    4.25638    0.00000    4.25638
  28.50000    4.32447    0.00000    4.32447
  29.00000    4.35795    0.00000    4.35795
  29.50000    4.40186    0.00000    4.40186
  30.00000    4.45958    0.00000    4.45958
  30.50000    4.50182    0.00000    4.50182
  31.00000    4.51313    0.00000    4.51313
  31.50000    4.55437    0.00000    4.55437
  32.00000    4.59112    0.00000    4.59112
  32.50000    4.62489    0.00000    4.62489
  33.00000    4.62581    0.00000    4.62581
  33.50000    4.62936    0.00000    4.62936
  34.00000    4.64870    0.00000    4.64870
  34.50000    4.65197    0.00000    4.65197
  35.00000    4.67733    0.00000    4.67733
  35.50000    4.65808    0.00000    4.65808
  36.00000    4.64501    0.00000    4.64501
  36.50000    4.60655    0.00000    4.60655
  37.00000    4.59658    0.00000    4.59658
  37.50000    4.58110    0.00000    4.58110
  38.00000    4.56725    0.00000    4.56725
  38.50000    4.56119    0.00000    4.56119
  39.00000    4.55792    0.00000    4.55792
  39.50000    4.53982    0.00000    4.53982
  40.00000    4.52732    0.00000    4.52732
  40.50000    4.54461    0.00000    4.54461
  41.00000    4.55087    0.00000    4.55087
  41.50000    4.55202    0.00000    4.55202
  42.00000    4.52838    0.00000    4.52838
  42.50000    4.53038    0.00000    4.53038
  43.00000    4.53039    0.00000    4.53039
  43.50000    4.53857    0.00000    4.53857
  44.00000    4.52704    0.00000    4.52704
  44.50000    4.52437    0.00000    4.52437
  45.00000    4.52834    0.00000    4.52834
  45.50000    4.51715    0.00000    4.51715
  46.00000    4.51889    0.00000    4.51889
  46.50000    4.50868    0.00000    4.50868
  47.00000    4.51178    0.00000    4.51178
  47.50000    4.51086    0.00000    4.51086
  48.00000    4.49421    0.00000    4.49421
  48.50000    4.49142    0.00000    4.49142
  49.00000    4.50318    0.00000    4.50318
  49.50000    4.50719    0.00000    4.50719
  50.00000    4.48902    0.00000    4.48902
  50.50000    4.48383    0.00000    4.48383
  51.00000    4.48502    0.00000    4.48502
  51.50000    4.46685    0.00000    4.46685
  52.00000    4.46570    0.00000    4.46570
  52.50000    4.46890    0.00000    4.46890
  53.00000    4.47080    0.00000    4.47080
  53.50000    4.45247    0.00000    4.45247
  54.00000    4.45408    0.00000    4.45408
  54.50000    4.46216    0.00000    4.46216
  55.00000    4.46558    0.00000    4.46558
  55.50000    4.46268    0.00000    4.46268
  56.00000    4.46411    0.00000    4.46411
  56.50000    4.45250    0.00000    4.45250
  57.00000    4.45069    0.00000    4.45069
  57.50000    4.47139    0.00000    4.47139
  58.00000    4.48731    0.00000    4.48731
  58.50000    4.48529    0.00000    4.48529
  59.00000    4.46420    0.00000    4.46420
  59.50000    4.44676    0.00000    4.44676
  60.00000    4.43253    0.00000    4.43253
  60.50000    4.43137    0.00000    4.43137
  61.00000    4.44204    0.00000    4.44204
  61.50000    4.46213    0.00000    4.46213
  62.00000    4.46870    0.00000    4.46870
  62.50000    4.46016    0.00000    4.46016
  63.00000    4.44011    0.00000    4.44011
  63.50000    4.45039    0.00000    4.45039
  64.00000    4.44399    0.00000    4.44399
  64.50000    4.45404    0.00000    4.45404
  65.00000    4.45553    0.00000    4.45553
  65.50000    4.47384    0.00000    4.47384
  66.00000    4.46473    0.00000    4.46473
  66.50000    4.46732    0.00000    4.46732
  67.00000    4.46232    0.00000    4.46232
  67.50000    4.47169    0.00000    4.47169
  68.00000    4.45969    0.00000    4.45969
  68.50000    4.44887    0.00000    4.44887
  69.00000    4.43674    0.00000    4.43674
  69.50000    4.45358    0.00000    4.45358
  70.00000    4.45499    0.00000    4.45499
  70.50000    4.44934    0.00000    4.44934
  71.00000    4.44304    0.00000    4.44304
  71.50000    4.45394    0.00000    4.45394
  72.00000    4.46179    0.00000    4.46179
  72.50000    4.45526    0.00000    4.45526
  73.00000    4.44648    0.00000    4.44648
  73.50000    4.45388    0.00000    4.45388
  74.00000    4.47308    0.00000    4.47308
  74.50000    4.48198    0.00000    4.48198
  75.00000    4.46584    0.00000    4.46584
  75.50000    4.45424    0.00000    4.45424
  76.00000    4.43986    0.00000    4.43986
  76.50000    4.44810    0.00000    4.44810
  77.00000    4.44983    0.00000    4.44983
  77.50000    4.45662    0.00000    4.45662
  78.00000    4.45236    0.00000    4.45236
  78.50000    4.45659    0.00000    4.45659
  79.00000    4.44578    0.00000    4.44578
  79.50000    4.45365    0.00000    4.45365
  80.00000    4.45861    0.00000    4.45861
  80.50000    4.46750    0.00000    4.46750
  81.00000    4.45588    0.00000    4.45588
  81.50000    4.45281    0.00000    4.45281
  82.00000    4.44550    0.00000    4.44550
  82.50000    4.45278    0.00000    4.45278
  83.00000    4.45624    0.00000    4.45624
  83.50000    4.45582    0.00000    4.45582
  84.00000    4.44540    0.00000    4.44540
  84.50000    4.44494    0.00000    4.44494
  85.00000    4.44586    0.00000    4.44586
  85.50000    4.43947    0.00000    4.43947
  86.00000    4.41792    0.00000    4.41792
  86.50000    4.41223    0.00000    4.41223
  87.00000    4.43570    0.00000    4.43570
  87.50000    4.42389    0.00000    4.42389
  88.00000    4.41822    0.00000    4.41822
  88.50000    4.42686    0.00000    4.42686
  89.00000    4.44041    0.00000    4.44041
  89.50000    4.43533    0.00000    4.43533
  90.00000    4.43243    0.00000    4.43243
  90.50000    4.43215    0.00000    4.43215
  91.00000    4.40921    0.00000    4.40921
  91.50000    4.41332    0.00000    4.41332
  92.00000    4.43204    0.00000    4.43204
  92.50000    4.45152    0.00000    4.45152
  93.00000    4.44688    0.00000    4.44688
  93.50000    4.44538    0.00000    4.44538
  94.00000    4.42161    0.00000    4.42161
  94.50000    4.40096    0.00000    4.40096
  95.00000    4.40351    0.00000    4.40351
  95.50000    4.42511    0.00000    4.42511
  96.00000    4.42819    0.00000    4.42819
  96.50000    4.40289    0.00000    4.40289
  97.00000    4.40501    0.00000    4.40501
  97.50000    4.41119    0.00000    4.41119
  98.00000    4.43434    0.00000    4.43434
  98.50000    4.42042    0.00000    4.42042
  99.00000    4.42118    0.00000    4.42118
  99.50000    4.39707    0.00000    4.39707
 100.00000    4.40107    0.00000    4.40107
 100.50000    4.40519    0.00000    4.40519
 101.00000    4.40696    0.00000    4.40696
 101.50000    4.39330    0.00000    4.39330
 102.00000    4.40381    0.00000    4.40381
 102.50000    4.41280    0.00000    4.41280
 103.00000    4.41221    0.00000    4.41221
 103.50000    4.39744    0.00000    4.39744
 104.00000    4.38721    0.00000    4.38721
 104.50000    4.38080    0.00000    4.38080
 105.00000    4.39546    0.00000    4.39546
 105.50000    4.38285    0.00000    4.38285
 106.00000    4.36877    0.00000    4.36877
 106.50000    4.38001    0.00000    4.38001
 107.00000    4.39694    0.00000    4.39694
 107.50000    4.39337    0.00000    4.39337
 108.00000    4.38816    0.00000    4.38816
 108.50000    4.39010    0.00000    4.39010
 109.00000    4.37411    0.00000    4.37411
 109.50000    4.36200    0.00000    4.36200
 110.00000    4.36149    0.00000    4.36149
 110.50000    4.36686    0.00000    4.36686
 111.00000    4.36662    0.00000    4.36662
 111.50000    4.36183    0.00000    4.36183
 112.00000    4.36035    0.00000    4.36035
 112.50000    4.35920    0.00000    4.35920
 113.00000    4.35433    0.00000    4.35433
 113.50000    4.36865    0.00000    4.36865
 114.00000    4.36854    0.00000    4.36854
 114.50000    4.35721    0.00000    4.35721
 115.00000    4.34216    0.00000    4.34216
 115.50000    4.36537    0.00000    4.36537
 116.00000    4.37865    0.00000    4.37865
 116.50000    4.38362    0.00000    4.38362
 117.00000    4.36933    0.00000    4.36933
 117.50000    4.35742    0.00000    4.35742
 118.00000    4.35845    0.00000    4.35845
 118.50000    4.34741    0.00000    4.34741
 119.00000    4.34084    0.00000    4.34084
 119.50000    4.33081    0.00000    4.33081
 120.00000    4.34586    0.00000    4.34586
 120.50000    4.34759    0.00000    4.34759
 121.00000    4.35874    0.00000    4.35874
 121.50000    4.34690    0.00000    4.34690
 122.00000    4.33567    0.00000    4.33567
 122.50000    4.32310    0.00000    4.32310
 123.00000    4.32719    0.00000    4.32719
 123.50000    4.34124    0.00000    4.34124
 124.00000    4.33956    0.00000    4.33956
 124.50000    4.32438    0.00000    4.32438
 125.00000    4.30690    0.00000    4.30690
 125.50000    4.31277    0.00000    4.31277
 126.00000    4.32151    0.00000    4.32151
 126.50000    4.32651    0.00000    4.32651
 127.00000    4.32231    0.00000    4.32231
 127.50000    4.32047    0.00000    4.32047
 128.00000    4.32778    0.00000    4.32778
 128.50000    4.33982    0.00000    4.33982
 129.00000    4.32909    0.00000    4.32909
 129.50000    4.30681    0.00000    4.30681
 130.00000    4.29606    0.00000    4.29606
 130.50000    4.30538    0.00000    4.30538
 131.00000    4.30703    0.00000    4.30703
 131.50000    4.29135    0.00000    4.29135
 132.00000    4.29807    0.00000    4.29807
 132.50000    4.30940    0.00000    4.30940
 133.00000    4.33535    0.00000    4.33535
 133.50000    4.32140    0.00000    4.32140
 134.00000    4.30802    0.00000    4.30802
 134.50000    4.30111    0.00000    4.30111
 135.00000    4.30298    0.00000    4.30298
 135.50000    4.30238    0.00000    4.30238
 136.00000    4.29042    0.00000    4.29042
 136.50000    4.30309    0.00000    4.30309
 137.00000    4.30269    0.00000    4.30269
 137.50000    4.32147    0.00000    4.32147
 138.00000    4.31032    0.00000    4.31032
 138.50000    4.30090    0.00000    4.30090
 139.00000    4.28614    0.00000    4.28614
 139.50000    4.28922    0.00000    4.28922
 140.00000    4.28565    0.00000    4.28565
 140.50000    4.29118    0.00000    4.29118
 141.00000    4.29228    0.00000    4.29228
 141.50000    4.29060    0.00000    4.29060
 142.00000    4.29247    0.00000    4.29247
 142.50000    4.29335    0.00000    4.29335
 143.00000    4.29101    0.00000    4.29101
 143.50000    4.28437    0.00000    4.28437
 144.00000    4.28660    0.00000    4.28660
 144.50000    4.26933    0.00000    4.26933
 145.00000    4.27029    0.00000    4.27029
 145.50000    4.28475    0.00000    4.28475
 146.00000    4.31320    0.00000    4.31320
 146.50000    4.31044    0.00000    4.31044
 147.00000    4.29979    0.00000    4.29979
 147.50000    4.29591    0.00000    4.29591
 148.00000    4.28868    0.00000    4.28868
 148.50000    4.26915    0.00000    4.26915
 149.00000    4.26867    0.00000    4.26867
 149.50000    4.29663    0.00000    4.29663
 150.00000    4.30258    0.00000    4.30258
