   0.00000    1.34347    0.00000    1.34347
   0.50000    2.72655    0.00000    2.72655
   1.00000    3.08039    0.00000    3.08039
   1.50000    3.08488    0.00000    3.08488
   2.00000    3.18363    0.00000    3.18363
   2.50000    3.26508    0.00000    3.26508
   3.00000    3.28017    0.00000    3.28017
   3.50000    3.25916    0.00000    3.25916
   4.00000    3.28953    0.00000    3.28953
   4.50000    3.32989    0.00000    3.32989
   5.00000    3.33823    0.00000    3.33823
   5.50000    3.35402    0.00000    3.35402
   6.00000    3.39041    0.00000    3.39041
   6.50000    3.42516    0.00000    3.42516
   7.00000    3.43219    0.00000    3.43219
   7.50000    3.43405    0.00000    3.43405
   8.00000    3.45314    0.00000    3.45314
   8.50000    3.46239    0.00000    3.46239
   9.00000    3.47078    0.00000    3.47078
   9.50000    3.48607    0.00000    3.48607
  10.00000    3.51249    0.00000    3.51249
  10.50000    3.54205    0.00000    3.54205
  11.00000    3.55358    0.00000    3.55358
  11.50000    3.57097    0.00000    3.57097
  12.00000    3.56617    0.00000    3.56617
  12.50000    3.57171    0.00000    3.57171
  13.00000    3.57282    0.00000    3.57282
  13.50000    3.59275    0.00000    3.59275
  14.00000    3.61461    0.00000    3.61461
  14.50000    3.61838    0.00000    3.61838
  15.00000    3.62862    0.00000    3.62862
  15.50000    3.63662    0.00000    3.63662
  16.00000    3.67235    0.00000    3.67235
  16.50000    3.67260    0.00000    3.67260
  17.00000    3.68089    0.00000    3.68089
  17.50000    3.67401    0.00000    3.67401
  18.00000    3.68433    0.00000    3.68433
  18.50000    3.68839    0.00000    3.68839
  19.00000    3.72355    0.00000    3.72355
  19.50000    3.73200    0.00000    3.73200
  20.00000    3.74158    0.00000    3.74158
  20.50000    3.73838    0.00000    3.73838
  21.00000    3.75778    0.00000    3.75778
  21.50000    3.74484    0.00000    3.74484
  22.00000    3.73113    0.00000    3.73113
  22.50000    3.75986    0.00000    3.75986
  23.00000    3.84302    0.00000    3.84302
  23.50000    3.88916    0.00000    3.88916
  24.00000    3.84584    0.00000    3.84584
  24.50000    3.79948    0.00000    3.79948
  25.00000    3.79342    0.00000    3.79342
  25.50000    3.85378    0.00000    3.85378
  26.00000    3.93314    0.00000    3.93314
  26.50000    4.01655    0.00000    4.01655
  27.00000    4.05919    0.00000    4.05919
  27.50000    4.13358    0.00000    4.13358
  28.00000    4.20796    0.00000    4.20796
  28.50000    4.26964    0.00000    4.26964
  29.00000    4.27439    0.00000    4.27439
  29.50000    4.26213    0.00000    4.26213
  30.00000    4.24753    0.00000    4.24753
  30.50000    4.26083    0.00000    4.26083
  31.00000    4.28022    0.00000    4.28022
  31.50000    4.30497    0.00000    4.30497
  32.00000    4.31333    0.00000    4.31333
  32.50000    4.31001    0.00000    4.31001
  33.00000    4.29465    0.00000    4.29465
  33.50000    4.30346    0.00000    4.30346
  34.00000    4.31588    0.00000    4.31588
  34.50000    4.35463    0.00000    4.35463
  35.00000    4.37738    0.00000    4.37738
  35.50000    4.39196    0.00000    4.39196
  36.00000    4.37483    0.00000    4.37483
  36.50000    4.35209    0.00000    4.35209
  37.00000    4.33463    0.00000    4.33463
  37.50000    4.35529    0.00000    4.35529
  38.00000    4.36494    0.00000    4.36494
  38.50000    4.38391    0.00000    4.38391
  39.00000    4.38155    0.00000    4.38155
  39.50000    4.38741    0.00000    4.38741
  40.00000    4.39861    0.00000    4.39861
  40.50000    4.44613    0.00000    4.44613
  41.00000    4.45824    0.00000    4.45824
  41.50000    4.43412    0.00000    4.43412
  42.00000    4.39618    0.00000    4.39618
  42.50000    4.38478    0.00000    4.38478
  43.00000    4.38919    0.00000    4.38919
  43.50000    4.39497    0.00000    4.39497
  44.00000    4.39123    0.00000    4.39123
  44.50000    4.39303    0.00000    4.39303
  45.00000    4.40208    0.00000    4.40208
  45.50000    4.40926    0.00000    4.40926
  46.00000    4.42403    0.00000    4.42403
  46.50000    4.41850    0.00000    4.41850
  47.00000    4.43297    0.00000    4.43297
  47.50000    4.45250    0.00000    4.45250
  48.00000    4.47026    0.00000    4.47026
  48.50000    4.46900    0.00000    4.46900
  49.00000    4.46413    0.00000    4.46413
  49.50000    4.48224    0.00000    4.48224
  50.00000    4.48210    0.00000    4.48210
  50.50000    4.49641    0.00000    4.49641
  51.00000    4.47527    0.00000    4.47527
  51.50000    4.47179    0.00000    4.47179
  52.00000    4.45917    0.00000    4.45917
  52.50000    4.47322    0.00000    4.47322
  53.00000    4.48486    0.00000    4.48486
  53.50000    4.49290    0.00000    4.49290
  54.00000    4.49459    0.00000    4.49459
  54.50000    4.49013    0.00000    4.49013
  55.00000    4.47695    0.00000    4.47695
  55.50000    4.48416    0.00000    4.48416
  56.00000    4.49321    0.00000    4.49321
  56.50000    4.50169    0.00000    4.50169
  57.00000    4.48176    0.00000    4.48176
  57.50000    4.48664    0.00000    4.48664
  58.00000    4.49495    0.00000    4.49495
  58.50000    4.49618    0.00000    4.49618
  59.00000    4.49181    0.00000    4.49181
  59.50000    4.48469    0.00000    4.48469
  60.00000    4.48284    0.00000    4.48284
  60.50000    4.48898    0.00000    4.48898
  61.00000    4.47827    0.00000    4.47827
  61.50000    4.46825    0.00000    4.46825
  62.00000    4.44571    0.00000    4.44571
  62.50000    4.45186    0.00000    4.45186
  63.00000    4.46030    0.00000    4.46030
  63.50000    4.47418    0.00000    4.47418
  64.00000    4.46955    0.00000    4.46955
  64.50000    4.44697    0.00000    4.44697
  65.00000    4.43995    0.00000    4.43995
  65.50000    4.42568    0.00000    4.42568
  66.00000    4.43698    0.00000    4.43698
  66.50000    4.44140    0.00000    4.44140
  67.00000    4.44861    0.00000    4.44861
  67.50000    4.44330    0.00000    4.44330
  68.00000    4.43139    0.00000    4.43139
  68.50000    4.42649    0.00000    4.42649
  69.00000    4.42536    0.00000    4.42536
  69.50000    4.43111    0.00000    4.43111
  70.00000    4.41575    0.00000    4.41575
  70.50000    4.41525    0.00000    4.41525
  71.00000    4.41175    0.00000    4.41175
  71.50000    4.41564    0.00000    4.41564
  72.00000    4.41116    0.00000    4.41116
  72.50000    4.41619    0.00000    4.41619
  73.00000    4.39744    0.00000    4.39744
  73.50000    4.40436    0.00000    4.40436
  74.00000    4.40780    0.00000    4.40780
  74.50000    4.40394    0.00000    4.40394
  75.00000    4.37823    0.00000    4.37823
  75.50000    4.37852    0.00000    4.37852
  76.00000    4.36808    0.00000    4.36808
  76.50000    4.35686    0.00000    4.35686
  77.00000    4.36565    0.00000    4.36565
  77.50000    4.36362    0.00000    4.36362
  78.00000    4.34534    0.00000    4.34534
  78.50000    4.33053    0.00000    4.33053
  79.00000    4.33103    0.00000    4.33103
  79.50000    4.32766    0.00000    4.32766
  80.00000    4.32960    0.00000    4.32960
  80.50000    4.33529    0.00000    4.33529
  81.00000    4.33562    0.00000    4.33562
  81.50000    4.33028    0.00000    4.33028
  82.00000    4.32119    0.00000    4.32119
  82.50000    4.30553    0.00000    4.30553
  83.00000    4.30685    0.00000    4.30685
  83.50000    4.30197    0.00000    4.30197
  84.00000    4.30901    0.00000    4.30901
  84.50000    4.30801    0.00000    4.30801
  85.00000    4.30995    0.00000    4.30995
  85.50000    4.29140    0.00000    4.29140
  86.00000    4.29655    0.00000    4.29655
  86.50000    4.29887    0.00000    4.29887
  87.00000    4.29629    0.00000    4.29629
  87.50000    4.27243    0.00000    4.27243
  88.00000    4.26756    0.00000    4.26756
  88.50000    4.27410    0.00000    4.27410
  89.00000    4.28742    0.00000    4.28742
  89.50000    4.28633    0.00000    4.28633
  90.00000    4.27753    0.00000    4.27753
  90.50000    4.26453    0.00000    4.26453
  91.00000    4.25391    0.00000    4.25391
  91.50000    4.24994    0.00000    4.24994
  92.00000    4.25022    0.00000    4.25022
  92.50000    4.25001    0.00000    4.25001
  93.00000    4.24585    0.00000    4.24585
  93.50000    4.23987    0.00000    4.23987
  94.00000    4.22699    0.00000    4.22699
  94.50000    4.22479    0.00000    4.22479
  95.00000    4.23423    0.00000    4.23423
  95.50000    4.23996    0.00000    4.23996
  96.00000    4.23021    0.00000    4.23021
  96.50000    4.21623    0.00000    4.21623
  97.00000    4.20817    0.00000    4.20817
  97.50000    4.19755    0.00000    4.19755
  98.00000    4.19479    0.00000    4.19479
  98.50000    4.20998    0.00000    4.20998
  99.00000    4.21415    0.00000    4.21415
  99.50000    4.20590    0.00000    4.20590
 100.00000    4.20996    0.00000    4.20996
 100.50000    4.20494    0.00000    4.20494
 101.00000    4.19641    0.00000    4.19641
 101.50000    4.18931    0.00000    4.18931
 102.00000    4.19753    0.00000    4.19753
 102.50000    4.18984    0.00000    4.18984
 103.00000    4.20307    0.00000    4.20307
 103.50000    4.19756    0.00000    4.19756
 104.00000    4.18488    0.00000    4.18488
 104.50000    4.17435    0.00000    4.17435
 105.00000    4.17861    0.00000    4.17861
 105.50000    4.16085    0.00000    4.16085
 106.00000    4.16662    0.00000    4.16662
 106.50000    4.19552    0.00000    4.19552
 107.00000    4.19613    0.00000    4.19613
 107.50000    4.17673    0.00000    4.17673
 108.00000    4.16947    0.00000    4.16947
 108.50000    4.18357    0.00000    4.18357
 109.00000    4.20109    0.00000    4.20109
 109.50000    4.20314    0.00000    4.20314
 110.00000    4.19249    0.00000    4.19249
 110.50000    4.15377    0.00000    4.15377
 111.00000    4.15226    0.00000    4.15226
 111.50000    4.16088    0.00000    4.16088
 112.00000    4.16927    0.00000    4.16927
 112.50000    4.15859    0.00000    4.15859
 113.00000    4.16146    0.00000    4.16146
 113.50000    4.15686    0.00000    4.15686
 114.00000    4.15337    0.00000    4.15337
 114.50000    4.15492    0.00000    4.15492
 115.00000    4.16925    0.00000    4.16925
 115.50000    4.17732    0.00000    4.17732
 116.00000    4.17764    0.00000    4.17764
 116.50000    4.16782    0.00000    4.16782
 117.00000    4.16807    0.00000    4.16807
 117.50000    4.17264    0.00000    4.17264
 118.00000    4.17476    0.00000    4.17476
 118.50000    4.16580    0.00000    4.16580
 119.00000    4.15919    0.00000    4.15919
 119.50000    4.14188    0.00000    4.14188
 120.00000    4.15860    0.00000    4.15860
 120.50000    4.17320    0.00000    4.17320
 121.00000    4.18214    0.00000    4.18214
 121.50000    4.17383    0.00000    4.17383
 122.00000    4.17179    0.00000    4.17179
 122.50000    4.15991    0.00000    4.15991
 123.00000    4.16100    0.00000    4.16100
 123.50000    4.17749    0.00000    4.17749
 124.00000    4.18523    0.00000    4.18523
 124.50000    4.17825    0.00000    4.17825
 125.00000    4.15056    0.00000    4.15056
 125.50000    4.14108    0.00000    4.14108
 126.00000    4.15746    0.00000    4.15746
 126.50000    4.19125    0.00000    4.19125
 127.00000    4.18364    0.00000    4.18364
 127.50000    4.17109    0.00000    4.17109
 128.00000    4.17042    0.00000    4.17042
 128.50000    4.17614    0.00000    4.17614
 129.00000    4.16073    0.00000    4.16073
 129.50000    4.16709    0.00000    4.16709
 130.00000    4.16452    0.00000    4.16452
 130.50000    4.17376    0.00000    4.17376
 131.00000    4.18079    0.00000    4.18079
 131.50000    4.20391    0.00000    4.20391
 132.00000    4.19115    0.00000    4.19115
 132.50000    4.18049    0.00000    4.18049
 133.00000    4.19144    0.00000    4.19144
 133.50000    4.18558    0.00000    4.18558
 134.00000    4.18034    0.00000    4.18034
 134.50000    4.17577    0.00000    4.17577
 135.00000    4.18404    0.00000    4.18404
 135.50000    4.17181    0.00000    4.17181
 136.00000    4.17884    0.00000    4.17884
 136.50000    4.19305    0.00000    4.19305
 137.00000    4.19409    0.00000    4.19409
 137.50000    4.20127    0.00000    4.20127
 138.00000    4.21116    0.00000    4.21116
 138.50000    4.21242    0.00000    4.21242
 139.00000    4.19935    0.00000    4.19935
 139.50000    4.19195    0.00000    4.19195
 140.00000    4.20092    0.00000    4.20092
 140.50000    4.22383    0.00000    4.22383
 141.00000    4.23122    0.00000    4.23122
 141.50000    4.22193    0.00000    4.22193
 142.00000    4.21983    0.00000    4.21983
 142.50000    4.22512    0.00000    4.22512
 143.00000    4.23354    0.00000    4.23354
 143.50000    4.24576    0.00000    4.24576
 144.00000    4.25180    0.00000    4.25180
 144.50000    4.24727    0.00000    4.24727
 145.00000    4.24540    0.00000    4.24540
 145.50000    4.25121    0.00000    4.25121
 146.00000    4.24681    0.00000    4.24681
 146.50000    4.24845    0.00000    4.24845
 147.00000    4.23567    0.00000    4.23567
 147.50000    4.23927    0.00000    4.23927
 148.00000    4.25212    0.00000    4.25212
 148.50000    4.26495    0.00000    4.26495
 149.00000    4.25225    0.00000    4.25225
 149.50000    4.25925    0.00000    4.25925
 150.00000    4.33903    0.00000    4.33903
