   0.00000    1.26621    0.00000    1.26621
   0.50000    3.41243    0.00000    3.41243
   1.00000    3.70752    0.00000    3.70752
   1.50000    3.49180    0.00000    3.49180
   2.00000    3.51868    0.00000    3.51868
   2.50000    3.49092    0.00000    3.49092
   3.00000    3.44416    0.00000    3.44416
   3.50000    3.41835    0.00000    3.41835
   4.00000    3.43729    0.00000    3.43729
   4.50000    3.45512    0.00000    3.45512
   5.00000    3.44134    0.00000    3.44134
   5.50000    3.44455    0.00000    3.44455
   6.00000    3.47549    0.00000    3.47549
   6.50000    3.49909    0.00000    3.49909
   7.00000    3.49574    0.00000    3.49574
   7.50000    3.49349    0.00000    3.49349
   8.00000    3.51190    0.00000    3.51190
   8.50000    3.50689    0.00000    3.50689
   9.00000    3.51078    0.00000    3.51078
   9.50000    3.51894    0.00000    3.51894
  10.00000    3.54270    0.00000    3.54270
  10.50000    3.55599    0.00000    3.55599
  11.00000    3.56643    0.00000    3.56643
  11.50000    3.57043    0.00000    3.57043
  12.00000    3.55845    0.00000    3.55845
  12.50000    3.56384    0.00000    3.56384
  13.00000    3.57632    0.00000    3.57632
  13.50000    3.59977    0.00000    3.59977
  14.00000    3.60187    0.00000    3.60187
  14.50000    3.59432    0.00000    3.59432
  15.00000    3.59734    0.00000    3.59734
  15.50000    3.61936    0.00000    3.61936
  16.00000    3.63963    0.00000    3.63963
  16.50000    3.63756    0.00000    3.63756
  17.00000    3.64407    0.00000    3.64407
  17.50000    3.65265    0.00000    3.65265
  18.00000    3.65141    0.00000    3.65141
  18.50000    3.65439    0.00000    3.65439
  19.00000    3.68273    0.00000    3.68273
  19.50000    3.69846    0.00000    3.69846
  20.00000    3.70865    0.00000    3.70865
  20.50000    3.71660    0.00000    3.71660
  21.00000    3.73273    0.00000    3.73273
  21.50000    3.73023    0.00000    3.73023
  22.00000    3.72686    0.00000    3.72686
  22.50000    3.74996    0.00000    3.74996
  23.00000    3.80399    0.00000    3.80399
  23.50000    3.82493    0.00000    3.82493
  24.00000    3.77256    0.00000    3.77256
  24.50000    3.72459    0.00000    3.72459
  25.00000    3.71659    0.00000    3.71659
  25.50000    3.75465    0.00000    3.75465
  26.00000    3.79016    0.00000    3.79016
  26.50000    3.82936    0.00000    3.82936
  27.00000    3.82458    0.00000    3.82458
  27.50000    3.88262    0.00000    3.88262
  28.00000    3.95969    0.00000    3.95969
  28.50000    4.05114    0.00000    4.05114
  29.00000    4.06636    0.00000    4.06636
  29.50000    4.07640    0.00000    4.07640
  30.00000    4.06458    0.00000    4.06458
  30.50000    4.12186    0.00000    4.12186
  31.00000    4.16084    0.00000    4.16084
  31.50000    4.20862    0.00000    4.20862
  32.00000    4.21153    0.00000    4.21153
  32.50000    4.24506    0.00000    4.24506
  33.00000    4.26235    0.00000    4.26235
  33.50000    4.31270    0.00000    4.31270
  34.00000    4.35594    0.00000    4.35594
  34.50000    4.40730    0.00000    4.40730
  35.00000    4.44528    0.00000    4.44528
  35.50000    4.47427    0.00000    4.47427
  36.00000    4.48463    0.00000    4.48463
  36.50000    4.48271    0.00000    4.48271
  37.00000    4.48291    0.00000    4.48291
  37.50000    4.51029    0.00000    4.51029
  38.00000    4.52038    0.00000    4.52038
  38.50000    4.51829    0.00000    4.51829
  39.00000    4.50747    0.00000    4.50747
  39.50000    4.51695    0.00000    4.51695
  40.00000    4.52313    0.00000    4.52313
  40.50000    4.54758    0.00000    4.54758
  41.00000    4.54759    0.00000    4.54759
  41.50000    4.52708    0.00000    4.52708
  42.00000    4.49432    0.00000    4.49432
  42.50000    4.49026    0.00000    4.49026
  43.00000    4.49542    0.00000    4.49542
  43.50000    4.49406    0.00000    4.49406
  44.00000    4.47658    0.00000    4.47658
  44.50000    4.45779    0.00000    4.45779
  45.00000    4.46224    0.00000    4.46224
  45.50000    4.46286    0.00000    4.46286
  46.00000    4.47779    0.00000    4.47779
  46.50000    4.46330    0.00000    4.46330
  47.00000    4.47336    0.00000    4.47336
  47.50000    4.47247    0.00000    4.47247
  48.00000    4.48269    0.00000    4.48269
  48.50000    4.46362    0.00000    4.46362
  49.00000    4.44892    0.00000    4.44892
  49.50000    4.45078    0.00000    4.45078
  50.00000    4.44613    0.00000    4.44613
  50.50000    4.46053    0.00000    4.46053
  51.00000    4.44216    0.00000    4.44216
  51.50000    4.43997    0.00000    4.43997
  52.00000    4.42259    0.00000    4.42259
  52.50000    4.43823    0.00000    4.43823
  53.00000    4.45282    0.00000    4.45282
  53.50000    4.46930    0.00000    4.46930
  54.00000    4.46553    0.00000    4.46553
  54.50000    4.45660    0.00000    4.45660
  55.00000    4.45208    0.00000    4.45208
  55.50000    4.46691    0.00000    4.46691
  56.00000    4.47485    0.00000    4.47485
  56.50000    4.48078    0.00000    4.48078
  57.00000    4.46740    0.00000    4.46740
  57.50000    4.46411    0.00000    4.46411
  58.00000    4.46170    0.00000    4.46170
  58.50000    4.45569    0.00000    4.45569
  59.00000    4.46981    0.00000    4.46981
  59.50000    4.47031    0.00000    4.47031
  60.00000    4.47046    0.00000    4.47046
  60.50000    4.47182    0.00000    4.47182
  61.00000    4.46335    0.00000    4.46335
  61.50000    4.46534    0.00000    4.46534
  62.00000    4.44403    0.00000    4.44403
  62.50000    4.45431    0.00000    4.45431
  63.00000    4.44723    0.00000    4.44723
  63.50000    4.46245    0.00000    4.46245
  64.00000    4.45222    0.00000    4.45222
  64.50000    4.43957    0.00000    4.43957
  65.00000    4.43179    0.00000    4.43179
  65.50000    4.43018    0.00000    4.43018
  66.00000    4.43530    0.00000    4.43530
  66.50000    4.42212    0.00000    4.42212
  67.00000    4.41737    0.00000    4.41737
  67.50000    4.41897    0.00000    4.41897
  68.00000    4.42516    0.00000    4.42516
  68.50000    4.42638    0.00000    4.42638
  69.00000    4.42895    0.00000    4.42895
  69.50000    4.43032    0.00000    4.43032
  70.00000    4.41452    0.00000    4.41452
  70.50000    4.41171    0.00000    4.41171
  71.00000    4.41440    0.00000    4.41440
  71.50000    4.41946    0.00000    4.41946
  72.00000    4.40995    0.00000    4.40995
  72.50000    4.40736    0.00000    4.40736
  73.00000    4.39130    0.00000    4.39130
  73.50000    4.38845    0.00000    4.38845
  74.00000    4.40228    0.00000    4.40228
  74.50000    4.39678    0.00000    4.39678
  75.00000    4.38121    0.00000    4.38121
  75.50000    4.37495    0.00000    4.37495
  76.00000    4.38291    0.00000    4.38291
  76.50000    4.35930    0.00000    4.35930
  77.00000    4.36620    0.00000    4.36620
  77.50000    4.36154    0.00000    4.36154
  78.00000    4.35670    0.00000    4.35670
  78.50000    4.34846    0.00000    4.34846
  79.00000    4.34262    0.00000    4.34262
  79.50000    4.33004    0.00000    4.33004
  80.00000    4.33022    0.00000    4.33022
  80.50000    4.34375    0.00000    4.34375
  81.00000    4.33556    0.00000    4.33556
  81.50000    4.33170    0.00000    4.33170
  82.00000    4.33301    0.00000    4.33301
  82.50000    4.32856    0.00000    4.32856
  83.00000    4.31794    0.00000    4.31794
  83.50000    4.30264    0.00000    4.30264
  84.00000    4.30572    0.00000    4.30572
  84.50000    4.30703    0.00000    4.30703
  85.00000    4.32085    0.00000    4.32085
  85.50000    4.30625    0.00000    4.30625
  86.00000    4.31253    0.00000    4.31253
  86.50000    4.31245    0.00000    4.31245
  87.00000    4.31342    0.00000    4.31342
  87.50000    4.28999    0.00000    4.28999
  88.00000    4.27072    0.00000    4.27072
  88.50000    4.27206    0.00000    4.27206
  89.00000    4.29219    0.00000    4.29219
  89.50000    4.28749    0.00000    4.28749
  90.00000    4.28581    0.00000    4.28581
  90.50000    4.27151    0.00000    4.27151
  91.00000    4.26794    0.00000    4.26794
  91.50000    4.25397    0.00000    4.25397
  92.00000    4.25716    0.00000    4.25716
  92.50000    4.26324    0.00000    4.26324
  93.00000    4.25776    0.00000    4.25776
  93.50000    4.26217    0.00000    4.26217
  94.00000    4.24577    0.00000    4.24577
  94.50000    4.25694    0.00000    4.25694
  95.00000    4.26859    0.00000    4.26859
  95.50000    4.26958    0.00000    4.26958
  96.00000    4.25121    0.00000    4.25121
  96.50000    4.23200    0.00000    4.23200
  97.00000    4.22646    0.00000    4.22646
  97.50000    4.21461    0.00000    4.21461
  98.00000    4.21908    0.00000    4.21908
  98.50000    4.23912    0.00000    4.23912
  99.00000    4.25276    0.00000    4.25276
  99.50000    4.24067    0.00000    4.24067
 100.00000    4.24435    0.00000    4.24435
 100.50000    4.23915    0.00000    4.23915
 101.00000    4.23684    0.00000    4.23684
 101.50000    4.22158    0.00000    4.22158
 102.00000    4.22776    0.00000    4.22776
 102.50000    4.21548    0.00000    4.21548
 103.00000    4.21823    0.00000    4.21823
 103.50000    4.20192    0.00000    4.20192
 104.00000    4.18591    0.00000    4.18591
 104.50000    4.19316    0.00000    4.19316
 105.00000    4.20663    0.00000    4.20663
 105.50000    4.19953    0.00000    4.19953
 106.00000    4.20014    0.00000    4.20014
 106.50000    4.23068    0.00000    4.23068
 107.00000    4.23109    0.00000    4.23109
 107.50000    4.21543    0.00000    4.21543
 108.00000    4.20409    0.00000    4.20409
 108.50000    4.21652    0.00000    4.21652
 109.00000    4.23102    0.00000    4.23102
 109.50000    4.22023    0.00000    4.22023
 110.00000    4.21610    0.00000    4.21610
 110.50000    4.18731    0.00000    4.18731
 111.00000    4.18504    0.00000    4.18504
 111.50000    4.17902    0.00000    4.17902
 112.00000    4.19926    0.00000    4.19926
 112.50000    4.20190    0.00000    4.20190
 113.00000    4.20382    0.00000    4.20382
 113.50000    4.19174    0.00000    4.19174
 114.00000    4.18268    0.00000    4.18268
 114.50000    4.19224    0.00000    4.19224
 115.00000    4.20352    0.00000    4.20352
 115.50000    4.20552    0.00000    4.20552
 116.00000    4.19536    0.00000    4.19536
 116.50000    4.20076    0.00000    4.20076
 117.00000    4.21281    0.00000    4.21281
 117.50000    4.21709    0.00000    4.21709
 118.00000    4.21387    0.00000    4.21387
 118.50000    4.21929    0.00000    4.21929
 119.00000    4.21962    0.00000    4.21962
 119.50000    4.19665    0.00000    4.19665
 120.00000    4.19798    0.00000    4.19798
 120.50000    4.20778    0.00000    4.20778
 121.00000    4.21458    0.00000    4.21458
 121.50000    4.20646    0.00000    4.20646
 122.00000    4.20616    0.00000    4.20616
 122.50000    4.20063    0.00000    4.20063
 123.00000    4.19277    0.00000    4.19277
 123.50000    4.20644    0.00000    4.20644
 124.00000    4.22761    0.00000    4.22761
 124.50000    4.23517    0.00000    4.23517
 125.00000    4.21959    0.00000    4.21959
 125.50000    4.20812    0.00000    4.20812
 126.00000    4.21353    0.00000    4.21353
 126.50000    4.23045    0.00000    4.23045
 127.00000    4.23215    0.00000    4.23215
 127.50000    4.22216    0.00000    4.22216
 128.00000    4.21859    0.00000    4.21859
 128.50000    4.22427    0.00000    4.22427
 129.00000    4.21814    0.00000    4.21814
 129.50000    4.22526    0.00000    4.22526
 130.00000    4.23189    0.00000    4.23189
 130.50000    4.24204    0.00000    4.24204
 131.00000    4.25015    0.00000    4.25015
 131.50000    4.26220    0.00000    4.26220
 132.00000    4.24422    0.00000    4.24422
 132.50000    4.22501    0.00000    4.22501
 133.00000    4.23773    0.00000    4.23773
 133.50000    4.24196    0.00000    4.24196
 134.00000    4.23665    0.00000    4.23665
 134.50000    4.22948    0.00000    4.22948
 135.00000    4.24666    0.00000    4.24666
 135.50000    4.23543    0.00000    4.23543
 136.00000    4.24251    0.00000    4.24251
 136.50000    4.25014    0.00000    4.25014
 137.00000    4.25916    0.00000    4.25916
 137.50000    4.25690    0.00000    4.25690
 138.00000    4.26688    0.00000    4.26688
 138.50000    4.27718    0.00000    4.27718
 139.00000    4.28344    0.00000    4.28344
 139.50000    4.27834    0.00000    4.27834
 140.00000    4.26701    0.00000    4.26701
 140.50000    4.28083    0.00000    4.28083
 141.00000    4.28953    0.00000    4.28953
 141.50000    4.28682    0.00000    4.28682
 142.00000    4.28509    0.00000    4.28509
 142.50000    4.29756    0.00000    4.29756
 143.00000    4.30051    0.00000    4.30051
 143.50000    4.31040    0.00000    4.31040
 144.00000    4.31942    0.00000    4.31942
 144.50000    4.31986    0.00000    4.31986
 145.00000    4.31320    0.00000    4.31320
 145.50000    4.32127    0.00000    4.32127
 146.00000    4.31594    0.00000    4.31594
 146.50000    4.30505    0.00000    4.30505
 147.00000    4.29572    0.00000    4.29572
 147.50000    4.30538    0.00000    4.30538
 148.00000    4.32954    0.00000    4.32954
 148.50000    4.33964    0.00000    4.33964
 149.00000    4.33136    0.00000    4.33136
 149.50000    4.32495    0.00000    4.32495
 150.00000    4.38955    0.00000    4.38955
