   0.00000    1.19809    0.00000    1.19809
   0.50000    1.55646    0.00000    1.55646
   1.00000    1.72264    0.00000    1.72264
   1.50000    2.11414    0.00000    2.11414
   2.00000    2.61482    0.00000    2.61482
   2.50000    3.12252    0.00000    3.12252
   3.00000    3.32209    0.00000    3.32209
   3.50000    3.41920    0.00000    3.41920
   4.00000    3.47632    0.00000    3.47632
   4.50000    3.52363    0.00000    3.52363
   5.00000    3.56009    0.00000    3.56009
   5.50000    3.55934    0.00000    3.55934
   6.00000    3.57199    0.00000    3.57199
   6.50000    3.57719    0.00000    3.57719
   7.00000    3.58539    0.00000    3.58539
   7.50000    3.58963    0.00000    3.58963
   8.00000    3.60370    0.00000    3.60370
   8.50000    3.62379    0.00000    3.62379
   9.00000    3.63215    0.00000    3.63215
   9.50000    3.63040    0.00000    3.63040
  10.00000    3.63480    0.00000    3.63480
  10.50000    3.64697    0.00000    3.64697
  11.00000    3.65097    0.00000    3.65097
  11.50000    3.65256    0.00000    3.65256
  12.00000    3.66433    0.00000    3.66433
  12.50000    3.67289    0.00000    3.67289
  13.00000    3.68401    0.00000    3.68401
  13.50000    3.68470    0.00000    3.68470
  14.00000    3.69388    0.00000    3.69388
  14.50000    3.70086    0.00000    3.70086
  15.00000    3.71284    0.00000    3.71284
  15.50000    3.71299    0.00000    3.71299
  16.00000    3.71495    0.00000    3.71495
  16.50000    3.72476    0.00000    3.72476
  17.00000    3.73680    0.00000    3.73680
  17.50000    3.73503    0.00000    3.73503
  18.00000    3.73391    0.00000    3.73391
  18.50000    3.73908    0.00000    3.73908
  19.00000    3.74037    0.00000    3.74037
  19.50000    3.73427    0.00000    3.73427
  20.00000    3.73652    0.00000    3.73652
  20.50000    3.74952    0.00000    3.74952
  21.00000    3.75701    0.00000    3.75701
  21.50000    3.74812    0.00000    3.74812
  22.00000    3.74148    0.00000    3.74148
  22.50000    3.75147    0.00000    3.75147
  23.00000    3.76667    0.00000    3.76667
  23.50000    3.76330    0.00000    3.76330
  24.00000    3.76918    0.00000    3.76918
  24.50000    3.78420    0.00000    3.78420
  25.00000    3.79563    0.00000    3.79563
  25.50000    3.79527    0.00000    3.79527
  26.00000    3.78562    0.00000    3.78562
  26.50000    3.78542    0.00000    3.78542
  27.00000    3.77846    0.00000    3.77846
  27.50000    3.78040    0.00000    3.78040
  28.00000    3.78080    0.00000    3.78080
  28.50000    3.79228    0.00000    3.79228
  29.00000    3.79337    0.00000    3.79337
  29.50000    3.79130    0.00000    3.79130
  30.00000    3.79424    0.00000    3.79424
  30.50000    3.79782    0.00000    3.79782
  31.00000    3.79668    0.00000    3.79668
  31.50000    3.78851    0.00000    3.78851
  32.00000    3.78005    0.00000    3.78005
  32.50000    3.77057    0.00000    3.77057
  33.00000    3.76548    0.00000    3.76548
  33.50000    3.74513    0.00000    3.74513
  34.00000    3.73879    0.00000    3.73879
  34.50000    3.74327    0.00000    3.74327
  35.00000    3.76284    0.00000    3.76284
  35.50000    3.78079    0.00000    3.78079
  36.00000    3.80737    0.00000    3.80737
  36.50000    3.82672    0.00000    3.82672
  37.00000    3.83393    0.00000    3.83393
  37.50000    3.84324    0.00000    3.84324
  38.00000    3.85628    0.00000    3.85628
  38.50000    3.87108    0.00000    3.87108
  39.00000    3.88282    0.00000    3.88282
  39.50000    3.89815    0.00000    3.89815
  40.00000    3.92215    0.00000    3.92215
  40.50000    3.93314    0.00000    3.93314
  41.00000    3.94625    0.00000    3.94625
  41.50000    3.97066    0.00000    3.97066
  42.00000    3.99791    0.00000    3.99791
  42.50000    4.01903    0.00000    4.01903
  43.00000    4.05065    0.00000    4.05065
  43.50000    4.09829    0.00000    4.09829
  44.00000    4.12888    0.00000    4.12888
  44.50000    4.15116    0.00000    4.15116
  45.00000    4.17661    0.00000    4.17661
  45.50000    4.21214    0.00000    4.21214
  46.00000    4.26783    0.00000    4.26783
  46.50000    4.31221    0.00000    4.31221
  47.00000    4.36432    0.00000    4.36432
  47.50000    4.41173    0.00000    4.41173
  48.00000    4.46137    0.00000    4.46137
  48.50000    4.49116    0.00000    4.49116
  49.00000    4.51040    0.00000    4.51040
  49.50000    4.53284    0.00000    4.53284
  50.00000    4.54959    0.00000    4.54959
  50.50000    4.55811    0.00000    4.55811
  51.00000    4.55798    0.00000    4.55798
  51.50000    4.56217    0.00000    4.56217
  52.00000    4.57829    0.00000    4.57829
  52.50000    4.58489    0.00000    4.58489
  53.00000    4.58356    0.00000    4.58356
  53.50000    4.57426    0.00000    4.57426
  54.00000    4.57454    0.00000    4.57454
  54.50000    4.58125    0.00000    4.58125
  55.00000    4.58454    0.00000    4.58454
  55.50000    4.58180    0.00000    4.58180
  56.00000    4.58537    0.00000    4.58537
  56.50000    4.58837    0.00000    4.58837
  57.00000    4.58346    0.00000    4.58346
  57.50000    4.57523    0.00000    4.57523
  58.00000    4.57733    0.00000    4.57733
  58.50000    4.58197    0.00000    4.58197
  59.00000    4.57740    0.00000    4.57740
  59.50000    4.57248    0.00000    4.57248
  60.00000    4.56867    0.00000    4.56867
  60.50000    4.57141    0.00000    4.57141
  61.00000    4.57417    0.00000    4.57417
  61.50000    4.58613    0.00000    4.58613
  62.00000    4.58597    0.00000    4.58597
  62.50000    4.57316    0.00000    4.57316
  63.00000    4.55895    0.00000    4.55895
  63.50000    4.56554    0.00000    4.56554
  64.00000    4.56855    0.00000    4.56855
  64.50000    4.56702    0.00000    4.56702
  65.00000    4.56184    0.00000    4.56184
  65.50000    4.56218    0.00000    4.56218
  66.00000    4.55942    0.00000    4.55942
  66.50000    4.55987    0.00000    4.55987
  67.00000    4.55956    0.00000    4.55956
  67.50000    4.55884    0.00000    4.55884
  68.00000    4.55836    0.00000    4.55836
  68.50000    4.54965    0.00000    4.54965
  69.00000    4.54156    0.00000    4.54156
  69.50000    4.54517    0.00000    4.54517
  70.00000    4.54695    0.00000    4.54695
  70.50000    4.54538    0.00000    4.54538
  71.00000    4.53812    0.00000    4.53812
  71.50000    4.53677    0.00000    4.53677
  72.00000    4.52728    0.00000    4.52728
  72.50000    4.52982    0.00000    4.52982
  73.00000    4.52851    0.00000    4.52851
  73.50000    4.53078    0.00000    4.53078
  74.00000    4.52697    0.00000    4.52697
  74.50000    4.52572    0.00000    4.52572
  75.00000    4.52279    0.00000    4.52279
  75.50000    4.52137    0.00000    4.52137
  76.00000    4.51819    0.00000    4.51819
  76.50000    4.51127    0.00000    4.51127
  77.00000    4.50964    0.00000    4.50964
  77.50000    4.51169    0.00000    4.51169
  78.00000    4.51001    0.00000    4.51001
  78.50000    4.50395    0.00000    4.50395
  79.00000    4.50463    0.00000    4.50463
  79.50000    4.50808    0.00000    4.50808
  80.00000    4.50730    0.00000    4.50730
  80.50000    4.49578    0.00000    4.49578
  81.00000    4.49595    0.00000    4.49595
  81.50000    4.49311    0.00000    4.49311
  82.00000    4.49517    0.00000    4.49517
  82.50000    4.48709    0.00000    4.48709
  83.00000    4.48993    0.00000    4.48993
  83.50000    4.48676    0.00000    4.48676
  84.00000    4.48287    0.00000    4.48287
  84.50000    4.47312    0.00000    4.47312
  85.00000    4.47420    0.00000    4.47420
  85.50000    4.47620    0.00000    4.47620
  86.00000    4.48419    0.00000    4.48419
  86.50000    4.47809    0.00000    4.47809
  87.00000    4.47253    0.00000    4.47253
  87.50000    4.46529    0.00000    4.46529
  88.00000    4.46055    0.00000    4.46055
  88.50000    4.45529    0.00000    4.45529
  89.00000    4.45015    0.00000    4.45015
  89.50000    4.45067    0.00000    4.45067
  90.00000    4.45156    0.00000    4.45156
  90.50000    4.45594    0.00000    4.45594
  91.00000    4.45453    0.00000    4.45453
  91.50000    4.46000    0.00000    4.46000
  92.00000    4.45625    0.00000    4.45625
  92.50000    4.45009    0.00000    4.45009
  93.00000    4.44248    0.00000    4.44248
  93.50000    4.45299    0.00000    4.45299
  94.00000    4.44616    0.00000    4.44616
  94.50000    4.44381    0.00000    4.44381
  95.00000    4.44318    0.00000    4.44318
  95.50000    4.44686    0.00000    4.44686
  96.00000    4.44336    0.00000    4.44336
  96.50000    4.43973    0.00000    4.43973
  97.00000    4.43618    0.00000    4.43618
  97.50000    4.42942    0.00000    4.42942
  98.00000    4.42750    0.00000    4.42750
  98.50000    4.42835    0.00000    4.42835
  99.00000    4.42782    0.00000    4.42782
  99.50000    4.42973    0.00000    4.42973
 100.00000    4.43649    0.00000    4.43649
 100.50000    4.43015    0.00000    4.43015
 101.00000    4.41705    0.00000    4.41705
 101.50000    4.40973    0.00000    4.40973
 102.00000    4.42011    0.00000    4.42011
 102.50000    4.41868    0.00000    4.41868
 103.00000    4.41650    0.00000    4.41650
 103.50000    4.42000    0.00000    4.42000
 104.00000    4.42614    0.00000    4.42614
 104.50000    4.42432    0.00000    4.42432
 105.00000    4.41112    0.00000    4.41112
 105.50000    4.40597    0.00000    4.40597
 106.00000    4.40862    0.00000    4.40862
 106.50000    4.41698    0.00000    4.41698
 107.00000    4.41339    0.00000    4.41339
 107.50000    4.41621    0.00000    4.41621
 108.00000    4.41832    0.00000    4.41832
 108.50000    4.41643    0.00000    4.41643
 109.00000    4.41602    0.00000    4.41602
 109.50000    4.42441    0.00000    4.42441
 110.00000    4.42739    0.00000    4.42739
 110.50000    4.41527    0.00000    4.41527
 111.00000    4.40802    0.00000    4.40802
 111.50000    4.41643    0.00000    4.41643
 112.00000    4.41755    0.00000    4.41755
 112.50000    4.42022    0.00000    4.42022
 113.00000    4.41678    0.00000    4.41678
 113.50000    4.42193    0.00000    4.42193
 114.00000    4.41711    0.00000    4.41711
 114.50000    4.41805    0.00000    4.41805
 115.00000    4.41091    0.00000    4.41091
 115.50000    4.40954    0.00000    4.40954
 116.00000    4.41546    0.00000    4.41546
 116.50000    4.42500    0.00000    4.42500
 117.00000    4.42102    0.00000    4.42102
 117.50000    4.41077    0.00000    4.41077
 118.00000    4.41048    0.00000    4.41048
 118.50000    4.41565    0.00000    4.41565
 119.00000    4.41480    0.00000    4.41480
 119.50000    4.40969    0.00000    4.40969
 120.00000    4.41106    0.00000    4.41106
 120.50000    4.41132    0.00000    4.41132
 121.00000    4.41052    0.00000    4.41052
 121.50000    4.41946    0.00000    4.41946
 122.00000    4.42396    0.00000    4.42396
 122.50000    4.42549    0.00000    4.42549
 123.00000    4.41767    0.00000    4.41767
 123.50000    4.41192    0.00000    4.41192
 124.00000    4.40617    0.00000    4.40617
 124.50000    4.40673    0.00000    4.40673
 125.00000    4.41051    0.00000    4.41051
 125.50000    4.42123    0.00000    4.42123
 126.00000    4.43242    0.00000    4.43242
 126.50000    4.42946    0.00000    4.42946
 127.00000    4.42380    0.00000    4.42380
 127.50000    4.42578    0.00000    4.42578
 128.00000    4.42969    0.00000    4.42969
 128.50000    4.42626    0.00000    4.42626
 129.00000    4.42393    0.00000    4.42393
 129.50000    4.42572    0.00000    4.42572
 130.00000    4.42690    0.00000    4.42690
 130.50000    4.42551    0.00000    4.42551
 131.00000    4.43073    0.00000    4.43073
 131.50000    4.43264    0.00000    4.43264
 132.00000    4.43572    0.00000    4.43572
 132.50000    4.43382    0.00000    4.43382
 133.00000    4.43390    0.00000    4.43390
 133.50000    4.42725    0.00000    4.42725
 134.00000    4.42862    0.00000    4.42862
 134.50000    4.42329    0.00000    4.42329
 135.00000    4.42920    0.00000    4.42920
 135.50000    4.43583    0.00000    4.43583
 136.00000    4.44367    0.00000    4.44367
 136.50000    4.43575    0.00000    4.43575
 137.00000    4.43830    0.00000    4.43830
 137.50000    4.44358    0.00000    4.44358
 138.00000    4.44356    0.00000    4.44356
 138.50000    4.43562    0.00000    4.43562
 139.00000    4.44141    0.00000    4.44141
 139.50000    4.45489    0.00000    4.45489
 140.00000    4.45985    0.00000    4.45985
 140.50000    4.45609    0.00000    4.45609
 141.00000    4.44729    0.00000    4.44729
 141.50000    4.44299    0.00000    4.44299
 142.00000    4.44999    0.00000    4.44999
 142.50000    4.45375    0.00000    4.45375
 143.00000    4.44978    0.00000    4.44978
 143.50000    4.44474    0.00000    4.44474
 144.00000    4.45311    0.00000    4.45311
 144.50000    4.45323    0.00000    4.45323
 145.00000    4.45451    0.00000    4.45451
 145.50000    4.45584    0.00000    4.45584
 146.00000    4.46768    0.00000    4.46768
 146.50000    4.47106    0.00000    4.47106
 147.00000    4.46961    0.00000    4.46961
 147.50000    4.46797    0.00000    4.46797
 148.00000    4.46766    0.00000    4.46766
 148.50000    4.46258    0.00000    4.46258
 149.00000    4.46295    0.00000    4.46295
 149.50000    4.47826    0.00000    4.47826
 150.00000    4.50612    0.00000    4.50612
