   0.00000    1.17195    0.00000    1.17195
   0.50000    2.54246    0.00000    2.54246
   1.00000    3.02206    0.00000    3.02206
   1.50000    3.14094    0.00000    3.14094
   2.00000    3.34575    0.00000    3.34575
   2.50000    3.34092    0.00000    3.34092
   3.00000    3.34378    0.00000    3.34378
   3.50000    3.35627    0.00000    3.35627
   4.00000    3.46435    0.00000    3.46435
   4.50000    3.49076    0.00000    3.49076
   5.00000    3.49664    0.00000    3.49664
   5.50000    3.49729    0.00000    3.49729
   6.00000    3.49970    0.00000    3.49970
   6.50000    3.50535    0.00000    3.50535
   7.00000    3.51063    0.00000    3.51063
   7.50000    3.50273    0.00000    3.50273
   8.00000    3.50427    0.00000    3.50427
   8.50000    3.51752    0.00000    3.51752
   9.00000    3.53304    0.00000    3.53304
   9.50000    3.53852    0.00000    3.53852
  10.00000    3.54294    0.00000    3.54294
  10.50000    3.55128    0.00000    3.55128
  11.00000    3.55779    0.00000    3.55779
  11.50000    3.56582    0.00000    3.56582
  12.00000    3.57535    0.00000    3.57535
  12.50000    3.58614    0.00000    3.58614
  13.00000    3.59445    0.00000    3.59445
  13.50000    3.59745    0.00000    3.59745
  14.00000    3.59669    0.00000    3.59669
  14.50000    3.60226    0.00000    3.60226
  15.00000    3.60761    0.00000    3.60761
  15.50000    3.61531    0.00000    3.61531
  16.00000    3.60861    0.00000    3.60861
  16.50000    3.60887    0.00000    3.60887
  17.00000    3.60909    0.00000    3.60909
  17.50000    3.61144    0.00000    3.61144
  18.00000    3.61558    0.00000    3.61558
  18.50000    3.62712    0.00000    3.62712
  19.00000    3.63540    0.00000    3.63540
  19.50000    3.63504    0.00000    3.63504
  20.00000    3.63464    0.00000    3.63464
  20.50000    3.64280    0.00000    3.64280
  21.00000    3.63739    0.00000    3.63739
  21.50000    3.63429    0.00000    3.63429
  22.00000    3.62470    0.00000    3.62470
  22.50000    3.63262    0.00000    3.63262
  23.00000    3.63442    0.00000    3.63442
  23.50000    3.63380    0.00000    3.63380
  24.00000    3.60896    0.00000    3.60896
  24.50000    3.59247    0.00000    3.59247
  25.00000    3.58971    0.00000    3.58971
  25.50000    3.59642    0.00000    3.59642
  26.00000    3.60286    0.00000    3.60286
  26.50000    3.61161    0.00000    3.61161
  27.00000    3.62662    0.00000    3.62662
  27.50000    3.63883    0.00000    3.63883
  28.00000    3.66380    0.00000    3.66380
  28.50000    3.68955    0.00000    3.68955
  29.00000    3.69233    0.00000    3.69233
  29.50000    3.68609    0.00000    3.68609
  30.00000    3.69099    0.00000    3.69099
  30.50000    3.70956    0.00000    3.70956
  31.00000    3.71196    0.00000    3.71196
  31.50000    3.70829    0.00000    3.70829
  32.00000    3.69550    0.00000    3.69550
  32.50000    3.68126    0.00000    3.68126
  33.00000    3.66874    0.00000    3.66874
  33.50000    3.65545    0.00000    3.65545
  34.00000    3.67788    0.00000    3.67788
  34.50000    3.71825    0.00000    3.71825
  35.00000    3.76456    0.00000    3.76456
  35.50000    3.82161    0.00000    3.82161
  36.00000    3.88246    0.00000    3.88246
  36.50000    3.92841    0.00000    3.92841
  37.00000    3.94716    0.00000    3.94716
  37.50000    3.97931    0.00000    3.97931
  38.00000    3.99560    0.00000    3.99560
  38.50000    4.02455    0.00000    4.02455
  39.00000    4.04696    0.00000    4.04696
  39.50000    4.07469    0.00000    4.07469
  40.00000    4.09510    0.00000    4.09510
  40.50000    4.13087    0.00000    4.13087
  41.00000    4.16201    0.00000    4.16201
  41.50000    4.19283    0.00000    4.19283
  42.00000    4.20564    0.00000    4.20564
  42.50000    4.23749    0.00000    4.23749
  43.00000    4.28035    0.00000    4.28035
  43.50000    4.32351    0.00000    4.32351
  44.00000    4.34324    0.00000    4.34324
  44.50000    4.37448    0.00000    4.37448
  45.00000    4.42443    0.00000    4.42443
  45.50000    4.47405    0.00000    4.47405
  46.00000    4.51259    0.00000    4.51259
  46.50000    4.54905    0.00000    4.54905
  47.00000    4.60342    0.00000    4.60342
  47.50000    4.63567    0.00000    4.63567
  48.00000    4.65113    0.00000    4.65113
  48.50000    4.65249    0.00000    4.65249
  49.00000    4.66925    0.00000    4.66925
  49.50000    4.68147    0.00000    4.68147
  50.00000    4.69238    0.00000    4.69238
  50.50000    4.68923    0.00000    4.68923
  51.00000    4.67826    0.00000    4.67826
  51.50000    4.66558    0.00000    4.66558
  52.00000    4.64763    0.00000    4.64763
  52.50000    4.64292    0.00000    4.64292
  53.00000    4.63917    0.00000    4.63917
  53.50000    4.63970    0.00000    4.63970
  54.00000    4.63638    0.00000    4.63638
  54.50000    4.63460    0.00000    4.63460
  55.00000    4.63649    0.00000    4.63649
  55.50000    4.62888    0.00000    4.62888
  56.00000    4.62311    0.00000    4.62311
  56.50000    4.61645    0.00000    4.61645
  57.00000    4.62691    0.00000    4.62691
  57.50000    4.63785    0.00000    4.63785
  58.00000    4.64080    0.00000    4.64080
  58.50000    4.63081    0.00000    4.63081
  59.00000    4.62565    0.00000    4.62565
  59.50000    4.63689    0.00000    4.63689
  60.00000    4.64093    0.00000    4.64093
  60.50000    4.64598    0.00000    4.64598
  61.00000    4.64911    0.00000    4.64911
  61.50000    4.65683    0.00000    4.65683
  62.00000    4.64910    0.00000    4.64910
  62.50000    4.64378    0.00000    4.64378
  63.00000    4.63837    0.00000    4.63837
  63.50000    4.64534    0.00000    4.64534
  64.00000    4.64448    0.00000    4.64448
  64.50000    4.64493    0.00000    4.64493
  65.00000    4.63705    0.00000    4.63705
  65.50000    4.64061    0.00000    4.64061
  66.00000    4.64199    0.00000    4.64199
  66.50000    4.65490    0.00000    4.65490
  67.00000    4.64915    0.00000    4.64915
  67.50000    4.63835    0.00000    4.63835
  68.00000    4.63242    0.00000    4.63242
  68.50000    4.63418    0.00000    4.63418
  69.00000    4.64223    0.00000    4.64223
  69.50000    4.64260    0.00000    4.64260
  70.00000    4.64222    0.00000    4.64222
  70.50000    4.63689    0.00000    4.63689
  71.00000    4.63692    0.00000    4.63692
  71.50000    4.64149    0.00000    4.64149
  72.00000    4.65048    0.00000    4.65048
  72.50000    4.65529    0.00000    4.65529
  73.00000    4.65248    0.00000    4.65248
  73.50000    4.65821    0.00000    4.65821
  74.00000    4.65404    0.00000    4.65404
  74.50000    4.64593    0.00000    4.64593
  75.00000    4.64569    0.00000    4.64569
  75.50000    4.65647    0.00000    4.65647
  76.00000    4.65179    0.00000    4.65179
  76.50000    4.65172    0.00000    4.65172
  77.00000    4.65664    0.00000    4.65664
  77.50000    4.65745    0.00000    4.65745
  78.00000    4.65774    0.00000    4.65774
  78.50000    4.65637    0.00000    4.65637
  79.00000    4.66090    0.00000    4.66090
  79.50000    4.65291    0.00000    4.65291
  80.00000    4.64844    0.00000    4.64844
  80.50000    4.64724    0.00000    4.64724
  81.00000    4.65604    0.00000    4.65604
  81.50000    4.66250    0.00000    4.66250
  82.00000    4.66470    0.00000    4.66470
  82.50000    4.66458    0.00000    4.66458
  83.00000    4.66273    0.00000    4.66273
  83.50000    4.66464    0.00000    4.66464
  84.00000    4.66947    0.00000    4.66947
  84.50000    4.66590    0.00000    4.66590
  85.00000    4.66741    0.00000    4.66741
  85.50000    4.66911    0.00000    4.66911
  86.00000    4.66463    0.00000    4.66463
  86.50000    4.65341    0.00000    4.65341
  87.00000    4.66270    0.00000    4.66270
  87.50000    4.67992    0.00000    4.67992
  88.00000    4.68520    0.00000    4.68520
  88.50000    4.67747    0.00000    4.67747
  89.00000    4.67718    0.00000    4.67718
  89.50000    4.67158    0.00000    4.67158
  90.00000    4.67341    0.00000    4.67341
  90.50000    4.67423    0.00000    4.67423
  91.00000    4.68195    0.00000    4.68195
  91.50000    4.67982    0.00000    4.67982
  92.00000    4.67588    0.00000    4.67588
  92.50000    4.67573    0.00000    4.67573
  93.00000    4.68418    0.00000    4.68418
  93.50000    4.69229    0.00000    4.69229
  94.00000    4.69394    0.00000    4.69394
  94.50000    4.69406    0.00000    4.69406
  95.00000    4.69836    0.00000    4.69836
  95.50000    4.69160    0.00000    4.69160
  96.00000    4.67935    0.00000    4.67935
  96.50000    4.67013    0.00000    4.67013
  97.00000    4.68950    0.00000    4.68950
  97.50000    4.70488    0.00000    4.70488
  98.00000    4.70733    0.00000    4.70733
  98.50000    4.70824    0.00000    4.70824
  99.00000    4.71814    0.00000    4.71814
  99.50000    4.70890    0.00000    4.70890
 100.00000    4.69827    0.00000    4.69827
 100.50000    4.69554    0.00000    4.69554
 101.00000    4.69494    0.00000    4.69494
 101.50000    4.69837    0.00000    4.69837
 102.00000    4.70968    0.00000    4.70968
 102.50000    4.71101    0.00000    4.71101
 103.00000    4.70766    0.00000    4.70766
 103.50000    4.70629    0.00000    4.70629
 104.00000    4.71157    0.00000    4.71157
 104.50000    4.70886    0.00000    4.70886
 105.00000    4.71212    0.00000    4.71212
 105.50000    4.71716    0.00000    4.71716
 106.00000    4.71940    0.00000    4.71940
 106.50000    4.71937    0.00000    4.71937
 107.00000    4.71620    0.00000    4.71620
 107.50000    4.71496    0.00000    4.71496
 108.00000    4.71183    0.00000    4.71183
 108.50000    4.71863    0.00000    4.71863
 109.00000    4.72566    0.00000    4.72566
 109.50000    4.73591    0.00000    4.73591
 110.00000    4.73689    0.00000    4.73689
 110.50000    4.73221    0.00000    4.73221
 111.00000    4.72925    0.00000    4.72925
 111.50000    4.74477    0.00000    4.74477
 112.00000    4.75135    0.00000    4.75135
 112.50000    4.74832    0.00000    4.74832
 113.00000    4.75074    0.00000    4.75074
 113.50000    4.74842    0.00000    4.74842
 114.00000    4.73850    0.00000    4.73850
 114.50000    4.73669    0.00000    4.73669
 115.00000    4.75296    0.00000    4.75296
 115.50000    4.76034    0.00000    4.76034
 116.00000    4.76003    0.00000    4.76003
 116.50000    4.76013    0.00000    4.76013
 117.00000    4.75305    0.00000    4.75305
 117.50000    4.74884    0.00000    4.74884
 118.00000    4.74757    0.00000    4.74757
 118.50000    4.76067    0.00000    4.76067
 119.00000    4.76647    0.00000    4.76647
 119.50000    4.77206    0.00000    4.77206
 120.00000    4.76429    0.00000    4.76429
 120.50000    4.77091    0.00000    4.77091
 121.00000    4.77513    0.00000    4.77513
 121.50000    4.78414    0.00000    4.78414
 122.00000    4.77673    0.00000    4.77673
 122.50000    4.76795    0.00000    4.76795
 123.00000    4.76305    0.00000    4.76305
 123.50000    4.76667    0.00000    4.76667
 124.00000    4.77461    0.00000    4.77461
 124.50000    4.77216    0.00000    4.77216
 125.00000    4.77552    0.00000    4.77552
 125.50000    4.78106    0.00000    4.78106
 126.00000    4.79623    0.00000    4.79623
 126.50000    4.79435    0.00000    4.79435
 127.00000    4.78891    0.00000    4.78891
 127.50000    4.78519    0.00000    4.78519
 128.00000    4.78627    0.00000    4.78627
 128.50000    4.79088    0.00000    4.79088
 129.00000    4.78527    0.00000    4.78527
 129.50000    4.79188    0.00000    4.79188
 130.00000    4.79845    0.00000    4.79845
 130.50000    4.80896    0.00000    4.80896
 131.00000    4.80342    0.00000    4.80342
 131.50000    4.80154    0.00000    4.80154
 132.00000    4.80330    0.00000    4.80330
 132.50000    4.79811    0.00000    4.79811
 133.00000    4.79849    0.00000    4.79849
 133.50000    4.79612    0.00000    4.79612
 134.00000    4.80083    0.00000    4.80083
 134.50000    4.79815    0.00000    4.79815
 135.00000    4.80753    0.00000    4.80753
 135.50000    4.80743    0.00000    4.80743
 136.00000    4.80562    0.00000    4.80562
 136.50000    4.80100    0.00000    4.80100
 137.00000    4.80134    0.00000    4.80134
 137.50000    4.80608    0.00000    4.80608
 138.00000    4.80825    0.00000    4.80825
 138.50000    4.81276    0.00000    4.81276
 139.00000    4.80958    0.00000    4.80958
 139.50000    4.81684    0.00000    4.81684
 140.00000    4.81674    0.00000    4.81674
 140.50000    4.81743    0.00000    4.81743
 141.00000    4.82105    0.00000    4.82105
 141.50000    4.82067    0.00000    4.82067
 142.00000    4.81966    0.00000    4.81966
 142.50000    4.81453    0.00000    4.81453
 143.00000    4.82215    0.00000    4.82215
 143.50000    4.82268    0.00000    4.82268
 144.00000    4.82270    0.00000    4.82270
 144.50000    4.81641    0.00000    4.81641
 145.00000    4.82031    0.00000    4.82031
 145.50000    4.82380    0.00000    4.82380
 146.00000    4.82678    0.00000    4.82678
 146.50000    4.82535    0.00000    4.82535
 147.00000    4.82336    0.00000    4.82336
 147.50000    4.82242    0.00000    4.82242
 148.00000    4.82146    0.00000    4.82146
 148.50000    4.82718    0.00000    4.82718
 149.00000    4.83318    0.00000    4.83318
 149.50000    4.84373    0.00000    4.84373
 150.00000    4.85502    0.00000    4.85502
