   0.00000    1.45965    0.00000    1.45965
   0.50000    3.29935    0.00000    3.29935
   1.00000    3.71323    0.00000    3.71323
   1.50000    3.62871    0.00000    3.62871
   2.00000    3.66370    0.00000    3.66370
   2.50000    3.50975    0.00000    3.50975
   3.00000    3.39145    0.00000    3.39145
   3.50000    3.33555    0.00000    3.33555
   4.00000    3.35367    0.00000    3.35367
   4.50000    3.38508    0.00000    3.38508
   5.00000    3.42708    0.00000    3.42708
   5.50000    3.47344    0.00000    3.47344
   6.00000    3.48503    0.00000    3.48503
   6.50000    3.48666    0.00000    3.48666
   7.00000    3.49310    0.00000    3.49310
   7.50000    3.49223    0.00000    3.49223
   8.00000    3.49288    0.00000    3.49288
   8.50000    3.49886    0.00000    3.49886
   9.00000    3.51006    0.00000    3.51006
   9.50000    3.51405    0.00000    3.51405
  10.00000    3.52045    0.00000    3.52045
  10.50000    3.53102    0.00000    3.53102
  11.00000    3.52692    0.00000    3.52692
  11.50000    3.52990    0.00000    3.52990
  12.00000    3.53983    0.00000    3.53983
  12.50000    3.55317    0.00000    3.55317
  13.00000    3.54806    0.00000    3.54806
  13.50000    3.55386    0.00000    3.55386
  14.00000    3.56294    0.00000    3.56294
  14.50000    3.56506    0.00000    3.56506
  15.00000    3.56151    0.00000    3.56151
  15.50000    3.56512    0.00000    3.56512
  16.00000    3.57626    0.00000    3.57626
  16.50000    3.58404    0.00000    3.58404
  17.00000    3.57863    0.00000    3.57863
  17.50000    3.57231    0.00000    3.57231
  18.00000    3.58315    0.00000    3.58315
  18.50000    3.59400    0.00000    3.59400
  19.00000    3.61289    0.00000    3.61289
  19.50000    3.60490    0.00000    3.60490
  20.00000    3.59899    0.00000    3.59899
  20.50000    3.59563    0.00000    3.59563
  21.00000    3.60812    0.00000    3.60812
  21.50000    3.59472    0.00000    3.59472
  22.00000    3.60026    0.00000    3.60026
  22.50000    3.63037    0.00000    3.63037
  23.00000    3.66909    0.00000    3.66909
  23.50000    3.68787    0.00000    3.68787
  24.00000    3.66886    0.00000    3.66886
  24.50000    3.64193    0.00000    3.64193
  25.00000    3.62630    0.00000    3.62630
  25.50000    3.62102    0.00000    3.62102
  26.00000    3.56212    0.00000    3.56212
  26.50000    3.53695    0.00000    3.53695
  27.00000    3.53567    0.00000    3.53567
  27.50000    3.55684    0.00000    3.55684
  28.00000    3.57366    0.00000    3.57366
  28.50000    3.63704    0.00000    3.63704
  29.00000    3.70741    0.00000    3.70741
  29.50000    3.76301    0.00000    3.76301
  30.00000    3.78819    0.00000    3.78819
  30.50000    3.83228    0.00000    3.83228
  31.00000    3.86320    0.00000    3.86320
  31.50000    3.89500    0.00000    3.89500
  32.00000    3.89939    0.00000    3.89939
  32.50000    3.93757    0.00000    3.93757
  33.00000    3.96700    0.00000    3.96700
  33.50000    4.04926    0.00000    4.04926
  34.00000    4.15351    0.00000    4.15351
  34.50000    4.29353    0.00000    4.29353
  35.00000    4.40166    0.00000    4.40166
  35.50000    4.47664    0.00000    4.47664
  36.00000    4.51538    0.00000    4.51538
  36.50000    4.55911    0.00000    4.55911
  37.00000    4.60045    0.00000    4.60045
  37.50000    4.62882    0.00000    4.62882
  38.00000    4.65649    0.00000    4.65649
  38.50000    4.68000    0.00000    4.68000
  39.00000    4.67391    0.00000    4.67391
  39.50000    4.65797    0.00000    4.65797
  40.00000    4.65663    0.00000    4.65663
  40.50000    4.63138    0.00000    4.63138
  41.00000    4.62291    0.00000    4.62291
  41.50000    4.62706    0.00000    4.62706
  42.00000    4.64782    0.00000    4.64782
  42.50000    4.64903    0.00000    4.64903
  43.00000    4.64224    0.00000    4.64224
  43.50000    4.61416    0.00000    4.61416
  44.00000    4.58836    0.00000    4.58836
  44.50000    4.57632    0.00000    4.57632
  45.00000    4.58747    0.00000    4.58747
  45.50000    4.58110    0.00000    4.58110
  46.00000    4.56356    0.00000    4.56356
  46.50000    4.53615    0.00000    4.53615
  47.00000    4.54443    0.00000    4.54443
  47.50000    4.54881    0.00000    4.54881
  48.00000    4.52665    0.00000    4.52665
  48.50000    4.51177    0.00000    4.51177
  49.00000    4.51091    0.00000    4.51091
  49.50000    4.51861    0.00000    4.51861
  50.00000    4.53179    0.00000    4.53179
  50.50000    4.54284    0.00000    4.54284
  51.00000    4.53225    0.00000    4.53225
  51.50000    4.51275    0.00000    4.51275
  52.00000    4.50997    0.00000    4.50997
  52.50000    4.51582    0.00000    4.51582
  53.00000    4.52772    0.00000    4.52772
  53.50000    4.53166    0.00000    4.53166
  54.00000    4.52096    0.00000    4.52096
  54.50000    4.50933    0.00000    4.50933
  55.00000    4.53358    0.00000    4.53358
  55.50000    4.55620    0.00000    4.55620
  56.00000    4.56541    0.00000    4.56541
  56.50000    4.53648    0.00000    4.53648
  57.00000    4.52641    0.00000    4.52641
  57.50000    4.53210    0.00000    4.53210
  58.00000    4.54796    0.00000    4.54796
  58.50000    4.54657    0.00000    4.54657
  59.00000    4.54328    0.00000    4.54328
  59.50000    4.54485    0.00000    4.54485
  60.00000    4.55065    0.00000    4.55065
  60.50000    4.55871    0.00000    4.55871
  61.00000    4.54833    0.00000    4.54833
  61.50000    4.54757    0.00000    4.54757
  62.00000    4.54161    0.00000    4.54161
  62.50000    4.55453    0.00000    4.55453
  63.00000    4.54976    0.00000    4.54976
  63.50000    4.55784    0.00000    4.55784
  64.00000    4.54837    0.00000    4.54837
  64.50000    4.55704    0.00000    4.55704
  65.00000    4.55280    0.00000    4.55280
  65.50000    4.55842    0.00000    4.55842
  66.00000    4.55685    0.00000    4.55685
  66.50000    4.56087    0.00000    4.56087
  67.00000    4.55306    0.00000    4.55306
  67.50000    4.55162    0.00000    4.55162
  68.00000    4.54968    0.00000    4.54968
  68.50000    4.55076    0.00000    4.55076
  69.00000    4.54921    0.00000    4.54921
  69.50000    4.56632    0.00000    4.56632
  70.00000    4.56217    0.00000    4.56217
  70.50000    4.56014    0.00000    4.56014
  71.00000    4.56365    0.00000    4.56365
  71.50000    4.57983    0.00000    4.57983
  72.00000    4.56967    0.00000    4.56967
  72.50000    4.55624    0.00000    4.55624
  73.00000    4.54633    0.00000    4.54633
  73.50000    4.54228    0.00000    4.54228
  74.00000    4.54237    0.00000    4.54237
  74.50000    4.54488    0.00000    4.54488
  75.00000    4.55178    0.00000    4.55178
  75.50000    4.54707    0.00000    4.54707
  76.00000    4.53974    0.00000    4.53974
  76.50000    4.53773    0.00000    4.53773
  77.00000    4.54652    0.00000    4.54652
  77.50000    4.55681    0.00000    4.55681
  78.00000    4.55437    0.00000    4.55437
  78.50000    4.54691    0.00000    4.54691
  79.00000    4.53841    0.00000    4.53841
  79.50000    4.53642    0.00000    4.53642
  80.00000    4.53172    0.00000    4.53172
  80.50000    4.53431    0.00000    4.53431
  81.00000    4.53479    0.00000    4.53479
  81.50000    4.53690    0.00000    4.53690
  82.00000    4.53802    0.00000    4.53802
  82.50000    4.53961    0.00000    4.53961
  83.00000    4.53057    0.00000    4.53057
  83.50000    4.51910    0.00000    4.51910
  84.00000    4.52596    0.00000    4.52596
  84.50000    4.53618    0.00000    4.53618
  85.00000    4.53997    0.00000    4.53997
  85.50000    4.53381    0.00000    4.53381
  86.00000    4.53083    0.00000    4.53083
  86.50000    4.52034    0.00000    4.52034
  87.00000    4.52028    0.00000    4.52028
  87.50000    4.53058    0.00000    4.53058
  88.00000    4.54442    0.00000    4.54442
  88.50000    4.52707    0.00000    4.52707
  89.00000    4.51771    0.00000    4.51771
  89.50000    4.50565    0.00000    4.50565
  90.00000    4.51645    0.00000    4.51645
  90.50000    4.50966    0.00000    4.50966
  91.00000    4.51108    0.00000    4.51108
  91.50000    4.50246    0.00000    4.50246
  92.00000    4.49869    0.00000    4.49869
  92.50000    4.50606    0.00000    4.50606
  93.00000    4.51382    0.00000    4.51382
  93.50000    4.52284    0.00000    4.52284
  94.00000    4.50859    0.00000    4.50859
  94.50000    4.50317    0.00000    4.50317
  95.00000    4.49782    0.00000    4.49782
  95.50000    4.50306    0.00000    4.50306
  96.00000    4.49897    0.00000    4.49897
  96.50000    4.49020    0.00000    4.49020
  97.00000    4.49841    0.00000    4.49841
  97.50000    4.49932    0.00000    4.49932
  98.00000    4.49989    0.00000    4.49989
  98.50000    4.49766    0.00000    4.49766
  99.00000    4.50572    0.00000    4.50572
  99.50000    4.50068    0.00000    4.50068
 100.00000    4.48528    0.00000    4.48528
 100.50000    4.48212    0.00000    4.48212
 101.00000    4.47956    0.00000    4.47956
 101.50000    4.47773    0.00000    4.47773
 102.00000    4.46721    0.00000    4.46721
 102.50000    4.46414    0.00000    4.46414
 103.00000    4.46234    0.00000    4.46234
 103.50000    4.46536    0.00000    4.46536
 104.00000    4.46748    0.00000    4.46748
 104.50000    4.46460    0.00000    4.46460
 105.00000    4.47118    0.00000    4.47118
 105.50000    4.47596    0.00000    4.47596
 106.00000    4.47762    0.00000    4.47762
 106.50000    4.46917    0.00000    4.46917
 107.00000    4.47723    0.00000    4.47723
 107.50000    4.47298    0.00000    4.47298
 108.00000    4.47465    0.00000    4.47465
 108.50000    4.47920    0.00000    4.47920
 109.00000    4.48524    0.00000    4.48524
 109.50000    4.45781    0.00000    4.45781
 110.00000    4.44345    0.00000    4.44345
 110.50000    4.44832    0.00000    4.44832
 111.00000    4.45552    0.00000    4.45552
 111.50000    4.44597    0.00000    4.44597
 112.00000    4.43272    0.00000    4.43272
 112.50000    4.43291    0.00000    4.43291
 113.00000    4.42860    0.00000    4.42860
 113.50000    4.45088    0.00000    4.45088
 114.00000    4.45453    0.00000    4.45453
 114.50000    4.47206    0.00000    4.47206
 115.00000    4.45369    0.00000    4.45369
 115.50000    4.45007    0.00000    4.45007
 116.00000    4.43605    0.00000    4.43605
 116.50000    4.44345    0.00000    4.44345
 117.00000    4.43868    0.00000    4.43868
 117.50000    4.44022    0.00000    4.44022
 118.00000    4.43774    0.00000    4.43774
 118.50000    4.44072    0.00000    4.44072
 119.00000    4.44950    0.00000    4.44950
 119.50000    4.45924    0.00000    4.45924
 120.00000    4.44685    0.00000    4.44685
 120.50000    4.44017    0.00000    4.44017
 121.00000    4.45306    0.00000    4.45306
 121.50000    4.46038    0.00000    4.46038
 122.00000    4.43047    0.00000    4.43047
 122.50000    4.41652    0.00000    4.41652
 123.00000    4.42032    0.00000    4.42032
 123.50000    4.44651    0.00000    4.44651
 124.00000    4.44292    0.00000    4.44292
 124.50000    4.43771    0.00000    4.43771
 125.00000    4.40680    0.00000    4.40680
 125.50000    4.40272    0.00000    4.40272
 126.00000    4.41010    0.00000    4.41010
 126.50000    4.42931    0.00000    4.42931
 127.00000    4.42199    0.00000    4.42199
 127.50000    4.42086    0.00000    4.42086
 128.00000    4.42368    0.00000    4.42368
 128.50000    4.43627    0.00000    4.43627
 129.00000    4.42465    0.00000    4.42465
 129.50000    4.40904    0.00000    4.40904
 130.00000    4.41178    0.00000    4.41178
 130.50000    4.41710    0.00000    4.41710
 131.00000    4.40602    0.00000    4.40602
 131.50000    4.40083    0.00000    4.40083
 132.00000    4.40933    0.00000    4.40933
 132.50000    4.41499    0.00000    4.41499
 133.00000    4.41381    0.00000    4.41381
 133.50000    4.42535    0.00000    4.42535
 134.00000    4.41710    0.00000    4.41710
 134.50000    4.41288    0.00000    4.41288
 135.00000    4.42237    0.00000    4.42237
 135.50000    4.42718    0.00000    4.42718
 136.00000    4.42132    0.00000    4.42132
 136.50000    4.41066    0.00000    4.41066
 137.00000    4.40814    0.00000    4.40814
 137.50000    4.40750    0.00000    4.40750
 138.00000    4.41801    0.00000    4.41801
 138.50000    4.41930    0.00000    4.41930
 139.00000    4.40282    0.00000    4.40282
 139.50000    4.40698    0.00000    4.40698
 140.00000    4.41259    0.00000    4.41259
 140.50000    4.42269    0.00000    4.42269
 141.00000    4.40351    0.00000    4.40351
 141.50000    4.40474    0.00000    4.40474
 142.00000    4.39722    0.00000    4.39722
 142.50000    4.40673    0.00000    4.40673
 143.00000    4.41016    0.00000    4.41016
 143.50000    4.40677    0.00000    4.40677
 144.00000    4.40748    0.00000    4.40748
 144.50000    4.40310    0.00000    4.40310
 145.00000    4.40922    0.00000    4.40922
 145.50000    4.40406    0.00000    4.40406
 146.00000    4.41625    0.00000    4.41625
 146.50000    4.41929    0.00000    4.41929
 147.00000    4.42171    0.00000    4.42171
 147.50000    4.42131    0.00000    4.42131
 148.00000    4.41170    0.00000    4.41170
 148.50000    4.41017    0.00000    4.41017
 149.00000    4.41581    0.00000    4.41581
 149.50000    4.43006    0.00000    4.43006
 150.00000    4.41836    0.00000    4.41836
