   0.00000    0.70347    0.00000    0.70347
   0.50000    1.70987    0.00000    1.70987
   1.00000    2.26931    0.00000    2.26931
   1.50000    2.52858    0.00000    2.52858
   2.00000    2.60707    0.00000    2.60707
   2.50000    2.75479    0.00000    2.75479
   3.00000    2.92457    0.00000    2.92457
   3.50000    3.07904    0.00000    3.07904
   4.00000    3.17768    0.00000    3.17768
   4.50000    3.23020    0.00000    3.23020
   5.00000    3.30418    0.00000    3.30418
   5.50000    3.35466    0.00000    3.35466
   6.00000    3.37327    0.00000    3.37327
   6.50000    3.39824    0.00000    3.39824
   7.00000    3.43323    0.00000    3.43323
   7.50000    3.45241    0.00000    3.45241
   8.00000    3.46209    0.00000    3.46209
   8.50000    3.46523    0.00000    3.46523
   9.00000    3.49489    0.00000    3.49489
   9.50000    3.51993    0.00000    3.51993
  10.00000    3.53854    0.00000    3.53854
  10.50000    3.53380    0.00000    3.53380
  11.00000    3.54437    0.00000    3.54437
  11.50000    3.55424    0.00000    3.55424
  12.00000    3.56771    0.00000    3.56771
  12.50000    3.58330    0.00000    3.58330
  13.00000    3.60045    0.00000    3.60045
  13.50000    3.61215    0.00000    3.61215
  14.00000    3.62557    0.00000    3.62557
  14.50000    3.62982    0.00000    3.62982
  15.00000    3.63611    0.00000    3.63611
  15.50000    3.65189    0.00000    3.65189
  16.00000    3.67024    0.00000    3.67024
  16.50000    3.68965    0.00000    3.68965
  17.00000    3.70724    0.00000    3.70724
  17.50000    3.71098    0.00000    3.71098
  18.00000    3.71071    0.00000    3.71071
  18.50000    3.72377    0.00000    3.72377
  19.00000    3.73568    0.00000    3.73568
  19.50000    3.73607    0.00000    3.73607
  20.00000    3.75554    0.00000    3.75554
  20.50000    3.77127    0.00000    3.77127
  21.00000    3.78933    0.00000    3.78933
  21.50000    3.80357    0.00000    3.80357
  22.00000    3.84068    0.00000    3.84068
  22.50000    3.84775    0.00000    3.84775
  23.00000    3.85095    0.00000    3.85095
  23.50000    3.86117    0.00000    3.86117
  24.00000    3.91936    0.00000    3.91936
  24.50000    4.00428    0.00000    4.00428
  25.00000    4.06463    0.00000    4.06463
  25.50000    4.08085    0.00000    4.08085
  26.00000    4.09656    0.00000    4.09656
  26.50000    4.18398    0.00000    4.18398
  27.00000    4.28009    0.00000    4.28009
  27.50000    4.31528    0.00000    4.31528
  28.00000    4.30263    0.00000    4.30263
  28.50000    4.27931    0.00000    4.27931
  29.00000    4.26566    0.00000    4.26566
  29.50000    4.26021    0.00000    4.26021
  30.00000    4.27276    0.00000    4.27276
  30.50000    4.25314    0.00000    4.25314
  31.00000    4.21117    0.00000    4.21117
  31.50000    4.17224    0.00000    4.17224
  32.00000    4.16973    0.00000    4.16973
  32.50000    4.17449    0.00000    4.17449
  33.00000    4.16760    0.00000    4.16760
  33.50000    4.15315    0.00000    4.15315
  34.00000    4.16395    0.00000    4.16395
  34.50000    4.18891    0.00000    4.18891
  35.00000    4.20309    0.00000    4.20309
  35.50000    4.23303    0.00000    4.23303
  36.00000    4.26542    0.00000    4.26542
  36.50000    4.28828    0.00000    4.28828
  37.00000    4.29781    0.00000    4.29781
  37.50000    4.30209    0.00000    4.30209
  38.00000    4.29530    0.00000    4.29530
  38.50000    4.30411    0.00000    4.30411
  39.00000    4.31938    0.00000    4.31938
  39.50000    4.33488    0.00000    4.33488
  40.00000    4.33044    0.00000    4.33044
  40.50000    4.34024    0.00000    4.34024
  41.00000    4.33788    0.00000    4.33788
  41.50000    4.35589    0.00000    4.35589
  42.00000    4.35086    0.00000    4.35086
  42.50000    4.34523    0.00000    4.34523
  43.00000    4.34023    0.00000    4.34023
  43.50000    4.34249    0.00000    4.34249
  44.00000    4.32284    0.00000    4.32284
  44.50000    4.29855    0.00000    4.29855
  45.00000    4.28683    0.00000    4.28683
  45.50000    4.27404    0.00000    4.27404
  46.00000    4.28327    0.00000    4.28327
  46.50000    4.28616    0.00000    4.28616
  47.00000    4.28135    0.00000    4.28135
  47.50000    4.24642    0.00000    4.24642
  48.00000    4.24567    0.00000    4.24567
  48.50000    4.24705    0.00000    4.24705
  49.00000    4.25597    0.00000    4.25597
  49.50000    4.24920    0.00000    4.24920
  50.00000    4.23562    0.00000    4.23562
  50.50000    4.23869    0.00000    4.23869
  51.00000    4.24281    0.00000    4.24281
  51.50000    4.24053    0.00000    4.24053
  52.00000    4.22993    0.00000    4.22993
  52.50000    4.23083    0.00000    4.23083
  53.00000    4.23219    0.00000    4.23219
  53.50000    4.22588    0.00000    4.22588
  54.00000    4.22977    0.00000    4.22977
  54.50000    4.22626    0.00000    4.22626
  55.00000    4.22680    0.00000    4.22680
  55.50000    4.22241    0.00000    4.22241
  56.00000    4.23581    0.00000    4.23581
  56.50000    4.23218    0.00000    4.23218
  57.00000    4.21501    0.00000    4.21501
  57.50000    4.19623    0.00000    4.19623
  58.00000    4.20833    0.00000    4.20833
  58.50000    4.20291    0.00000    4.20291
  59.00000    4.18902    0.00000    4.18902
  59.50000    4.18535    0.00000    4.18535
  60.00000    4.18868    0.00000    4.18868
  60.50000    4.17989    0.00000    4.17989
  61.00000    4.16758    0.00000    4.16758
  61.50000    4.15924    0.00000    4.15924
  62.00000    4.17001    0.00000    4.17001
  62.50000    4.17192    0.00000    4.17192
  63.00000    4.15683    0.00000    4.15683
  63.50000    4.14066    0.00000    4.14066
  64.00000    4.14410    0.00000    4.14410
  64.50000    4.14224    0.00000    4.14224
  65.00000    4.12319    0.00000    4.12319
  65.50000    4.12533    0.00000    4.12533
  66.00000    4.12714    0.00000    4.12714
  66.50000    4.14235    0.00000    4.14235
  67.00000    4.13286    0.00000    4.13286
  67.50000    4.12455    0.00000    4.12455
  68.00000    4.11467    0.00000    4.11467
  68.50000    4.11770    0.00000    4.11770
  69.00000    4.12087    0.00000    4.12087
  69.50000    4.12742    0.00000    4.12742
  70.00000    4.12880    0.00000    4.12880
  70.50000    4.11705    0.00000    4.11705
  71.00000    4.10932    0.00000    4.10932
  71.50000    4.11201    0.00000    4.11201
  72.00000    4.10811    0.00000    4.10811
  72.50000    4.10721    0.00000    4.10721
  73.00000    4.10606    0.00000    4.10606
  73.50000    4.11476    0.00000    4.11476
  74.00000    4.11350    0.00000    4.11350
  74.50000    4.12532    0.00000    4.12532
  75.00000    4.12415    0.00000    4.12415
  75.50000    4.11528    0.00000    4.11528
  76.00000    4.10669    0.00000    4.10669
  76.50000    4.10650    0.00000    4.10650
  77.00000    4.11513    0.00000    4.11513
  77.50000    4.10334    0.00000    4.10334
  78.00000    4.10702    0.00000    4.10702
  78.50000    4.10425    0.00000    4.10425
  79.00000    4.10843    0.00000    4.10843
  79.50000    4.09849    0.00000    4.09849
  80.00000    4.08986    0.00000    4.08986
  80.50000    4.08899    0.00000    4.08899
  81.00000    4.08847    0.00000    4.08847
  81.50000    4.09280    0.00000    4.09280
  82.00000    4.10106    0.00000    4.10106
  82.50000    4.10910    0.00000    4.10910
  83.00000    4.10513    0.00000    4.10513
  83.50000    4.10307    0.00000    4.10307
  84.00000    4.11423    0.00000    4.11423
  84.50000    4.11492    0.00000    4.11492
  85.00000    4.11668    0.00000    4.11668
  85.50000    4.11938    0.00000    4.11938
  86.00000    4.11637    0.00000    4.11637
  86.50000    4.09100    0.00000    4.09100
  87.00000    4.09102    0.00000    4.09102
  87.50000    4.09794    0.00000    4.09794
  88.00000    4.10370    0.00000    4.10370
  88.50000    4.09932    0.00000    4.09932
  89.00000    4.11478    0.00000    4.11478
  89.50000    4.11314    0.00000    4.11314
  90.00000    4.09830    0.00000    4.09830
  90.50000    4.08759    0.00000    4.08759
  91.00000    4.10567    0.00000    4.10567
  91.50000    4.12136    0.00000    4.12136
  92.00000    4.12290    0.00000    4.12290
  92.50000    4.12387    0.00000    4.12387
  93.00000    4.12589    0.00000    4.12589
  93.50000    4.12598    0.00000    4.12598
  94.00000    4.12043    0.00000    4.12043
  94.50000    4.12318    0.00000    4.12318
  95.00000    4.11424    0.00000    4.11424
  95.50000    4.11499    0.00000    4.11499
  96.00000    4.11106    0.00000    4.11106
  96.50000    4.11534    0.00000    4.11534
  97.00000    4.11522    0.00000    4.11522
  97.50000    4.12697    0.00000    4.12697
  98.00000    4.11740    0.00000    4.11740
  98.50000    4.11752    0.00000    4.11752
  99.00000    4.11400    0.00000    4.11400
  99.50000    4.12287    0.00000    4.12287
 100.00000    4.12802    0.00000    4.12802
 100.50000    4.13425    0.00000    4.13425
 101.00000    4.12914    0.00000    4.12914
 101.50000    4.11530    0.00000    4.11530
 102.00000    4.12837    0.00000    4.12837
 102.50000    4.13638    0.00000    4.13638
 103.00000    4.14602    0.00000    4.14602
 103.50000    4.12603    0.00000    4.12603
 104.00000    4.12191    0.00000    4.12191
 104.50000    4.12326    0.00000    4.12326
 105.00000    4.13236    0.00000    4.13236
 105.50000    4.12918    0.00000    4.12918
 106.00000    4.12913    0.00000    4.12913
 106.50000    4.14437    0.00000    4.14437
 107.00000    4.15174    0.00000    4.15174
 107.50000    4.14956    0.00000    4.14956
 108.00000    4.14229    0.00000    4.14229
 108.50000    4.15599    0.00000    4.15599
 109.00000    4.14356    0.00000    4.14356
 109.50000    4.13674    0.00000    4.13674
 110.00000    4.13281    0.00000    4.13281
 110.50000    4.14570    0.00000    4.14570
 111.00000    4.14291    0.00000    4.14291
 111.50000    4.15154    0.00000    4.15154
 112.00000    4.14985    0.00000    4.14985
 112.50000    4.15024    0.00000    4.15024
 113.00000    4.15401    0.00000    4.15401
 113.50000    4.17657    0.00000    4.17657
 114.00000    4.16015    0.00000    4.16015
 114.50000    4.15498    0.00000    4.15498
 115.00000    4.14433    0.00000    4.14433
 115.50000    4.15757    0.00000    4.15757
 116.00000    4.14915    0.00000    4.14915
 116.50000    4.15769    0.00000    4.15769
 117.00000    4.16086    0.00000    4.16086
 117.50000    4.17216    0.00000    4.17216
 118.00000    4.16379    0.00000    4.16379
 118.50000    4.14747    0.00000    4.14747
 119.00000    4.14459    0.00000    4.14459
 119.50000    4.16818    0.00000    4.16818
 120.00000    4.16730    0.00000    4.16730
 120.50000    4.16482    0.00000    4.16482
 121.00000    4.16249    0.00000    4.16249
 121.50000    4.17372    0.00000    4.17372
 122.00000    4.17712    0.00000    4.17712
 122.50000    4.18738    0.00000    4.18738
 123.00000    4.18165    0.00000    4.18165
 123.50000    4.17221    0.00000    4.17221
 124.00000    4.16763    0.00000    4.16763
 124.50000    4.16462    0.00000    4.16462
 125.00000    4.17186    0.00000    4.17186
 125.50000    4.17763    0.00000    4.17763
 126.00000    4.18580    0.00000    4.18580
 126.50000    4.17842    0.00000    4.17842
 127.00000    4.18107    0.00000    4.18107
 127.50000    4.18390    0.00000    4.18390
 128.00000    4.19156    0.00000    4.19156
 128.50000    4.18260    0.00000    4.18260
 129.00000    4.18136    0.00000    4.18136
 129.50000    4.20110    0.00000    4.20110
 130.00000    4.21342    0.00000    4.21342
 130.50000    4.19847    0.00000    4.19847
 131.00000    4.18787    0.00000    4.18787
 131.50000    4.17600    0.00000    4.17600
 132.00000    4.17929    0.00000    4.17929
 132.50000    4.18578    0.00000    4.18578
 133.00000    4.21722    0.00000    4.21722
 133.50000    4.21655    0.00000    4.21655
 134.00000    4.21184    0.00000    4.21184
 134.50000    4.20334    0.00000    4.20334
 135.00000    4.20681    0.00000    4.20681
 135.50000    4.19966    0.00000    4.19966
 136.00000    4.18897    0.00000    4.18897
 136.50000    4.19037    0.00000    4.19037
 137.00000    4.19599    0.00000    4.19599
 137.50000    4.20018    0.00000    4.20018
 138.00000    4.20514    0.00000    4.20514
 138.50000    4.21620    0.00000    4.21620
 139.00000    4.23415    0.00000    4.23415
 139.50000    4.23878    0.00000    4.23878
 140.00000    4.23185    0.00000    4.23185
 140.50000    4.21776    0.00000    4.21776
 141.00000    4.21642    0.00000    4.21642
 141.50000    4.21925    0.00000    4.21925
 142.00000    4.22151    0.00000    4.22151
 142.50000    4.22442    0.00000    4.22442
 143.00000    4.22635    0.00000    4.22635
 143.50000    4.22720    0.00000    4.22720
 144.00000    4.21466    0.00000    4.21466
 144.50000    4.20179    0.00000    4.20179
 145.00000    4.21476    0.00000    4.21476
 145.50000    4.22456    0.00000    4.22456
 146.00000    4.23803    0.00000    4.23803
 146.50000    4.23959    0.00000    4.23959
 147.00000    4.25675    0.00000    4.25675
 147.50000    4.24519    0.00000    4.24519
 148.00000    4.23270    0.00000    4.23270
 148.50000    4.22138    0.00000    4.22138
 149.00000    4.23947    0.00000    4.23947
 149.50000    4.25675    0.00000    4.25675
 150.00000    4.22235    0.00000    4.22235
