   0.00000    1.37115    0.00000    1.37115
   0.50000    2.83585    0.00000    2.83585
   1.00000    3.27101    0.00000    3.27101
   1.50000    3.23888    0.00000    3.23888
   2.00000    3.18066    0.00000    3.18066
   2.50000    3.19169    0.00000    3.19169
   3.00000    3.24495    0.00000    3.24495
   3.50000    3.28043    0.00000    3.28043
   4.00000    3.30516    0.00000    3.30516
   4.50000    3.31310    0.00000    3.31310
   5.00000    3.33012    0.00000    3.33012
   5.50000    3.35827    0.00000    3.35827
   6.00000    3.37560    0.00000    3.37560
   6.50000    3.39234    0.00000    3.39234
   7.00000    3.39463    0.00000    3.39463
   7.50000    3.40469    0.00000    3.40469
   8.00000    3.41673    0.00000    3.41673
   8.50000    3.42392    0.00000    3.42392
   9.00000    3.43226    0.00000    3.43226
   9.50000    3.43638    0.00000    3.43638
  10.00000    3.44148    0.00000    3.44148
  10.50000    3.45513    0.00000    3.45513
  11.00000    3.46919    0.00000    3.46919
  11.50000    3.47690    0.00000    3.47690
  12.00000    3.47183    0.00000    3.47183
  12.50000    3.46440    0.00000    3.46440
  13.00000    3.47438    0.00000    3.47438
  13.50000    3.48097    0.00000    3.48097
  14.00000    3.49275    0.00000    3.49275
  14.50000    3.47153    0.00000    3.47153
  15.00000    3.48227    0.00000    3.48227
  15.50000    3.49255    0.00000    3.49255
  16.00000    3.52038    0.00000    3.52038
  16.50000    3.50570    0.00000    3.50570
  17.00000    3.51469    0.00000    3.51469
  17.50000    3.52269    0.00000    3.52269
  18.00000    3.54151    0.00000    3.54151
  18.50000    3.54567    0.00000    3.54567
  19.00000    3.57881    0.00000    3.57881
  19.50000    3.57889    0.00000    3.57889
  20.00000    3.58599    0.00000    3.58599
  20.50000    3.58644    0.00000    3.58644
  21.00000    3.61285    0.00000    3.61285
  21.50000    3.61525    0.00000    3.61525
  22.00000    3.62048    0.00000    3.62048
  22.50000    3.65024    0.00000    3.65024
  23.00000    3.70826    0.00000    3.70826
  23.50000    3.74103    0.00000    3.74103
  24.00000    3.76354    0.00000    3.76354
  24.50000    3.82144    0.00000    3.82144
  25.00000    3.90073    0.00000    3.90073
  25.50000    4.00480    0.00000    4.00480
  26.00000    4.13459    0.00000    4.13459
  26.50000    4.28348    0.00000    4.28348
  27.00000    4.37080    0.00000    4.37080
  27.50000    4.46854    0.00000    4.46854
  28.00000    4.55489    0.00000    4.55489
  28.50000    4.62261    0.00000    4.62261
  29.00000    4.64214    0.00000    4.64214
  29.50000    4.66617    0.00000    4.66617
  30.00000    4.67050    0.00000    4.67050
  30.50000    4.65584    0.00000    4.65584
  31.00000    4.66103    0.00000    4.66103
  31.50000    4.66476    0.00000    4.66476
  32.00000    4.64533    0.00000    4.64533
  32.50000    4.60667    0.00000    4.60667
  33.00000    4.58345    0.00000    4.58345
  33.50000    4.56690    0.00000    4.56690
  34.00000    4.54660    0.00000    4.54660
  34.50000    4.52877    0.00000    4.52877
  35.00000    4.49492    0.00000    4.49492
  35.50000    4.47700    0.00000    4.47700
  36.00000    4.44191    0.00000    4.44191
  36.50000    4.42204    0.00000    4.42204
  37.00000    4.37502    0.00000    4.37502
  37.50000    4.37438    0.00000    4.37438
  38.00000    4.36558    0.00000    4.36558
  38.50000    4.36743    0.00000    4.36743
  39.00000    4.35241    0.00000    4.35241
  39.50000    4.35947    0.00000    4.35947
  40.00000    4.36204    0.00000    4.36204
  40.50000    4.38197    0.00000    4.38197
  41.00000    4.38603    0.00000    4.38603
  41.50000    4.38321    0.00000    4.38321
  42.00000    4.36623    0.00000    4.36623
  42.50000    4.36510    0.00000    4.36510
  43.00000    4.36575    0.00000    4.36575
  43.50000    4.38310    0.00000    4.38310
  44.00000    4.39077    0.00000    4.39077
  44.50000    4.39176    0.00000    4.39176
  45.00000    4.39423    0.00000    4.39423
  45.50000    4.39238    0.00000    4.39238
  46.00000    4.39677    0.00000    4.39677
  46.50000    4.38461    0.00000    4.38461
  47.00000    4.37312    0.00000    4.37312
  47.50000    4.35770    0.00000    4.35770
  48.00000    4.36322    0.00000    4.36322
  48.50000    4.38225    0.00000    4.38225
  49.00000    4.37940    0.00000    4.37940
  49.50000    4.38287    0.00000    4.38287
  50.00000    4.38043    0.00000    4.38043
  50.50000    4.39011    0.00000    4.39011
  51.00000    4.37716    0.00000    4.37716
  51.50000    4.37910    0.00000    4.37910
  52.00000    4.37402    0.00000    4.37402
  52.50000    4.36839    0.00000    4.36839
  53.00000    4.36323    0.00000    4.36323
  53.50000    4.36490    0.00000    4.36490
  54.00000    4.37362    0.00000    4.37362
  54.50000    4.37141    0.00000    4.37141
  55.00000    4.37631    0.00000    4.37631
  55.50000    4.37696    0.00000    4.37696
  56.00000    4.37771    0.00000    4.37771
  56.50000    4.36376    0.00000    4.36376
  57.00000    4.37115    0.00000    4.37115
  57.50000    4.38597    0.00000    4.38597
  58.00000    4.38417    0.00000    4.38417
  58.50000    4.37352    0.00000    4.37352
  59.00000    4.36501    0.00000    4.36501
  59.50000    4.36786    0.00000    4.36786
  60.00000    4.37507    0.00000    4.37507
  60.50000    4.38915    0.00000    4.38915
  61.00000    4.37294    0.00000    4.37294
  61.50000    4.36156    0.00000    4.36156
  62.00000    4.35896    0.00000    4.35896
  62.50000    4.36845    0.00000    4.36845
  63.00000    4.36338    0.00000    4.36338
  63.50000    4.37453    0.00000    4.37453
  64.00000    4.37528    0.00000    4.37528
  64.50000    4.37304    0.00000    4.37304
  65.00000    4.36490    0.00000    4.36490
  65.50000    4.37611    0.00000    4.37611
  66.00000    4.37691    0.00000    4.37691
  66.50000    4.37364    0.00000    4.37364
  67.00000    4.36725    0.00000    4.36725
  67.50000    4.36504    0.00000    4.36504
  68.00000    4.35195    0.00000    4.35195
  68.50000    4.33818    0.00000    4.33818
  69.00000    4.34655    0.00000    4.34655
  69.50000    4.35509    0.00000    4.35509
  70.00000    4.35478    0.00000    4.35478
  70.50000    4.34980    0.00000    4.34980
  71.00000    4.35191    0.00000    4.35191
  71.50000    4.35300    0.00000    4.35300
  72.00000    4.34865    0.00000    4.34865
  72.50000    4.34434    0.00000    4.34434
  73.00000    4.34696    0.00000    4.34696
  73.50000    4.35425    0.00000    4.35425
  74.00000    4.34719    0.00000    4.34719
  74.50000    4.33753    0.00000    4.33753
  75.00000    4.32962    0.00000    4.32962
  75.50000    4.34058    0.00000    4.34058
  76.00000    4.33838    0.00000    4.33838
  76.50000    4.34341    0.00000    4.34341
  77.00000    4.34616    0.00000    4.34616
  77.50000    4.34384    0.00000    4.34384
  78.00000    4.32261    0.00000    4.32261
  78.50000    4.31288    0.00000    4.31288
  79.00000    4.31404    0.00000    4.31404
  79.50000    4.32448    0.00000    4.32448
  80.00000    4.33890    0.00000    4.33890
  80.50000    4.34091    0.00000    4.34091
  81.00000    4.33157    0.00000    4.33157
  81.50000    4.32397    0.00000    4.32397
  82.00000    4.33764    0.00000    4.33764
  82.50000    4.33352    0.00000    4.33352
  83.00000    4.32270    0.00000    4.32270
  83.50000    4.30152    0.00000    4.30152
  84.00000    4.31172    0.00000    4.31172
  84.50000    4.31544    0.00000    4.31544
  85.00000    4.32127    0.00000    4.32127
  85.50000    4.30575    0.00000    4.30575
  86.00000    4.32146    0.00000    4.32146
  86.50000    4.33260    0.00000    4.33260
  87.00000    4.34072    0.00000    4.34072
  87.50000    4.32024    0.00000    4.32024
  88.00000    4.32623    0.00000    4.32623
  88.50000    4.32642    0.00000    4.32642
  89.00000    4.31822    0.00000    4.31822
  89.50000    4.30823    0.00000    4.30823
  90.00000    4.32293    0.00000    4.32293
  90.50000    4.32263    0.00000    4.32263
  91.00000    4.31336    0.00000    4.31336
  91.50000    4.29217    0.00000    4.29217
  92.00000    4.28182    0.00000    4.28182
  92.50000    4.27773    0.00000    4.27773
  93.00000    4.28185    0.00000    4.28185
  93.50000    4.28012    0.00000    4.28012
  94.00000    4.28974    0.00000    4.28974
  94.50000    4.29736    0.00000    4.29736
  95.00000    4.29599    0.00000    4.29599
  95.50000    4.27231    0.00000    4.27231
  96.00000    4.27067    0.00000    4.27067
  96.50000    4.26382    0.00000    4.26382
  97.00000    4.26692    0.00000    4.26692
  97.50000    4.25904    0.00000    4.25904
  98.00000    4.27015    0.00000    4.27015
  98.50000    4.27478    0.00000    4.27478
  99.00000    4.28338    0.00000    4.28338
  99.50000    4.27320    0.00000    4.27320
 100.00000    4.26959    0.00000    4.26959
 100.50000    4.25813    0.00000    4.25813
 101.00000    4.26989    0.00000    4.26989
 101.50000    4.27158    0.00000    4.27158
 102.00000    4.26946    0.00000    4.26946
 102.50000    4.25053    0.00000    4.25053
 103.00000    4.24673    0.00000    4.24673
 103.50000    4.25401    0.00000    4.25401
 104.00000    4.24900    0.00000    4.24900
 104.50000    4.24416    0.00000    4.24416
 105.00000    4.24141    0.00000    4.24141
 105.50000    4.24253    0.00000    4.24253
 106.00000    4.23518    0.00000    4.23518
 106.50000    4.25040    0.00000    4.25040
 107.00000    4.24887    0.00000    4.24887
 107.50000    4.23780    0.00000    4.23780
 108.00000    4.23449    0.00000    4.23449
 108.50000    4.23947    0.00000    4.23947
 109.00000    4.24666    0.00000    4.24666
 109.50000    4.24731    0.00000    4.24731
 110.00000    4.24782    0.00000    4.24782
 110.50000    4.23996    0.00000    4.23996
 111.00000    4.24055    0.00000    4.24055
 111.50000    4.23937    0.00000    4.23937
 112.00000    4.22789    0.00000    4.22789
 112.50000    4.22132    0.00000    4.22132
 113.00000    4.21932    0.00000    4.21932
 113.50000    4.21751    0.00000    4.21751
 114.00000    4.22375    0.00000    4.22375
 114.50000    4.21508    0.00000    4.21508
 115.00000    4.21440    0.00000    4.21440
 115.50000    4.20742    0.00000    4.20742
 116.00000    4.21470    0.00000    4.21470
 116.50000    4.22147    0.00000    4.22147
 117.00000    4.22524    0.00000    4.22524
 117.50000    4.21531    0.00000    4.21531
 118.00000    4.20679    0.00000    4.20679
 118.50000    4.20746    0.00000    4.20746
 119.00000    4.20819    0.00000    4.20819
 119.50000    4.19324    0.00000    4.19324
 120.00000    4.19670    0.00000    4.19670
 120.50000    4.20547    0.00000    4.20547
 121.00000    4.21921    0.00000    4.21921
 121.50000    4.20767    0.00000    4.20767
 122.00000    4.19495    0.00000    4.19495
 122.50000    4.19169    0.00000    4.19169
 123.00000    4.19946    0.00000    4.19946
 123.50000    4.21414    0.00000    4.21414
 124.00000    4.21430    0.00000    4.21430
 124.50000    4.20195    0.00000    4.20195
 125.00000    4.18162    0.00000    4.18162
 125.50000    4.18168    0.00000    4.18168
 126.00000    4.19021    0.00000    4.19021
 126.50000    4.20157    0.00000    4.20157
 127.00000    4.19714    0.00000    4.19714
 127.50000    4.19301    0.00000    4.19301
 128.00000    4.19333    0.00000    4.19333
 128.50000    4.19692    0.00000    4.19692
 129.00000    4.19224    0.00000    4.19224
 129.50000    4.18883    0.00000    4.18883
 130.00000    4.18512    0.00000    4.18512
 130.50000    4.18141    0.00000    4.18141
 131.00000    4.18345    0.00000    4.18345
 131.50000    4.18322    0.00000    4.18322
 132.00000    4.18663    0.00000    4.18663
 132.50000    4.17941    0.00000    4.17941
 133.00000    4.17852    0.00000    4.17852
 133.50000    4.17540    0.00000    4.17540
 134.00000    4.19570    0.00000    4.19570
 134.50000    4.18860    0.00000    4.18860
 135.00000    4.17113    0.00000    4.17113
 135.50000    4.16495    0.00000    4.16495
 136.00000    4.17411    0.00000    4.17411
 136.50000    4.18095    0.00000    4.18095
 137.00000    4.17441    0.00000    4.17441
 137.50000    4.17550    0.00000    4.17550
 138.00000    4.18665    0.00000    4.18665
 138.50000    4.20518    0.00000    4.20518
 139.00000    4.19367    0.00000    4.19367
 139.50000    4.16694    0.00000    4.16694
 140.00000    4.16767    0.00000    4.16767
 140.50000    4.17483    0.00000    4.17483
 141.00000    4.18019    0.00000    4.18019
 141.50000    4.18633    0.00000    4.18633
 142.00000    4.19230    0.00000    4.19230
 142.50000    4.17661    0.00000    4.17661
 143.00000    4.17681    0.00000    4.17681
 143.50000    4.19513    0.00000    4.19513
 144.00000    4.20555    0.00000    4.20555
 144.50000    4.20261    0.00000    4.20261
 145.00000    4.19618    0.00000    4.19618
 145.50000    4.19587    0.00000    4.19587
 146.00000    4.19179    0.00000    4.19179
 146.50000    4.18943    0.00000    4.18943
 147.00000    4.18110    0.00000    4.18110
 147.50000    4.17757    0.00000    4.17757
 148.00000    4.18135    0.00000    4.18135
 148.50000    4.18576    0.00000    4.18576
 149.00000    4.19264    0.00000    4.19264
 149.50000    4.19822    0.00000    4.19822
 150.00000    4.20056    0.00000    4.20056
