   0.00000    1.61130    0.00000    1.61130
   0.50000    3.19945    0.00000    3.19945
   1.00000    3.46810    0.00000    3.46810
   1.50000    3.37128    0.00000    3.37128
   2.00000    3.41470    0.00000    3.41470
   2.50000    3.37033    0.00000    3.37033
   3.00000    3.27988    0.00000    3.27988
   3.50000    3.22745    0.00000    3.22745
   4.00000    3.23960    0.00000    3.23960
   4.50000    3.28385    0.00000    3.28385
   5.00000    3.33504    0.00000    3.33504
   5.50000    3.38516    0.00000    3.38516
   6.00000    3.41460    0.00000    3.41460
   6.50000    3.43816    0.00000    3.43816
   7.00000    3.44640    0.00000    3.44640
   7.50000    3.45178    0.00000    3.45178
   8.00000    3.46622    0.00000    3.46622
   8.50000    3.47911    0.00000    3.47911
   9.00000    3.48858    0.00000    3.48858
   9.50000    3.48568    0.00000    3.48568
  10.00000    3.49682    0.00000    3.49682
  10.50000    3.50471    0.00000    3.50471
  11.00000    3.50383    0.00000    3.50383
  11.50000    3.50360    0.00000    3.50360
  12.00000    3.52537    0.00000    3.52537
  12.50000    3.55059    0.00000    3.55059
  13.00000    3.55659    0.00000    3.55659
  13.50000    3.54841    0.00000    3.54841
  14.00000    3.55066    0.00000    3.55066
  14.50000    3.55488    0.00000    3.55488
  15.00000    3.56187    0.00000    3.56187
  15.50000    3.55384    0.00000    3.55384
  16.00000    3.56562    0.00000    3.56562
  16.50000    3.57386    0.00000    3.57386
  17.00000    3.58684    0.00000    3.58684
  17.50000    3.59148    0.00000    3.59148
  18.00000    3.59302    0.00000    3.59302
  18.50000    3.59804    0.00000    3.59804
  19.00000    3.62039    0.00000    3.62039
  19.50000    3.61681    0.00000    3.61681
  20.00000    3.60985    0.00000    3.60985
  20.50000    3.60678    0.00000    3.60678
  21.00000    3.62686    0.00000    3.62686
  21.50000    3.61701    0.00000    3.61701
  22.00000    3.62756    0.00000    3.62756
  22.50000    3.65903    0.00000    3.65903
  23.00000    3.70754    0.00000    3.70754
  23.50000    3.72705    0.00000    3.72705
  24.00000    3.68735    0.00000    3.68735
  24.50000    3.66042    0.00000    3.66042
  25.00000    3.66495    0.00000    3.66495
  25.50000    3.66913    0.00000    3.66913
  26.00000    3.65234    0.00000    3.65234
  26.50000    3.69095    0.00000    3.69095
  27.00000    3.73082    0.00000    3.73082
  27.50000    3.81050    0.00000    3.81050
  28.00000    3.89803    0.00000    3.89803
  28.50000    3.99764    0.00000    3.99764
  29.00000    4.03668    0.00000    4.03668
  29.50000    4.05800    0.00000    4.05800
  30.00000    4.05445    0.00000    4.05445
  30.50000    4.06762    0.00000    4.06762
  31.00000    4.09533    0.00000    4.09533
  31.50000    4.10688    0.00000    4.10688
  32.00000    4.10930    0.00000    4.10930
  32.50000    4.12849    0.00000    4.12849
  33.00000    4.16740    0.00000    4.16740
  33.50000    4.21579    0.00000    4.21579
  34.00000    4.25560    0.00000    4.25560
  34.50000    4.27944    0.00000    4.27944
  35.00000    4.29346    0.00000    4.29346
  35.50000    4.30789    0.00000    4.30789
  36.00000    4.34820    0.00000    4.34820
  36.50000    4.38663    0.00000    4.38663
  37.00000    4.38887    0.00000    4.38887
  37.50000    4.38031    0.00000    4.38031
  38.00000    4.38470    0.00000    4.38470
  38.50000    4.41433    0.00000    4.41433
  39.00000    4.44248    0.00000    4.44248
  39.50000    4.46020    0.00000    4.46020
  40.00000    4.45098    0.00000    4.45098
  40.50000    4.44866    0.00000    4.44866
  41.00000    4.44176    0.00000    4.44176
  41.50000    4.44526    0.00000    4.44526
  42.00000    4.43935    0.00000    4.43935
  42.50000    4.43850    0.00000    4.43850
  43.00000    4.42896    0.00000    4.42896
  43.50000    4.42777    0.00000    4.42777
  44.00000    4.42261    0.00000    4.42261
  44.50000    4.41293    0.00000    4.41293
  45.00000    4.43535    0.00000    4.43535
  45.50000    4.42830    0.00000    4.42830
  46.00000    4.42509    0.00000    4.42509
  46.50000    4.40486    0.00000    4.40486
  47.00000    4.42499    0.00000    4.42499
  47.50000    4.42857    0.00000    4.42857
  48.00000    4.43695    0.00000    4.43695
  48.50000    4.43596    0.00000    4.43596
  49.00000    4.42920    0.00000    4.42920
  49.50000    4.41475    0.00000    4.41475
  50.00000    4.41155    0.00000    4.41155
  50.50000    4.41678    0.00000    4.41678
  51.00000    4.40991    0.00000    4.40991
  51.50000    4.39909    0.00000    4.39909
  52.00000    4.39043    0.00000    4.39043
  52.50000    4.36844    0.00000    4.36844
  53.00000    4.36661    0.00000    4.36661
  53.50000    4.38342    0.00000    4.38342
  54.00000    4.40116    0.00000    4.40116
  54.50000    4.38917    0.00000    4.38917
  55.00000    4.39228    0.00000    4.39228
  55.50000    4.38993    0.00000    4.38993
  56.00000    4.38526    0.00000    4.38526
  56.50000    4.39143    0.00000    4.39143
  57.00000    4.39018    0.00000    4.39018
  57.50000    4.39439    0.00000    4.39439
  58.00000    4.39137    0.00000    4.39137
  58.50000    4.40920    0.00000    4.40920
  59.00000    4.40166    0.00000    4.40166
  59.50000    4.39680    0.00000    4.39680
  60.00000    4.38768    0.00000    4.38768
  60.50000    4.37511    0.00000    4.37511
  61.00000    4.35802    0.00000    4.35802
  61.50000    4.36301    0.00000    4.36301
  62.00000    4.38465    0.00000    4.38465
  62.50000    4.38973    0.00000    4.38973
  63.00000    4.37697    0.00000    4.37697
  63.50000    4.38413    0.00000    4.38413
  64.00000    4.38415    0.00000    4.38415
  64.50000    4.38134    0.00000    4.38134
  65.00000    4.36721    0.00000    4.36721
  65.50000    4.36997    0.00000    4.36997
  66.00000    4.35872    0.00000    4.35872
  66.50000    4.35425    0.00000    4.35425
  67.00000    4.33264    0.00000    4.33264
  67.50000    4.33434    0.00000    4.33434
  68.00000    4.34501    0.00000    4.34501
  68.50000    4.35119    0.00000    4.35119
  69.00000    4.34955    0.00000    4.34955
  69.50000    4.36160    0.00000    4.36160
  70.00000    4.37160    0.00000    4.37160
  70.50000    4.35578    0.00000    4.35578
  71.00000    4.34506    0.00000    4.34506
  71.50000    4.33282    0.00000    4.33282
  72.00000    4.33124    0.00000    4.33124
  72.50000    4.32576    0.00000    4.32576
  73.00000    4.32962    0.00000    4.32962
  73.50000    4.32703    0.00000    4.32703
  74.00000    4.33328    0.00000    4.33328
  74.50000    4.32419    0.00000    4.32419
  75.00000    4.32141    0.00000    4.32141
  75.50000    4.32149    0.00000    4.32149
  76.00000    4.31794    0.00000    4.31794
  76.50000    4.31269    0.00000    4.31269
  77.00000    4.32839    0.00000    4.32839
  77.50000    4.33829    0.00000    4.33829
  78.00000    4.33356    0.00000    4.33356
  78.50000    4.32760    0.00000    4.32760
  79.00000    4.31870    0.00000    4.31870
  79.50000    4.30207    0.00000    4.30207
  80.00000    4.28405    0.00000    4.28405
  80.50000    4.29885    0.00000    4.29885
  81.00000    4.29847    0.00000    4.29847
  81.50000    4.29959    0.00000    4.29959
  82.00000    4.30069    0.00000    4.30069
  82.50000    4.31917    0.00000    4.31917
  83.00000    4.30469    0.00000    4.30469
  83.50000    4.27850    0.00000    4.27850
  84.00000    4.28268    0.00000    4.28268
  84.50000    4.30651    0.00000    4.30651
  85.00000    4.30682    0.00000    4.30682
  85.50000    4.27922    0.00000    4.27922
  86.00000    4.27289    0.00000    4.27289
  86.50000    4.28153    0.00000    4.28153
  87.00000    4.28587    0.00000    4.28587
  87.50000    4.27519    0.00000    4.27519
  88.00000    4.27995    0.00000    4.27995
  88.50000    4.26813    0.00000    4.26813
  89.00000    4.26799    0.00000    4.26799
  89.50000    4.26564    0.00000    4.26564
  90.00000    4.27671    0.00000    4.27671
  90.50000    4.26070    0.00000    4.26070
  91.00000    4.25547    0.00000    4.25547
  91.50000    4.24674    0.00000    4.24674
  92.00000    4.25559    0.00000    4.25559
  92.50000    4.26765    0.00000    4.26765
  93.00000    4.26900    0.00000    4.26900
  93.50000    4.25284    0.00000    4.25284
  94.00000    4.22417    0.00000    4.22417
  94.50000    4.22712    0.00000    4.22712
  95.00000    4.24125    0.00000    4.24125
  95.50000    4.26042    0.00000    4.26042
  96.00000    4.26146    0.00000    4.26146
  96.50000    4.24874    0.00000    4.24874
  97.00000    4.23335    0.00000    4.23335
  97.50000    4.23545    0.00000    4.23545
  98.00000    4.23898    0.00000    4.23898
  98.50000    4.24020    0.00000    4.24020
  99.00000    4.23366    0.00000    4.23366
  99.50000    4.23785    0.00000    4.23785
 100.00000    4.23890    0.00000    4.23890
 100.50000    4.24182    0.00000    4.24182
 101.00000    4.23967    0.00000    4.23967
 101.50000    4.22741    0.00000    4.22741
 102.00000    4.22567    0.00000    4.22567
 102.50000    4.23395    0.00000    4.23395
 103.00000    4.25044    0.00000    4.25044
 103.50000    4.24380    0.00000    4.24380
 104.00000    4.23311    0.00000    4.23311
 104.50000    4.22296    0.00000    4.22296
 105.00000    4.21522    0.00000    4.21522
 105.50000    4.22356    0.00000    4.22356
 106.00000    4.23566    0.00000    4.23566
 106.50000    4.23768    0.00000    4.23768
 107.00000    4.23915    0.00000    4.23915
 107.50000    4.24004    0.00000    4.24004
 108.00000    4.23604    0.00000    4.23604
 108.50000    4.22775    0.00000    4.22775
 109.00000    4.22873    0.00000    4.22873
 109.50000    4.22712    0.00000    4.22712
 110.00000    4.22017    0.00000    4.22017
 110.50000    4.21823    0.00000    4.21823
 111.00000    4.21906    0.00000    4.21906
 111.50000    4.22467    0.00000    4.22467
 112.00000    4.21197    0.00000    4.21197
 112.50000    4.19778    0.00000    4.19778
 113.00000    4.18977    0.00000    4.18977
 113.50000    4.20643    0.00000    4.20643
 114.00000    4.20860    0.00000    4.20860
 114.50000    4.21017    0.00000    4.21017
 115.00000    4.18860    0.00000    4.18860
 115.50000    4.19690    0.00000    4.19690
 116.00000    4.20529    0.00000    4.20529
 116.50000    4.22474    0.00000    4.22474
 117.00000    4.21845    0.00000    4.21845
 117.50000    4.21031    0.00000    4.21031
 118.00000    4.18927    0.00000    4.18927
 118.50000    4.16911    0.00000    4.16911
 119.00000    4.17944    0.00000    4.17944
 119.50000    4.19684    0.00000    4.19684
 120.00000    4.18823    0.00000    4.18823
 120.50000    4.16920    0.00000    4.16920
 121.00000    4.17576    0.00000    4.17576
 121.50000    4.18703    0.00000    4.18703
 122.00000    4.19768    0.00000    4.19768
 122.50000    4.19468    0.00000    4.19468
 123.00000    4.19068    0.00000    4.19068
 123.50000    4.19712    0.00000    4.19712
 124.00000    4.20887    0.00000    4.20887
 124.50000    4.20865    0.00000    4.20865
 125.00000    4.20483    0.00000    4.20483
 125.50000    4.19987    0.00000    4.19987
 126.00000    4.19664    0.00000    4.19664
 126.50000    4.17989    0.00000    4.17989
 127.00000    4.17540    0.00000    4.17540
 127.50000    4.17626    0.00000    4.17626
 128.00000    4.19793    0.00000    4.19793
 128.50000    4.19901    0.00000    4.19901
 129.00000    4.18747    0.00000    4.18747
 129.50000    4.17637    0.00000    4.17637
 130.00000    4.17742    0.00000    4.17742
 130.50000    4.18049    0.00000    4.18049
 131.00000    4.16134    0.00000    4.16134
 131.50000    4.15464    0.00000    4.15464
 132.00000    4.15454    0.00000    4.15454
 132.50000    4.16557    0.00000    4.16557
 133.00000    4.16886    0.00000    4.16886
 133.50000    4.18508    0.00000    4.18508
 134.00000    4.19349    0.00000    4.19349
 134.50000    4.18946    0.00000    4.18946
 135.00000    4.18474    0.00000    4.18474
 135.50000    4.19158    0.00000    4.19158
 136.00000    4.19178    0.00000    4.19178
 136.50000    4.19371    0.00000    4.19371
 137.00000    4.19166    0.00000    4.19166
 137.50000    4.19102    0.00000    4.19102
 138.00000    4.19228    0.00000    4.19228
 138.50000    4.20176    0.00000    4.20176
 139.00000    4.21463    0.00000    4.21463
 139.50000    4.20659    0.00000    4.20659
 140.00000    4.20339    0.00000    4.20339
 140.50000    4.18724    0.00000    4.18724
 141.00000    4.18147    0.00000    4.18147
 141.50000    4.18309    0.00000    4.18309
 142.00000    4.19236    0.00000    4.19236
 142.50000    4.19463    0.00000    4.19463
 143.00000    4.19606    0.00000    4.19606
 143.50000    4.19381    0.00000    4.19381
 144.00000    4.17859    0.00000    4.17859
 144.50000    4.16878    0.00000    4.16878
 145.00000    4.17725    0.00000    4.17725
 145.50000    4.19105    0.00000    4.19105
 146.00000    4.20136    0.00000    4.20136
 146.50000    4.19845    0.00000    4.19845
 147.00000    4.19213    0.00000    4.19213
 147.50000    4.19671    0.00000    4.19671
 148.00000    4.18958    0.00000    4.18958
 148.50000    4.18428    0.00000    4.18428
 149.00000    4.18399    0.00000    4.18399
 149.50000    4.19382    0.00000    4.19382
 150.00000    4.15795    0.00000    4.15795
