   0.00000    1.01118    0.00000    1.01118
   0.50000    3.23837    0.00000    3.23837
   1.00000    3.42657    0.00000    3.42657
   1.50000    2.99423    0.00000    2.99423
   2.00000    2.89879    0.00000    2.89879
   2.50000    2.87252    0.00000    2.87252
   3.00000    2.90857    0.00000    2.90857
   3.50000    2.89836    0.00000    2.89836
   4.00000    2.91008    0.00000    2.91008
   4.50000    2.91938    0.00000    2.91938
   5.00000    2.95463    0.00000    2.95463
   5.50000    3.10125    0.00000    3.10125
   6.00000    3.12285    0.00000    3.12285
   6.50000    3.22353    0.00000    3.22353
   7.00000    3.31049    0.00000    3.31049
   7.50000    3.42849    0.00000    3.42849
   8.00000    3.37394    0.00000    3.37394
   8.50000    3.33237    0.00000    3.33237
   9.00000    3.34949    0.00000    3.34949
   9.50000    3.37224    0.00000    3.37224
  10.00000    3.36134    0.00000    3.36134
  10.50000    3.33465    0.00000    3.33465
  11.00000    3.39490    0.00000    3.39490
  11.50000    3.42032    0.00000    3.42032
  12.00000    3.39251    0.00000    3.39251
  12.50000    3.35601    0.00000    3.35601
  13.00000    3.39042    0.00000    3.39042
  13.50000    3.37943    0.00000    3.37943
  14.00000    3.38087    0.00000    3.38087
  14.50000    3.35083    0.00000    3.35083
  15.00000    3.34613    0.00000    3.34613
  15.50000    3.31967    0.00000    3.31967
  16.00000    3.36543    0.00000    3.36543
  16.50000    3.32068    0.00000    3.32068
  17.00000    3.32021    0.00000    3.32021
  17.50000    3.34839    0.00000    3.34839
  18.00000    3.40156    0.00000    3.40156
  18.50000    3.34203    0.00000    3.34203
  19.00000    3.33460    0.00000    3.33460
  19.50000    3.33983    0.00000    3.33983
  20.00000    3.30642    0.00000    3.30642
  20.50000    3.30638    0.00000    3.30638
  21.00000    3.35157    0.00000    3.35157
  21.50000    3.37141    0.00000    3.37141
  22.00000    3.36883    0.00000    3.36883
  22.50000    3.37288    0.00000    3.37288
  23.00000    3.40095    0.00000    3.40095
  23.50000    3.44552    0.00000    3.44552
  24.00000    3.47771    0.00000    3.47771
  24.50000    3.47337    0.00000    3.47337
  25.00000    3.42432    0.00000    3.42432
  25.50000    3.36950    0.00000    3.36950
  26.00000    3.34977    0.00000    3.34977
  26.50000    3.39382    0.00000    3.39382
  27.00000    3.40703    0.00000    3.40703
  27.50000    3.37499    0.00000    3.37499
  28.00000    3.39923    0.00000    3.39923
  28.50000    3.44016    0.00000    3.44016
  29.00000    3.46600    0.00000    3.46600
  29.50000    3.41898    0.00000    3.41898
  30.00000    3.39587    0.00000    3.39587
  30.50000    3.39919    0.00000    3.39919
  31.00000    3.39538    0.00000    3.39538
  31.50000    3.40169    0.00000    3.40169
  32.00000    3.41132    0.00000    3.41132
  32.50000    3.41090    0.00000    3.41090
  33.00000    3.40731    0.00000    3.40731
  33.50000    3.41791    0.00000    3.41791
  34.00000    3.48991    0.00000    3.48991
  34.50000    3.51480    0.00000    3.51480
  35.00000    3.54971    0.00000    3.54971
  35.50000    3.52953    0.00000    3.52953
  36.00000    3.56520    0.00000    3.56520
  36.50000    3.56160    0.00000    3.56160
  37.00000    3.57591    0.00000    3.57591
  37.50000    3.59664    0.00000    3.59664
  38.00000    3.66734    0.00000    3.66734
  38.50000    3.67274    0.00000    3.67274
  39.00000    3.62654    0.00000    3.62654
  39.50000    3.55863    0.00000    3.55863
  40.00000    3.57117    0.00000    3.57117
  40.50000    3.59586    0.00000    3.59586
  41.00000    3.58513    0.00000    3.58513
  41.50000    3.55476    0.00000    3.55476
  42.00000    3.56425    0.00000    3.56425
  42.50000    3.57972    0.00000    3.57972
  43.00000    3.57669    0.00000    3.57669
  43.50000    3.57676    0.00000    3.57676
  44.00000    3.57338    0.00000    3.57338
  44.50000    3.54651    0.00000    3.54651
  45.00000    3.51820    0.00000    3.51820
  45.50000    3.54501    0.00000    3.54501
  46.00000    3.52341    0.00000    3.52341
  46.50000    3.53471    0.00000    3.53471
  47.00000    3.57757    0.00000    3.57757
  47.50000    3.60544    0.00000    3.60544
  48.00000    3.55591    0.00000    3.55591
  48.50000    3.64540    0.00000    3.64540
  49.00000    3.84885    0.00000    3.84885
  49.50000    4.03141    0.00000    4.03141
  50.00000    4.08763    0.00000    4.08763
  50.50000    4.12937    0.00000    4.12937
  51.00000    4.12258    0.00000    4.12258
  51.50000    4.13191    0.00000    4.13191
  52.00000    4.10805    0.00000    4.10805
  52.50000    4.11222    0.00000    4.11222
  53.00000    4.11847    0.00000    4.11847
  53.50000    4.16292    0.00000    4.16292
  54.00000    4.17345    0.00000    4.17345
  54.50000    4.25109    0.00000    4.25109
  55.00000    4.35934    0.00000    4.35934
  55.50000    4.43115    0.00000    4.43115
  56.00000    4.38655    0.00000    4.38655
  56.50000    4.36946    0.00000    4.36946
  57.00000    4.40169    0.00000    4.40169
  57.50000    4.44483    0.00000    4.44483
  58.00000    4.45565    0.00000    4.45565
  58.50000    4.47251    0.00000    4.47251
  59.00000    4.45590    0.00000    4.45590
  59.50000    4.43088    0.00000    4.43088
  60.00000    4.44920    0.00000    4.44920
  60.50000    4.49675    0.00000    4.49675
  61.00000    4.45530    0.00000    4.45530
  61.50000    4.43663    0.00000    4.43663
  62.00000    4.43850    0.00000    4.43850
  62.50000    4.45404    0.00000    4.45404
  63.00000    4.47708    0.00000    4.47708
  63.50000    4.50727    0.00000    4.50727
  64.00000    4.44829    0.00000    4.44829
  64.50000    4.42153    0.00000    4.42153
  65.00000    4.47074    0.00000    4.47074
  65.50000    4.46138    0.00000    4.46138
  66.00000    4.45631    0.00000    4.45631
  66.50000    4.48955    0.00000    4.48955
  67.00000    4.51892    0.00000    4.51892
  67.50000    4.47179    0.00000    4.47179
  68.00000    4.47705    0.00000    4.47705
  68.50000    4.48430    0.00000    4.48430
  69.00000    4.50314    0.00000    4.50314
  69.50000    4.52442    0.00000    4.52442
  70.00000    4.49991    0.00000    4.49991
  70.50000    4.50208    0.00000    4.50208
  71.00000    4.47215    0.00000    4.47215
  71.50000    4.46118    0.00000    4.46118
  72.00000    4.41205    0.00000    4.41205
  72.50000    4.46249    0.00000    4.46249
  73.00000    4.49866    0.00000    4.49866
  73.50000    4.50826    0.00000    4.50826
  74.00000    4.51742    0.00000    4.51742
  74.50000    4.48847    0.00000    4.48847
  75.00000    4.46699    0.00000    4.46699
  75.50000    4.41152    0.00000    4.41152
  76.00000    4.41594    0.00000    4.41594
  76.50000    4.41804    0.00000    4.41804
  77.00000    4.44822    0.00000    4.44822
  77.50000    4.44979    0.00000    4.44979
  78.00000    4.40777    0.00000    4.40777
  78.50000    4.42090    0.00000    4.42090
  79.00000    4.43776    0.00000    4.43776
  79.50000    4.44859    0.00000    4.44859
  80.00000    4.39247    0.00000    4.39247
  80.50000    4.37192    0.00000    4.37192
  81.00000    4.37224    0.00000    4.37224
  81.50000    4.37906    0.00000    4.37906
  82.00000    4.39507    0.00000    4.39507
  82.50000    4.39322    0.00000    4.39322
  83.00000    4.41052    0.00000    4.41052
  83.50000    4.39599    0.00000    4.39599
  84.00000    4.37740    0.00000    4.37740
  84.50000    4.35742    0.00000    4.35742
  85.00000    4.32017    0.00000    4.32017
  85.50000    4.30416    0.00000    4.30416
  86.00000    4.31264    0.00000    4.31264
  86.50000    4.32145    0.00000    4.32145
  87.00000    4.27014    0.00000    4.27014
  87.50000    4.27826    0.00000    4.27826
  88.00000    4.30210    0.00000    4.30210
  88.50000    4.28944    0.00000    4.28944
  89.00000    4.26730    0.00000    4.26730
  89.50000    4.28537    0.00000    4.28537
  90.00000    4.28198    0.00000    4.28198
  90.50000    4.28613    0.00000    4.28613
  91.00000    4.30555    0.00000    4.30555
  91.50000    4.28566    0.00000    4.28566
  92.00000    4.28180    0.00000    4.28180
  92.50000    4.27217    0.00000    4.27217
  93.00000    4.24743    0.00000    4.24743
  93.50000    4.19298    0.00000    4.19298
  94.00000    4.21116    0.00000    4.21116
  94.50000    4.22188    0.00000    4.22188
  95.00000    4.22902    0.00000    4.22902
  95.50000    4.21944    0.00000    4.21944
  96.00000    4.20938    0.00000    4.20938
  96.50000    4.18668    0.00000    4.18668
  97.00000    4.16906    0.00000    4.16906
  97.50000    4.16557    0.00000    4.16557
  98.00000    4.15935    0.00000    4.15935
  98.50000    4.16378    0.00000    4.16378
  99.00000    4.19235    0.00000    4.19235
  99.50000    4.16881    0.00000    4.16881
 100.00000    4.16536    0.00000    4.16536
 100.50000    4.14562    0.00000    4.14562
 101.00000    4.19237    0.00000    4.19237
 101.50000    4.18016    0.00000    4.18016
 102.00000    4.17591    0.00000    4.17591
 102.50000    4.12181    0.00000    4.12181
 103.00000    4.12363    0.00000    4.12363
 103.50000    4.09790    0.00000    4.09790
 104.00000    4.07785    0.00000    4.07785
 104.50000    4.03748    0.00000    4.03748
 105.00000    4.07403    0.00000    4.07403
 105.50000    4.08823    0.00000    4.08823
 106.00000    4.07390    0.00000    4.07390
 106.50000    4.06448    0.00000    4.06448
 107.00000    4.04775    0.00000    4.04775
 107.50000    4.04735    0.00000    4.04735
 108.00000    4.00107    0.00000    4.00107
 108.50000    4.03526    0.00000    4.03526
 109.00000    4.02947    0.00000    4.02947
 109.50000    3.99855    0.00000    3.99855
 110.00000    3.98815    0.00000    3.98815
 110.50000    3.99698    0.00000    3.99698
 111.00000    3.96979    0.00000    3.96979
 111.50000    3.95347    0.00000    3.95347
 112.00000    3.99422    0.00000    3.99422
 112.50000    4.03653    0.00000    4.03653
 113.00000    3.98395    0.00000    3.98395
 113.50000    3.99696    0.00000    3.99696
 114.00000    4.04626    0.00000    4.04626
 114.50000    4.10589    0.00000    4.10589
 115.00000    4.03361    0.00000    4.03361
 115.50000    3.97766    0.00000    3.97766
 116.00000    3.95856    0.00000    3.95856
 116.50000    3.94382    0.00000    3.94382
 117.00000    3.97226    0.00000    3.97226
 117.50000    3.97062    0.00000    3.97062
 118.00000    3.97195    0.00000    3.97195
 118.50000    3.95922    0.00000    3.95922
 119.00000    3.98148    0.00000    3.98148
 119.50000    3.93504    0.00000    3.93504
 120.00000    3.92015    0.00000    3.92015
 120.50000    3.91408    0.00000    3.91408
 121.00000    3.90371    0.00000    3.90371
 121.50000    3.84538    0.00000    3.84538
 122.00000    3.84194    0.00000    3.84194
 122.50000    3.87143    0.00000    3.87143
 123.00000    3.94226    0.00000    3.94226
 123.50000    3.92326    0.00000    3.92326
 124.00000    3.94230    0.00000    3.94230
 124.50000    3.94594    0.00000    3.94594
 125.00000    3.94652    0.00000    3.94652
 125.50000    3.88010    0.00000    3.88010
 126.00000    3.87565    0.00000    3.87565
 126.50000    3.83630    0.00000    3.83630
 127.00000    3.86572    0.00000    3.86572
 127.50000    3.88534    0.00000    3.88534
 128.00000    3.91334    0.00000    3.91334
 128.50000    3.89357    0.00000    3.89357
 129.00000    3.88281    0.00000    3.88281
 129.50000    3.86600    0.00000    3.86600
 130.00000    3.88945    0.00000    3.88945
 130.50000    3.92090    0.00000    3.92090
 131.00000    3.91629    0.00000    3.91629
 131.50000    3.87978    0.00000    3.87978
 132.00000    3.82017    0.00000    3.82017
 132.50000    3.79987    0.00000    3.79987
 133.00000    3.80242    0.00000    3.80242
 133.50000    3.82884    0.00000    3.82884
 134.00000    3.80178    0.00000    3.80178
 134.50000    3.81846    0.00000    3.81846
 135.00000    3.77915    0.00000    3.77915
 135.50000    3.80978    0.00000    3.80978
 136.00000    3.84912    0.00000    3.84912
 136.50000    3.89046    0.00000    3.89046
 137.00000    3.85517    0.00000    3.85517
 137.50000    3.82080    0.00000    3.82080
 138.00000    3.88643    0.00000    3.88643
 138.50000    3.89648    0.00000    3.89648
 139.00000    3.86273    0.00000    3.86273
 139.50000    3.81358    0.00000    3.81358
 140.00000    3.82600    0.00000    3.82600
 140.50000    3.81196    0.00000    3.81196
 141.00000    3.79736    0.00000    3.79736
 141.50000    3.79317    0.00000    3.79317
 142.00000    3.78051    0.00000    3.78051
 142.50000    3.80172    0.00000    3.80172
 143.00000    3.84375    0.00000    3.84375
 143.50000    3.87198    0.00000    3.87198
 144.00000    3.84691    0.00000    3.84691
 144.50000    3.82248    0.00000    3.82248
 145.00000    3.84543    0.00000    3.84543
 145.50000    3.89579    0.00000    3.89579
 146.00000    3.86480    0.00000    3.86480
 146.50000    3.81814    0.00000    3.81814
 147.00000    3.81782    0.00000    3.81782
 147.50000    3.81618    0.00000    3.81618
 148.00000    3.82727    0.00000    3.82727
 148.50000    3.80410    0.00000    3.80410
 149.00000    3.81022    0.00000    3.81022
 149.50000    3.80122    0.00000    3.80122
 150.00000    3.82172    0.00000    3.82172
