   0.00000    1.25925    0.00000    1.25925
   0.50000    3.04550    0.00000    3.04550
   1.00000    3.23899    0.00000    3.23899
   1.50000    3.02596    0.00000    3.02596
   2.00000    3.06542    0.00000    3.06542
   2.50000    3.07750    0.00000    3.07750
   3.00000    3.05520    0.00000    3.05520
   3.50000    3.02647    0.00000    3.02647
   4.00000    3.05358    0.00000    3.05358
   4.50000    3.10881    0.00000    3.10881
   5.00000    3.17055    0.00000    3.17055
   5.50000    3.28965    0.00000    3.28965
   6.00000    3.32998    0.00000    3.32998
   6.50000    3.40322    0.00000    3.40322
   7.00000    3.44606    0.00000    3.44606
   7.50000    3.52748    0.00000    3.52748
   8.00000    3.47908    0.00000    3.47908
   8.50000    3.46361    0.00000    3.46361
   9.00000    3.46521    0.00000    3.46521
   9.50000    3.50178    0.00000    3.50178
  10.00000    3.52582    0.00000    3.52582
  10.50000    3.54195    0.00000    3.54195
  11.00000    3.56222    0.00000    3.56222
  11.50000    3.54331    0.00000    3.54331
  12.00000    3.52699    0.00000    3.52699
  12.50000    3.51433    0.00000    3.51433
  13.00000    3.54883    0.00000    3.54883
  13.50000    3.53632    0.00000    3.53632
  14.00000    3.53465    0.00000    3.53465
  14.50000    3.51225    0.00000    3.51225
  15.00000    3.50952    0.00000    3.50952
  15.50000    3.51871    0.00000    3.51871
  16.00000    3.53600    0.00000    3.53600
  16.50000    3.54754    0.00000    3.54754
  17.00000    3.50273    0.00000    3.50273
  17.50000    3.50407    0.00000    3.50407
  18.00000    3.52085    0.00000    3.52085
  18.50000    3.56018    0.00000    3.56018
  19.00000    3.53146    0.00000    3.53146
  19.50000    3.51472    0.00000    3.51472
  20.00000    3.49787    0.00000    3.49787
  20.50000    3.52270    0.00000    3.52270
  21.00000    3.52904    0.00000    3.52904
  21.50000    3.53453    0.00000    3.53453
  22.00000    3.52084    0.00000    3.52084
  22.50000    3.51662    0.00000    3.51662
  23.00000    3.52684    0.00000    3.52684
  23.50000    3.54201    0.00000    3.54201
  24.00000    3.51830    0.00000    3.51830
  24.50000    3.46373    0.00000    3.46373
  25.00000    3.40615    0.00000    3.40615
  25.50000    3.40857    0.00000    3.40857
  26.00000    3.42839    0.00000    3.42839
  26.50000    3.48661    0.00000    3.48661
  27.00000    3.51146    0.00000    3.51146
  27.50000    3.54412    0.00000    3.54412
  28.00000    3.55129    0.00000    3.55129
  28.50000    3.58465    0.00000    3.58465
  29.00000    3.59441    0.00000    3.59441
  29.50000    3.59655    0.00000    3.59655
  30.00000    3.59611    0.00000    3.59611
  30.50000    3.58354    0.00000    3.58354
  31.00000    3.58109    0.00000    3.58109
  31.50000    3.58499    0.00000    3.58499
  32.00000    3.65314    0.00000    3.65314
  32.50000    3.64286    0.00000    3.64286
  33.00000    3.63998    0.00000    3.63998
  33.50000    3.59824    0.00000    3.59824
  34.00000    3.61734    0.00000    3.61734
  34.50000    3.61690    0.00000    3.61690
  35.00000    3.64056    0.00000    3.64056
  35.50000    3.60753    0.00000    3.60753
  36.00000    3.58512    0.00000    3.58512
  36.50000    3.50318    0.00000    3.50318
  37.00000    3.48216    0.00000    3.48216
  37.50000    3.46062    0.00000    3.46062
  38.00000    3.50768    0.00000    3.50768
  38.50000    3.48252    0.00000    3.48252
  39.00000    3.45968    0.00000    3.45968
  39.50000    3.42374    0.00000    3.42374
  40.00000    3.45803    0.00000    3.45803
  40.50000    3.49353    0.00000    3.49353
  41.00000    3.49212    0.00000    3.49212
  41.50000    3.48765    0.00000    3.48765
  42.00000    3.47151    0.00000    3.47151
  42.50000    3.44566    0.00000    3.44566
  43.00000    3.42208    0.00000    3.42208
  43.50000    3.45892    0.00000    3.45892
  44.00000    3.50106    0.00000    3.50106
  44.50000    3.51717    0.00000    3.51717
  45.00000    3.52197    0.00000    3.52197
  45.50000    3.55752    0.00000    3.55752
  46.00000    3.58345    0.00000    3.58345
  46.50000    3.59880    0.00000    3.59880
  47.00000    3.63881    0.00000    3.63881
  47.50000    3.67823    0.00000    3.67823
  48.00000    3.66716    0.00000    3.66716
  48.50000    3.77286    0.00000    3.77286
  49.00000    3.92749    0.00000    3.92749
  49.50000    4.08030    0.00000    4.08030
  50.00000    4.13317    0.00000    4.13317
  50.50000    4.19853    0.00000    4.19853
  51.00000    4.19592    0.00000    4.19592
  51.50000    4.22629    0.00000    4.22629
  52.00000    4.24307    0.00000    4.24307
  52.50000    4.26331    0.00000    4.26331
  53.00000    4.27250    0.00000    4.27250
  53.50000    4.27842    0.00000    4.27842
  54.00000    4.30080    0.00000    4.30080
  54.50000    4.38520    0.00000    4.38520
  55.00000    4.46211    0.00000    4.46211
  55.50000    4.46575    0.00000    4.46575
  56.00000    4.45244    0.00000    4.45244
  56.50000    4.44933    0.00000    4.44933
  57.00000    4.45785    0.00000    4.45785
  57.50000    4.45815    0.00000    4.45815
  58.00000    4.48269    0.00000    4.48269
  58.50000    4.47911    0.00000    4.47911
  59.00000    4.47709    0.00000    4.47709
  59.50000    4.48081    0.00000    4.48081
  60.00000    4.49432    0.00000    4.49432
  60.50000    4.51120    0.00000    4.51120
  61.00000    4.49547    0.00000    4.49547
  61.50000    4.49326    0.00000    4.49326
  62.00000    4.49217    0.00000    4.49217
  62.50000    4.50328    0.00000    4.50328
  63.00000    4.49496    0.00000    4.49496
  63.50000    4.48591    0.00000    4.48591
  64.00000    4.48339    0.00000    4.48339
  64.50000    4.48174    0.00000    4.48174
  65.00000    4.46824    0.00000    4.46824
  65.50000    4.46619    0.00000    4.46619
  66.00000    4.49477    0.00000    4.49477
  66.50000    4.52276    0.00000    4.52276
  67.00000    4.51052    0.00000    4.51052
  67.50000    4.48647    0.00000    4.48647
  68.00000    4.50974    0.00000    4.50974
  68.50000    4.53059    0.00000    4.53059
  69.00000    4.53587    0.00000    4.53587
  69.50000    4.52938    0.00000    4.52938
  70.00000    4.51063    0.00000    4.51063
  70.50000    4.51787    0.00000    4.51787
  71.00000    4.51477    0.00000    4.51477
  71.50000    4.50329    0.00000    4.50329
  72.00000    4.47130    0.00000    4.47130
  72.50000    4.49931    0.00000    4.49931
  73.00000    4.51800    0.00000    4.51800
  73.50000    4.52413    0.00000    4.52413
  74.00000    4.52823    0.00000    4.52823
  74.50000    4.51674    0.00000    4.51674
  75.00000    4.49454    0.00000    4.49454
  75.50000    4.49529    0.00000    4.49529
  76.00000    4.50710    0.00000    4.50710
  76.50000    4.51606    0.00000    4.51606
  77.00000    4.53115    0.00000    4.53115
  77.50000    4.54915    0.00000    4.54915
  78.00000    4.51285    0.00000    4.51285
  78.50000    4.48937    0.00000    4.48937
  79.00000    4.46613    0.00000    4.46613
  79.50000    4.46144    0.00000    4.46144
  80.00000    4.45818    0.00000    4.45818
  80.50000    4.47621    0.00000    4.47621
  81.00000    4.47666    0.00000    4.47666
  81.50000    4.46453    0.00000    4.46453
  82.00000    4.48354    0.00000    4.48354
  82.50000    4.48769    0.00000    4.48769
  83.00000    4.46962    0.00000    4.46962
  83.50000    4.44817    0.00000    4.44817
  84.00000    4.44457    0.00000    4.44457
  84.50000    4.44219    0.00000    4.44219
  85.00000    4.43116    0.00000    4.43116
  85.50000    4.45921    0.00000    4.45921
  86.00000    4.46008    0.00000    4.46008
  86.50000    4.44380    0.00000    4.44380
  87.00000    4.41920    0.00000    4.41920
  87.50000    4.42167    0.00000    4.42167
  88.00000    4.42370    0.00000    4.42370
  88.50000    4.41194    0.00000    4.41194
  89.00000    4.40983    0.00000    4.40983
  89.50000    4.41472    0.00000    4.41472
  90.00000    4.43229    0.00000    4.43229
  90.50000    4.44243    0.00000    4.44243
  91.00000    4.44931    0.00000    4.44931
  91.50000    4.44397    0.00000    4.44397
  92.00000    4.43154    0.00000    4.43154
  92.50000    4.41341    0.00000    4.41341
  93.00000    4.39582    0.00000    4.39582
  93.50000    4.38616    0.00000    4.38616
  94.00000    4.42346    0.00000    4.42346
  94.50000    4.41007    0.00000    4.41007
  95.00000    4.39079    0.00000    4.39079
  95.50000    4.37917    0.00000    4.37917
  96.00000    4.40877    0.00000    4.40877
  96.50000    4.40379    0.00000    4.40379
  97.00000    4.37849    0.00000    4.37849
  97.50000    4.37886    0.00000    4.37886
  98.00000    4.37447    0.00000    4.37447
  98.50000    4.36067    0.00000    4.36067
  99.00000    4.35000    0.00000    4.35000
  99.50000    4.35253    0.00000    4.35253
 100.00000    4.37121    0.00000    4.37121
 100.50000    4.36194    0.00000    4.36194
 101.00000    4.37320    0.00000    4.37320
 101.50000    4.37287    0.00000    4.37287
 102.00000    4.40071    0.00000    4.40071
 102.50000    4.40390    0.00000    4.40390
 103.00000    4.39534    0.00000    4.39534
 103.50000    4.36089    0.00000    4.36089
 104.00000    4.36713    0.00000    4.36713
 104.50000    4.36295    0.00000    4.36295
 105.00000    4.36499    0.00000    4.36499
 105.50000    4.35093    0.00000    4.35093
 106.00000    4.34250    0.00000    4.34250
 106.50000    4.32306    0.00000    4.32306
 107.00000    4.31370    0.00000    4.31370
 107.50000    4.33637    0.00000    4.33637
 108.00000    4.33972    0.00000    4.33972
 108.50000    4.34633    0.00000    4.34633
 109.00000    4.34340    0.00000    4.34340
 109.50000    4.34870    0.00000    4.34870
 110.00000    4.32393    0.00000    4.32393
 110.50000    4.31823    0.00000    4.31823
 111.00000    4.31300    0.00000    4.31300
 111.50000    4.32279    0.00000    4.32279
 112.00000    4.30920    0.00000    4.30920
 112.50000    4.32130    0.00000    4.32130
 113.00000    4.31341    0.00000    4.31341
 113.50000    4.31879    0.00000    4.31879
 114.00000    4.33692    0.00000    4.33692
 114.50000    4.36131    0.00000    4.36131
 115.00000    4.33880    0.00000    4.33880
 115.50000    4.31457    0.00000    4.31457
 116.00000    4.32606    0.00000    4.32606
 116.50000    4.32607    0.00000    4.32607
 117.00000    4.33906    0.00000    4.33906
 117.50000    4.32665    0.00000    4.32665
 118.00000    4.32504    0.00000    4.32504
 118.50000    4.32976    0.00000    4.32976
 119.00000    4.35609    0.00000    4.35609
 119.50000    4.31862    0.00000    4.31862
 120.00000    4.30221    0.00000    4.30221
 120.50000    4.29858    0.00000    4.29858
 121.00000    4.32417    0.00000    4.32417
 121.50000    4.29900    0.00000    4.29900
 122.00000    4.28913    0.00000    4.28913
 122.50000    4.30124    0.00000    4.30124
 123.00000    4.34462    0.00000    4.34462
 123.50000    4.32751    0.00000    4.32751
 124.00000    4.31659    0.00000    4.31659
 124.50000    4.30719    0.00000    4.30719
 125.00000    4.28503    0.00000    4.28503
 125.50000    4.25999    0.00000    4.25999
 126.00000    4.32276    0.00000    4.32276
 126.50000    4.33643    0.00000    4.33643
 127.00000    4.31292    0.00000    4.31292
 127.50000    4.29616    0.00000    4.29616
 128.00000    4.30730    0.00000    4.30730
 128.50000    4.31033    0.00000    4.31033
 129.00000    4.31486    0.00000    4.31486
 129.50000    4.31986    0.00000    4.31986
 130.00000    4.31591    0.00000    4.31591
 130.50000    4.35143    0.00000    4.35143
 131.00000    4.36029    0.00000    4.36029
 131.50000    4.34234    0.00000    4.34234
 132.00000    4.31491    0.00000    4.31491
 132.50000    4.30642    0.00000    4.30642
 133.00000    4.29282    0.00000    4.29282
 133.50000    4.30003    0.00000    4.30003
 134.00000    4.30564    0.00000    4.30564
 134.50000    4.29675    0.00000    4.29675
 135.00000    4.26326    0.00000    4.26326
 135.50000    4.27453    0.00000    4.27453
 136.00000    4.28296    0.00000    4.28296
 136.50000    4.29686    0.00000    4.29686
 137.00000    4.28439    0.00000    4.28439
 137.50000    4.26021    0.00000    4.26021
 138.00000    4.26538    0.00000    4.26538
 138.50000    4.26298    0.00000    4.26298
 139.00000    4.27888    0.00000    4.27888
 139.50000    4.27246    0.00000    4.27246
 140.00000    4.28154    0.00000    4.28154
 140.50000    4.26874    0.00000    4.26874
 141.00000    4.26344    0.00000    4.26344
 141.50000    4.25346    0.00000    4.25346
 142.00000    4.24724    0.00000    4.24724
 142.50000    4.26501    0.00000    4.26501
 143.00000    4.28896    0.00000    4.28896
 143.50000    4.31385    0.00000    4.31385
 144.00000    4.30107    0.00000    4.30107
 144.50000    4.31084    0.00000    4.31084
 145.00000    4.32841    0.00000    4.32841
 145.50000    4.36246    0.00000    4.36246
 146.00000    4.32863    0.00000    4.32863
 146.50000    4.29981    0.00000    4.29981
 147.00000    4.28061    0.00000    4.28061
 147.50000    4.28351    0.00000    4.28351
 148.00000    4.29111    0.00000    4.29111
 148.50000    4.28031    0.00000    4.28031
 149.00000    4.29030    0.00000    4.29030
 149.50000    4.32753    0.00000    4.32753
 150.00000    4.38043    0.00000    4.38043
