   0.00000    0.99734    0.00000    0.99734
   0.50000    2.73340    0.00000    2.73340
   1.00000    3.20864    0.00000    3.20864
   1.50000    3.09775    0.00000    3.09775
   2.00000    2.99880    0.00000    2.99880
   2.50000    2.92179    0.00000    2.92179
   3.00000    2.88228    0.00000    2.88228
   3.50000    2.83960    0.00000    2.83960
   4.00000    2.84423    0.00000    2.84423
   4.50000    2.91218    0.00000    2.91218
   5.00000    2.95180    0.00000    2.95180
   5.50000    3.06497    0.00000    3.06497
   6.00000    3.05954    0.00000    3.05954
   6.50000    3.14540    0.00000    3.14540
   7.00000    3.23182    0.00000    3.23182
   7.50000    3.34435    0.00000    3.34435
   8.00000    3.30047    0.00000    3.30047
   8.50000    3.26563    0.00000    3.26563
   9.00000    3.30076    0.00000    3.30076
   9.50000    3.34740    0.00000    3.34740
  10.00000    3.35594    0.00000    3.35594
  10.50000    3.37699    0.00000    3.37699
  11.00000    3.44263    0.00000    3.44263
  11.50000    3.46122    0.00000    3.46122
  12.00000    3.36768    0.00000    3.36768
  12.50000    3.34916    0.00000    3.34916
  13.00000    3.35903    0.00000    3.35903
  13.50000    3.37219    0.00000    3.37219
  14.00000    3.35964    0.00000    3.35964
  14.50000    3.36139    0.00000    3.36139
  15.00000    3.34497    0.00000    3.34497
  15.50000    3.31233    0.00000    3.31233
  16.00000    3.39460    0.00000    3.39460
  16.50000    3.38068    0.00000    3.38068
  17.00000    3.36876    0.00000    3.36876
  17.50000    3.36483    0.00000    3.36483
  18.00000    3.42114    0.00000    3.42114
  18.50000    3.38152    0.00000    3.38152
  19.00000    3.39451    0.00000    3.39451
  19.50000    3.38589    0.00000    3.38589
  20.00000    3.31363    0.00000    3.31363
  20.50000    3.31800    0.00000    3.31800
  21.00000    3.39710    0.00000    3.39710
  21.50000    3.44814    0.00000    3.44814
  22.00000    3.42552    0.00000    3.42552
  22.50000    3.43120    0.00000    3.43120
  23.00000    3.44602    0.00000    3.44602
  23.50000    3.48847    0.00000    3.48847
  24.00000    3.46974    0.00000    3.46974
  24.50000    3.47135    0.00000    3.47135
  25.00000    3.41294    0.00000    3.41294
  25.50000    3.35129    0.00000    3.35129
  26.00000    3.27413    0.00000    3.27413
  26.50000    3.38580    0.00000    3.38580
  27.00000    3.44763    0.00000    3.44763
  27.50000    3.41865    0.00000    3.41865
  28.00000    3.40128    0.00000    3.40128
  28.50000    3.46267    0.00000    3.46267
  29.00000    3.50849    0.00000    3.50849
  29.50000    3.46337    0.00000    3.46337
  30.00000    3.46674    0.00000    3.46674
  30.50000    3.53873    0.00000    3.53873
  31.00000    3.52270    0.00000    3.52270
  31.50000    3.48541    0.00000    3.48541
  32.00000    3.45252    0.00000    3.45252
  32.50000    3.46423    0.00000    3.46423
  33.00000    3.43870    0.00000    3.43870
  33.50000    3.42383    0.00000    3.42383
  34.00000    3.45980    0.00000    3.45980
  34.50000    3.43581    0.00000    3.43581
  35.00000    3.46548    0.00000    3.46548
  35.50000    3.42860    0.00000    3.42860
  36.00000    3.47509    0.00000    3.47509
  36.50000    3.43194    0.00000    3.43194
  37.00000    3.51189    0.00000    3.51189
  37.50000    3.53941    0.00000    3.53941
  38.00000    3.65925    0.00000    3.65925
  38.50000    3.62678    0.00000    3.62678
  39.00000    3.58766    0.00000    3.58766
  39.50000    3.49688    0.00000    3.49688
  40.00000    3.53024    0.00000    3.53024
  40.50000    3.53531    0.00000    3.53531
  41.00000    3.52301    0.00000    3.52301
  41.50000    3.52625    0.00000    3.52625
  42.00000    3.56003    0.00000    3.56003
  42.50000    3.56289    0.00000    3.56289
  43.00000    3.54654    0.00000    3.54654
  43.50000    3.60499    0.00000    3.60499
  44.00000    3.63730    0.00000    3.63730
  44.50000    3.62532    0.00000    3.62532
  45.00000    3.56460    0.00000    3.56460
  45.50000    3.58147    0.00000    3.58147
  46.00000    3.53847    0.00000    3.53847
  46.50000    3.53552    0.00000    3.53552
  47.00000    3.56918    0.00000    3.56918
  47.50000    3.58925    0.00000    3.58925
  48.00000    3.54690    0.00000    3.54690
  48.50000    3.62001    0.00000    3.62001
  49.00000    3.77122    0.00000    3.77122
  49.50000    3.92085    0.00000    3.92085
  50.00000    4.04087    0.00000    4.04087
  50.50000    4.16042    0.00000    4.16042
  51.00000    4.16668    0.00000    4.16668
  51.50000    4.17497    0.00000    4.17497
  52.00000    4.14726    0.00000    4.14726
  52.50000    4.17168    0.00000    4.17168
  53.00000    4.19630    0.00000    4.19630
  53.50000    4.25589    0.00000    4.25589
  54.00000    4.18557    0.00000    4.18557
  54.50000    4.29848    0.00000    4.29848
  55.00000    4.44686    0.00000    4.44686
  55.50000    4.53870    0.00000    4.53870
  56.00000    4.45358    0.00000    4.45358
  56.50000    4.42261    0.00000    4.42261
  57.00000    4.46468    0.00000    4.46468
  57.50000    4.45919    0.00000    4.45919
  58.00000    4.46285    0.00000    4.46285
  58.50000    4.44595    0.00000    4.44595
  59.00000    4.45462    0.00000    4.45462
  59.50000    4.38554    0.00000    4.38554
  60.00000    4.41491    0.00000    4.41491
  60.50000    4.49218    0.00000    4.49218
  61.00000    4.49304    0.00000    4.49304
  61.50000    4.44784    0.00000    4.44784
  62.00000    4.44066    0.00000    4.44066
  62.50000    4.41066    0.00000    4.41066
  63.00000    4.44308    0.00000    4.44308
  63.50000    4.44621    0.00000    4.44621
  64.00000    4.38761    0.00000    4.38761
  64.50000    4.35028    0.00000    4.35028
  65.00000    4.41217    0.00000    4.41217
  65.50000    4.39397    0.00000    4.39397
  66.00000    4.40610    0.00000    4.40610
  66.50000    4.48121    0.00000    4.48121
  67.00000    4.51537    0.00000    4.51537
  67.50000    4.42800    0.00000    4.42800
  68.00000    4.39318    0.00000    4.39318
  68.50000    4.41550    0.00000    4.41550
  69.00000    4.43201    0.00000    4.43201
  69.50000    4.47178    0.00000    4.47178
  70.00000    4.44709    0.00000    4.44709
  70.50000    4.45956    0.00000    4.45956
  71.00000    4.39854    0.00000    4.39854
  71.50000    4.37851    0.00000    4.37851
  72.00000    4.31189    0.00000    4.31189
  72.50000    4.39211    0.00000    4.39211
  73.00000    4.41555    0.00000    4.41555
  73.50000    4.38147    0.00000    4.38147
  74.00000    4.39700    0.00000    4.39700
  74.50000    4.41204    0.00000    4.41204
  75.00000    4.40168    0.00000    4.40168
  75.50000    4.31662    0.00000    4.31662
  76.00000    4.29307    0.00000    4.29307
  76.50000    4.30785    0.00000    4.30785
  77.00000    4.32404    0.00000    4.32404
  77.50000    4.30283    0.00000    4.30283
  78.00000    4.19949    0.00000    4.19949
  78.50000    4.21670    0.00000    4.21670
  79.00000    4.26327    0.00000    4.26327
  79.50000    4.34187    0.00000    4.34187
  80.00000    4.27997    0.00000    4.27997
  80.50000    4.18450    0.00000    4.18450
  81.00000    4.16301    0.00000    4.16301
  81.50000    4.22624    0.00000    4.22624
  82.00000    4.27918    0.00000    4.27918
  82.50000    4.24407    0.00000    4.24407
  83.00000    4.24681    0.00000    4.24681
  83.50000    4.26040    0.00000    4.26040
  84.00000    4.24405    0.00000    4.24405
  84.50000    4.20414    0.00000    4.20414
  85.00000    4.16624    0.00000    4.16624
  85.50000    4.18660    0.00000    4.18660
  86.00000    4.16493    0.00000    4.16493
  86.50000    4.13692    0.00000    4.13692
  87.00000    4.07359    0.00000    4.07359
  87.50000    4.09687    0.00000    4.09687
  88.00000    4.11124    0.00000    4.11124
  88.50000    4.06618    0.00000    4.06618
  89.00000    4.03983    0.00000    4.03983
  89.50000    4.08454    0.00000    4.08454
  90.00000    4.08080    0.00000    4.08080
  90.50000    4.11021    0.00000    4.11021
  91.00000    4.14515    0.00000    4.14515
  91.50000    4.14117    0.00000    4.14117
  92.00000    4.09436    0.00000    4.09436
  92.50000    4.07798    0.00000    4.07798
  93.00000    4.04800    0.00000    4.04800
  93.50000    3.99125    0.00000    3.99125
  94.00000    3.99841    0.00000    3.99841
  94.50000    4.02937    0.00000    4.02937
  95.00000    4.04627    0.00000    4.04627
  95.50000    4.04642    0.00000    4.04642
  96.00000    4.02750    0.00000    4.02750
  96.50000    4.01595    0.00000    4.01595
  97.00000    3.97246    0.00000    3.97246
  97.50000    3.96925    0.00000    3.96925
  98.00000    3.91086    0.00000    3.91086
  98.50000    3.89876    0.00000    3.89876
  99.00000    3.94620    0.00000    3.94620
  99.50000    3.93396    0.00000    3.93396
 100.00000    3.92076    0.00000    3.92076
 100.50000    3.89909    0.00000    3.89909
 101.00000    3.95950    0.00000    3.95950
 101.50000    3.95299    0.00000    3.95299
 102.00000    3.95711    0.00000    3.95711
 102.50000    3.87705    0.00000    3.87705
 103.00000    3.89256    0.00000    3.89256
 103.50000    3.90525    0.00000    3.90525
 104.00000    3.88685    0.00000    3.88685
 104.50000    3.82289    0.00000    3.82289
 105.00000    3.84653    0.00000    3.84653
 105.50000    3.83736    0.00000    3.83736
 106.00000    3.81743    0.00000    3.81743
 106.50000    3.81885    0.00000    3.81885
 107.00000    3.78278    0.00000    3.78278
 107.50000    3.76129    0.00000    3.76129
 108.00000    3.75972    0.00000    3.75972
 108.50000    3.83428    0.00000    3.83428
 109.00000    3.84504    0.00000    3.84504
 109.50000    3.78407    0.00000    3.78407
 110.00000    3.71250    0.00000    3.71250
 110.50000    3.67505    0.00000    3.67505
 111.00000    3.69227    0.00000    3.69227
 111.50000    3.70540    0.00000    3.70540
 112.00000    3.72840    0.00000    3.72840
 112.50000    3.75955    0.00000    3.75955
 113.00000    3.70885    0.00000    3.70885
 113.50000    3.72525    0.00000    3.72525
 114.00000    3.80964    0.00000    3.80964
 114.50000    3.87568    0.00000    3.87568
 115.00000    3.79440    0.00000    3.79440
 115.50000    3.70807    0.00000    3.70807
 116.00000    3.71444    0.00000    3.71444
 116.50000    3.70181    0.00000    3.70181
 117.00000    3.76532    0.00000    3.76532
 117.50000    3.72689    0.00000    3.72689
 118.00000    3.73184    0.00000    3.73184
 118.50000    3.75931    0.00000    3.75931
 119.00000    3.79053    0.00000    3.79053
 119.50000    3.70538    0.00000    3.70538
 120.00000    3.67042    0.00000    3.67042
 120.50000    3.66211    0.00000    3.66211
 121.00000    3.65547    0.00000    3.65547
 121.50000    3.60587    0.00000    3.60587
 122.00000    3.58259    0.00000    3.58259
 122.50000    3.60132    0.00000    3.60132
 123.00000    3.68666    0.00000    3.68666
 123.50000    3.70023    0.00000    3.70023
 124.00000    3.69470    0.00000    3.69470
 124.50000    3.69011    0.00000    3.69011
 125.00000    3.67128    0.00000    3.67128
 125.50000    3.63000    0.00000    3.63000
 126.00000    3.65128    0.00000    3.65128
 126.50000    3.64842    0.00000    3.64842
 127.00000    3.64139    0.00000    3.64139
 127.50000    3.65962    0.00000    3.65962
 128.00000    3.68727    0.00000    3.68727
 128.50000    3.70999    0.00000    3.70999
 129.00000    3.67008    0.00000    3.67008
 129.50000    3.63810    0.00000    3.63810
 130.00000    3.68250    0.00000    3.68250
 130.50000    3.73773    0.00000    3.73773
 131.00000    3.71323    0.00000    3.71323
 131.50000    3.65910    0.00000    3.65910
 132.00000    3.62634    0.00000    3.62634
 132.50000    3.59062    0.00000    3.59062
 133.00000    3.53475    0.00000    3.53475
 133.50000    3.55353    0.00000    3.55353
 134.00000    3.57223    0.00000    3.57223
 134.50000    3.63810    0.00000    3.63810
 135.00000    3.57007    0.00000    3.57007
 135.50000    3.60048    0.00000    3.60048
 136.00000    3.64966    0.00000    3.64966
 136.50000    3.71010    0.00000    3.71010
 137.00000    3.64949    0.00000    3.64949
 137.50000    3.61322    0.00000    3.61322
 138.00000    3.71271    0.00000    3.71271
 138.50000    3.73097    0.00000    3.73097
 139.00000    3.68955    0.00000    3.68955
 139.50000    3.58656    0.00000    3.58656
 140.00000    3.60986    0.00000    3.60986
 140.50000    3.57721    0.00000    3.57721
 141.00000    3.59246    0.00000    3.59246
 141.50000    3.54825    0.00000    3.54825
 142.00000    3.54736    0.00000    3.54736
 142.50000    3.56533    0.00000    3.56533
 143.00000    3.60072    0.00000    3.60072
 143.50000    3.64201    0.00000    3.64201
 144.00000    3.66456    0.00000    3.66456
 144.50000    3.65643    0.00000    3.65643
 145.00000    3.68393    0.00000    3.68393
 145.50000    3.74564    0.00000    3.74564
 146.00000    3.70002    0.00000    3.70002
 146.50000    3.60949    0.00000    3.60949
 147.00000    3.57969    0.00000    3.57969
 147.50000    3.55872    0.00000    3.55872
 148.00000    3.60297    0.00000    3.60297
 148.50000    3.65596    0.00000    3.65596
 149.00000    3.70228    0.00000    3.70228
 149.50000    3.68109    0.00000    3.68109
 150.00000    3.62856    0.00000    3.62856
