   0.00000    0.83152    0.00000    0.83152
   0.50000    2.67724    0.00000    2.67724
   1.00000    3.07235    0.00000    3.07235
   1.50000    2.89750    0.00000    2.89750
   2.00000    2.78308    0.00000    2.78308
   2.50000    2.80658    0.00000    2.80658
   3.00000    2.85629    0.00000    2.85629
   3.50000    2.84473    0.00000    2.84473
   4.00000    2.83020    0.00000    2.83020
   4.50000    2.87988    0.00000    2.87988
   5.00000    2.94368    0.00000    2.94368
   5.50000    3.08822    0.00000    3.08822
   6.00000    3.10311    0.00000    3.10311
   6.50000    3.18730    0.00000    3.18730
   7.00000    3.25130    0.00000    3.25130
   7.50000    3.37663    0.00000    3.37663
   8.00000    3.33487    0.00000    3.33487
   8.50000    3.28210    0.00000    3.28210
   9.00000    3.29339    0.00000    3.29339
   9.50000    3.35173    0.00000    3.35173
  10.00000    3.39885    0.00000    3.39885
  10.50000    3.43374    0.00000    3.43374
  11.00000    3.50440    0.00000    3.50440
  11.50000    3.51146    0.00000    3.51146
  12.00000    3.42069    0.00000    3.42069
  12.50000    3.40418    0.00000    3.40418
  13.00000    3.43781    0.00000    3.43781
  13.50000    3.43428    0.00000    3.43428
  14.00000    3.41116    0.00000    3.41116
  14.50000    3.39617    0.00000    3.39617
  15.00000    3.40351    0.00000    3.40351
  15.50000    3.37296    0.00000    3.37296
  16.00000    3.44209    0.00000    3.44209
  16.50000    3.44085    0.00000    3.44085
  17.00000    3.42861    0.00000    3.42861
  17.50000    3.43534    0.00000    3.43534
  18.00000    3.50335    0.00000    3.50335
  18.50000    3.46484    0.00000    3.46484
  19.00000    3.44871    0.00000    3.44871
  19.50000    3.43045    0.00000    3.43045
  20.00000    3.38602    0.00000    3.38602
  20.50000    3.39042    0.00000    3.39042
  21.00000    3.44364    0.00000    3.44364
  21.50000    3.50142    0.00000    3.50142
  22.00000    3.48387    0.00000    3.48387
  22.50000    3.51390    0.00000    3.51390
  23.00000    3.50300    0.00000    3.50300
  23.50000    3.54995    0.00000    3.54995
  24.00000    3.51280    0.00000    3.51280
  24.50000    3.51405    0.00000    3.51405
  25.00000    3.44344    0.00000    3.44344
  25.50000    3.36176    0.00000    3.36176
  26.00000    3.25996    0.00000    3.25996
  26.50000    3.35935    0.00000    3.35935
  27.00000    3.45110    0.00000    3.45110
  27.50000    3.44441    0.00000    3.44441
  28.00000    3.39650    0.00000    3.39650
  28.50000    3.44776    0.00000    3.44776
  29.00000    3.47660    0.00000    3.47660
  29.50000    3.39954    0.00000    3.39954
  30.00000    3.34609    0.00000    3.34609
  30.50000    3.42915    0.00000    3.42915
  31.00000    3.44548    0.00000    3.44548
  31.50000    3.42923    0.00000    3.42923
  32.00000    3.41304    0.00000    3.41304
  32.50000    3.43697    0.00000    3.43697
  33.00000    3.44580    0.00000    3.44580
  33.50000    3.44402    0.00000    3.44402
  34.00000    3.50243    0.00000    3.50243
  34.50000    3.48717    0.00000    3.48717
  35.00000    3.53631    0.00000    3.53631
  35.50000    3.46190    0.00000    3.46190
  36.00000    3.51251    0.00000    3.51251
  36.50000    3.42124    0.00000    3.42124
  37.00000    3.47267    0.00000    3.47267
  37.50000    3.45414    0.00000    3.45414
  38.00000    3.56529    0.00000    3.56529
  38.50000    3.55249    0.00000    3.55249
  39.00000    3.53839    0.00000    3.53839
  39.50000    3.46123    0.00000    3.46123
  40.00000    3.48743    0.00000    3.48743
  40.50000    3.49693    0.00000    3.49693
  41.00000    3.48304    0.00000    3.48304
  41.50000    3.44982    0.00000    3.44982
  42.00000    3.47317    0.00000    3.47317
  42.50000    3.43395    0.00000    3.43395
  43.00000    3.43534    0.00000    3.43534
  43.50000    3.48842    0.00000    3.48842
  44.00000    3.54635    0.00000    3.54635
  44.50000    3.50746    0.00000    3.50746
  45.00000    3.45445    0.00000    3.45445
  45.50000    3.48585    0.00000    3.48585
  46.00000    3.49111    0.00000    3.49111
  46.50000    3.51307    0.00000    3.51307
  47.00000    3.55308    0.00000    3.55308
  47.50000    3.56270    0.00000    3.56270
  48.00000    3.47602    0.00000    3.47602
  48.50000    3.58695    0.00000    3.58695
  49.00000    3.76110    0.00000    3.76110
  49.50000    3.90460    0.00000    3.90460
  50.00000    3.95629    0.00000    3.95629
  50.50000    4.04779    0.00000    4.04779
  51.00000    4.07675    0.00000    4.07675
  51.50000    4.12919    0.00000    4.12919
  52.00000    4.16133    0.00000    4.16133
  52.50000    4.17236    0.00000    4.17236
  53.00000    4.20498    0.00000    4.20498
  53.50000    4.25997    0.00000    4.25997
  54.00000    4.22896    0.00000    4.22896
  54.50000    4.33680    0.00000    4.33680
  55.00000    4.48119    0.00000    4.48119
  55.50000    4.54437    0.00000    4.54437
  56.00000    4.43981    0.00000    4.43981
  56.50000    4.43025    0.00000    4.43025
  57.00000    4.50121    0.00000    4.50121
  57.50000    4.49293    0.00000    4.49293
  58.00000    4.47609    0.00000    4.47609
  58.50000    4.44909    0.00000    4.44909
  59.00000    4.46249    0.00000    4.46249
  59.50000    4.40688    0.00000    4.40688
  60.00000    4.44684    0.00000    4.44684
  60.50000    4.49685    0.00000    4.49685
  61.00000    4.47875    0.00000    4.47875
  61.50000    4.44692    0.00000    4.44692
  62.00000    4.44846    0.00000    4.44846
  62.50000    4.42504    0.00000    4.42504
  63.00000    4.46648    0.00000    4.46648
  63.50000    4.46237    0.00000    4.46237
  64.00000    4.39940    0.00000    4.39940
  64.50000    4.34799    0.00000    4.34799
  65.00000    4.41728    0.00000    4.41728
  65.50000    4.40623    0.00000    4.40623
  66.00000    4.43991    0.00000    4.43991
  66.50000    4.50857    0.00000    4.50857
  67.00000    4.54770    0.00000    4.54770
  67.50000    4.45123    0.00000    4.45123
  68.00000    4.41265    0.00000    4.41265
  68.50000    4.45245    0.00000    4.45245
  69.00000    4.51064    0.00000    4.51064
  69.50000    4.54543    0.00000    4.54543
  70.00000    4.48717    0.00000    4.48717
  70.50000    4.48224    0.00000    4.48224
  71.00000    4.43412    0.00000    4.43412
  71.50000    4.41627    0.00000    4.41627
  72.00000    4.35721    0.00000    4.35721
  72.50000    4.42150    0.00000    4.42150
  73.00000    4.46475    0.00000    4.46475
  73.50000    4.42916    0.00000    4.42916
  74.00000    4.45146    0.00000    4.45146
  74.50000    4.44600    0.00000    4.44600
  75.00000    4.44244    0.00000    4.44244
  75.50000    4.34626    0.00000    4.34626
  76.00000    4.32683    0.00000    4.32683
  76.50000    4.35512    0.00000    4.35512
  77.00000    4.38580    0.00000    4.38580
  77.50000    4.34850    0.00000    4.34850
  78.00000    4.24504    0.00000    4.24504
  78.50000    4.26674    0.00000    4.26674
  79.00000    4.32908    0.00000    4.32908
  79.50000    4.37908    0.00000    4.37908
  80.00000    4.30752    0.00000    4.30752
  80.50000    4.19390    0.00000    4.19390
  81.00000    4.20683    0.00000    4.20683
  81.50000    4.24731    0.00000    4.24731
  82.00000    4.31410    0.00000    4.31410
  82.50000    4.26256    0.00000    4.26256
  83.00000    4.28888    0.00000    4.28888
  83.50000    4.28300    0.00000    4.28300
  84.00000    4.26714    0.00000    4.26714
  84.50000    4.21865    0.00000    4.21865
  85.00000    4.19089    0.00000    4.19089
  85.50000    4.22090    0.00000    4.22090
  86.00000    4.22146    0.00000    4.22146
  86.50000    4.19465    0.00000    4.19465
  87.00000    4.11154    0.00000    4.11154
  87.50000    4.10891    0.00000    4.10891
  88.00000    4.14850    0.00000    4.14850
  88.50000    4.11933    0.00000    4.11933
  89.00000    4.07780    0.00000    4.07780
  89.50000    4.08622    0.00000    4.08622
  90.00000    4.08391    0.00000    4.08391
  90.50000    4.12960    0.00000    4.12960
  91.00000    4.19626    0.00000    4.19626
  91.50000    4.19857    0.00000    4.19857
  92.00000    4.12781    0.00000    4.12781
  92.50000    4.07837    0.00000    4.07837
  93.00000    4.06259    0.00000    4.06259
  93.50000    4.02605    0.00000    4.02605
  94.00000    4.04352    0.00000    4.04352
  94.50000    4.04763    0.00000    4.04763
  95.00000    4.04825    0.00000    4.04825
  95.50000    4.04529    0.00000    4.04529
  96.00000    4.05148    0.00000    4.05148
  96.50000    4.05845    0.00000    4.05845
  97.00000    4.00858    0.00000    4.00858
  97.50000    3.98741    0.00000    3.98741
  98.00000    3.93031    0.00000    3.93031
  98.50000    3.90918    0.00000    3.90918
  99.00000    3.95048    0.00000    3.95048
  99.50000    3.92867    0.00000    3.92867
 100.00000    3.93409    0.00000    3.93409
 100.50000    3.92167    0.00000    3.92167
 101.00000    3.99322    0.00000    3.99322
 101.50000    3.95738    0.00000    3.95738
 102.00000    3.95761    0.00000    3.95761
 102.50000    3.90203    0.00000    3.90203
 103.00000    3.94107    0.00000    3.94107
 103.50000    3.93607    0.00000    3.93607
 104.00000    3.92894    0.00000    3.92894
 104.50000    3.84724    0.00000    3.84724
 105.00000    3.85678    0.00000    3.85678
 105.50000    3.85106    0.00000    3.85106
 106.00000    3.85469    0.00000    3.85469
 106.50000    3.85360    0.00000    3.85360
 107.00000    3.80419    0.00000    3.80419
 107.50000    3.78708    0.00000    3.78708
 108.00000    3.78402    0.00000    3.78402
 108.50000    3.87698    0.00000    3.87698
 109.00000    3.86237    0.00000    3.86237
 109.50000    3.78865    0.00000    3.78865
 110.00000    3.70437    0.00000    3.70437
 110.50000    3.69198    0.00000    3.69198
 111.00000    3.70584    0.00000    3.70584
 111.50000    3.74776    0.00000    3.74776
 112.00000    3.77530    0.00000    3.77530
 112.50000    3.79399    0.00000    3.79399
 113.00000    3.72534    0.00000    3.72534
 113.50000    3.73492    0.00000    3.73492
 114.00000    3.83505    0.00000    3.83505
 114.50000    3.88871    0.00000    3.88871
 115.00000    3.79975    0.00000    3.79975
 115.50000    3.71188    0.00000    3.71188
 116.00000    3.73799    0.00000    3.73799
 116.50000    3.71902    0.00000    3.71902
 117.00000    3.76875    0.00000    3.76875
 117.50000    3.73551    0.00000    3.73551
 118.00000    3.76350    0.00000    3.76350
 118.50000    3.79542    0.00000    3.79542
 119.00000    3.83308    0.00000    3.83308
 119.50000    3.72899    0.00000    3.72899
 120.00000    3.70495    0.00000    3.70495
 120.50000    3.67513    0.00000    3.67513
 121.00000    3.69755    0.00000    3.69755
 121.50000    3.64955    0.00000    3.64955
 122.00000    3.62069    0.00000    3.62069
 122.50000    3.60343    0.00000    3.60343
 123.00000    3.71323    0.00000    3.71323
 123.50000    3.72801    0.00000    3.72801
 124.00000    3.73640    0.00000    3.73640
 124.50000    3.73306    0.00000    3.73306
 125.00000    3.72101    0.00000    3.72101
 125.50000    3.67578    0.00000    3.67578
 126.00000    3.70924    0.00000    3.70924
 126.50000    3.68711    0.00000    3.68711
 127.00000    3.65013    0.00000    3.65013
 127.50000    3.68306    0.00000    3.68306
 128.00000    3.73325    0.00000    3.73325
 128.50000    3.76504    0.00000    3.76504
 129.00000    3.70382    0.00000    3.70382
 129.50000    3.63807    0.00000    3.63807
 130.00000    3.67065    0.00000    3.67065
 130.50000    3.76092    0.00000    3.76092
 131.00000    3.76539    0.00000    3.76539
 131.50000    3.71488    0.00000    3.71488
 132.00000    3.67931    0.00000    3.67931
 132.50000    3.64225    0.00000    3.64225
 133.00000    3.59724    0.00000    3.59724
 133.50000    3.59659    0.00000    3.59659
 134.00000    3.59560    0.00000    3.59560
 134.50000    3.64313    0.00000    3.64313
 135.00000    3.60422    0.00000    3.60422
 135.50000    3.64871    0.00000    3.64871
 136.00000    3.68162    0.00000    3.68162
 136.50000    3.73672    0.00000    3.73672
 137.00000    3.67599    0.00000    3.67599
 137.50000    3.64574    0.00000    3.64574
 138.00000    3.72670    0.00000    3.72670
 138.50000    3.75978    0.00000    3.75978
 139.00000    3.72717    0.00000    3.72717
 139.50000    3.63317    0.00000    3.63317
 140.00000    3.64402    0.00000    3.64402
 140.50000    3.59483    0.00000    3.59483
 141.00000    3.59681    0.00000    3.59681
 141.50000    3.56904    0.00000    3.56904
 142.00000    3.57073    0.00000    3.57073
 142.50000    3.59312    0.00000    3.59312
 143.00000    3.63599    0.00000    3.63599
 143.50000    3.67823    0.00000    3.67823
 144.00000    3.66448    0.00000    3.66448
 144.50000    3.65438    0.00000    3.65438
 145.00000    3.72213    0.00000    3.72213
 145.50000    3.81981    0.00000    3.81981
 146.00000    3.76776    0.00000    3.76776
 146.50000    3.66422    0.00000    3.66422
 147.00000    3.59142    0.00000    3.59142
 147.50000    3.54327    0.00000    3.54327
 148.00000    3.58229    0.00000    3.58229
 148.50000    3.64191    0.00000    3.64191
 149.00000    3.70423    0.00000    3.70423
 149.50000    3.72158    0.00000    3.72158
 150.00000    3.65861    0.00000    3.65861
