   0.00000    1.18696    0.00000    1.18696
   0.50000    2.49700    0.00000    2.49700
   1.00000    2.92361    0.00000    2.92361
   1.50000    3.08470    0.00000    3.08470
   2.00000    3.31536    0.00000    3.31536
   2.50000    3.48370    0.00000    3.48370
   3.00000    3.60442    0.00000    3.60442
   3.50000    3.64306    0.00000    3.64306
   4.00000    3.60808    0.00000    3.60808
   4.50000    3.56834    0.00000    3.56834
   5.00000    3.55971    0.00000    3.55971
   5.50000    3.56194    0.00000    3.56194
   6.00000    3.56794    0.00000    3.56794
   6.50000    3.56910    0.00000    3.56910
   7.00000    3.56977    0.00000    3.56977
   7.50000    3.56009    0.00000    3.56009
   8.00000    3.56340    0.00000    3.56340
   8.50000    3.57188    0.00000    3.57188
   9.00000    3.58161    0.00000    3.58161
   9.50000    3.57856    0.00000    3.57856
  10.00000    3.57848    0.00000    3.57848
  10.50000    3.57603    0.00000    3.57603
  11.00000    3.57843    0.00000    3.57843
  11.50000    3.58662    0.00000    3.58662
  12.00000    3.59269    0.00000    3.59269
  12.50000    3.59409    0.00000    3.59409
  13.00000    3.59292    0.00000    3.59292
  13.50000    3.59108    0.00000    3.59108
  14.00000    3.59520    0.00000    3.59520
  14.50000    3.60596    0.00000    3.60596
  15.00000    3.60889    0.00000    3.60889
  15.50000    3.60229    0.00000    3.60229
  16.00000    3.59683    0.00000    3.59683
  16.50000    3.59749    0.00000    3.59749
  17.00000    3.59518    0.00000    3.59518
  17.50000    3.60692    0.00000    3.60692
  18.00000    3.61531    0.00000    3.61531
  18.50000    3.62117    0.00000    3.62117
  19.00000    3.62341    0.00000    3.62341
  19.50000    3.62873    0.00000    3.62873
  20.00000    3.62664    0.00000    3.62664
  20.50000    3.63455    0.00000    3.63455
  21.00000    3.64281    0.00000    3.64281
  21.50000    3.64187    0.00000    3.64187
  22.00000    3.63729    0.00000    3.63729
  22.50000    3.64498    0.00000    3.64498
  23.00000    3.65073    0.00000    3.65073
  23.50000    3.65128    0.00000    3.65128
  24.00000    3.64948    0.00000    3.64948
  24.50000    3.65088    0.00000    3.65088
  25.00000    3.65084    0.00000    3.65084
  25.50000    3.66165    0.00000    3.66165
  26.00000    3.67239    0.00000    3.67239
  26.50000    3.69126    0.00000    3.69126
  27.00000    3.69779    0.00000    3.69779
  27.50000    3.71590    0.00000    3.71590
  28.00000    3.73140    0.00000    3.73140
  28.50000    3.75277    0.00000    3.75277
  29.00000    3.74658    0.00000    3.74658
  29.50000    3.72785    0.00000    3.72785
  30.00000    3.70968    0.00000    3.70968
  30.50000    3.71328    0.00000    3.71328
  31.00000    3.72121    0.00000    3.72121
  31.50000    3.72190    0.00000    3.72190
  32.00000    3.71438    0.00000    3.71438
  32.50000    3.70152    0.00000    3.70152
  33.00000    3.69716    0.00000    3.69716
  33.50000    3.70813    0.00000    3.70813
  34.00000    3.74230    0.00000    3.74230
  34.50000    3.80533    0.00000    3.80533
  35.00000    3.86694    0.00000    3.86694
  35.50000    3.91164    0.00000    3.91164
  36.00000    3.93795    0.00000    3.93795
  36.50000    3.97114    0.00000    3.97114
  37.00000    3.99648    0.00000    3.99648
  37.50000    4.01275    0.00000    4.01275
  38.00000    4.02638    0.00000    4.02638
  38.50000    4.05188    0.00000    4.05188
  39.00000    4.08199    0.00000    4.08199
  39.50000    4.09440    0.00000    4.09440
  40.00000    4.10499    0.00000    4.10499
  40.50000    4.13710    0.00000    4.13710
  41.00000    4.16884    0.00000    4.16884
  41.50000    4.17614    0.00000    4.17614
  42.00000    4.17448    0.00000    4.17448
  42.50000    4.19429    0.00000    4.19429
  43.00000    4.20335    0.00000    4.20335
  43.50000    4.22053    0.00000    4.22053
  44.00000    4.24429    0.00000    4.24429
  44.50000    4.28008    0.00000    4.28008
  45.00000    4.29254    0.00000    4.29254
  45.50000    4.31754    0.00000    4.31754
  46.00000    4.34189    0.00000    4.34189
  46.50000    4.37405    0.00000    4.37405
  47.00000    4.40224    0.00000    4.40224
  47.50000    4.43627    0.00000    4.43627
  48.00000    4.45997    0.00000    4.45997
  48.50000    4.46700    0.00000    4.46700
  49.00000    4.46537    0.00000    4.46537
  49.50000    4.46686    0.00000    4.46686
  50.00000    4.48088    0.00000    4.48088
  50.50000    4.49026    0.00000    4.49026
  51.00000    4.49693    0.00000    4.49693
  51.50000    4.49784    0.00000    4.49784
  52.00000    4.50520    0.00000    4.50520
  52.50000    4.50830    0.00000    4.50830
  53.00000    4.50935    0.00000    4.50935
  53.50000    4.50697    0.00000    4.50697
  54.00000    4.51150    0.00000    4.51150
  54.50000    4.51470    0.00000    4.51470
  55.00000    4.51980    0.00000    4.51980
  55.50000    4.52112    0.00000    4.52112
  56.00000    4.52433    0.00000    4.52433
  56.50000    4.52371    0.00000    4.52371
  57.00000    4.53293    0.00000    4.53293
  57.50000    4.53672    0.00000    4.53672
  58.00000    4.54274    0.00000    4.54274
  58.50000    4.54137    0.00000    4.54137
  59.00000    4.54278    0.00000    4.54278
  59.50000    4.53763    0.00000    4.53763
  60.00000    4.53751    0.00000    4.53751
  60.50000    4.54276    0.00000    4.54276
  61.00000    4.54958    0.00000    4.54958
  61.50000    4.55764    0.00000    4.55764
  62.00000    4.55551    0.00000    4.55551
  62.50000    4.55606    0.00000    4.55606
  63.00000    4.55517    0.00000    4.55517
  63.50000    4.56725    0.00000    4.56725
  64.00000    4.56725    0.00000    4.56725
  64.50000    4.57202    0.00000    4.57202
  65.00000    4.56574    0.00000    4.56574
  65.50000    4.56355    0.00000    4.56355
  66.00000    4.56611    0.00000    4.56611
  66.50000    4.56431    0.00000    4.56431
  67.00000    4.55952    0.00000    4.55952
  67.50000    4.56179    0.00000    4.56179
  68.00000    4.57321    0.00000    4.57321
  68.50000    4.57002    0.00000    4.57002
  69.00000    4.56495    0.00000    4.56495
  69.50000    4.56391    0.00000    4.56391
  70.00000    4.56716    0.00000    4.56716
  70.50000    4.57302    0.00000    4.57302
  71.00000    4.57235    0.00000    4.57235
  71.50000    4.57403    0.00000    4.57403
  72.00000    4.58051    0.00000    4.58051
  72.50000    4.58784    0.00000    4.58784
  73.00000    4.57615    0.00000    4.57615
  73.50000    4.57440    0.00000    4.57440
  74.00000    4.57648    0.00000    4.57648
  74.50000    4.57885    0.00000    4.57885
  75.00000    4.57777    0.00000    4.57777
  75.50000    4.58109    0.00000    4.58109
  76.00000    4.57850    0.00000    4.57850
  76.50000    4.57213    0.00000    4.57213
  77.00000    4.57056    0.00000    4.57056
  77.50000    4.58173    0.00000    4.58173
  78.00000    4.57860    0.00000    4.57860
  78.50000    4.57138    0.00000    4.57138
  79.00000    4.56323    0.00000    4.56323
  79.50000    4.57420    0.00000    4.57420
  80.00000    4.57107    0.00000    4.57107
  80.50000    4.56915    0.00000    4.56915
  81.00000    4.56534    0.00000    4.56534
  81.50000    4.56495    0.00000    4.56495
  82.00000    4.56334    0.00000    4.56334
  82.50000    4.57335    0.00000    4.57335
  83.00000    4.57977    0.00000    4.57977
  83.50000    4.58113    0.00000    4.58113
  84.00000    4.57915    0.00000    4.57915
  84.50000    4.58314    0.00000    4.58314
  85.00000    4.57021    0.00000    4.57021
  85.50000    4.56493    0.00000    4.56493
  86.00000    4.56605    0.00000    4.56605
  86.50000    4.56928    0.00000    4.56928
  87.00000    4.56460    0.00000    4.56460
  87.50000    4.56968    0.00000    4.56968
  88.00000    4.57080    0.00000    4.57080
  88.50000    4.56051    0.00000    4.56051
  89.00000    4.55689    0.00000    4.55689
  89.50000    4.55568    0.00000    4.55568
  90.00000    4.55158    0.00000    4.55158
  90.50000    4.55202    0.00000    4.55202
  91.00000    4.55786    0.00000    4.55786
  91.50000    4.56660    0.00000    4.56660
  92.00000    4.56335    0.00000    4.56335
  92.50000    4.55625    0.00000    4.55625
  93.00000    4.55710    0.00000    4.55710
  93.50000    4.55780    0.00000    4.55780
  94.00000    4.55717    0.00000    4.55717
  94.50000    4.55690    0.00000    4.55690
  95.00000    4.56421    0.00000    4.56421
  95.50000    4.55711    0.00000    4.55711
  96.00000    4.54741    0.00000    4.54741
  96.50000    4.54333    0.00000    4.54333
  97.00000    4.54944    0.00000    4.54944
  97.50000    4.55045    0.00000    4.55045
  98.00000    4.54368    0.00000    4.54368
  98.50000    4.53158    0.00000    4.53158
  99.00000    4.53320    0.00000    4.53320
  99.50000    4.54032    0.00000    4.54032
 100.00000    4.54338    0.00000    4.54338
 100.50000    4.54290    0.00000    4.54290
 101.00000    4.53563    0.00000    4.53563
 101.50000    4.53403    0.00000    4.53403
 102.00000    4.53074    0.00000    4.53074
 102.50000    4.53802    0.00000    4.53802
 103.00000    4.54558    0.00000    4.54558
 103.50000    4.54645    0.00000    4.54645
 104.00000    4.54113    0.00000    4.54113
 104.50000    4.54040    0.00000    4.54040
 105.00000    4.52890    0.00000    4.52890
 105.50000    4.52540    0.00000    4.52540
 106.00000    4.52483    0.00000    4.52483
 106.50000    4.52980    0.00000    4.52980
 107.00000    4.51723    0.00000    4.51723
 107.50000    4.52431    0.00000    4.52431
 108.00000    4.52321    0.00000    4.52321
 108.50000    4.52447    0.00000    4.52447
 109.00000    4.52093    0.00000    4.52093
 109.50000    4.52773    0.00000    4.52773
 110.00000    4.52859    0.00000    4.52859
 110.50000    4.52396    0.00000    4.52396
 111.00000    4.51791    0.00000    4.51791
 111.50000    4.51955    0.00000    4.51955
 112.00000    4.52970    0.00000    4.52970
 112.50000    4.52373    0.00000    4.52373
 113.00000    4.51769    0.00000    4.51769
 113.50000    4.51429    0.00000    4.51429
 114.00000    4.51874    0.00000    4.51874
 114.50000    4.51461    0.00000    4.51461
 115.00000    4.52051    0.00000    4.52051
 115.50000    4.51924    0.00000    4.51924
 116.00000    4.51989    0.00000    4.51989
 116.50000    4.51107    0.00000    4.51107
 117.00000    4.50441    0.00000    4.50441
 117.50000    4.49487    0.00000    4.49487
 118.00000    4.49728    0.00000    4.49728
 118.50000    4.50667    0.00000    4.50667
 119.00000    4.50147    0.00000    4.50147
 119.50000    4.49825    0.00000    4.49825
 120.00000    4.49782    0.00000    4.49782
 120.50000    4.50435    0.00000    4.50435
 121.00000    4.49178    0.00000    4.49178
 121.50000    4.49305    0.00000    4.49305
 122.00000    4.49604    0.00000    4.49604
 122.50000    4.50590    0.00000    4.50590
 123.00000    4.49990    0.00000    4.49990
 123.50000    4.49467    0.00000    4.49467
 124.00000    4.48557    0.00000    4.48557
 124.50000    4.48039    0.00000    4.48039
 125.00000    4.47992    0.00000    4.47992
 125.50000    4.48582    0.00000    4.48582
 126.00000    4.49811    0.00000    4.49811
 126.50000    4.49872    0.00000    4.49872
 127.00000    4.49405    0.00000    4.49405
 127.50000    4.48802    0.00000    4.48802
 128.00000    4.48678    0.00000    4.48678
 128.50000    4.48374    0.00000    4.48374
 129.00000    4.48862    0.00000    4.48862
 129.50000    4.49547    0.00000    4.49547
 130.00000    4.49446    0.00000    4.49446
 130.50000    4.48575    0.00000    4.48575
 131.00000    4.48131    0.00000    4.48131
 131.50000    4.48690    0.00000    4.48690
 132.00000    4.48837    0.00000    4.48837
 132.50000    4.48970    0.00000    4.48970
 133.00000    4.49031    0.00000    4.49031
 133.50000    4.48702    0.00000    4.48702
 134.00000    4.48006    0.00000    4.48006
 134.50000    4.47727    0.00000    4.47727
 135.00000    4.48237    0.00000    4.48237
 135.50000    4.47905    0.00000    4.47905
 136.00000    4.47489    0.00000    4.47489
 136.50000    4.47147    0.00000    4.47147
 137.00000    4.47420    0.00000    4.47420
 137.50000    4.48578    0.00000    4.48578
 138.00000    4.48442    0.00000    4.48442
 138.50000    4.47913    0.00000    4.47913
 139.00000    4.47516    0.00000    4.47516
 139.50000    4.48509    0.00000    4.48509
 140.00000    4.48144    0.00000    4.48144
 140.50000    4.47852    0.00000    4.47852
 141.00000    4.47323    0.00000    4.47323
 141.50000    4.46545    0.00000    4.46545
 142.00000    4.46669    0.00000    4.46669
 142.50000    4.47764    0.00000    4.47764
 143.00000    4.47973    0.00000    4.47973
 143.50000    4.47396    0.00000    4.47396
 144.00000    4.47442    0.00000    4.47442
 144.50000    4.46752    0.00000    4.46752
 145.00000    4.46370    0.00000    4.46370
 145.50000    4.46902    0.00000    4.46902
 146.00000    4.47650    0.00000    4.47650
 146.50000    4.47192    0.00000    4.47192
 147.00000    4.47358    0.00000    4.47358
 147.50000    4.47495    0.00000    4.47495
 148.00000    4.47638    0.00000    4.47638
 148.50000    4.47430    0.00000    4.47430
 149.00000    4.47643    0.00000    4.47643
 149.50000    4.47586    0.00000    4.47586
 150.00000    4.47847    0.00000    4.47847
