   0.00000    1.33766    0.00000    1.33766
   0.50000    2.28504    0.00000    2.28504
   1.00000    2.75465    0.00000    2.75465
   1.50000    3.01659    0.00000    3.01659
   2.00000    3.21829    0.00000    3.21829
   2.50000    3.40774    0.00000    3.40774
   3.00000    3.58223    0.00000    3.58223
   3.50000    3.67102    0.00000    3.67102
   4.00000    3.63474    0.00000    3.63474
   4.50000    3.58810    0.00000    3.58810
   5.00000    3.58002    0.00000    3.58002
   5.50000    3.59523    0.00000    3.59523
   6.00000    3.59950    0.00000    3.59950
   6.50000    3.61128    0.00000    3.61128
   7.00000    3.60132    0.00000    3.60132
   7.50000    3.60194    0.00000    3.60194
   8.00000    3.59597    0.00000    3.59597
   8.50000    3.60270    0.00000    3.60270
   9.00000    3.61564    0.00000    3.61564
   9.50000    3.62246    0.00000    3.62246
  10.00000    3.62267    0.00000    3.62267
  10.50000    3.62577    0.00000    3.62577
  11.00000    3.64909    0.00000    3.64909
  11.50000    3.65688    0.00000    3.65688
  12.00000    3.66653    0.00000    3.66653
  12.50000    3.66469    0.00000    3.66469
  13.00000    3.66968    0.00000    3.66968
  13.50000    3.67210    0.00000    3.67210
  14.00000    3.67683    0.00000    3.67683
  14.50000    3.67990    0.00000    3.67990
  15.00000    3.68644    0.00000    3.68644
  15.50000    3.69899    0.00000    3.69899
  16.00000    3.70111    0.00000    3.70111
  16.50000    3.71216    0.00000    3.71216
  17.00000    3.71853    0.00000    3.71853
  17.50000    3.72944    0.00000    3.72944
  18.00000    3.72480    0.00000    3.72480
  18.50000    3.72980    0.00000    3.72980
  19.00000    3.72342    0.00000    3.72342
  19.50000    3.73128    0.00000    3.73128
  20.00000    3.75084    0.00000    3.75084
  20.50000    3.76734    0.00000    3.76734
  21.00000    3.75583    0.00000    3.75583
  21.50000    3.76395    0.00000    3.76395
  22.00000    3.78448    0.00000    3.78448
  22.50000    3.78482    0.00000    3.78482
  23.00000    3.77136    0.00000    3.77136
  23.50000    3.77084    0.00000    3.77084
  24.00000    3.77153    0.00000    3.77153
  24.50000    3.76907    0.00000    3.76907
  25.00000    3.76920    0.00000    3.76920
  25.50000    3.77902    0.00000    3.77902
  26.00000    3.79107    0.00000    3.79107
  26.50000    3.82354    0.00000    3.82354
  27.00000    3.84005    0.00000    3.84005
  27.50000    3.86415    0.00000    3.86415
  28.00000    3.87326    0.00000    3.87326
  28.50000    3.89629    0.00000    3.89629
  29.00000    3.88405    0.00000    3.88405
  29.50000    3.87303    0.00000    3.87303
  30.00000    3.85937    0.00000    3.85937
  30.50000    3.87962    0.00000    3.87962
  31.00000    3.88025    0.00000    3.88025
  31.50000    3.87944    0.00000    3.87944
  32.00000    3.85685    0.00000    3.85685
  32.50000    3.83703    0.00000    3.83703
  33.00000    3.81836    0.00000    3.81836
  33.50000    3.82860    0.00000    3.82860
  34.00000    3.83140    0.00000    3.83140
  34.50000    3.83902    0.00000    3.83902
  35.00000    3.87564    0.00000    3.87564
  35.50000    3.90930    0.00000    3.90930
  36.00000    3.91293    0.00000    3.91293
  36.50000    3.89685    0.00000    3.89685
  37.00000    3.90558    0.00000    3.90558
  37.50000    3.90875    0.00000    3.90875
  38.00000    3.90693    0.00000    3.90693
  38.50000    3.91022    0.00000    3.91022
  39.00000    3.90769    0.00000    3.90769
  39.50000    3.92179    0.00000    3.92179
  40.00000    3.94846    0.00000    3.94846
  40.50000    3.98070    0.00000    3.98070
  41.00000    3.96889    0.00000    3.96889
  41.50000    3.94800    0.00000    3.94800
  42.00000    3.92847    0.00000    3.92847
  42.50000    3.91856    0.00000    3.91856
  43.00000    3.91197    0.00000    3.91197
  43.50000    3.92607    0.00000    3.92607
  44.00000    3.95637    0.00000    3.95637
  44.50000    3.98515    0.00000    3.98515
  45.00000    4.01744    0.00000    4.01744
  45.50000    4.02861    0.00000    4.02861
  46.00000    4.04565    0.00000    4.04565
  46.50000    4.06311    0.00000    4.06311
  47.00000    4.10433    0.00000    4.10433
  47.50000    4.14436    0.00000    4.14436
  48.00000    4.19175    0.00000    4.19175
  48.50000    4.23929    0.00000    4.23929
  49.00000    4.27990    0.00000    4.27990
  49.50000    4.31052    0.00000    4.31052
  50.00000    4.32498    0.00000    4.32498
  50.50000    4.34007    0.00000    4.34007
  51.00000    4.35587    0.00000    4.35587
  51.50000    4.37327    0.00000    4.37327
  52.00000    4.39005    0.00000    4.39005
  52.50000    4.40646    0.00000    4.40646
  53.00000    4.41074    0.00000    4.41074
  53.50000    4.41386    0.00000    4.41386
  54.00000    4.42201    0.00000    4.42201
  54.50000    4.43937    0.00000    4.43937
  55.00000    4.44388    0.00000    4.44388
  55.50000    4.43805    0.00000    4.43805
  56.00000    4.43109    0.00000    4.43109
  56.50000    4.44409    0.00000    4.44409
  57.00000    4.46085    0.00000    4.46085
  57.50000    4.47454    0.00000    4.47454
  58.00000    4.47859    0.00000    4.47859
  58.50000    4.48385    0.00000    4.48385
  59.00000    4.48405    0.00000    4.48405
  59.50000    4.48369    0.00000    4.48369
  60.00000    4.48696    0.00000    4.48696
  60.50000    4.49625    0.00000    4.49625
  61.00000    4.49301    0.00000    4.49301
  61.50000    4.50482    0.00000    4.50482
  62.00000    4.51727    0.00000    4.51727
  62.50000    4.52320    0.00000    4.52320
  63.00000    4.52024    0.00000    4.52024
  63.50000    4.53572    0.00000    4.53572
  64.00000    4.54117    0.00000    4.54117
  64.50000    4.52979    0.00000    4.52979
  65.00000    4.52317    0.00000    4.52317
  65.50000    4.52483    0.00000    4.52483
  66.00000    4.53072    0.00000    4.53072
  66.50000    4.53651    0.00000    4.53651
  67.00000    4.54848    0.00000    4.54848
  67.50000    4.54684    0.00000    4.54684
  68.00000    4.54897    0.00000    4.54897
  68.50000    4.54206    0.00000    4.54206
  69.00000    4.54943    0.00000    4.54943
  69.50000    4.55323    0.00000    4.55323
  70.00000    4.56342    0.00000    4.56342
  70.50000    4.56754    0.00000    4.56754
  71.00000    4.57343    0.00000    4.57343
  71.50000    4.57643    0.00000    4.57643
  72.00000    4.57685    0.00000    4.57685
  72.50000    4.57843    0.00000    4.57843
  73.00000    4.57479    0.00000    4.57479
  73.50000    4.57400    0.00000    4.57400
  74.00000    4.57513    0.00000    4.57513
  74.50000    4.57152    0.00000    4.57152
  75.00000    4.57275    0.00000    4.57275
  75.50000    4.58010    0.00000    4.58010
  76.00000    4.58694    0.00000    4.58694
  76.50000    4.59204    0.00000    4.59204
  77.00000    4.59788    0.00000    4.59788
  77.50000    4.58856    0.00000    4.58856
  78.00000    4.58334    0.00000    4.58334
  78.50000    4.58246    0.00000    4.58246
  79.00000    4.58704    0.00000    4.58704
  79.50000    4.58925    0.00000    4.58925
  80.00000    4.59379    0.00000    4.59379
  80.50000    4.60362    0.00000    4.60362
  81.00000    4.61037    0.00000    4.61037
  81.50000    4.62070    0.00000    4.62070
  82.00000    4.61108    0.00000    4.61108
  82.50000    4.60230    0.00000    4.60230
  83.00000    4.60757    0.00000    4.60757
  83.50000    4.61756    0.00000    4.61756
  84.00000    4.61395    0.00000    4.61395
  84.50000    4.60210    0.00000    4.60210
  85.00000    4.60688    0.00000    4.60688
  85.50000    4.62387    0.00000    4.62387
  86.00000    4.63679    0.00000    4.63679
  86.50000    4.62222    0.00000    4.62222
  87.00000    4.60222    0.00000    4.60222
  87.50000    4.60029    0.00000    4.60029
  88.00000    4.61814    0.00000    4.61814
  88.50000    4.63007    0.00000    4.63007
  89.00000    4.62862    0.00000    4.62862
  89.50000    4.60845    0.00000    4.60845
  90.00000    4.60374    0.00000    4.60374
  90.50000    4.60761    0.00000    4.60761
  91.00000    4.61085    0.00000    4.61085
  91.50000    4.60405    0.00000    4.60405
  92.00000    4.61057    0.00000    4.61057
  92.50000    4.60263    0.00000    4.60263
  93.00000    4.59483    0.00000    4.59483
  93.50000    4.59135    0.00000    4.59135
  94.00000    4.60220    0.00000    4.60220
  94.50000    4.60760    0.00000    4.60760
  95.00000    4.61470    0.00000    4.61470
  95.50000    4.60330    0.00000    4.60330
  96.00000    4.59625    0.00000    4.59625
  96.50000    4.58810    0.00000    4.58810
  97.00000    4.59505    0.00000    4.59505
  97.50000    4.59518    0.00000    4.59518
  98.00000    4.59574    0.00000    4.59574
  98.50000    4.59128    0.00000    4.59128
  99.00000    4.59195    0.00000    4.59195
  99.50000    4.58672    0.00000    4.58672
 100.00000    4.58648    0.00000    4.58648
 100.50000    4.59763    0.00000    4.59763
 101.00000    4.58801    0.00000    4.58801
 101.50000    4.57170    0.00000    4.57170
 102.00000    4.58058    0.00000    4.58058
 102.50000    4.59682    0.00000    4.59682
 103.00000    4.59610    0.00000    4.59610
 103.50000    4.58550    0.00000    4.58550
 104.00000    4.58599    0.00000    4.58599
 104.50000    4.58142    0.00000    4.58142
 105.00000    4.58661    0.00000    4.58661
 105.50000    4.57677    0.00000    4.57677
 106.00000    4.56714    0.00000    4.56714
 106.50000    4.56760    0.00000    4.56760
 107.00000    4.58034    0.00000    4.58034
 107.50000    4.58382    0.00000    4.58382
 108.00000    4.58008    0.00000    4.58008
 108.50000    4.57677    0.00000    4.57677
 109.00000    4.57571    0.00000    4.57571
 109.50000    4.58558    0.00000    4.58558
 110.00000    4.58512    0.00000    4.58512
 110.50000    4.56714    0.00000    4.56714
 111.00000    4.54900    0.00000    4.54900
 111.50000    4.54860    0.00000    4.54860
 112.00000    4.55676    0.00000    4.55676
 112.50000    4.56201    0.00000    4.56201
 113.00000    4.57156    0.00000    4.57156
 113.50000    4.56941    0.00000    4.56941
 114.00000    4.56921    0.00000    4.56921
 114.50000    4.55673    0.00000    4.55673
 115.00000    4.55158    0.00000    4.55158
 115.50000    4.56372    0.00000    4.56372
 116.00000    4.57249    0.00000    4.57249
 116.50000    4.56666    0.00000    4.56666
 117.00000    4.54813    0.00000    4.54813
 117.50000    4.55386    0.00000    4.55386
 118.00000    4.54976    0.00000    4.54976
 118.50000    4.56571    0.00000    4.56571
 119.00000    4.56312    0.00000    4.56312
 119.50000    4.55063    0.00000    4.55063
 120.00000    4.52541    0.00000    4.52541
 120.50000    4.52382    0.00000    4.52382
 121.00000    4.53811    0.00000    4.53811
 121.50000    4.55781    0.00000    4.55781
 122.00000    4.54951    0.00000    4.54951
 122.50000    4.53648    0.00000    4.53648
 123.00000    4.53106    0.00000    4.53106
 123.50000    4.53305    0.00000    4.53305
 124.00000    4.53539    0.00000    4.53539
 124.50000    4.52980    0.00000    4.52980
 125.00000    4.52286    0.00000    4.52286
 125.50000    4.51912    0.00000    4.51912
 126.00000    4.52623    0.00000    4.52623
 126.50000    4.51834    0.00000    4.51834
 127.00000    4.51361    0.00000    4.51361
 127.50000    4.52147    0.00000    4.52147
 128.00000    4.52167    0.00000    4.52167
 128.50000    4.51496    0.00000    4.51496
 129.00000    4.50941    0.00000    4.50941
 129.50000    4.51395    0.00000    4.51395
 130.00000    4.52872    0.00000    4.52872
 130.50000    4.52874    0.00000    4.52874
 131.00000    4.51675    0.00000    4.51675
 131.50000    4.51273    0.00000    4.51273
 132.00000    4.52723    0.00000    4.52723
 132.50000    4.52721    0.00000    4.52721
 133.00000    4.51056    0.00000    4.51056
 133.50000    4.50691    0.00000    4.50691
 134.00000    4.51314    0.00000    4.51314
 134.50000    4.51113    0.00000    4.51113
 135.00000    4.50822    0.00000    4.50822
 135.50000    4.51097    0.00000    4.51097
 136.00000    4.50821    0.00000    4.50821
 136.50000    4.50805    0.00000    4.50805
 137.00000    4.50801    0.00000    4.50801
 137.50000    4.50834    0.00000    4.50834
 138.00000    4.49988    0.00000    4.49988
 138.50000    4.50069    0.00000    4.50069
 139.00000    4.49643    0.00000    4.49643
 139.50000    4.49847    0.00000    4.49847
 140.00000    4.49141    0.00000    4.49141
 140.50000    4.48663    0.00000    4.48663
 141.00000    4.48469    0.00000    4.48469
 141.50000    4.50066    0.00000    4.50066
 142.00000    4.49997    0.00000    4.49997
 142.50000    4.49654    0.00000    4.49654
 143.00000    4.48635    0.00000    4.48635
 143.50000    4.48029    0.00000    4.48029
 144.00000    4.47727    0.00000    4.47727
 144.50000    4.46767    0.00000    4.46767
 145.00000    4.47785    0.00000    4.47785
 145.50000    4.48078    0.00000    4.48078
 146.00000    4.49257    0.00000    4.49257
 146.50000    4.47293    0.00000    4.47293
 147.00000    4.46375    0.00000    4.46375
 147.50000    4.45645    0.00000    4.45645
 148.00000    4.46752    0.00000    4.46752
 148.50000    4.47503    0.00000    4.47503
 149.00000    4.47361    0.00000    4.47361
 149.50000    4.47075    0.00000    4.47075
 150.00000    4.49600    0.00000    4.49600
