   0.00000    1.11729    0.00000    1.11729
   0.50000    2.38345    0.00000    2.38345
   1.00000    2.91004    0.00000    2.91004
   1.50000    3.08028    0.00000    3.08028
   2.00000    3.15017    0.00000    3.15017
   2.50000    3.20252    0.00000    3.20252
   3.00000    3.19706    0.00000    3.19706
   3.50000    3.20807    0.00000    3.20807
   4.00000    3.24645    0.00000    3.24645
   4.50000    3.27319    0.00000    3.27319
   5.00000    3.29338    0.00000    3.29338
   5.50000    3.32202    0.00000    3.32202
   6.00000    3.34715    0.00000    3.34715
   6.50000    3.36521    0.00000    3.36521
   7.00000    3.38962    0.00000    3.38962
   7.50000    3.41354    0.00000    3.41354
   8.00000    3.44666    0.00000    3.44666
   8.50000    3.47527    0.00000    3.47527
   9.00000    3.49429    0.00000    3.49429
   9.50000    3.50386    0.00000    3.50386
  10.00000    3.50932    0.00000    3.50932
  10.50000    3.52711    0.00000    3.52711
  11.00000    3.55405    0.00000    3.55405
  11.50000    3.57489    0.00000    3.57489
  12.00000    3.58635    0.00000    3.58635
  12.50000    3.59223    0.00000    3.59223
  13.00000    3.61030    0.00000    3.61030
  13.50000    3.62014    0.00000    3.62014
  14.00000    3.62991    0.00000    3.62991
  14.50000    3.64455    0.00000    3.64455
  15.00000    3.66509    0.00000    3.66509
  15.50000    3.67454    0.00000    3.67454
  16.00000    3.68222    0.00000    3.68222
  16.50000    3.69712    0.00000    3.69712
  17.00000    3.70433    0.00000    3.70433
  17.50000    3.70176    0.00000    3.70176
  18.00000    3.71021    0.00000    3.71021
  18.50000    3.73020    0.00000    3.73020
  19.00000    3.76803    0.00000    3.76803
  19.50000    3.77565    0.00000    3.77565
  20.00000    3.77074    0.00000    3.77074
  20.50000    3.76426    0.00000    3.76426
  21.00000    3.77989    0.00000    3.77989
  21.50000    3.78807    0.00000    3.78807
  22.00000    3.79404    0.00000    3.79404
  22.50000    3.81437    0.00000    3.81437
  23.00000    3.84331    0.00000    3.84331
  23.50000    3.85979    0.00000    3.85979
  24.00000    3.86940    0.00000    3.86940
  24.50000    3.88889    0.00000    3.88889
  25.00000    3.94228    0.00000    3.94228
  25.50000    3.97517    0.00000    3.97517
  26.00000    4.00446    0.00000    4.00446
  26.50000    4.06651    0.00000    4.06651
  27.00000    4.14075    0.00000    4.14075
  27.50000    4.19894    0.00000    4.19894
  28.00000    4.21578    0.00000    4.21578
  28.50000    4.22758    0.00000    4.22758
  29.00000    4.20852    0.00000    4.20852
  29.50000    4.21282    0.00000    4.21282
  30.00000    4.23401    0.00000    4.23401
  30.50000    4.26334    0.00000    4.26334
  31.00000    4.27195    0.00000    4.27195
  31.50000    4.26424    0.00000    4.26424
  32.00000    4.25854    0.00000    4.25854
  32.50000    4.24999    0.00000    4.24999
  33.00000    4.25036    0.00000    4.25036
  33.50000    4.23749    0.00000    4.23749
  34.00000    4.23333    0.00000    4.23333
  34.50000    4.24948    0.00000    4.24948
  35.00000    4.28420    0.00000    4.28420
  35.50000    4.29926    0.00000    4.29926
  36.00000    4.28824    0.00000    4.28824
  36.50000    4.28846    0.00000    4.28846
  37.00000    4.29219    0.00000    4.29219
  37.50000    4.31039    0.00000    4.31039
  38.00000    4.31674    0.00000    4.31674
  38.50000    4.32699    0.00000    4.32699
  39.00000    4.32173    0.00000    4.32173
  39.50000    4.32615    0.00000    4.32615
  40.00000    4.34058    0.00000    4.34058
  40.50000    4.35599    0.00000    4.35599
  41.00000    4.36152    0.00000    4.36152
  41.50000    4.35979    0.00000    4.35979
  42.00000    4.36648    0.00000    4.36648
  42.50000    4.35494    0.00000    4.35494
  43.00000    4.34741    0.00000    4.34741
  43.50000    4.34957    0.00000    4.34957
  44.00000    4.34896    0.00000    4.34896
  44.50000    4.34476    0.00000    4.34476
  45.00000    4.34104    0.00000    4.34104
  45.50000    4.35658    0.00000    4.35658
  46.00000    4.36480    0.00000    4.36480
  46.50000    4.37396    0.00000    4.37396
  47.00000    4.38246    0.00000    4.38246
  47.50000    4.40884    0.00000    4.40884
  48.00000    4.40745    0.00000    4.40745
  48.50000    4.40336    0.00000    4.40336
  49.00000    4.39028    0.00000    4.39028
  49.50000    4.38865    0.00000    4.38865
  50.00000    4.38348    0.00000    4.38348
  50.50000    4.38966    0.00000    4.38966
  51.00000    4.39218    0.00000    4.39218
  51.50000    4.38616    0.00000    4.38616
  52.00000    4.39338    0.00000    4.39338
  52.50000    4.39814    0.00000    4.39814
  53.00000    4.39733    0.00000    4.39733
  53.50000    4.39581    0.00000    4.39581
  54.00000    4.39453    0.00000    4.39453
  54.50000    4.39450    0.00000    4.39450
  55.00000    4.38852    0.00000    4.38852
  55.50000    4.38958    0.00000    4.38958
  56.00000    4.38097    0.00000    4.38097
  56.50000    4.37119    0.00000    4.37119
  57.00000    4.36457    0.00000    4.36457
  57.50000    4.36670    0.00000    4.36670
  58.00000    4.36336    0.00000    4.36336
  58.50000    4.35998    0.00000    4.35998
  59.00000    4.36033    0.00000    4.36033
  59.50000    4.36482    0.00000    4.36482
  60.00000    4.35779    0.00000    4.35779
  60.50000    4.35313    0.00000    4.35313
  61.00000    4.34948    0.00000    4.34948
  61.50000    4.34917    0.00000    4.34917
  62.00000    4.33351    0.00000    4.33351
  62.50000    4.33509    0.00000    4.33509
  63.00000    4.33787    0.00000    4.33787
  63.50000    4.35310    0.00000    4.35310
  64.00000    4.34930    0.00000    4.34930
  64.50000    4.35781    0.00000    4.35781
  65.00000    4.35034    0.00000    4.35034
  65.50000    4.34014    0.00000    4.34014
  66.00000    4.31708    0.00000    4.31708
  66.50000    4.31117    0.00000    4.31117
  67.00000    4.31755    0.00000    4.31755
  67.50000    4.31532    0.00000    4.31532
  68.00000    4.30865    0.00000    4.30865
  68.50000    4.29612    0.00000    4.29612
  69.00000    4.30603    0.00000    4.30603
  69.50000    4.30115    0.00000    4.30115
  70.00000    4.29680    0.00000    4.29680
  70.50000    4.29009    0.00000    4.29009
  71.00000    4.30037    0.00000    4.30037
  71.50000    4.29137    0.00000    4.29137
  72.00000    4.27671    0.00000    4.27671
  72.50000    4.26448    0.00000    4.26448
  73.00000    4.26220    0.00000    4.26220
  73.50000    4.26214    0.00000    4.26214
  74.00000    4.26438    0.00000    4.26438
  74.50000    4.25872    0.00000    4.25872
  75.00000    4.25351    0.00000    4.25351
  75.50000    4.25211    0.00000    4.25211
  76.00000    4.24563    0.00000    4.24563
  76.50000    4.24424    0.00000    4.24424
  77.00000    4.23667    0.00000    4.23667
  77.50000    4.22609    0.00000    4.22609
  78.00000    4.21354    0.00000    4.21354
  78.50000    4.22430    0.00000    4.22430
  79.00000    4.22415    0.00000    4.22415
  79.50000    4.22102    0.00000    4.22102
  80.00000    4.21754    0.00000    4.21754
  80.50000    4.21311    0.00000    4.21311
  81.00000    4.20782    0.00000    4.20782
  81.50000    4.21282    0.00000    4.21282
  82.00000    4.21865    0.00000    4.21865
  82.50000    4.21113    0.00000    4.21113
  83.00000    4.20341    0.00000    4.20341
  83.50000    4.20943    0.00000    4.20943
  84.00000    4.21572    0.00000    4.21572
  84.50000    4.21215    0.00000    4.21215
  85.00000    4.21017    0.00000    4.21017
  85.50000    4.20668    0.00000    4.20668
  86.00000    4.19949    0.00000    4.19949
  86.50000    4.18492    0.00000    4.18492
  87.00000    4.19100    0.00000    4.19100
  87.50000    4.20173    0.00000    4.20173
  88.00000    4.20736    0.00000    4.20736
  88.50000    4.19069    0.00000    4.19069
  89.00000    4.18568    0.00000    4.18568
  89.50000    4.18818    0.00000    4.18818
  90.00000    4.19962    0.00000    4.19962
  90.50000    4.18928    0.00000    4.18928
  91.00000    4.18492    0.00000    4.18492
  91.50000    4.18932    0.00000    4.18932
  92.00000    4.19830    0.00000    4.19830
  92.50000    4.19112    0.00000    4.19112
  93.00000    4.18940    0.00000    4.18940
  93.50000    4.19001    0.00000    4.19001
  94.00000    4.18918    0.00000    4.18918
  94.50000    4.18495    0.00000    4.18495
  95.00000    4.19480    0.00000    4.19480
  95.50000    4.19892    0.00000    4.19892
  96.00000    4.20276    0.00000    4.20276
  96.50000    4.19095    0.00000    4.19095
  97.00000    4.18495    0.00000    4.18495
  97.50000    4.16931    0.00000    4.16931
  98.00000    4.17381    0.00000    4.17381
  98.50000    4.17079    0.00000    4.17079
  99.00000    4.18349    0.00000    4.18349
  99.50000    4.17366    0.00000    4.17366
 100.00000    4.17240    0.00000    4.17240
 100.50000    4.16639    0.00000    4.16639
 101.00000    4.18445    0.00000    4.18445
 101.50000    4.18384    0.00000    4.18384
 102.00000    4.18361    0.00000    4.18361
 102.50000    4.17641    0.00000    4.17641
 103.00000    4.17635    0.00000    4.17635
 103.50000    4.17294    0.00000    4.17294
 104.00000    4.18220    0.00000    4.18220
 104.50000    4.18091    0.00000    4.18091
 105.00000    4.16978    0.00000    4.16978
 105.50000    4.17148    0.00000    4.17148
 106.00000    4.18591    0.00000    4.18591
 106.50000    4.19946    0.00000    4.19946
 107.00000    4.19324    0.00000    4.19324
 107.50000    4.19245    0.00000    4.19245
 108.00000    4.18476    0.00000    4.18476
 108.50000    4.19162    0.00000    4.19162
 109.00000    4.19806    0.00000    4.19806
 109.50000    4.20991    0.00000    4.20991
 110.00000    4.20346    0.00000    4.20346
 110.50000    4.19063    0.00000    4.19063
 111.00000    4.18725    0.00000    4.18725
 111.50000    4.20177    0.00000    4.20177
 112.00000    4.20810    0.00000    4.20810
 112.50000    4.22233    0.00000    4.22233
 113.00000    4.22538    0.00000    4.22538
 113.50000    4.22961    0.00000    4.22961
 114.00000    4.21229    0.00000    4.21229
 114.50000    4.21066    0.00000    4.21066
 115.00000    4.20960    0.00000    4.20960
 115.50000    4.21636    0.00000    4.21636
 116.00000    4.22034    0.00000    4.22034
 116.50000    4.22214    0.00000    4.22214
 117.00000    4.22543    0.00000    4.22543
 117.50000    4.22410    0.00000    4.22410
 118.00000    4.23011    0.00000    4.23011
 118.50000    4.22949    0.00000    4.22949
 119.00000    4.23419    0.00000    4.23419
 119.50000    4.23509    0.00000    4.23509
 120.00000    4.24175    0.00000    4.24175
 120.50000    4.23770    0.00000    4.23770
 121.00000    4.24235    0.00000    4.24235
 121.50000    4.25761    0.00000    4.25761
 122.00000    4.25858    0.00000    4.25858
 122.50000    4.24777    0.00000    4.24777
 123.00000    4.24617    0.00000    4.24617
 123.50000    4.26005    0.00000    4.26005
 124.00000    4.25888    0.00000    4.25888
 124.50000    4.24696    0.00000    4.24696
 125.00000    4.25296    0.00000    4.25296
 125.50000    4.27332    0.00000    4.27332
 126.00000    4.28710    0.00000    4.28710
 126.50000    4.29404    0.00000    4.29404
 127.00000    4.29274    0.00000    4.29274
 127.50000    4.28800    0.00000    4.28800
 128.00000    4.28632    0.00000    4.28632
 128.50000    4.29856    0.00000    4.29856
 129.00000    4.29306    0.00000    4.29306
 129.50000    4.28686    0.00000    4.28686
 130.00000    4.29770    0.00000    4.29770
 130.50000    4.31838    0.00000    4.31838
 131.00000    4.32677    0.00000    4.32677
 131.50000    4.32696    0.00000    4.32696
 132.00000    4.31811    0.00000    4.31811
 132.50000    4.31019    0.00000    4.31019
 133.00000    4.30249    0.00000    4.30249
 133.50000    4.30648    0.00000    4.30648
 134.00000    4.30928    0.00000    4.30928
 134.50000    4.31480    0.00000    4.31480
 135.00000    4.30835    0.00000    4.30835
 135.50000    4.31393    0.00000    4.31393
 136.00000    4.32358    0.00000    4.32358
 136.50000    4.33018    0.00000    4.33018
 137.00000    4.33256    0.00000    4.33256
 137.50000    4.34014    0.00000    4.34014
 138.00000    4.34716    0.00000    4.34716
 138.50000    4.35315    0.00000    4.35315
 139.00000    4.34966    0.00000    4.34966
 139.50000    4.34759    0.00000    4.34759
 140.00000    4.34976    0.00000    4.34976
 140.50000    4.37500    0.00000    4.37500
 141.00000    4.38142    0.00000    4.38142
 141.50000    4.38073    0.00000    4.38073
 142.00000    4.37419    0.00000    4.37419
 142.50000    4.37229    0.00000    4.37229
 143.00000    4.38689    0.00000    4.38689
 143.50000    4.39768    0.00000    4.39768
 144.00000    4.41762    0.00000    4.41762
 144.50000    4.41123    0.00000    4.41123
 145.00000    4.41504    0.00000    4.41504
 145.50000    4.41514    0.00000    4.41514
 146.00000    4.42577    0.00000    4.42577
 146.50000    4.42666    0.00000    4.42666
 147.00000    4.43067    0.00000    4.43067
 147.50000    4.43242    0.00000    4.43242
 148.00000    4.43289    0.00000    4.43289
 148.50000    4.42161    0.00000    4.42161
 149.00000    4.43020    0.00000    4.43020
 149.50000    4.44971    0.00000    4.44971
 150.00000    4.49714    0.00000    4.49714
