   0.00000    1.53658    0.00000    1.53658
   0.50000    3.15173    0.00000    3.15173
   1.00000    3.51310    0.00000    3.51310
   1.50000    3.44560    0.00000    3.44560
   2.00000    3.53058    0.00000    3.53058
   2.50000    3.46810    0.00000    3.46810
   3.00000    3.40557    0.00000    3.40557
   3.50000    3.34574    0.00000    3.34574
   4.00000    3.37913    0.00000    3.37913
   4.50000    3.42298    0.00000    3.42298
   5.00000    3.46456    0.00000    3.46456
   5.50000    3.49159    0.00000    3.49159
   6.00000    3.50288    0.00000    3.50288
   6.50000    3.50892    0.00000    3.50892
   7.00000    3.51950    0.00000    3.51950
   7.50000    3.52139    0.00000    3.52139
   8.00000    3.52409    0.00000    3.52409
   8.50000    3.53228    0.00000    3.53228
   9.00000    3.53698    0.00000    3.53698
   9.50000    3.54012    0.00000    3.54012
  10.00000    3.54664    0.00000    3.54664
  10.50000    3.55593    0.00000    3.55593
  11.00000    3.55619    0.00000    3.55619
  11.50000    3.56286    0.00000    3.56286
  12.00000    3.57282    0.00000    3.57282
  12.50000    3.57929    0.00000    3.57929
  13.00000    3.58404    0.00000    3.58404
  13.50000    3.59242    0.00000    3.59242
  14.00000    3.59916    0.00000    3.59916
  14.50000    3.59193    0.00000    3.59193
  15.00000    3.59497    0.00000    3.59497
  15.50000    3.59910    0.00000    3.59910
  16.00000    3.60774    0.00000    3.60774
  16.50000    3.60085    0.00000    3.60085
  17.00000    3.60943    0.00000    3.60943
  17.50000    3.60986    0.00000    3.60986
  18.00000    3.62319    0.00000    3.62319
  18.50000    3.62892    0.00000    3.62892
  19.00000    3.63126    0.00000    3.63126
  19.50000    3.61943    0.00000    3.61943
  20.00000    3.61970    0.00000    3.61970
  20.50000    3.62432    0.00000    3.62432
  21.00000    3.63407    0.00000    3.63407
  21.50000    3.63322    0.00000    3.63322
  22.00000    3.64047    0.00000    3.64047
  22.50000    3.63915    0.00000    3.63915
  23.00000    3.64527    0.00000    3.64527
  23.50000    3.64280    0.00000    3.64280
  24.00000    3.64534    0.00000    3.64534
  24.50000    3.64387    0.00000    3.64387
  25.00000    3.64947    0.00000    3.64947
  25.50000    3.64597    0.00000    3.64597
  26.00000    3.61732    0.00000    3.61732
  26.50000    3.57980    0.00000    3.57980
  27.00000    3.57036    0.00000    3.57036
  27.50000    3.57505    0.00000    3.57505
  28.00000    3.59819    0.00000    3.59819
  28.50000    3.62660    0.00000    3.62660
  29.00000    3.66195    0.00000    3.66195
  29.50000    3.68252    0.00000    3.68252
  30.00000    3.70487    0.00000    3.70487
  30.50000    3.74386    0.00000    3.74386
  31.00000    3.79191    0.00000    3.79191
  31.50000    3.83070    0.00000    3.83070
  32.00000    3.86356    0.00000    3.86356
  32.50000    3.89573    0.00000    3.89573
  33.00000    3.91746    0.00000    3.91746
  33.50000    3.95293    0.00000    3.95293
  34.00000    4.00988    0.00000    4.00988
  34.50000    4.10487    0.00000    4.10487
  35.00000    4.18246    0.00000    4.18246
  35.50000    4.28246    0.00000    4.28246
  36.00000    4.34129    0.00000    4.34129
  36.50000    4.39629    0.00000    4.39629
  37.00000    4.41791    0.00000    4.41791
  37.50000    4.46036    0.00000    4.46036
  38.00000    4.49847    0.00000    4.49847
  38.50000    4.53750    0.00000    4.53750
  39.00000    4.57152    0.00000    4.57152
  39.50000    4.59329    0.00000    4.59329
  40.00000    4.60407    0.00000    4.60407
  40.50000    4.61474    0.00000    4.61474
  41.00000    4.63233    0.00000    4.63233
  41.50000    4.64655    0.00000    4.64655
  42.00000    4.63863    0.00000    4.63863
  42.50000    4.63697    0.00000    4.63697
  43.00000    4.63790    0.00000    4.63790
  43.50000    4.65494    0.00000    4.65494
  44.00000    4.64845    0.00000    4.64845
  44.50000    4.64075    0.00000    4.64075
  45.00000    4.64259    0.00000    4.64259
  45.50000    4.64924    0.00000    4.64924
  46.00000    4.64934    0.00000    4.64934
  46.50000    4.65250    0.00000    4.65250
  47.00000    4.66223    0.00000    4.66223
  47.50000    4.66015    0.00000    4.66015
  48.00000    4.64237    0.00000    4.64237
  48.50000    4.62940    0.00000    4.62940
  49.00000    4.62064    0.00000    4.62064
  49.50000    4.62882    0.00000    4.62882
  50.00000    4.63208    0.00000    4.63208
  50.50000    4.62648    0.00000    4.62648
  51.00000    4.61436    0.00000    4.61436
  51.50000    4.60317    0.00000    4.60317
  52.00000    4.58539    0.00000    4.58539
  52.50000    4.57935    0.00000    4.57935
  53.00000    4.57625    0.00000    4.57625
  53.50000    4.57549    0.00000    4.57549
  54.00000    4.55659    0.00000    4.55659
  54.50000    4.55262    0.00000    4.55262
  55.00000    4.56107    0.00000    4.56107
  55.50000    4.57497    0.00000    4.57497
  56.00000    4.58205    0.00000    4.58205
  56.50000    4.56755    0.00000    4.56755
  57.00000    4.56416    0.00000    4.56416
  57.50000    4.55460    0.00000    4.55460
  58.00000    4.54598    0.00000    4.54598
  58.50000    4.54177    0.00000    4.54177
  59.00000    4.54540    0.00000    4.54540
  59.50000    4.54220    0.00000    4.54220
  60.00000    4.53780    0.00000    4.53780
  60.50000    4.55186    0.00000    4.55186
  61.00000    4.55152    0.00000    4.55152
  61.50000    4.54397    0.00000    4.54397
  62.00000    4.52990    0.00000    4.52990
  62.50000    4.53762    0.00000    4.53762
  63.00000    4.53246    0.00000    4.53246
  63.50000    4.53174    0.00000    4.53174
  64.00000    4.52438    0.00000    4.52438
  64.50000    4.53745    0.00000    4.53745
  65.00000    4.52484    0.00000    4.52484
  65.50000    4.51645    0.00000    4.51645
  66.00000    4.52054    0.00000    4.52054
  66.50000    4.53023    0.00000    4.53023
  67.00000    4.53241    0.00000    4.53241
  67.50000    4.53621    0.00000    4.53621
  68.00000    4.53324    0.00000    4.53324
  68.50000    4.50956    0.00000    4.50956
  69.00000    4.50154    0.00000    4.50154
  69.50000    4.50708    0.00000    4.50708
  70.00000    4.50881    0.00000    4.50881
  70.50000    4.50049    0.00000    4.50049
  71.00000    4.49850    0.00000    4.49850
  71.50000    4.49492    0.00000    4.49492
  72.00000    4.49757    0.00000    4.49757
  72.50000    4.49701    0.00000    4.49701
  73.00000    4.49103    0.00000    4.49103
  73.50000    4.47822    0.00000    4.47822
  74.00000    4.47745    0.00000    4.47745
  74.50000    4.48892    0.00000    4.48892
  75.00000    4.49120    0.00000    4.49120
  75.50000    4.48812    0.00000    4.48812
  76.00000    4.48176    0.00000    4.48176
  76.50000    4.48491    0.00000    4.48491
  77.00000    4.48289    0.00000    4.48289
  77.50000    4.48829    0.00000    4.48829
  78.00000    4.48477    0.00000    4.48477
  78.50000    4.48218    0.00000    4.48218
  79.00000    4.47814    0.00000    4.47814
  79.50000    4.47396    0.00000    4.47396
  80.00000    4.46935    0.00000    4.46935
  80.50000    4.46741    0.00000    4.46741
  81.00000    4.46439    0.00000    4.46439
  81.50000    4.46031    0.00000    4.46031
  82.00000    4.46267    0.00000    4.46267
  82.50000    4.45991    0.00000    4.45991
  83.00000    4.45372    0.00000    4.45372
  83.50000    4.45515    0.00000    4.45515
  84.00000    4.45510    0.00000    4.45510
  84.50000    4.45057    0.00000    4.45057
  85.00000    4.45993    0.00000    4.45993
  85.50000    4.46161    0.00000    4.46161
  86.00000    4.44914    0.00000    4.44914
  86.50000    4.44038    0.00000    4.44038
  87.00000    4.45132    0.00000    4.45132
  87.50000    4.45860    0.00000    4.45860
  88.00000    4.45650    0.00000    4.45650
  88.50000    4.43986    0.00000    4.43986
  89.00000    4.42626    0.00000    4.42626
  89.50000    4.42734    0.00000    4.42734
  90.00000    4.44263    0.00000    4.44263
  90.50000    4.43787    0.00000    4.43787
  91.00000    4.43721    0.00000    4.43721
  91.50000    4.43495    0.00000    4.43495
  92.00000    4.43091    0.00000    4.43091
  92.50000    4.42822    0.00000    4.42822
  93.00000    4.43984    0.00000    4.43984
  93.50000    4.44542    0.00000    4.44542
  94.00000    4.43903    0.00000    4.43903
  94.50000    4.43453    0.00000    4.43453
  95.00000    4.43611    0.00000    4.43611
  95.50000    4.42478    0.00000    4.42478
  96.00000    4.42023    0.00000    4.42023
  96.50000    4.41349    0.00000    4.41349
  97.00000    4.42549    0.00000    4.42549
  97.50000    4.42848    0.00000    4.42848
  98.00000    4.43499    0.00000    4.43499
  98.50000    4.43079    0.00000    4.43079
  99.00000    4.42994    0.00000    4.42994
  99.50000    4.43068    0.00000    4.43068
 100.00000    4.42331    0.00000    4.42331
 100.50000    4.42030    0.00000    4.42030
 101.00000    4.41445    0.00000    4.41445
 101.50000    4.41152    0.00000    4.41152
 102.00000    4.40577    0.00000    4.40577
 102.50000    4.41151    0.00000    4.41151
 103.00000    4.41514    0.00000    4.41514
 103.50000    4.42634    0.00000    4.42634
 104.00000    4.41504    0.00000    4.41504
 104.50000    4.41467    0.00000    4.41467
 105.00000    4.42495    0.00000    4.42495
 105.50000    4.43554    0.00000    4.43554
 106.00000    4.41933    0.00000    4.41933
 106.50000    4.41459    0.00000    4.41459
 107.00000    4.41578    0.00000    4.41578
 107.50000    4.41357    0.00000    4.41357
 108.00000    4.41076    0.00000    4.41076
 108.50000    4.42583    0.00000    4.42583
 109.00000    4.42000    0.00000    4.42000
 109.50000    4.42191    0.00000    4.42191
 110.00000    4.41421    0.00000    4.41421
 110.50000    4.41692    0.00000    4.41692
 111.00000    4.41393    0.00000    4.41393
 111.50000    4.42629    0.00000    4.42629
 112.00000    4.42215    0.00000    4.42215
 112.50000    4.41673    0.00000    4.41673
 113.00000    4.40876    0.00000    4.40876
 113.50000    4.41849    0.00000    4.41849
 114.00000    4.43063    0.00000    4.43063
 114.50000    4.43215    0.00000    4.43215
 115.00000    4.42495    0.00000    4.42495
 115.50000    4.41985    0.00000    4.41985
 116.00000    4.42186    0.00000    4.42186
 116.50000    4.41715    0.00000    4.41715
 117.00000    4.41661    0.00000    4.41661
 117.50000    4.41849    0.00000    4.41849
 118.00000    4.41899    0.00000    4.41899
 118.50000    4.42799    0.00000    4.42799
 119.00000    4.43256    0.00000    4.43256
 119.50000    4.43570    0.00000    4.43570
 120.00000    4.43018    0.00000    4.43018
 120.50000    4.43308    0.00000    4.43308
 121.00000    4.43054    0.00000    4.43054
 121.50000    4.43532    0.00000    4.43532
 122.00000    4.43242    0.00000    4.43242
 122.50000    4.43137    0.00000    4.43137
 123.00000    4.42919    0.00000    4.42919
 123.50000    4.43411    0.00000    4.43411
 124.00000    4.42587    0.00000    4.42587
 124.50000    4.42237    0.00000    4.42237
 125.00000    4.42693    0.00000    4.42693
 125.50000    4.44293    0.00000    4.44293
 126.00000    4.44436    0.00000    4.44436
 126.50000    4.44380    0.00000    4.44380
 127.00000    4.43439    0.00000    4.43439
 127.50000    4.43932    0.00000    4.43932
 128.00000    4.44672    0.00000    4.44672
 128.50000    4.43870    0.00000    4.43870
 129.00000    4.43900    0.00000    4.43900
 129.50000    4.44260    0.00000    4.44260
 130.00000    4.46033    0.00000    4.46033
 130.50000    4.45350    0.00000    4.45350
 131.00000    4.44566    0.00000    4.44566
 131.50000    4.43696    0.00000    4.43696
 132.00000    4.45494    0.00000    4.45494
 132.50000    4.45641    0.00000    4.45641
 133.00000    4.44964    0.00000    4.44964
 133.50000    4.44114    0.00000    4.44114
 134.00000    4.45474    0.00000    4.45474
 134.50000    4.45167    0.00000    4.45167
 135.00000    4.44600    0.00000    4.44600
 135.50000    4.43527    0.00000    4.43527
 136.00000    4.45119    0.00000    4.45119
 136.50000    4.45929    0.00000    4.45929
 137.00000    4.45505    0.00000    4.45505
 137.50000    4.44883    0.00000    4.44883
 138.00000    4.45547    0.00000    4.45547
 138.50000    4.46252    0.00000    4.46252
 139.00000    4.46385    0.00000    4.46385
 139.50000    4.47634    0.00000    4.47634
 140.00000    4.47572    0.00000    4.47572
 140.50000    4.47774    0.00000    4.47774
 141.00000    4.47309    0.00000    4.47309
 141.50000    4.47744    0.00000    4.47744
 142.00000    4.47448    0.00000    4.47448
 142.50000    4.47464    0.00000    4.47464
 143.00000    4.47477    0.00000    4.47477
 143.50000    4.47469    0.00000    4.47469
 144.00000    4.47901    0.00000    4.47901
 144.50000    4.47899    0.00000    4.47899
 145.00000    4.48250    0.00000    4.48250
 145.50000    4.47698    0.00000    4.47698
 146.00000    4.47349    0.00000    4.47349
 146.50000    4.47852    0.00000    4.47852
 147.00000    4.49422    0.00000    4.49422
 147.50000    4.49034    0.00000    4.49034
 148.00000    4.48474    0.00000    4.48474
 148.50000    4.48868    0.00000    4.48868
 149.00000    4.49865    0.00000    4.49865
 149.50000    4.49997    0.00000    4.49997
 150.00000    4.51652    0.00000    4.51652
