   0.00000    1.03537    0.00000    1.03537
   0.50000    2.21192    0.00000    2.21192
   1.00000    2.75092    0.00000    2.75092
   1.50000    2.99762    0.00000    2.99762
   2.00000    3.12931    0.00000    3.12931
   2.50000    3.21236    0.00000    3.21236
   3.00000    3.24531    0.00000    3.24531
   3.50000    3.29387    0.00000    3.29387
   4.00000    3.34059    0.00000    3.34059
   4.50000    3.34194    0.00000    3.34194
   5.00000    3.36107    0.00000    3.36107
   5.50000    3.38870    0.00000    3.38870
   6.00000    3.42592    0.00000    3.42592
   6.50000    3.42941    0.00000    3.42941
   7.00000    3.43858    0.00000    3.43858
   7.50000    3.45278    0.00000    3.45278
   8.00000    3.49038    0.00000    3.49038
   8.50000    3.49587    0.00000    3.49587
   9.00000    3.51100    0.00000    3.51100
   9.50000    3.54590    0.00000    3.54590
  10.00000    3.56710    0.00000    3.56710
  10.50000    3.57861    0.00000    3.57861
  11.00000    3.59037    0.00000    3.59037
  11.50000    3.61224    0.00000    3.61224
  12.00000    3.61939    0.00000    3.61939
  12.50000    3.64392    0.00000    3.64392
  13.00000    3.66020    0.00000    3.66020
  13.50000    3.66852    0.00000    3.66852
  14.00000    3.67445    0.00000    3.67445
  14.50000    3.68799    0.00000    3.68799
  15.00000    3.70239    0.00000    3.70239
  15.50000    3.71233    0.00000    3.71233
  16.00000    3.70935    0.00000    3.70935
  16.50000    3.71260    0.00000    3.71260
  17.00000    3.74010    0.00000    3.74010
  17.50000    3.77311    0.00000    3.77311
  18.00000    3.79450    0.00000    3.79450
  18.50000    3.80483    0.00000    3.80483
  19.00000    3.81967    0.00000    3.81967
  19.50000    3.82980    0.00000    3.82980
  20.00000    3.84489    0.00000    3.84489
  20.50000    3.85461    0.00000    3.85461
  21.00000    3.86367    0.00000    3.86367
  21.50000    3.86275    0.00000    3.86275
  22.00000    3.85498    0.00000    3.85498
  22.50000    3.89920    0.00000    3.89920
  23.00000    3.95965    0.00000    3.95965
  23.50000    4.02577    0.00000    4.02577
  24.00000    4.04617    0.00000    4.04617
  24.50000    4.01948    0.00000    4.01948
  25.00000    3.99778    0.00000    3.99778
  25.50000    4.04026    0.00000    4.04026
  26.00000    4.10597    0.00000    4.10597
  26.50000    4.12627    0.00000    4.12627
  27.00000    4.15118    0.00000    4.15118
  27.50000    4.19027    0.00000    4.19027
  28.00000    4.23474    0.00000    4.23474
  28.50000    4.26937    0.00000    4.26937
  29.00000    4.29476    0.00000    4.29476
  29.50000    4.30576    0.00000    4.30576
  30.00000    4.31909    0.00000    4.31909
  30.50000    4.32421    0.00000    4.32421
  31.00000    4.35928    0.00000    4.35928
  31.50000    4.37123    0.00000    4.37123
  32.00000    4.37917    0.00000    4.37917
  32.50000    4.36668    0.00000    4.36668
  33.00000    4.40458    0.00000    4.40458
  33.50000    4.40363    0.00000    4.40363
  34.00000    4.39382    0.00000    4.39382
  34.50000    4.37644    0.00000    4.37644
  35.00000    4.38583    0.00000    4.38583
  35.50000    4.39169    0.00000    4.39169
  36.00000    4.37299    0.00000    4.37299
  36.50000    4.35820    0.00000    4.35820
  37.00000    4.34060    0.00000    4.34060
  37.50000    4.34128    0.00000    4.34128
  38.00000    4.32132    0.00000    4.32132
  38.50000    4.31243    0.00000    4.31243
  39.00000    4.30031    0.00000    4.30031
  39.50000    4.32406    0.00000    4.32406
  40.00000    4.31869    0.00000    4.31869
  40.50000    4.32757    0.00000    4.32757
  41.00000    4.30579    0.00000    4.30579
  41.50000    4.32739    0.00000    4.32739
  42.00000    4.32655    0.00000    4.32655
  42.50000    4.34331    0.00000    4.34331
  43.00000    4.33640    0.00000    4.33640
  43.50000    4.36866    0.00000    4.36866
  44.00000    4.38327    0.00000    4.38327
  44.50000    4.38674    0.00000    4.38674
  45.00000    4.38002    0.00000    4.38002
  45.50000    4.38825    0.00000    4.38825
  46.00000    4.39854    0.00000    4.39854
  46.50000    4.39289    0.00000    4.39289
  47.00000    4.37600    0.00000    4.37600
  47.50000    4.35971    0.00000    4.35971
  48.00000    4.37144    0.00000    4.37144
  48.50000    4.38288    0.00000    4.38288
  49.00000    4.37084    0.00000    4.37084
  49.50000    4.37641    0.00000    4.37641
  50.00000    4.39219    0.00000    4.39219
  50.50000    4.40424    0.00000    4.40424
  51.00000    4.38639    0.00000    4.38639
  51.50000    4.37398    0.00000    4.37398
  52.00000    4.36015    0.00000    4.36015
  52.50000    4.35845    0.00000    4.35845
  53.00000    4.35755    0.00000    4.35755
  53.50000    4.35651    0.00000    4.35651
  54.00000    4.36881    0.00000    4.36881
  54.50000    4.39069    0.00000    4.39069
  55.00000    4.39246    0.00000    4.39246
  55.50000    4.37172    0.00000    4.37172
  56.00000    4.36288    0.00000    4.36288
  56.50000    4.37261    0.00000    4.37261
  57.00000    4.39407    0.00000    4.39407
  57.50000    4.38751    0.00000    4.38751
  58.00000    4.37390    0.00000    4.37390
  58.50000    4.36320    0.00000    4.36320
  59.00000    4.36357    0.00000    4.36357
  59.50000    4.35945    0.00000    4.35945
  60.00000    4.35784    0.00000    4.35784
  60.50000    4.37212    0.00000    4.37212
  61.00000    4.36518    0.00000    4.36518
  61.50000    4.36916    0.00000    4.36916
  62.00000    4.36982    0.00000    4.36982
  62.50000    4.36715    0.00000    4.36715
  63.00000    4.35303    0.00000    4.35303
  63.50000    4.34977    0.00000    4.34977
  64.00000    4.35844    0.00000    4.35844
  64.50000    4.34658    0.00000    4.34658
  65.00000    4.34399    0.00000    4.34399
  65.50000    4.34568    0.00000    4.34568
  66.00000    4.34623    0.00000    4.34623
  66.50000    4.33471    0.00000    4.33471
  67.00000    4.34351    0.00000    4.34351
  67.50000    4.36295    0.00000    4.36295
  68.00000    4.35921    0.00000    4.35921
  68.50000    4.32862    0.00000    4.32862
  69.00000    4.31903    0.00000    4.31903
  69.50000    4.32508    0.00000    4.32508
  70.00000    4.34094    0.00000    4.34094
  70.50000    4.33623    0.00000    4.33623
  71.00000    4.33572    0.00000    4.33572
  71.50000    4.32276    0.00000    4.32276
  72.00000    4.32082    0.00000    4.32082
  72.50000    4.32750    0.00000    4.32750
  73.00000    4.32043    0.00000    4.32043
  73.50000    4.31362    0.00000    4.31362
  74.00000    4.29907    0.00000    4.29907
  74.50000    4.31674    0.00000    4.31674
  75.00000    4.32085    0.00000    4.32085
  75.50000    4.31797    0.00000    4.31797
  76.00000    4.30258    0.00000    4.30258
  76.50000    4.30287    0.00000    4.30287
  77.00000    4.30831    0.00000    4.30831
  77.50000    4.31655    0.00000    4.31655
  78.00000    4.31577    0.00000    4.31577
  78.50000    4.30676    0.00000    4.30676
  79.00000    4.29628    0.00000    4.29628
  79.50000    4.30380    0.00000    4.30380
  80.00000    4.31201    0.00000    4.31201
  80.50000    4.29926    0.00000    4.29926
  81.00000    4.28065    0.00000    4.28065
  81.50000    4.27680    0.00000    4.27680
  82.00000    4.29350    0.00000    4.29350
  82.50000    4.30192    0.00000    4.30192
  83.00000    4.29788    0.00000    4.29788
  83.50000    4.28997    0.00000    4.28997
  84.00000    4.27445    0.00000    4.27445
  84.50000    4.27701    0.00000    4.27701
  85.00000    4.27635    0.00000    4.27635
  85.50000    4.28373    0.00000    4.28373
  86.00000    4.27935    0.00000    4.27935
  86.50000    4.27937    0.00000    4.27937
  87.00000    4.28687    0.00000    4.28687
  87.50000    4.28496    0.00000    4.28496
  88.00000    4.28211    0.00000    4.28211
  88.50000    4.27086    0.00000    4.27086
  89.00000    4.26552    0.00000    4.26552
  89.50000    4.25172    0.00000    4.25172
  90.00000    4.26592    0.00000    4.26592
  90.50000    4.29178    0.00000    4.29178
  91.00000    4.30427    0.00000    4.30427
  91.50000    4.30460    0.00000    4.30460
  92.00000    4.28386    0.00000    4.28386
  92.50000    4.27292    0.00000    4.27292
  93.00000    4.27517    0.00000    4.27517
  93.50000    4.27479    0.00000    4.27479
  94.00000    4.26929    0.00000    4.26929
  94.50000    4.27329    0.00000    4.27329
  95.00000    4.28180    0.00000    4.28180
  95.50000    4.26408    0.00000    4.26408
  96.00000    4.28359    0.00000    4.28359
  96.50000    4.30158    0.00000    4.30158
  97.00000    4.30432    0.00000    4.30432
  97.50000    4.27282    0.00000    4.27282
  98.00000    4.27857    0.00000    4.27857
  98.50000    4.27583    0.00000    4.27583
  99.00000    4.28399    0.00000    4.28399
  99.50000    4.27141    0.00000    4.27141
 100.00000    4.26302    0.00000    4.26302
 100.50000    4.24103    0.00000    4.24103
 101.00000    4.25340    0.00000    4.25340
 101.50000    4.27829    0.00000    4.27829
 102.00000    4.28224    0.00000    4.28224
 102.50000    4.26262    0.00000    4.26262
 103.00000    4.25158    0.00000    4.25158
 103.50000    4.26305    0.00000    4.26305
 104.00000    4.26399    0.00000    4.26399
 104.50000    4.25504    0.00000    4.25504
 105.00000    4.23952    0.00000    4.23952
 105.50000    4.24962    0.00000    4.24962
 106.00000    4.25865    0.00000    4.25865
 106.50000    4.26164    0.00000    4.26164
 107.00000    4.25980    0.00000    4.25980
 107.50000    4.27076    0.00000    4.27076
 108.00000    4.28331    0.00000    4.28331
 108.50000    4.27655    0.00000    4.27655
 109.00000    4.26904    0.00000    4.26904
 109.50000    4.26832    0.00000    4.26832
 110.00000    4.26439    0.00000    4.26439
 110.50000    4.26885    0.00000    4.26885
 111.00000    4.27114    0.00000    4.27114
 111.50000    4.27913    0.00000    4.27913
 112.00000    4.26422    0.00000    4.26422
 112.50000    4.27176    0.00000    4.27176
 113.00000    4.28511    0.00000    4.28511
 113.50000    4.28828    0.00000    4.28828
 114.00000    4.27717    0.00000    4.27717
 114.50000    4.25879    0.00000    4.25879
 115.00000    4.26513    0.00000    4.26513
 115.50000    4.25763    0.00000    4.25763
 116.00000    4.25582    0.00000    4.25582
 116.50000    4.25466    0.00000    4.25466
 117.00000    4.27133    0.00000    4.27133
 117.50000    4.26881    0.00000    4.26881
 118.00000    4.26396    0.00000    4.26396
 118.50000    4.25379    0.00000    4.25379
 119.00000    4.25082    0.00000    4.25082
 119.50000    4.24919    0.00000    4.24919
 120.00000    4.26884    0.00000    4.26884
 120.50000    4.27432    0.00000    4.27432
 121.00000    4.26759    0.00000    4.26759
 121.50000    4.27125    0.00000    4.27125
 122.00000    4.28601    0.00000    4.28601
 122.50000    4.28294    0.00000    4.28294
 123.00000    4.28290    0.00000    4.28290
 123.50000    4.28698    0.00000    4.28698
 124.00000    4.28642    0.00000    4.28642
 124.50000    4.26754    0.00000    4.26754
 125.00000    4.27016    0.00000    4.27016
 125.50000    4.28417    0.00000    4.28417
 126.00000    4.28646    0.00000    4.28646
 126.50000    4.29514    0.00000    4.29514
 127.00000    4.29473    0.00000    4.29473
 127.50000    4.29959    0.00000    4.29959
 128.00000    4.28227    0.00000    4.28227
 128.50000    4.27444    0.00000    4.27444
 129.00000    4.28854    0.00000    4.28854
 129.50000    4.30315    0.00000    4.30315
 130.00000    4.30572    0.00000    4.30572
 130.50000    4.27795    0.00000    4.27795
 131.00000    4.26973    0.00000    4.26973
 131.50000    4.26970    0.00000    4.26970
 132.00000    4.28328    0.00000    4.28328
 132.50000    4.28885    0.00000    4.28885
 133.00000    4.29932    0.00000    4.29932
 133.50000    4.30644    0.00000    4.30644
 134.00000    4.31043    0.00000    4.31043
 134.50000    4.28649    0.00000    4.28649
 135.00000    4.26907    0.00000    4.26907
 135.50000    4.29946    0.00000    4.29946
 136.00000    4.32692    0.00000    4.32692
 136.50000    4.31940    0.00000    4.31940
 137.00000    4.30191    0.00000    4.30191
 137.50000    4.30021    0.00000    4.30021
 138.00000    4.30986    0.00000    4.30986
 138.50000    4.32244    0.00000    4.32244
 139.00000    4.33514    0.00000    4.33514
 139.50000    4.31569    0.00000    4.31569
 140.00000    4.30752    0.00000    4.30752
 140.50000    4.30884    0.00000    4.30884
 141.00000    4.32133    0.00000    4.32133
 141.50000    4.32401    0.00000    4.32401
 142.00000    4.31261    0.00000    4.31261
 142.50000    4.29226    0.00000    4.29226
 143.00000    4.29607    0.00000    4.29607
 143.50000    4.30821    0.00000    4.30821
 144.00000    4.31996    0.00000    4.31996
 144.50000    4.32383    0.00000    4.32383
 145.00000    4.31471    0.00000    4.31471
 145.50000    4.31950    0.00000    4.31950
 146.00000    4.31594    0.00000    4.31594
 146.50000    4.33719    0.00000    4.33719
 147.00000    4.33811    0.00000    4.33811
 147.50000    4.33102    0.00000    4.33102
 148.00000    4.31265    0.00000    4.31265
 148.50000    4.32789    0.00000    4.32789
 149.00000    4.35191    0.00000    4.35191
 149.50000    4.35259    0.00000    4.35259
 150.00000    4.33985    0.00000    4.33985
