   0.00000    1.46897    0.00000    1.46897
   0.50000    3.43870    0.00000    3.43870
   1.00000    3.70898    0.00000    3.70898
   1.50000    3.48393    0.00000    3.48393
   2.00000    3.46349    0.00000    3.46349
   2.50000    3.40169    0.00000    3.40169
   3.00000    3.37964    0.00000    3.37964
   3.50000    3.36557    0.00000    3.36557
   4.00000    3.39112    0.00000    3.39112
   4.50000    3.39879    0.00000    3.39879
   5.00000    3.41841    0.00000    3.41841
   5.50000    3.43612    0.00000    3.43612
   6.00000    3.46072    0.00000    3.46072
   6.50000    3.46260    0.00000    3.46260
   7.00000    3.44898    0.00000    3.44898
   7.50000    3.45133    0.00000    3.45133
   8.00000    3.46559    0.00000    3.46559
   8.50000    3.47206    0.00000    3.47206
   9.00000    3.47593    0.00000    3.47593
   9.50000    3.47148    0.00000    3.47148
  10.00000    3.48786    0.00000    3.48786
  10.50000    3.48651    0.00000    3.48651
  11.00000    3.48006    0.00000    3.48006
  11.50000    3.46991    0.00000    3.46991
  12.00000    3.49432    0.00000    3.49432
  12.50000    3.50672    0.00000    3.50672
  13.00000    3.51370    0.00000    3.51370
  13.50000    3.50986    0.00000    3.50986
  14.00000    3.51801    0.00000    3.51801
  14.50000    3.51775    0.00000    3.51775
  15.00000    3.52253    0.00000    3.52253
  15.50000    3.51559    0.00000    3.51559
  16.00000    3.52335    0.00000    3.52335
  16.50000    3.53037    0.00000    3.53037
  17.00000    3.54951    0.00000    3.54951
  17.50000    3.54834    0.00000    3.54834
  18.00000    3.56144    0.00000    3.56144
  18.50000    3.57056    0.00000    3.57056
  19.00000    3.59107    0.00000    3.59107
  19.50000    3.58907    0.00000    3.58907
  20.00000    3.59853    0.00000    3.59853
  20.50000    3.60305    0.00000    3.60305
  21.00000    3.61250    0.00000    3.61250
  21.50000    3.61528    0.00000    3.61528
  22.00000    3.63746    0.00000    3.63746
  22.50000    3.65889    0.00000    3.65889
  23.00000    3.66127    0.00000    3.66127
  23.50000    3.66966    0.00000    3.66966
  24.00000    3.69948    0.00000    3.69948
  24.50000    3.73298    0.00000    3.73298
  25.00000    3.75054    0.00000    3.75054
  25.50000    3.77675    0.00000    3.77675
  26.00000    3.79767    0.00000    3.79767
  26.50000    3.82091    0.00000    3.82091
  27.00000    3.84268    0.00000    3.84268
  27.50000    3.89573    0.00000    3.89573
  28.00000    3.94733    0.00000    3.94733
  28.50000    3.99502    0.00000    3.99502
  29.00000    4.02006    0.00000    4.02006
  29.50000    4.04912    0.00000    4.04912
  30.00000    4.06467    0.00000    4.06467
  30.50000    4.08814    0.00000    4.08814
  31.00000    4.10328    0.00000    4.10328
  31.50000    4.14512    0.00000    4.14512
  32.00000    4.18235    0.00000    4.18235
  32.50000    4.21941    0.00000    4.21941
  33.00000    4.24761    0.00000    4.24761
  33.50000    4.28734    0.00000    4.28734
  34.00000    4.33479    0.00000    4.33479
  34.50000    4.36886    0.00000    4.36886
  35.00000    4.39332    0.00000    4.39332
  35.50000    4.39872    0.00000    4.39872
  36.00000    4.42404    0.00000    4.42404
  36.50000    4.44353    0.00000    4.44353
  37.00000    4.42636    0.00000    4.42636
  37.50000    4.40683    0.00000    4.40683
  38.00000    4.41202    0.00000    4.41202
  38.50000    4.42910    0.00000    4.42910
  39.00000    4.43923    0.00000    4.43923
  39.50000    4.46206    0.00000    4.46206
  40.00000    4.45973    0.00000    4.45973
  40.50000    4.45100    0.00000    4.45100
  41.00000    4.44820    0.00000    4.44820
  41.50000    4.46522    0.00000    4.46522
  42.00000    4.45666    0.00000    4.45666
  42.50000    4.45508    0.00000    4.45508
  43.00000    4.44657    0.00000    4.44657
  43.50000    4.43615    0.00000    4.43615
  44.00000    4.41026    0.00000    4.41026
  44.50000    4.41267    0.00000    4.41267
  45.00000    4.43282    0.00000    4.43282
  45.50000    4.43443    0.00000    4.43443
  46.00000    4.41633    0.00000    4.41633
  46.50000    4.40684    0.00000    4.40684
  47.00000    4.41872    0.00000    4.41872
  47.50000    4.40100    0.00000    4.40100
  48.00000    4.38652    0.00000    4.38652
  48.50000    4.38901    0.00000    4.38901
  49.00000    4.40623    0.00000    4.40623
  49.50000    4.38431    0.00000    4.38431
  50.00000    4.36908    0.00000    4.36908
  50.50000    4.35590    0.00000    4.35590
  51.00000    4.35836    0.00000    4.35836
  51.50000    4.34716    0.00000    4.34716
  52.00000    4.34497    0.00000    4.34497
  52.50000    4.34273    0.00000    4.34273
  53.00000    4.35455    0.00000    4.35455
  53.50000    4.36049    0.00000    4.36049
  54.00000    4.35307    0.00000    4.35307
  54.50000    4.33996    0.00000    4.33996
  55.00000    4.33582    0.00000    4.33582
  55.50000    4.34087    0.00000    4.34087
  56.00000    4.33749    0.00000    4.33749
  56.50000    4.33046    0.00000    4.33046
  57.00000    4.32816    0.00000    4.32816
  57.50000    4.33687    0.00000    4.33687
  58.00000    4.33248    0.00000    4.33248
  58.50000    4.33146    0.00000    4.33146
  59.00000    4.31522    0.00000    4.31522
  59.50000    4.31084    0.00000    4.31084
  60.00000    4.30894    0.00000    4.30894
  60.50000    4.32148    0.00000    4.32148
  61.00000    4.32257    0.00000    4.32257
  61.50000    4.32601    0.00000    4.32601
  62.00000    4.32882    0.00000    4.32882
  62.50000    4.33286    0.00000    4.33286
  63.00000    4.32704    0.00000    4.32704
  63.50000    4.32755    0.00000    4.32755
  64.00000    4.31021    0.00000    4.31021
  64.50000    4.30236    0.00000    4.30236
  65.00000    4.30366    0.00000    4.30366
  65.50000    4.32805    0.00000    4.32805
  66.00000    4.31923    0.00000    4.31923
  66.50000    4.32106    0.00000    4.32106
  67.00000    4.32638    0.00000    4.32638
  67.50000    4.34242    0.00000    4.34242
  68.00000    4.32917    0.00000    4.32917
  68.50000    4.32892    0.00000    4.32892
  69.00000    4.32333    0.00000    4.32333
  69.50000    4.32560    0.00000    4.32560
  70.00000    4.31661    0.00000    4.31661
  70.50000    4.30670    0.00000    4.30670
  71.00000    4.30935    0.00000    4.30935
  71.50000    4.31774    0.00000    4.31774
  72.00000    4.32341    0.00000    4.32341
  72.50000    4.31901    0.00000    4.31901
  73.00000    4.32666    0.00000    4.32666
  73.50000    4.33060    0.00000    4.33060
  74.00000    4.32218    0.00000    4.32218
  74.50000    4.31710    0.00000    4.31710
  75.00000    4.31551    0.00000    4.31551
  75.50000    4.32263    0.00000    4.32263
  76.00000    4.32806    0.00000    4.32806
  76.50000    4.33897    0.00000    4.33897
  77.00000    4.34241    0.00000    4.34241
  77.50000    4.33660    0.00000    4.33660
  78.00000    4.32551    0.00000    4.32551
  78.50000    4.32170    0.00000    4.32170
  79.00000    4.31391    0.00000    4.31391
  79.50000    4.32074    0.00000    4.32074
  80.00000    4.32600    0.00000    4.32600
  80.50000    4.33474    0.00000    4.33474
  81.00000    4.33401    0.00000    4.33401
  81.50000    4.33155    0.00000    4.33155
  82.00000    4.32707    0.00000    4.32707
  82.50000    4.33442    0.00000    4.33442
  83.00000    4.33290    0.00000    4.33290
  83.50000    4.32850    0.00000    4.32850
  84.00000    4.31680    0.00000    4.31680
  84.50000    4.31340    0.00000    4.31340
  85.00000    4.31575    0.00000    4.31575
  85.50000    4.32048    0.00000    4.32048
  86.00000    4.30628    0.00000    4.30628
  86.50000    4.30104    0.00000    4.30104
  87.00000    4.30833    0.00000    4.30833
  87.50000    4.31273    0.00000    4.31273
  88.00000    4.31787    0.00000    4.31787
  88.50000    4.32593    0.00000    4.32593
  89.00000    4.32304    0.00000    4.32304
  89.50000    4.32340    0.00000    4.32340
  90.00000    4.33687    0.00000    4.33687
  90.50000    4.32665    0.00000    4.32665
  91.00000    4.31472    0.00000    4.31472
  91.50000    4.30283    0.00000    4.30283
  92.00000    4.32373    0.00000    4.32373
  92.50000    4.33563    0.00000    4.33563
  93.00000    4.33808    0.00000    4.33808
  93.50000    4.33340    0.00000    4.33340
  94.00000    4.32788    0.00000    4.32788
  94.50000    4.31345    0.00000    4.31345
  95.00000    4.30469    0.00000    4.30469
  95.50000    4.31367    0.00000    4.31367
  96.00000    4.32444    0.00000    4.32444
  96.50000    4.32554    0.00000    4.32554
  97.00000    4.33827    0.00000    4.33827
  97.50000    4.34210    0.00000    4.34210
  98.00000    4.33467    0.00000    4.33467
  98.50000    4.32720    0.00000    4.32720
  99.00000    4.33407    0.00000    4.33407
  99.50000    4.34031    0.00000    4.34031
 100.00000    4.34628    0.00000    4.34628
 100.50000    4.35520    0.00000    4.35520
 101.00000    4.34918    0.00000    4.34918
 101.50000    4.34031    0.00000    4.34031
 102.00000    4.34679    0.00000    4.34679
 102.50000    4.34998    0.00000    4.34998
 103.00000    4.35053    0.00000    4.35053
 103.50000    4.34507    0.00000    4.34507
 104.00000    4.34707    0.00000    4.34707
 104.50000    4.33984    0.00000    4.33984
 105.00000    4.35681    0.00000    4.35681
 105.50000    4.35562    0.00000    4.35562
 106.00000    4.34368    0.00000    4.34368
 106.50000    4.33621    0.00000    4.33621
 107.00000    4.34033    0.00000    4.34033
 107.50000    4.34974    0.00000    4.34974
 108.00000    4.35300    0.00000    4.35300
 108.50000    4.36831    0.00000    4.36831
 109.00000    4.36009    0.00000    4.36009
 109.50000    4.35549    0.00000    4.35549
 110.00000    4.34497    0.00000    4.34497
 110.50000    4.34537    0.00000    4.34537
 111.00000    4.34611    0.00000    4.34611
 111.50000    4.35069    0.00000    4.35069
 112.00000    4.34739    0.00000    4.34739
 112.50000    4.34467    0.00000    4.34467
 113.00000    4.33987    0.00000    4.33987
 113.50000    4.34442    0.00000    4.34442
 114.00000    4.33955    0.00000    4.33955
 114.50000    4.33481    0.00000    4.33481
 115.00000    4.32771    0.00000    4.32771
 115.50000    4.34345    0.00000    4.34345
 116.00000    4.35265    0.00000    4.35265
 116.50000    4.36210    0.00000    4.36210
 117.00000    4.35965    0.00000    4.35965
 117.50000    4.36480    0.00000    4.36480
 118.00000    4.35417    0.00000    4.35417
 118.50000    4.34303    0.00000    4.34303
 119.00000    4.33742    0.00000    4.33742
 119.50000    4.33899    0.00000    4.33899
 120.00000    4.34294    0.00000    4.34294
 120.50000    4.35073    0.00000    4.35073
 121.00000    4.36969    0.00000    4.36969
 121.50000    4.35330    0.00000    4.35330
 122.00000    4.33906    0.00000    4.33906
 122.50000    4.34116    0.00000    4.34116
 123.00000    4.36326    0.00000    4.36326
 123.50000    4.36272    0.00000    4.36272
 124.00000    4.35362    0.00000    4.35362
 124.50000    4.36159    0.00000    4.36159
 125.00000    4.36965    0.00000    4.36965
 125.50000    4.37472    0.00000    4.37472
 126.00000    4.36723    0.00000    4.36723
 126.50000    4.36133    0.00000    4.36133
 127.00000    4.36758    0.00000    4.36758
 127.50000    4.37292    0.00000    4.37292
 128.00000    4.37311    0.00000    4.37311
 128.50000    4.36354    0.00000    4.36354
 129.00000    4.36174    0.00000    4.36174
 129.50000    4.35269    0.00000    4.35269
 130.00000    4.34648    0.00000    4.34648
 130.50000    4.34912    0.00000    4.34912
 131.00000    4.35789    0.00000    4.35789
 131.50000    4.36120    0.00000    4.36120
 132.00000    4.36801    0.00000    4.36801
 132.50000    4.36326    0.00000    4.36326
 133.00000    4.36665    0.00000    4.36665
 133.50000    4.37227    0.00000    4.37227
 134.00000    4.37421    0.00000    4.37421
 134.50000    4.37456    0.00000    4.37456
 135.00000    4.36593    0.00000    4.36593
 135.50000    4.36430    0.00000    4.36430
 136.00000    4.37682    0.00000    4.37682
 136.50000    4.39529    0.00000    4.39529
 137.00000    4.39121    0.00000    4.39121
 137.50000    4.37613    0.00000    4.37613
 138.00000    4.37739    0.00000    4.37739
 138.50000    4.37571    0.00000    4.37571
 139.00000    4.37615    0.00000    4.37615
 139.50000    4.38028    0.00000    4.38028
 140.00000    4.38000    0.00000    4.38000
 140.50000    4.37598    0.00000    4.37598
 141.00000    4.37750    0.00000    4.37750
 141.50000    4.38177    0.00000    4.38177
 142.00000    4.38508    0.00000    4.38508
 142.50000    4.37859    0.00000    4.37859
 143.00000    4.38113    0.00000    4.38113
 143.50000    4.38270    0.00000    4.38270
 144.00000    4.38807    0.00000    4.38807
 144.50000    4.38209    0.00000    4.38209
 145.00000    4.37904    0.00000    4.37904
 145.50000    4.38078    0.00000    4.38078
 146.00000    4.38891    0.00000    4.38891
 146.50000    4.38965    0.00000    4.38965
 147.00000    4.37960    0.00000    4.37960
 147.50000    4.37978    0.00000    4.37978
 148.00000    4.38572    0.00000    4.38572
 148.50000    4.39236    0.00000    4.39236
 149.00000    4.38295    0.00000    4.38295
 149.50000    4.37889    0.00000    4.37889
 150.00000    4.38320    0.00000    4.38320
