   0.00000    1.12548    0.00000    1.12548
   0.50000    2.19617    0.00000    2.19617
   1.00000    2.73766    0.00000    2.73766
   1.50000    3.03532    0.00000    3.03532
   2.00000    3.22469    0.00000    3.22469
   2.50000    3.33665    0.00000    3.33665
   3.00000    3.46489    0.00000    3.46489
   3.50000    3.54389    0.00000    3.54389
   4.00000    3.52489    0.00000    3.52489
   4.50000    3.47803    0.00000    3.47803
   5.00000    3.49596    0.00000    3.49596
   5.50000    3.52698    0.00000    3.52698
   6.00000    3.54511    0.00000    3.54511
   6.50000    3.53931    0.00000    3.53931
   7.00000    3.53656    0.00000    3.53656
   7.50000    3.54034    0.00000    3.54034
   8.00000    3.54140    0.00000    3.54140
   8.50000    3.54079    0.00000    3.54079
   9.00000    3.55310    0.00000    3.55310
   9.50000    3.56504    0.00000    3.56504
  10.00000    3.58221    0.00000    3.58221
  10.50000    3.59659    0.00000    3.59659
  11.00000    3.61106    0.00000    3.61106
  11.50000    3.60656    0.00000    3.60656
  12.00000    3.62625    0.00000    3.62625
  12.50000    3.62565    0.00000    3.62565
  13.00000    3.63964    0.00000    3.63964
  13.50000    3.64129    0.00000    3.64129
  14.00000    3.65211    0.00000    3.65211
  14.50000    3.63429    0.00000    3.63429
  15.00000    3.63554    0.00000    3.63554
  15.50000    3.63231    0.00000    3.63231
  16.00000    3.63268    0.00000    3.63268
  16.50000    3.66827    0.00000    3.66827
  17.00000    3.68807    0.00000    3.68807
  17.50000    3.69895    0.00000    3.69895
  18.00000    3.70801    0.00000    3.70801
  18.50000    3.71405    0.00000    3.71405
  19.00000    3.69316    0.00000    3.69316
  19.50000    3.68049    0.00000    3.68049
  20.00000    3.71732    0.00000    3.71732
  20.50000    3.72526    0.00000    3.72526
  21.00000    3.71189    0.00000    3.71189
  21.50000    3.69789    0.00000    3.69789
  22.00000    3.72020    0.00000    3.72020
  22.50000    3.75698    0.00000    3.75698
  23.00000    3.77168    0.00000    3.77168
  23.50000    3.75682    0.00000    3.75682
  24.00000    3.69602    0.00000    3.69602
  24.50000    3.66283    0.00000    3.66283
  25.00000    3.67905    0.00000    3.67905
  25.50000    3.69589    0.00000    3.69589
  26.00000    3.66008    0.00000    3.66008
  26.50000    3.65309    0.00000    3.65309
  27.00000    3.69815    0.00000    3.69815
  27.50000    3.76947    0.00000    3.76947
  28.00000    3.76635    0.00000    3.76635
  28.50000    3.76188    0.00000    3.76188
  29.00000    3.73382    0.00000    3.73382
  29.50000    3.71881    0.00000    3.71881
  30.00000    3.69878    0.00000    3.69878
  30.50000    3.72186    0.00000    3.72186
  31.00000    3.73299    0.00000    3.73299
  31.50000    3.74691    0.00000    3.74691
  32.00000    3.73562    0.00000    3.73562
  32.50000    3.70083    0.00000    3.70083
  33.00000    3.68973    0.00000    3.68973
  33.50000    3.71470    0.00000    3.71470
  34.00000    3.75058    0.00000    3.75058
  34.50000    3.76403    0.00000    3.76403
  35.00000    3.80914    0.00000    3.80914
  35.50000    3.81470    0.00000    3.81470
  36.00000    3.84010    0.00000    3.84010
  36.50000    3.84478    0.00000    3.84478
  37.00000    3.86961    0.00000    3.86961
  37.50000    3.85522    0.00000    3.85522
  38.00000    3.84756    0.00000    3.84756
  38.50000    3.86866    0.00000    3.86866
  39.00000    3.89187    0.00000    3.89187
  39.50000    3.92377    0.00000    3.92377
  40.00000    3.93516    0.00000    3.93516
  40.50000    3.96063    0.00000    3.96063
  41.00000    3.95626    0.00000    3.95626
  41.50000    3.93089    0.00000    3.93089
  42.00000    3.90810    0.00000    3.90810
  42.50000    3.87897    0.00000    3.87897
  43.00000    3.86918    0.00000    3.86918
  43.50000    3.87416    0.00000    3.87416
  44.00000    3.91410    0.00000    3.91410
  44.50000    3.93400    0.00000    3.93400
  45.00000    3.96220    0.00000    3.96220
  45.50000    3.98284    0.00000    3.98284
  46.00000    4.02527    0.00000    4.02527
  46.50000    4.06799    0.00000    4.06799
  47.00000    4.10124    0.00000    4.10124
  47.50000    4.11831    0.00000    4.11831
  48.00000    4.12335    0.00000    4.12335
  48.50000    4.16262    0.00000    4.16262
  49.00000    4.18835    0.00000    4.18835
  49.50000    4.21454    0.00000    4.21454
  50.00000    4.21946    0.00000    4.21946
  50.50000    4.19978    0.00000    4.19978
  51.00000    4.20401    0.00000    4.20401
  51.50000    4.21772    0.00000    4.21772
  52.00000    4.28562    0.00000    4.28562
  52.50000    4.28779    0.00000    4.28779
  53.00000    4.27246    0.00000    4.27246
  53.50000    4.24595    0.00000    4.24595
  54.00000    4.26107    0.00000    4.26107
  54.50000    4.27924    0.00000    4.27924
  55.00000    4.29227    0.00000    4.29227
  55.50000    4.29500    0.00000    4.29500
  56.00000    4.27054    0.00000    4.27054
  56.50000    4.28289    0.00000    4.28289
  57.00000    4.30942    0.00000    4.30942
  57.50000    4.33775    0.00000    4.33775
  58.00000    4.32746    0.00000    4.32746
  58.50000    4.31518    0.00000    4.31518
  59.00000    4.30266    0.00000    4.30266
  59.50000    4.30383    0.00000    4.30383
  60.00000    4.31775    0.00000    4.31775
  60.50000    4.32085    0.00000    4.32085
  61.00000    4.31275    0.00000    4.31275
  61.50000    4.33111    0.00000    4.33111
  62.00000    4.34381    0.00000    4.34381
  62.50000    4.35726    0.00000    4.35726
  63.00000    4.34550    0.00000    4.34550
  63.50000    4.36077    0.00000    4.36077
  64.00000    4.35493    0.00000    4.35493
  64.50000    4.35826    0.00000    4.35826
  65.00000    4.35011    0.00000    4.35011
  65.50000    4.34343    0.00000    4.34343
  66.00000    4.34471    0.00000    4.34471
  66.50000    4.36539    0.00000    4.36539
  67.00000    4.39918    0.00000    4.39918
  67.50000    4.40822    0.00000    4.40822
  68.00000    4.40869    0.00000    4.40869
  68.50000    4.40383    0.00000    4.40383
  69.00000    4.40263    0.00000    4.40263
  69.50000    4.38599    0.00000    4.38599
  70.00000    4.39513    0.00000    4.39513
  70.50000    4.39457    0.00000    4.39457
  71.00000    4.41482    0.00000    4.41482
  71.50000    4.42322    0.00000    4.42322
  72.00000    4.45013    0.00000    4.45013
  72.50000    4.44287    0.00000    4.44287
  73.00000    4.45570    0.00000    4.45570
  73.50000    4.45490    0.00000    4.45490
  74.00000    4.44681    0.00000    4.44681
  74.50000    4.43440    0.00000    4.43440
  75.00000    4.43263    0.00000    4.43263
  75.50000    4.43443    0.00000    4.43443
  76.00000    4.42523    0.00000    4.42523
  76.50000    4.44507    0.00000    4.44507
  77.00000    4.45087    0.00000    4.45087
  77.50000    4.45480    0.00000    4.45480
  78.00000    4.45816    0.00000    4.45816
  78.50000    4.48102    0.00000    4.48102
  79.00000    4.49051    0.00000    4.49051
  79.50000    4.49082    0.00000    4.49082
  80.00000    4.46872    0.00000    4.46872
  80.50000    4.45142    0.00000    4.45142
  81.00000    4.45301    0.00000    4.45301
  81.50000    4.46958    0.00000    4.46958
  82.00000    4.48045    0.00000    4.48045
  82.50000    4.49124    0.00000    4.49124
  83.00000    4.49373    0.00000    4.49373
  83.50000    4.48765    0.00000    4.48765
  84.00000    4.47492    0.00000    4.47492
  84.50000    4.47142    0.00000    4.47142
  85.00000    4.48933    0.00000    4.48933
  85.50000    4.50247    0.00000    4.50247
  86.00000    4.50772    0.00000    4.50772
  86.50000    4.50013    0.00000    4.50013
  87.00000    4.48778    0.00000    4.48778
  87.50000    4.48108    0.00000    4.48108
  88.00000    4.50797    0.00000    4.50797
  88.50000    4.51801    0.00000    4.51801
  89.00000    4.51181    0.00000    4.51181
  89.50000    4.49335    0.00000    4.49335
  90.00000    4.50225    0.00000    4.50225
  90.50000    4.51588    0.00000    4.51588
  91.00000    4.54508    0.00000    4.54508
  91.50000    4.53852    0.00000    4.53852
  92.00000    4.52714    0.00000    4.52714
  92.50000    4.48608    0.00000    4.48608
  93.00000    4.46565    0.00000    4.46565
  93.50000    4.46473    0.00000    4.46473
  94.00000    4.51137    0.00000    4.51137
  94.50000    4.51629    0.00000    4.51629
  95.00000    4.52260    0.00000    4.52260
  95.50000    4.50997    0.00000    4.50997
  96.00000    4.50897    0.00000    4.50897
  96.50000    4.51367    0.00000    4.51367
  97.00000    4.52782    0.00000    4.52782
  97.50000    4.50768    0.00000    4.50768
  98.00000    4.48933    0.00000    4.48933
  98.50000    4.49913    0.00000    4.49913
  99.00000    4.51708    0.00000    4.51708
  99.50000    4.50817    0.00000    4.50817
 100.00000    4.50430    0.00000    4.50430
 100.50000    4.51357    0.00000    4.51357
 101.00000    4.53938    0.00000    4.53938
 101.50000    4.53552    0.00000    4.53552
 102.00000    4.54077    0.00000    4.54077
 102.50000    4.53532    0.00000    4.53532
 103.00000    4.52577    0.00000    4.52577
 103.50000    4.49855    0.00000    4.49855
 104.00000    4.49226    0.00000    4.49226
 104.50000    4.49907    0.00000    4.49907
 105.00000    4.50564    0.00000    4.50564
 105.50000    4.50486    0.00000    4.50486
 106.00000    4.50724    0.00000    4.50724
 106.50000    4.51270    0.00000    4.51270
 107.00000    4.51516    0.00000    4.51516
 107.50000    4.50456    0.00000    4.50456
 108.00000    4.51484    0.00000    4.51484
 108.50000    4.52902    0.00000    4.52902
 109.00000    4.51767    0.00000    4.51767
 109.50000    4.51325    0.00000    4.51325
 110.00000    4.51648    0.00000    4.51648
 110.50000    4.51480    0.00000    4.51480
 111.00000    4.48909    0.00000    4.48909
 111.50000    4.48344    0.00000    4.48344
 112.00000    4.50365    0.00000    4.50365
 112.50000    4.50727    0.00000    4.50727
 113.00000    4.51808    0.00000    4.51808
 113.50000    4.51290    0.00000    4.51290
 114.00000    4.52345    0.00000    4.52345
 114.50000    4.51128    0.00000    4.51128
 115.00000    4.52397    0.00000    4.52397
 115.50000    4.54392    0.00000    4.54392
 116.00000    4.53446    0.00000    4.53446
 116.50000    4.51423    0.00000    4.51423
 117.00000    4.49666    0.00000    4.49666
 117.50000    4.52079    0.00000    4.52079
 118.00000    4.52548    0.00000    4.52548
 118.50000    4.53619    0.00000    4.53619
 119.00000    4.51747    0.00000    4.51747
 119.50000    4.50833    0.00000    4.50833
 120.00000    4.51621    0.00000    4.51621
 120.50000    4.49683    0.00000    4.49683
 121.00000    4.52247    0.00000    4.52247
 121.50000    4.54608    0.00000    4.54608
 122.00000    4.55344    0.00000    4.55344
 122.50000    4.48932    0.00000    4.48932
 123.00000    4.48508    0.00000    4.48508
 123.50000    4.48977    0.00000    4.48977
 124.00000    4.52383    0.00000    4.52383
 124.50000    4.51359    0.00000    4.51359
 125.00000    4.49204    0.00000    4.49204
 125.50000    4.48446    0.00000    4.48446
 126.00000    4.49037    0.00000    4.49037
 126.50000    4.48774    0.00000    4.48774
 127.00000    4.47671    0.00000    4.47671
 127.50000    4.50023    0.00000    4.50023
 128.00000    4.49401    0.00000    4.49401
 128.50000    4.48993    0.00000    4.48993
 129.00000    4.45579    0.00000    4.45579
 129.50000    4.44487    0.00000    4.44487
 130.00000    4.46294    0.00000    4.46294
 130.50000    4.49937    0.00000    4.49937
 131.00000    4.49558    0.00000    4.49558
 131.50000    4.48655    0.00000    4.48655
 132.00000    4.48443    0.00000    4.48443
 132.50000    4.49127    0.00000    4.49127
 133.00000    4.48496    0.00000    4.48496
 133.50000    4.47793    0.00000    4.47793
 134.00000    4.46869    0.00000    4.46869
 134.50000    4.45998    0.00000    4.45998
 135.00000    4.49624    0.00000    4.49624
 135.50000    4.52282    0.00000    4.52282
 136.00000    4.49789    0.00000    4.49789
 136.50000    4.45779    0.00000    4.45779
 137.00000    4.45366    0.00000    4.45366
 137.50000    4.49140    0.00000    4.49140
 138.00000    4.48646    0.00000    4.48646
 138.50000    4.49443    0.00000    4.49443
 139.00000    4.48314    0.00000    4.48314
 139.50000    4.49867    0.00000    4.49867
 140.00000    4.48009    0.00000    4.48009
 140.50000    4.45702    0.00000    4.45702
 141.00000    4.45218    0.00000    4.45218
 141.50000    4.45219    0.00000    4.45219
 142.00000    4.46712    0.00000    4.46712
 142.50000    4.44571    0.00000    4.44571
 143.00000    4.45446    0.00000    4.45446
 143.50000    4.43262    0.00000    4.43262
 144.00000    4.43898    0.00000    4.43898
 144.50000    4.42751    0.00000    4.42751
 145.00000    4.45120    0.00000    4.45120
 145.50000    4.44959    0.00000    4.44959
 146.00000    4.46150    0.00000    4.46150
 146.50000    4.46002    0.00000    4.46002
 147.00000    4.44576    0.00000    4.44576
 147.50000    4.41808    0.00000    4.41808
 148.00000    4.40910    0.00000    4.40910
 148.50000    4.42122    0.00000    4.42122
 149.00000    4.42594    0.00000    4.42594
 149.50000    4.43091    0.00000    4.43091
 150.00000    4.45875    0.00000    4.45875
