   0.00000    1.52459    0.00000    1.52459
   0.50000    2.98089    0.00000    2.98089
   1.00000    3.27771    0.00000    3.27771
   1.50000    3.21651    0.00000    3.21651
   2.00000    3.27929    0.00000    3.27929
   2.50000    3.33454    0.00000    3.33454
   3.00000    3.35769    0.00000    3.35769
   3.50000    3.34162    0.00000    3.34162
   4.00000    3.35231    0.00000    3.35231
   4.50000    3.36465    0.00000    3.36465
   5.00000    3.39571    0.00000    3.39571
   5.50000    3.42187    0.00000    3.42187
   6.00000    3.43582    0.00000    3.43582
   6.50000    3.43708    0.00000    3.43708
   7.00000    3.43421    0.00000    3.43421
   7.50000    3.44345    0.00000    3.44345
   8.00000    3.46206    0.00000    3.46206
   8.50000    3.47148    0.00000    3.47148
   9.00000    3.48217    0.00000    3.48217
   9.50000    3.47912    0.00000    3.47912
  10.00000    3.48637    0.00000    3.48637
  10.50000    3.47794    0.00000    3.47794
  11.00000    3.48212    0.00000    3.48212
  11.50000    3.48074    0.00000    3.48074
  12.00000    3.50097    0.00000    3.50097
  12.50000    3.51991    0.00000    3.51991
  13.00000    3.53583    0.00000    3.53583
  13.50000    3.52744    0.00000    3.52744
  14.00000    3.52806    0.00000    3.52806
  14.50000    3.53550    0.00000    3.53550
  15.00000    3.54429    0.00000    3.54429
  15.50000    3.53130    0.00000    3.53130
  16.00000    3.53367    0.00000    3.53367
  16.50000    3.54525    0.00000    3.54525
  17.00000    3.56509    0.00000    3.56509
  17.50000    3.56343    0.00000    3.56343
  18.00000    3.56130    0.00000    3.56130
  18.50000    3.57209    0.00000    3.57209
  19.00000    3.59000    0.00000    3.59000
  19.50000    3.59672    0.00000    3.59672
  20.00000    3.60162    0.00000    3.60162
  20.50000    3.60567    0.00000    3.60567
  21.00000    3.61354    0.00000    3.61354
  21.50000    3.61922    0.00000    3.61922
  22.00000    3.62928    0.00000    3.62928
  22.50000    3.63398    0.00000    3.63398
  23.00000    3.64734    0.00000    3.64734
  23.50000    3.66841    0.00000    3.66841
  24.00000    3.67298    0.00000    3.67298
  24.50000    3.66799    0.00000    3.66799
  25.00000    3.66903    0.00000    3.66903
  25.50000    3.67938    0.00000    3.67938
  26.00000    3.67707    0.00000    3.67707
  26.50000    3.68014    0.00000    3.68014
  27.00000    3.68569    0.00000    3.68569
  27.50000    3.70323    0.00000    3.70323
  28.00000    3.73238    0.00000    3.73238
  28.50000    3.76898    0.00000    3.76898
  29.00000    3.80096    0.00000    3.80096
  29.50000    3.82239    0.00000    3.82239
  30.00000    3.83102    0.00000    3.83102
  30.50000    3.83709    0.00000    3.83709
  31.00000    3.84507    0.00000    3.84507
  31.50000    3.85018    0.00000    3.85018
  32.00000    3.85906    0.00000    3.85906
  32.50000    3.88696    0.00000    3.88696
  33.00000    3.92596    0.00000    3.92596
  33.50000    3.94585    0.00000    3.94585
  34.00000    3.97343    0.00000    3.97343
  34.50000    4.00576    0.00000    4.00576
  35.00000    4.04224    0.00000    4.04224
  35.50000    4.06695    0.00000    4.06695
  36.00000    4.11240    0.00000    4.11240
  36.50000    4.14399    0.00000    4.14399
  37.00000    4.14997    0.00000    4.14997
  37.50000    4.15321    0.00000    4.15321
  38.00000    4.18194    0.00000    4.18194
  38.50000    4.20756    0.00000    4.20756
  39.00000    4.24176    0.00000    4.24176
  39.50000    4.26369    0.00000    4.26369
  40.00000    4.28011    0.00000    4.28011
  40.50000    4.28745    0.00000    4.28745
  41.00000    4.31068    0.00000    4.31068
  41.50000    4.32154    0.00000    4.32154
  42.00000    4.32759    0.00000    4.32759
  42.50000    4.33158    0.00000    4.33158
  43.00000    4.34006    0.00000    4.34006
  43.50000    4.32450    0.00000    4.32450
  44.00000    4.31268    0.00000    4.31268
  44.50000    4.30970    0.00000    4.30970
  45.00000    4.33239    0.00000    4.33239
  45.50000    4.33794    0.00000    4.33794
  46.00000    4.35080    0.00000    4.35080
  46.50000    4.34587    0.00000    4.34587
  47.00000    4.36094    0.00000    4.36094
  47.50000    4.36981    0.00000    4.36981
  48.00000    4.38245    0.00000    4.38245
  48.50000    4.38413    0.00000    4.38413
  49.00000    4.39267    0.00000    4.39267
  49.50000    4.39353    0.00000    4.39353
  50.00000    4.39063    0.00000    4.39063
  50.50000    4.38379    0.00000    4.38379
  51.00000    4.38034    0.00000    4.38034
  51.50000    4.37584    0.00000    4.37584
  52.00000    4.37322    0.00000    4.37322
  52.50000    4.35751    0.00000    4.35751
  53.00000    4.35049    0.00000    4.35049
  53.50000    4.35104    0.00000    4.35104
  54.00000    4.35358    0.00000    4.35358
  54.50000    4.34862    0.00000    4.34862
  55.00000    4.34946    0.00000    4.34946
  55.50000    4.34664    0.00000    4.34664
  56.00000    4.33817    0.00000    4.33817
  56.50000    4.33524    0.00000    4.33524
  57.00000    4.33488    0.00000    4.33488
  57.50000    4.34202    0.00000    4.34202
  58.00000    4.34421    0.00000    4.34421
  58.50000    4.34997    0.00000    4.34997
  59.00000    4.33598    0.00000    4.33598
  59.50000    4.33659    0.00000    4.33659
  60.00000    4.33354    0.00000    4.33354
  60.50000    4.33489    0.00000    4.33489
  61.00000    4.33041    0.00000    4.33041
  61.50000    4.33097    0.00000    4.33097
  62.00000    4.32764    0.00000    4.32764
  62.50000    4.32858    0.00000    4.32858
  63.00000    4.33410    0.00000    4.33410
  63.50000    4.34216    0.00000    4.34216
  64.00000    4.33352    0.00000    4.33352
  64.50000    4.32334    0.00000    4.32334
  65.00000    4.31956    0.00000    4.31956
  65.50000    4.33104    0.00000    4.33104
  66.00000    4.33281    0.00000    4.33281
  66.50000    4.33296    0.00000    4.33296
  67.00000    4.33116    0.00000    4.33116
  67.50000    4.33609    0.00000    4.33609
  68.00000    4.33717    0.00000    4.33717
  68.50000    4.33294    0.00000    4.33294
  69.00000    4.32273    0.00000    4.32273
  69.50000    4.33427    0.00000    4.33427
  70.00000    4.34663    0.00000    4.34663
  70.50000    4.32924    0.00000    4.32924
  71.00000    4.30314    0.00000    4.30314
  71.50000    4.30487    0.00000    4.30487
  72.00000    4.32694    0.00000    4.32694
  72.50000    4.33529    0.00000    4.33529
  73.00000    4.33024    0.00000    4.33024
  73.50000    4.32931    0.00000    4.32931
  74.00000    4.32600    0.00000    4.32600
  74.50000    4.32236    0.00000    4.32236
  75.00000    4.32423    0.00000    4.32423
  75.50000    4.33915    0.00000    4.33915
  76.00000    4.33591    0.00000    4.33591
  76.50000    4.33528    0.00000    4.33528
  77.00000    4.33893    0.00000    4.33893
  77.50000    4.33875    0.00000    4.33875
  78.00000    4.32381    0.00000    4.32381
  78.50000    4.31964    0.00000    4.31964
  79.00000    4.32702    0.00000    4.32702
  79.50000    4.33162    0.00000    4.33162
  80.00000    4.33099    0.00000    4.33099
  80.50000    4.32284    0.00000    4.32284
  81.00000    4.32438    0.00000    4.32438
  81.50000    4.33030    0.00000    4.33030
  82.00000    4.33815    0.00000    4.33815
  82.50000    4.34345    0.00000    4.34345
  83.00000    4.32957    0.00000    4.32957
  83.50000    4.31583    0.00000    4.31583
  84.00000    4.31624    0.00000    4.31624
  84.50000    4.32773    0.00000    4.32773
  85.00000    4.32491    0.00000    4.32491
  85.50000    4.31988    0.00000    4.31988
  86.00000    4.31400    0.00000    4.31400
  86.50000    4.31319    0.00000    4.31319
  87.00000    4.31739    0.00000    4.31739
  87.50000    4.32009    0.00000    4.32009
  88.00000    4.31803    0.00000    4.31803
  88.50000    4.31364    0.00000    4.31364
  89.00000    4.31826    0.00000    4.31826
  89.50000    4.32558    0.00000    4.32558
  90.00000    4.33403    0.00000    4.33403
  90.50000    4.32432    0.00000    4.32432
  91.00000    4.31925    0.00000    4.31925
  91.50000    4.31999    0.00000    4.31999
  92.00000    4.33154    0.00000    4.33154
  92.50000    4.33477    0.00000    4.33477
  93.00000    4.32953    0.00000    4.32953
  93.50000    4.31393    0.00000    4.31393
  94.00000    4.29936    0.00000    4.29936
  94.50000    4.29761    0.00000    4.29761
  95.00000    4.30967    0.00000    4.30967
  95.50000    4.31842    0.00000    4.31842
  96.00000    4.32132    0.00000    4.32132
  96.50000    4.32402    0.00000    4.32402
  97.00000    4.32446    0.00000    4.32446
  97.50000    4.32520    0.00000    4.32520
  98.00000    4.32214    0.00000    4.32214
  98.50000    4.31327    0.00000    4.31327
  99.00000    4.31453    0.00000    4.31453
  99.50000    4.32712    0.00000    4.32712
 100.00000    4.33212    0.00000    4.33212
 100.50000    4.32306    0.00000    4.32306
 101.00000    4.32266    0.00000    4.32266
 101.50000    4.32024    0.00000    4.32024
 102.00000    4.32412    0.00000    4.32412
 102.50000    4.32795    0.00000    4.32795
 103.00000    4.33540    0.00000    4.33540
 103.50000    4.32572    0.00000    4.32572
 104.00000    4.32485    0.00000    4.32485
 104.50000    4.32666    0.00000    4.32666
 105.00000    4.32625    0.00000    4.32625
 105.50000    4.31759    0.00000    4.31759
 106.00000    4.31332    0.00000    4.31332
 106.50000    4.31443    0.00000    4.31443
 107.00000    4.31088    0.00000    4.31088
 107.50000    4.31689    0.00000    4.31689
 108.00000    4.32124    0.00000    4.32124
 108.50000    4.32191    0.00000    4.32191
 109.00000    4.31560    0.00000    4.31560
 109.50000    4.32055    0.00000    4.32055
 110.00000    4.31631    0.00000    4.31631
 110.50000    4.31225    0.00000    4.31225
 111.00000    4.30938    0.00000    4.30938
 111.50000    4.31388    0.00000    4.31388
 112.00000    4.32532    0.00000    4.32532
 112.50000    4.33467    0.00000    4.33467
 113.00000    4.32721    0.00000    4.32721
 113.50000    4.31599    0.00000    4.31599
 114.00000    4.30502    0.00000    4.30502
 114.50000    4.30731    0.00000    4.30731
 115.00000    4.30199    0.00000    4.30199
 115.50000    4.30721    0.00000    4.30721
 116.00000    4.30800    0.00000    4.30800
 116.50000    4.31550    0.00000    4.31550
 117.00000    4.32097    0.00000    4.32097
 117.50000    4.31500    0.00000    4.31500
 118.00000    4.29852    0.00000    4.29852
 118.50000    4.28093    0.00000    4.28093
 119.00000    4.29106    0.00000    4.29106
 119.50000    4.30160    0.00000    4.30160
 120.00000    4.31216    0.00000    4.31216
 120.50000    4.30902    0.00000    4.30902
 121.00000    4.30589    0.00000    4.30589
 121.50000    4.29503    0.00000    4.29503
 122.00000    4.31027    0.00000    4.31027
 122.50000    4.31019    0.00000    4.31019
 123.00000    4.30780    0.00000    4.30780
 123.50000    4.30088    0.00000    4.30088
 124.00000    4.29712    0.00000    4.29712
 124.50000    4.29535    0.00000    4.29535
 125.00000    4.30685    0.00000    4.30685
 125.50000    4.31114    0.00000    4.31114
 126.00000    4.30230    0.00000    4.30230
 126.50000    4.29341    0.00000    4.29341
 127.00000    4.29936    0.00000    4.29936
 127.50000    4.29811    0.00000    4.29811
 128.00000    4.29244    0.00000    4.29244
 128.50000    4.29441    0.00000    4.29441
 129.00000    4.29954    0.00000    4.29954
 129.50000    4.29330    0.00000    4.29330
 130.00000    4.27345    0.00000    4.27345
 130.50000    4.27742    0.00000    4.27742
 131.00000    4.28853    0.00000    4.28853
 131.50000    4.28829    0.00000    4.28829
 132.00000    4.28074    0.00000    4.28074
 132.50000    4.28330    0.00000    4.28330
 133.00000    4.29736    0.00000    4.29736
 133.50000    4.30274    0.00000    4.30274
 134.00000    4.31057    0.00000    4.31057
 134.50000    4.30707    0.00000    4.30707
 135.00000    4.29930    0.00000    4.29930
 135.50000    4.28669    0.00000    4.28669
 136.00000    4.28544    0.00000    4.28544
 136.50000    4.28761    0.00000    4.28761
 137.00000    4.29101    0.00000    4.29101
 137.50000    4.28385    0.00000    4.28385
 138.00000    4.28050    0.00000    4.28050
 138.50000    4.28014    0.00000    4.28014
 139.00000    4.29138    0.00000    4.29138
 139.50000    4.30203    0.00000    4.30203
 140.00000    4.30823    0.00000    4.30823
 140.50000    4.29562    0.00000    4.29562
 141.00000    4.28643    0.00000    4.28643
 141.50000    4.28615    0.00000    4.28615
 142.00000    4.28839    0.00000    4.28839
 142.50000    4.28750    0.00000    4.28750
 143.00000    4.29110    0.00000    4.29110
 143.50000    4.28564    0.00000    4.28564
 144.00000    4.28213    0.00000    4.28213
 144.50000    4.27592    0.00000    4.27592
 145.00000    4.28074    0.00000    4.28074
 145.50000    4.27982    0.00000    4.27982
 146.00000    4.28375    0.00000    4.28375
 146.50000    4.27411    0.00000    4.27411
 147.00000    4.27595    0.00000    4.27595
 147.50000    4.27945    0.00000    4.27945
 148.00000    4.28369    0.00000    4.28369
 148.50000    4.27970    0.00000    4.27970
 149.00000    4.27937    0.00000    4.27937
 149.50000    4.27114    0.00000    4.27114
 150.00000    4.23584    0.00000    4.23584
