   0.00000    1.35337    0.00000    1.35337
   0.50000    1.40345    0.00000    1.40345
   1.00000    1.84744    0.00000    1.84744
   1.50000    2.33038    0.00000    2.33038
   2.00000    2.71175    0.00000    2.71175
   2.50000    2.91490    0.00000    2.91490
   3.00000    3.05407    0.00000    3.05407
   3.50000    3.16597    0.00000    3.16597
   4.00000    3.27482    0.00000    3.27482
   4.50000    3.33389    0.00000    3.33389
   5.00000    3.37107    0.00000    3.37107
   5.50000    3.39851    0.00000    3.39851
   6.00000    3.40543    0.00000    3.40543
   6.50000    3.43860    0.00000    3.43860
   7.00000    3.48668    0.00000    3.48668
   7.50000    3.49491    0.00000    3.49491
   8.00000    3.49243    0.00000    3.49243
   8.50000    3.50551    0.00000    3.50551
   9.00000    3.53364    0.00000    3.53364
   9.50000    3.55816    0.00000    3.55816
  10.00000    3.56550    0.00000    3.56550
  10.50000    3.58281    0.00000    3.58281
  11.00000    3.60205    0.00000    3.60205
  11.50000    3.63180    0.00000    3.63180
  12.00000    3.63681    0.00000    3.63681
  12.50000    3.64426    0.00000    3.64426
  13.00000    3.64753    0.00000    3.64753
  13.50000    3.66997    0.00000    3.66997
  14.00000    3.68996    0.00000    3.68996
  14.50000    3.71328    0.00000    3.71328
  15.00000    3.71677    0.00000    3.71677
  15.50000    3.72579    0.00000    3.72579
  16.00000    3.73443    0.00000    3.73443
  16.50000    3.74351    0.00000    3.74351
  17.00000    3.74960    0.00000    3.74960
  17.50000    3.75847    0.00000    3.75847
  18.00000    3.77033    0.00000    3.77033
  18.50000    3.77035    0.00000    3.77035
  19.00000    3.77114    0.00000    3.77114
  19.50000    3.77607    0.00000    3.77607
  20.00000    3.78967    0.00000    3.78967
  20.50000    3.79797    0.00000    3.79797
  21.00000    3.80949    0.00000    3.80949
  21.50000    3.81989    0.00000    3.81989
  22.00000    3.82294    0.00000    3.82294
  22.50000    3.82573    0.00000    3.82573
  23.00000    3.83923    0.00000    3.83923
  23.50000    3.84136    0.00000    3.84136
  24.00000    3.83336    0.00000    3.83336
  24.50000    3.83411    0.00000    3.83411
  25.00000    3.85869    0.00000    3.85869
  25.50000    3.84452    0.00000    3.84452
  26.00000    3.80272    0.00000    3.80272
  26.50000    3.78693    0.00000    3.78693
  27.00000    3.82863    0.00000    3.82863
  27.50000    3.84479    0.00000    3.84479
  28.00000    3.83647    0.00000    3.83647
  28.50000    3.84661    0.00000    3.84661
  29.00000    3.89322    0.00000    3.89322
  29.50000    3.96712    0.00000    3.96712
  30.00000    4.04318    0.00000    4.04318
  30.50000    4.12238    0.00000    4.12238
  31.00000    4.19461    0.00000    4.19461
  31.50000    4.25315    0.00000    4.25315
  32.00000    4.29682    0.00000    4.29682
  32.50000    4.33647    0.00000    4.33647
  33.00000    4.37666    0.00000    4.37666
  33.50000    4.36599    0.00000    4.36599
  34.00000    4.32642    0.00000    4.32642
  34.50000    4.32691    0.00000    4.32691
  35.00000    4.33758    0.00000    4.33758
  35.50000    4.35386    0.00000    4.35386
  36.00000    4.32702    0.00000    4.32702
  36.50000    4.31333    0.00000    4.31333
  37.00000    4.30102    0.00000    4.30102
  37.50000    4.32429    0.00000    4.32429
  38.00000    4.33270    0.00000    4.33270
  38.50000    4.35065    0.00000    4.35065
  39.00000    4.36733    0.00000    4.36733
  39.50000    4.38563    0.00000    4.38563
  40.00000    4.38857    0.00000    4.38857
  40.50000    4.40752    0.00000    4.40752
  41.00000    4.42471    0.00000    4.42471
  41.50000    4.44247    0.00000    4.44247
  42.00000    4.46880    0.00000    4.46880
  42.50000    4.49660    0.00000    4.49660
  43.00000    4.51583    0.00000    4.51583
  43.50000    4.56020    0.00000    4.56020
  44.00000    4.59382    0.00000    4.59382
  44.50000    4.61391    0.00000    4.61391
  45.00000    4.60089    0.00000    4.60089
  45.50000    4.63270    0.00000    4.63270
  46.00000    4.66370    0.00000    4.66370
  46.50000    4.67862    0.00000    4.67862
  47.00000    4.64730    0.00000    4.64730
  47.50000    4.63824    0.00000    4.63824
  48.00000    4.65196    0.00000    4.65196
  48.50000    4.66160    0.00000    4.66160
  49.00000    4.64067    0.00000    4.64067
  49.50000    4.63738    0.00000    4.63738
  50.00000    4.64982    0.00000    4.64982
  50.50000    4.64774    0.00000    4.64774
  51.00000    4.63154    0.00000    4.63154
  51.50000    4.63963    0.00000    4.63963
  52.00000    4.66002    0.00000    4.66002
  52.50000    4.66316    0.00000    4.66316
  53.00000    4.64551    0.00000    4.64551
  53.50000    4.63701    0.00000    4.63701
  54.00000    4.62903    0.00000    4.62903
  54.50000    4.62387    0.00000    4.62387
  55.00000    4.62047    0.00000    4.62047
  55.50000    4.62138    0.00000    4.62138
  56.00000    4.62111    0.00000    4.62111
  56.50000    4.61851    0.00000    4.61851
  57.00000    4.61598    0.00000    4.61598
  57.50000    4.61469    0.00000    4.61469
  58.00000    4.61117    0.00000    4.61117
  58.50000    4.61018    0.00000    4.61018
  59.00000    4.61559    0.00000    4.61559
  59.50000    4.62707    0.00000    4.62707
  60.00000    4.61934    0.00000    4.61934
  60.50000    4.61198    0.00000    4.61198
  61.00000    4.61478    0.00000    4.61478
  61.50000    4.62998    0.00000    4.62998
  62.00000    4.61983    0.00000    4.61983
  62.50000    4.60751    0.00000    4.60751
  63.00000    4.58465    0.00000    4.58465
  63.50000    4.58144    0.00000    4.58144
  64.00000    4.58129    0.00000    4.58129
  64.50000    4.59536    0.00000    4.59536
  65.00000    4.58912    0.00000    4.58912
  65.50000    4.57711    0.00000    4.57711
  66.00000    4.58029    0.00000    4.58029
  66.50000    4.59083    0.00000    4.59083
  67.00000    4.59577    0.00000    4.59577
  67.50000    4.58847    0.00000    4.58847
  68.00000    4.58226    0.00000    4.58226
  68.50000    4.56205    0.00000    4.56205
  69.00000    4.55791    0.00000    4.55791
  69.50000    4.56143    0.00000    4.56143
  70.00000    4.56850    0.00000    4.56850
  70.50000    4.56800    0.00000    4.56800
  71.00000    4.57136    0.00000    4.57136
  71.50000    4.56746    0.00000    4.56746
  72.00000    4.56740    0.00000    4.56740
  72.50000    4.56226    0.00000    4.56226
  73.00000    4.55207    0.00000    4.55207
  73.50000    4.54035    0.00000    4.54035
  74.00000    4.54025    0.00000    4.54025
  74.50000    4.54671    0.00000    4.54671
  75.00000    4.54700    0.00000    4.54700
  75.50000    4.54790    0.00000    4.54790
  76.00000    4.53874    0.00000    4.53874
  76.50000    4.53595    0.00000    4.53595
  77.00000    4.51548    0.00000    4.51548
  77.50000    4.52122    0.00000    4.52122
  78.00000    4.52882    0.00000    4.52882
  78.50000    4.53052    0.00000    4.53052
  79.00000    4.51688    0.00000    4.51688
  79.50000    4.50552    0.00000    4.50552
  80.00000    4.50545    0.00000    4.50545
  80.50000    4.50613    0.00000    4.50613
  81.00000    4.50626    0.00000    4.50626
  81.50000    4.50023    0.00000    4.50023
  82.00000    4.50470    0.00000    4.50470
  82.50000    4.50217    0.00000    4.50217
  83.00000    4.50957    0.00000    4.50957
  83.50000    4.51756    0.00000    4.51756
  84.00000    4.52784    0.00000    4.52784
  84.50000    4.51874    0.00000    4.51874
  85.00000    4.52072    0.00000    4.52072
  85.50000    4.51331    0.00000    4.51331
  86.00000    4.51132    0.00000    4.51132
  86.50000    4.50169    0.00000    4.50169
  87.00000    4.50527    0.00000    4.50527
  87.50000    4.50447    0.00000    4.50447
  88.00000    4.51554    0.00000    4.51554
  88.50000    4.50298    0.00000    4.50298
  89.00000    4.50312    0.00000    4.50312
  89.50000    4.50157    0.00000    4.50157
  90.00000    4.50988    0.00000    4.50988
  90.50000    4.51049    0.00000    4.51049
  91.00000    4.51706    0.00000    4.51706
  91.50000    4.50528    0.00000    4.50528
  92.00000    4.47822    0.00000    4.47822
  92.50000    4.48055    0.00000    4.48055
  93.00000    4.49509    0.00000    4.49509
  93.50000    4.50224    0.00000    4.50224
  94.00000    4.50337    0.00000    4.50337
  94.50000    4.51343    0.00000    4.51343
  95.00000    4.50662    0.00000    4.50662
  95.50000    4.49368    0.00000    4.49368
  96.00000    4.48438    0.00000    4.48438
  96.50000    4.48485    0.00000    4.48485
  97.00000    4.49356    0.00000    4.49356
  97.50000    4.50047    0.00000    4.50047
  98.00000    4.49757    0.00000    4.49757
  98.50000    4.49451    0.00000    4.49451
  99.00000    4.49311    0.00000    4.49311
  99.50000    4.49180    0.00000    4.49180
 100.00000    4.47499    0.00000    4.47499
 100.50000    4.46803    0.00000    4.46803
 101.00000    4.47151    0.00000    4.47151
 101.50000    4.48286    0.00000    4.48286
 102.00000    4.47552    0.00000    4.47552
 102.50000    4.47315    0.00000    4.47315
 103.00000    4.47897    0.00000    4.47897
 103.50000    4.49021    0.00000    4.49021
 104.00000    4.48083    0.00000    4.48083
 104.50000    4.47393    0.00000    4.47393
 105.00000    4.47316    0.00000    4.47316
 105.50000    4.48109    0.00000    4.48109
 106.00000    4.48256    0.00000    4.48256
 106.50000    4.47960    0.00000    4.47960
 107.00000    4.48021    0.00000    4.48021
 107.50000    4.46928    0.00000    4.46928
 108.00000    4.46880    0.00000    4.46880
 108.50000    4.47681    0.00000    4.47681
 109.00000    4.48757    0.00000    4.48757
 109.50000    4.48817    0.00000    4.48817
 110.00000    4.48523    0.00000    4.48523
 110.50000    4.48922    0.00000    4.48922
 111.00000    4.49210    0.00000    4.49210
 111.50000    4.49459    0.00000    4.49459
 112.00000    4.48775    0.00000    4.48775
 112.50000    4.48442    0.00000    4.48442
 113.00000    4.49828    0.00000    4.49828
 113.50000    4.50015    0.00000    4.50015
 114.00000    4.50098    0.00000    4.50098
 114.50000    4.50668    0.00000    4.50668
 115.00000    4.51676    0.00000    4.51676
 115.50000    4.49477    0.00000    4.49477
 116.00000    4.48131    0.00000    4.48131
 116.50000    4.47579    0.00000    4.47579
 117.00000    4.47116    0.00000    4.47116
 117.50000    4.47715    0.00000    4.47715
 118.00000    4.48879    0.00000    4.48879
 118.50000    4.50404    0.00000    4.50404
 119.00000    4.50563    0.00000    4.50563
 119.50000    4.51997    0.00000    4.51997
 120.00000    4.50857    0.00000    4.50857
 120.50000    4.50293    0.00000    4.50293
 121.00000    4.48977    0.00000    4.48977
 121.50000    4.49898    0.00000    4.49898
 122.00000    4.50639    0.00000    4.50639
 122.50000    4.51943    0.00000    4.51943
 123.00000    4.51418    0.00000    4.51418
 123.50000    4.51268    0.00000    4.51268
 124.00000    4.50603    0.00000    4.50603
 124.50000    4.50835    0.00000    4.50835
 125.00000    4.50366    0.00000    4.50366
 125.50000    4.51081    0.00000    4.51081
 126.00000    4.50891    0.00000    4.50891
 126.50000    4.52210    0.00000    4.52210
 127.00000    4.51570    0.00000    4.51570
 127.50000    4.51148    0.00000    4.51148
 128.00000    4.51563    0.00000    4.51563
 128.50000    4.50994    0.00000    4.50994
 129.00000    4.51449    0.00000    4.51449
 129.50000    4.52542    0.00000    4.52542
 130.00000    4.55865    0.00000    4.55865
 130.50000    4.54914    0.00000    4.54914
 131.00000    4.54657    0.00000    4.54657
 131.50000    4.54163    0.00000    4.54163
 132.00000    4.54910    0.00000    4.54910
 132.50000    4.53507    0.00000    4.53507
 133.00000    4.52619    0.00000    4.52619
 133.50000    4.52018    0.00000    4.52018
 134.00000    4.52483    0.00000    4.52483
 134.50000    4.52108    0.00000    4.52108
 135.00000    4.52335    0.00000    4.52335
 135.50000    4.53120    0.00000    4.53120
 136.00000    4.52892    0.00000    4.52892
 136.50000    4.51767    0.00000    4.51767
 137.00000    4.51176    0.00000    4.51176
 137.50000    4.53444    0.00000    4.53444
 138.00000    4.54359    0.00000    4.54359
 138.50000    4.54917    0.00000    4.54917
 139.00000    4.53436    0.00000    4.53436
 139.50000    4.54126    0.00000    4.54126
 140.00000    4.54710    0.00000    4.54710
 140.50000    4.56375    0.00000    4.56375
 141.00000    4.54871    0.00000    4.54871
 141.50000    4.55176    0.00000    4.55176
 142.00000    4.54606    0.00000    4.54606
 142.50000    4.55363    0.00000    4.55363
 143.00000    4.55191    0.00000    4.55191
 143.50000    4.56153    0.00000    4.56153
 144.00000    4.56291    0.00000    4.56291
 144.50000    4.55798    0.00000    4.55798
 145.00000    4.56925    0.00000    4.56925
 145.50000    4.57196    0.00000    4.57196
 146.00000    4.56415    0.00000    4.56415
 146.50000    4.56028    0.00000    4.56028
 147.00000    4.57432    0.00000    4.57432
 147.50000    4.57365    0.00000    4.57365
 148.00000    4.56386    0.00000    4.56386
 148.50000    4.56086    0.00000    4.56086
 149.00000    4.57391    0.00000    4.57391
 149.50000    4.58797    0.00000    4.58797
 150.00000    4.61417    0.00000    4.61417
