   0.00000    1.57151    0.00000    1.57151
   0.50000    2.23910    0.00000    2.23910
   1.00000    2.69478    0.00000    2.69478
   1.50000    2.91309    0.00000    2.91309
   2.00000    2.96405    0.00000    2.96405
   2.50000    3.02234    0.00000    3.02234
   3.00000    3.08187    0.00000    3.08187
   3.50000    3.10432    0.00000    3.10432
   4.00000    3.14549    0.00000    3.14549
   4.50000    3.14793    0.00000    3.14793
   5.00000    3.18092    0.00000    3.18092
   5.50000    3.19332    0.00000    3.19332
   6.00000    3.21308    0.00000    3.21308
   6.50000    3.23529    0.00000    3.23529
   7.00000    3.24395    0.00000    3.24395
   7.50000    3.24839    0.00000    3.24839
   8.00000    3.26450    0.00000    3.26450
   8.50000    3.30002    0.00000    3.30002
   9.00000    3.32914    0.00000    3.32914
   9.50000    3.33108    0.00000    3.33108
  10.00000    3.33301    0.00000    3.33301
  10.50000    3.35222    0.00000    3.35222
  11.00000    3.38388    0.00000    3.38388
  11.50000    3.39087    0.00000    3.39087
  12.00000    3.39988    0.00000    3.39988
  12.50000    3.39001    0.00000    3.39001
  13.00000    3.41004    0.00000    3.41004
  13.50000    3.43641    0.00000    3.43641
  14.00000    3.47489    0.00000    3.47489
  14.50000    3.47706    0.00000    3.47706
  15.00000    3.48910    0.00000    3.48910
  15.50000    3.51130    0.00000    3.51130
  16.00000    3.53874    0.00000    3.53874
  16.50000    3.55481    0.00000    3.55481
  17.00000    3.57229    0.00000    3.57229
  17.50000    3.57366    0.00000    3.57366
  18.00000    3.59124    0.00000    3.59124
  18.50000    3.61130    0.00000    3.61130
  19.00000    3.64312    0.00000    3.64312
  19.50000    3.65155    0.00000    3.65155
  20.00000    3.67128    0.00000    3.67128
  20.50000    3.69521    0.00000    3.69521
  21.00000    3.72673    0.00000    3.72673
  21.50000    3.76926    0.00000    3.76926
  22.00000    3.79088    0.00000    3.79088
  22.50000    3.81467    0.00000    3.81467
  23.00000    3.83542    0.00000    3.83542
  23.50000    3.87613    0.00000    3.87613
  24.00000    3.95919    0.00000    3.95919
  24.50000    4.08265    0.00000    4.08265
  25.00000    4.20766    0.00000    4.20766
  25.50000    4.25265    0.00000    4.25265
  26.00000    4.29342    0.00000    4.29342
  26.50000    4.36592    0.00000    4.36592
  27.00000    4.45958    0.00000    4.45958
  27.50000    4.49015    0.00000    4.49015
  28.00000    4.47332    0.00000    4.47332
  28.50000    4.44202    0.00000    4.44202
  29.00000    4.40734    0.00000    4.40734
  29.50000    4.39979    0.00000    4.39979
  30.00000    4.41835    0.00000    4.41835
  30.50000    4.44459    0.00000    4.44459
  31.00000    4.42794    0.00000    4.42794
  31.50000    4.43223    0.00000    4.43223
  32.00000    4.43947    0.00000    4.43947
  32.50000    4.45086    0.00000    4.45086
  33.00000    4.42222    0.00000    4.42222
  33.50000    4.41874    0.00000    4.41874
  34.00000    4.43761    0.00000    4.43761
  34.50000    4.44514    0.00000    4.44514
  35.00000    4.41826    0.00000    4.41826
  35.50000    4.40568    0.00000    4.40568
  36.00000    4.42429    0.00000    4.42429
  36.50000    4.42479    0.00000    4.42479
  37.00000    4.39736    0.00000    4.39736
  37.50000    4.37284    0.00000    4.37284
  38.00000    4.36967    0.00000    4.36967
  38.50000    4.37044    0.00000    4.37044
  39.00000    4.37761    0.00000    4.37761
  39.50000    4.39672    0.00000    4.39672
  40.00000    4.41699    0.00000    4.41699
  40.50000    4.42146    0.00000    4.42146
  41.00000    4.43224    0.00000    4.43224
  41.50000    4.43994    0.00000    4.43994
  42.00000    4.43849    0.00000    4.43849
  42.50000    4.44534    0.00000    4.44534
  43.00000    4.47542    0.00000    4.47542
  43.50000    4.47218    0.00000    4.47218
  44.00000    4.48198    0.00000    4.48198
  44.50000    4.49831    0.00000    4.49831
  45.00000    4.52385    0.00000    4.52385
  45.50000    4.51320    0.00000    4.51320
  46.00000    4.50889    0.00000    4.50889
  46.50000    4.49091    0.00000    4.49091
  47.00000    4.49845    0.00000    4.49845
  47.50000    4.50971    0.00000    4.50971
  48.00000    4.51622    0.00000    4.51622
  48.50000    4.52623    0.00000    4.52623
  49.00000    4.52355    0.00000    4.52355
  49.50000    4.49982    0.00000    4.49982
  50.00000    4.46360    0.00000    4.46360
  50.50000    4.47077    0.00000    4.47077
  51.00000    4.47164    0.00000    4.47164
  51.50000    4.45568    0.00000    4.45568
  52.00000    4.43638    0.00000    4.43638
  52.50000    4.42902    0.00000    4.42902
  53.00000    4.43298    0.00000    4.43298
  53.50000    4.43957    0.00000    4.43957
  54.00000    4.44947    0.00000    4.44947
  54.50000    4.43555    0.00000    4.43555
  55.00000    4.44030    0.00000    4.44030
  55.50000    4.43346    0.00000    4.43346
  56.00000    4.42175    0.00000    4.42175
  56.50000    4.38888    0.00000    4.38888
  57.00000    4.38968    0.00000    4.38968
  57.50000    4.41798    0.00000    4.41798
  58.00000    4.43043    0.00000    4.43043
  58.50000    4.42891    0.00000    4.42891
  59.00000    4.41164    0.00000    4.41164
  59.50000    4.41535    0.00000    4.41535
  60.00000    4.38823    0.00000    4.38823
  60.50000    4.37519    0.00000    4.37519
  61.00000    4.38672    0.00000    4.38672
  61.50000    4.40975    0.00000    4.40975
  62.00000    4.41925    0.00000    4.41925
  62.50000    4.40587    0.00000    4.40587
  63.00000    4.40617    0.00000    4.40617
  63.50000    4.40115    0.00000    4.40115
  64.00000    4.40291    0.00000    4.40291
  64.50000    4.40173    0.00000    4.40173
  65.00000    4.40797    0.00000    4.40797
  65.50000    4.40256    0.00000    4.40256
  66.00000    4.38887    0.00000    4.38887
  66.50000    4.38013    0.00000    4.38013
  67.00000    4.38765    0.00000    4.38765
  67.50000    4.39525    0.00000    4.39525
  68.00000    4.38572    0.00000    4.38572
  68.50000    4.38391    0.00000    4.38391
  69.00000    4.39372    0.00000    4.39372
  69.50000    4.40157    0.00000    4.40157
  70.00000    4.37823    0.00000    4.37823
  70.50000    4.36334    0.00000    4.36334
  71.00000    4.37235    0.00000    4.37235
  71.50000    4.38857    0.00000    4.38857
  72.00000    4.38903    0.00000    4.38903
  72.50000    4.37366    0.00000    4.37366
  73.00000    4.38200    0.00000    4.38200
  73.50000    4.39213    0.00000    4.39213
  74.00000    4.40998    0.00000    4.40998
  74.50000    4.40164    0.00000    4.40164
  75.00000    4.40015    0.00000    4.40015
  75.50000    4.39814    0.00000    4.39814
  76.00000    4.40574    0.00000    4.40574
  76.50000    4.40261    0.00000    4.40261
  77.00000    4.41329    0.00000    4.41329
  77.50000    4.41256    0.00000    4.41256
  78.00000    4.39816    0.00000    4.39816
  78.50000    4.39019    0.00000    4.39019
  79.00000    4.40068    0.00000    4.40068
  79.50000    4.41354    0.00000    4.41354
  80.00000    4.41396    0.00000    4.41396
  80.50000    4.40935    0.00000    4.40935
  81.00000    4.40154    0.00000    4.40154
  81.50000    4.40226    0.00000    4.40226
  82.00000    4.40187    0.00000    4.40187
  82.50000    4.39056    0.00000    4.39056
  83.00000    4.38623    0.00000    4.38623
  83.50000    4.39213    0.00000    4.39213
  84.00000    4.41719    0.00000    4.41719
  84.50000    4.42476    0.00000    4.42476
  85.00000    4.42018    0.00000    4.42018
  85.50000    4.39906    0.00000    4.39906
  86.00000    4.40060    0.00000    4.40060
  86.50000    4.40723    0.00000    4.40723
  87.00000    4.42364    0.00000    4.42364
  87.50000    4.39830    0.00000    4.39830
  88.00000    4.38882    0.00000    4.38882
  88.50000    4.37936    0.00000    4.37936
  89.00000    4.41043    0.00000    4.41043
  89.50000    4.41970    0.00000    4.41970
  90.00000    4.42787    0.00000    4.42787
  90.50000    4.40440    0.00000    4.40440
  91.00000    4.38293    0.00000    4.38293
  91.50000    4.37614    0.00000    4.37614
  92.00000    4.39875    0.00000    4.39875
  92.50000    4.41153    0.00000    4.41153
  93.00000    4.40907    0.00000    4.40907
  93.50000    4.42143    0.00000    4.42143
  94.00000    4.43122    0.00000    4.43122
  94.50000    4.41269    0.00000    4.41269
  95.00000    4.41172    0.00000    4.41172
  95.50000    4.41953    0.00000    4.41953
  96.00000    4.40765    0.00000    4.40765
  96.50000    4.36544    0.00000    4.36544
  97.00000    4.37737    0.00000    4.37737
  97.50000    4.39744    0.00000    4.39744
  98.00000    4.42503    0.00000    4.42503
  98.50000    4.42127    0.00000    4.42127
  99.00000    4.42492    0.00000    4.42492
  99.50000    4.41573    0.00000    4.41573
 100.00000    4.41052    0.00000    4.41052
 100.50000    4.40298    0.00000    4.40298
 101.00000    4.39765    0.00000    4.39765
 101.50000    4.40247    0.00000    4.40247
 102.00000    4.41272    0.00000    4.41272
 102.50000    4.41734    0.00000    4.41734
 103.00000    4.41495    0.00000    4.41495
 103.50000    4.41181    0.00000    4.41181
 104.00000    4.41092    0.00000    4.41092
 104.50000    4.40287    0.00000    4.40287
 105.00000    4.40469    0.00000    4.40469
 105.50000    4.40638    0.00000    4.40638
 106.00000    4.40614    0.00000    4.40614
 106.50000    4.40654    0.00000    4.40654
 107.00000    4.39639    0.00000    4.39639
 107.50000    4.38921    0.00000    4.38921
 108.00000    4.39326    0.00000    4.39326
 108.50000    4.41573    0.00000    4.41573
 109.00000    4.39555    0.00000    4.39555
 109.50000    4.37408    0.00000    4.37408
 110.00000    4.39113    0.00000    4.39113
 110.50000    4.41026    0.00000    4.41026
 111.00000    4.41444    0.00000    4.41444
 111.50000    4.40452    0.00000    4.40452
 112.00000    4.40841    0.00000    4.40841
 112.50000    4.40344    0.00000    4.40344
 113.00000    4.40812    0.00000    4.40812
 113.50000    4.41281    0.00000    4.41281
 114.00000    4.38759    0.00000    4.38759
 114.50000    4.36861    0.00000    4.36861
 115.00000    4.36690    0.00000    4.36690
 115.50000    4.38941    0.00000    4.38941
 116.00000    4.39037    0.00000    4.39037
 116.50000    4.38706    0.00000    4.38706
 117.00000    4.38719    0.00000    4.38719
 117.50000    4.40148    0.00000    4.40148
 118.00000    4.40393    0.00000    4.40393
 118.50000    4.39861    0.00000    4.39861
 119.00000    4.38603    0.00000    4.38603
 119.50000    4.38876    0.00000    4.38876
 120.00000    4.39383    0.00000    4.39383
 120.50000    4.40194    0.00000    4.40194
 121.00000    4.40473    0.00000    4.40473
 121.50000    4.39626    0.00000    4.39626
 122.00000    4.40558    0.00000    4.40558
 122.50000    4.40055    0.00000    4.40055
 123.00000    4.39733    0.00000    4.39733
 123.50000    4.39078    0.00000    4.39078
 124.00000    4.38569    0.00000    4.38569
 124.50000    4.37866    0.00000    4.37866
 125.00000    4.36571    0.00000    4.36571
 125.50000    4.36884    0.00000    4.36884
 126.00000    4.37019    0.00000    4.37019
 126.50000    4.37877    0.00000    4.37877
 127.00000    4.38172    0.00000    4.38172
 127.50000    4.37755    0.00000    4.37755
 128.00000    4.38626    0.00000    4.38626
 128.50000    4.40158    0.00000    4.40158
 129.00000    4.39548    0.00000    4.39548
 129.50000    4.37042    0.00000    4.37042
 130.00000    4.36817    0.00000    4.36817
 130.50000    4.39173    0.00000    4.39173
 131.00000    4.39535    0.00000    4.39535
 131.50000    4.37012    0.00000    4.37012
 132.00000    4.36494    0.00000    4.36494
 132.50000    4.36512    0.00000    4.36512
 133.00000    4.38258    0.00000    4.38258
 133.50000    4.38143    0.00000    4.38143
 134.00000    4.39537    0.00000    4.39537
 134.50000    4.39922    0.00000    4.39922
 135.00000    4.39081    0.00000    4.39081
 135.50000    4.37228    0.00000    4.37228
 136.00000    4.35888    0.00000    4.35888
 136.50000    4.35730    0.00000    4.35730
 137.00000    4.35950    0.00000    4.35950
 137.50000    4.37697    0.00000    4.37697
 138.00000    4.37417    0.00000    4.37417
 138.50000    4.36443    0.00000    4.36443
 139.00000    4.35295    0.00000    4.35295
 139.50000    4.36797    0.00000    4.36797
 140.00000    4.37691    0.00000    4.37691
 140.50000    4.37920    0.00000    4.37920
 141.00000    4.37348    0.00000    4.37348
 141.50000    4.37685    0.00000    4.37685
 142.00000    4.37706    0.00000    4.37706
 142.50000    4.37752    0.00000    4.37752
 143.00000    4.37456    0.00000    4.37456
 143.50000    4.37935    0.00000    4.37935
 144.00000    4.37642    0.00000    4.37642
 144.50000    4.37504    0.00000    4.37504
 145.00000    4.36625    0.00000    4.36625
 145.50000    4.36638    0.00000    4.36638
 146.00000    4.36977    0.00000    4.36977
 146.50000    4.35752    0.00000    4.35752
 147.00000    4.34781    0.00000    4.34781
 147.50000    4.35539    0.00000    4.35539
 148.00000    4.37916    0.00000    4.37916
 148.50000    4.36596    0.00000    4.36596
 149.00000    4.35008    0.00000    4.35008
 149.50000    4.35283    0.00000    4.35283
 150.00000    4.37956    0.00000    4.37956
