   0.00000    1.51535    0.00000    1.51535
   0.50000    2.55631    0.00000    2.55631
   1.00000    2.91246    0.00000    2.91246
   1.50000    3.09108    0.00000    3.09108
   2.00000    3.30882    0.00000    3.30882
   2.50000    3.43254    0.00000    3.43254
   3.00000    3.47038    0.00000    3.47038
   3.50000    3.47733    0.00000    3.47733
   4.00000    3.47521    0.00000    3.47521
   4.50000    3.49355    0.00000    3.49355
   5.00000    3.50959    0.00000    3.50959
   5.50000    3.51835    0.00000    3.51835
   6.00000    3.53157    0.00000    3.53157
   6.50000    3.54892    0.00000    3.54892
   7.00000    3.56224    0.00000    3.56224
   7.50000    3.56361    0.00000    3.56361
   8.00000    3.57470    0.00000    3.57470
   8.50000    3.58103    0.00000    3.58103
   9.00000    3.58789    0.00000    3.58789
   9.50000    3.59177    0.00000    3.59177
  10.00000    3.60370    0.00000    3.60370
  10.50000    3.61487    0.00000    3.61487
  11.00000    3.62683    0.00000    3.62683
  11.50000    3.63795    0.00000    3.63795
  12.00000    3.64275    0.00000    3.64275
  12.50000    3.64845    0.00000    3.64845
  13.00000    3.65026    0.00000    3.65026
  13.50000    3.65605    0.00000    3.65605
  14.00000    3.66384    0.00000    3.66384
  14.50000    3.67580    0.00000    3.67580
  15.00000    3.67113    0.00000    3.67113
  15.50000    3.67621    0.00000    3.67621
  16.00000    3.68932    0.00000    3.68932
  16.50000    3.70001    0.00000    3.70001
  17.00000    3.69606    0.00000    3.69606
  17.50000    3.69832    0.00000    3.69832
  18.00000    3.69973    0.00000    3.69973
  18.50000    3.69687    0.00000    3.69687
  19.00000    3.70311    0.00000    3.70311
  19.50000    3.71707    0.00000    3.71707
  20.00000    3.72110    0.00000    3.72110
  20.50000    3.72097    0.00000    3.72097
  21.00000    3.71753    0.00000    3.71753
  21.50000    3.72455    0.00000    3.72455
  22.00000    3.72642    0.00000    3.72642
  22.50000    3.72502    0.00000    3.72502
  23.00000    3.72113    0.00000    3.72113
  23.50000    3.73424    0.00000    3.73424
  24.00000    3.75481    0.00000    3.75481
  24.50000    3.76057    0.00000    3.76057
  25.00000    3.75452    0.00000    3.75452
  25.50000    3.75007    0.00000    3.75007
  26.00000    3.75519    0.00000    3.75519
  26.50000    3.76627    0.00000    3.76627
  27.00000    3.76631    0.00000    3.76631
  27.50000    3.76730    0.00000    3.76730
  28.00000    3.76021    0.00000    3.76021
  28.50000    3.76551    0.00000    3.76551
  29.00000    3.75771    0.00000    3.75771
  29.50000    3.74130    0.00000    3.74130
  30.00000    3.72224    0.00000    3.72224
  30.50000    3.72842    0.00000    3.72842
  31.00000    3.73038    0.00000    3.73038
  31.50000    3.73394    0.00000    3.73394
  32.00000    3.74409    0.00000    3.74409
  32.50000    3.73601    0.00000    3.73601
  33.00000    3.71955    0.00000    3.71955
  33.50000    3.71839    0.00000    3.71839
  34.00000    3.75196    0.00000    3.75196
  34.50000    3.79456    0.00000    3.79456
  35.00000    3.83146    0.00000    3.83146
  35.50000    3.87641    0.00000    3.87641
  36.00000    3.91660    0.00000    3.91660
  36.50000    3.94918    0.00000    3.94918
  37.00000    3.96092    0.00000    3.96092
  37.50000    3.99047    0.00000    3.99047
  38.00000    4.02752    0.00000    4.02752
  38.50000    4.05942    0.00000    4.05942
  39.00000    4.08867    0.00000    4.08867
  39.50000    4.11172    0.00000    4.11172
  40.00000    4.15529    0.00000    4.15529
  40.50000    4.20816    0.00000    4.20816
  41.00000    4.24798    0.00000    4.24798
  41.50000    4.25353    0.00000    4.25353
  42.00000    4.25660    0.00000    4.25660
  42.50000    4.26195    0.00000    4.26195
  43.00000    4.26580    0.00000    4.26580
  43.50000    4.26334    0.00000    4.26334
  44.00000    4.28072    0.00000    4.28072
  44.50000    4.31759    0.00000    4.31759
  45.00000    4.33950    0.00000    4.33950
  45.50000    4.34083    0.00000    4.34083
  46.00000    4.35321    0.00000    4.35321
  46.50000    4.38757    0.00000    4.38757
  47.00000    4.42565    0.00000    4.42565
  47.50000    4.46801    0.00000    4.46801
  48.00000    4.49612    0.00000    4.49612
  48.50000    4.50754    0.00000    4.50754
  49.00000    4.51328    0.00000    4.51328
  49.50000    4.52068    0.00000    4.52068
  50.00000    4.52280    0.00000    4.52280
  50.50000    4.53577    0.00000    4.53577
  51.00000    4.54642    0.00000    4.54642
  51.50000    4.54869    0.00000    4.54869
  52.00000    4.54964    0.00000    4.54964
  52.50000    4.55312    0.00000    4.55312
  53.00000    4.55228    0.00000    4.55228
  53.50000    4.55906    0.00000    4.55906
  54.00000    4.57138    0.00000    4.57138
  54.50000    4.56919    0.00000    4.56919
  55.00000    4.56074    0.00000    4.56074
  55.50000    4.56187    0.00000    4.56187
  56.00000    4.57026    0.00000    4.57026
  56.50000    4.57125    0.00000    4.57125
  57.00000    4.56996    0.00000    4.56996
  57.50000    4.56947    0.00000    4.56947
  58.00000    4.57491    0.00000    4.57491
  58.50000    4.58035    0.00000    4.58035
  59.00000    4.57924    0.00000    4.57924
  59.50000    4.56739    0.00000    4.56739
  60.00000    4.55948    0.00000    4.55948
  60.50000    4.56325    0.00000    4.56325
  61.00000    4.56619    0.00000    4.56619
  61.50000    4.57249    0.00000    4.57249
  62.00000    4.57823    0.00000    4.57823
  62.50000    4.58551    0.00000    4.58551
  63.00000    4.57547    0.00000    4.57547
  63.50000    4.57497    0.00000    4.57497
  64.00000    4.57182    0.00000    4.57182
  64.50000    4.57072    0.00000    4.57072
  65.00000    4.55538    0.00000    4.55538
  65.50000    4.55125    0.00000    4.55125
  66.00000    4.55410    0.00000    4.55410
  66.50000    4.55236    0.00000    4.55236
  67.00000    4.54793    0.00000    4.54793
  67.50000    4.54873    0.00000    4.54873
  68.00000    4.55637    0.00000    4.55637
  68.50000    4.55927    0.00000    4.55927
  69.00000    4.56756    0.00000    4.56756
  69.50000    4.56739    0.00000    4.56739
  70.00000    4.55902    0.00000    4.55902
  70.50000    4.55998    0.00000    4.55998
  71.00000    4.56436    0.00000    4.56436
  71.50000    4.56672    0.00000    4.56672
  72.00000    4.55732    0.00000    4.55732
  72.50000    4.55192    0.00000    4.55192
  73.00000    4.53669    0.00000    4.53669
  73.50000    4.54298    0.00000    4.54298
  74.00000    4.55057    0.00000    4.55057
  74.50000    4.55228    0.00000    4.55228
  75.00000    4.53483    0.00000    4.53483
  75.50000    4.53293    0.00000    4.53293
  76.00000    4.53614    0.00000    4.53614
  76.50000    4.53160    0.00000    4.53160
  77.00000    4.52334    0.00000    4.52334
  77.50000    4.52622    0.00000    4.52622
  78.00000    4.53210    0.00000    4.53210
  78.50000    4.53011    0.00000    4.53011
  79.00000    4.52461    0.00000    4.52461
  79.50000    4.52215    0.00000    4.52215
  80.00000    4.51688    0.00000    4.51688
  80.50000    4.52392    0.00000    4.52392
  81.00000    4.51790    0.00000    4.51790
  81.50000    4.51117    0.00000    4.51117
  82.00000    4.50387    0.00000    4.50387
  82.50000    4.50937    0.00000    4.50937
  83.00000    4.50816    0.00000    4.50816
  83.50000    4.50483    0.00000    4.50483
  84.00000    4.51030    0.00000    4.51030
  84.50000    4.51276    0.00000    4.51276
  85.00000    4.50851    0.00000    4.50851
  85.50000    4.50157    0.00000    4.50157
  86.00000    4.50327    0.00000    4.50327
  86.50000    4.49841    0.00000    4.49841
  87.00000    4.48876    0.00000    4.48876
  87.50000    4.48105    0.00000    4.48105
  88.00000    4.48538    0.00000    4.48538
  88.50000    4.48501    0.00000    4.48501
  89.00000    4.48456    0.00000    4.48456
  89.50000    4.47287    0.00000    4.47287
  90.00000    4.47209    0.00000    4.47209
  90.50000    4.46796    0.00000    4.46796
  91.00000    4.47504    0.00000    4.47504
  91.50000    4.48052    0.00000    4.48052
  92.00000    4.47972    0.00000    4.47972
  92.50000    4.46831    0.00000    4.46831
  93.00000    4.46685    0.00000    4.46685
  93.50000    4.47312    0.00000    4.47312
  94.00000    4.47455    0.00000    4.47455
  94.50000    4.47459    0.00000    4.47459
  95.00000    4.47392    0.00000    4.47392
  95.50000    4.47252    0.00000    4.47252
  96.00000    4.46819    0.00000    4.46819
  96.50000    4.46047    0.00000    4.46047
  97.00000    4.44932    0.00000    4.44932
  97.50000    4.44078    0.00000    4.44078
  98.00000    4.44451    0.00000    4.44451
  98.50000    4.45045    0.00000    4.45045
  99.00000    4.44789    0.00000    4.44789
  99.50000    4.44920    0.00000    4.44920
 100.00000    4.45063    0.00000    4.45063
 100.50000    4.44764    0.00000    4.44764
 101.00000    4.44740    0.00000    4.44740
 101.50000    4.44782    0.00000    4.44782
 102.00000    4.45067    0.00000    4.45067
 102.50000    4.44918    0.00000    4.44918
 103.00000    4.45211    0.00000    4.45211
 103.50000    4.44514    0.00000    4.44514
 104.00000    4.44158    0.00000    4.44158
 104.50000    4.44160    0.00000    4.44160
 105.00000    4.44041    0.00000    4.44041
 105.50000    4.44404    0.00000    4.44404
 106.00000    4.44124    0.00000    4.44124
 106.50000    4.44402    0.00000    4.44402
 107.00000    4.44009    0.00000    4.44009
 107.50000    4.43882    0.00000    4.43882
 108.00000    4.42712    0.00000    4.42712
 108.50000    4.42399    0.00000    4.42399
 109.00000    4.42833    0.00000    4.42833
 109.50000    4.43283    0.00000    4.43283
 110.00000    4.43178    0.00000    4.43178
 110.50000    4.42881    0.00000    4.42881
 111.00000    4.43080    0.00000    4.43080
 111.50000    4.42886    0.00000    4.42886
 112.00000    4.42387    0.00000    4.42387
 112.50000    4.41889    0.00000    4.41889
 113.00000    4.42000    0.00000    4.42000
 113.50000    4.42196    0.00000    4.42196
 114.00000    4.42255    0.00000    4.42255
 114.50000    4.42075    0.00000    4.42075
 115.00000    4.42247    0.00000    4.42247
 115.50000    4.43131    0.00000    4.43131
 116.00000    4.43160    0.00000    4.43160
 116.50000    4.42511    0.00000    4.42511
 117.00000    4.41778    0.00000    4.41778
 117.50000    4.41798    0.00000    4.41798
 118.00000    4.41700    0.00000    4.41700
 118.50000    4.41257    0.00000    4.41257
 119.00000    4.41007    0.00000    4.41007
 119.50000    4.40770    0.00000    4.40770
 120.00000    4.40780    0.00000    4.40780
 120.50000    4.41144    0.00000    4.41144
 121.00000    4.41436    0.00000    4.41436
 121.50000    4.42339    0.00000    4.42339
 122.00000    4.41786    0.00000    4.41786
 122.50000    4.42025    0.00000    4.42025
 123.00000    4.40902    0.00000    4.40902
 123.50000    4.40752    0.00000    4.40752
 124.00000    4.40374    0.00000    4.40374
 124.50000    4.40963    0.00000    4.40963
 125.00000    4.40938    0.00000    4.40938
 125.50000    4.40992    0.00000    4.40992
 126.00000    4.41545    0.00000    4.41545
 126.50000    4.41500    0.00000    4.41500
 127.00000    4.41741    0.00000    4.41741
 127.50000    4.41436    0.00000    4.41436
 128.00000    4.42045    0.00000    4.42045
 128.50000    4.40530    0.00000    4.40530
 129.00000    4.39841    0.00000    4.39841
 129.50000    4.40352    0.00000    4.40352
 130.00000    4.41550    0.00000    4.41550
 130.50000    4.40797    0.00000    4.40797
 131.00000    4.40273    0.00000    4.40273
 131.50000    4.40722    0.00000    4.40722
 132.00000    4.41067    0.00000    4.41067
 132.50000    4.41209    0.00000    4.41209
 133.00000    4.42096    0.00000    4.42096
 133.50000    4.42459    0.00000    4.42459
 134.00000    4.41939    0.00000    4.41939
 134.50000    4.40561    0.00000    4.40561
 135.00000    4.40997    0.00000    4.40997
 135.50000    4.41654    0.00000    4.41654
 136.00000    4.41690    0.00000    4.41690
 136.50000    4.40378    0.00000    4.40378
 137.00000    4.40738    0.00000    4.40738
 137.50000    4.41697    0.00000    4.41697
 138.00000    4.41867    0.00000    4.41867
 138.50000    4.41614    0.00000    4.41614
 139.00000    4.41895    0.00000    4.41895
 139.50000    4.41950    0.00000    4.41950
 140.00000    4.41090    0.00000    4.41090
 140.50000    4.41466    0.00000    4.41466
 141.00000    4.41359    0.00000    4.41359
 141.50000    4.41449    0.00000    4.41449
 142.00000    4.41270    0.00000    4.41270
 142.50000    4.42502    0.00000    4.42502
 143.00000    4.42155    0.00000    4.42155
 143.50000    4.41750    0.00000    4.41750
 144.00000    4.41579    0.00000    4.41579
 144.50000    4.41516    0.00000    4.41516
 145.00000    4.41050    0.00000    4.41050
 145.50000    4.40914    0.00000    4.40914
 146.00000    4.41770    0.00000    4.41770
 146.50000    4.42055    0.00000    4.42055
 147.00000    4.42825    0.00000    4.42825
 147.50000    4.44130    0.00000    4.44130
 148.00000    4.44617    0.00000    4.44617
 148.50000    4.42950    0.00000    4.42950
 149.00000    4.42555    0.00000    4.42555
 149.50000    4.43978    0.00000    4.43978
 150.00000    4.45222    0.00000    4.45222
