   0.00000    1.39840    0.00000    1.39840
   0.50000    2.31851    0.00000    2.31851
   1.00000    2.55571    0.00000    2.55571
   1.50000    2.63306    0.00000    2.63306
   2.00000    2.79715    0.00000    2.79715
   2.50000    3.00394    0.00000    3.00394
   3.00000    3.14423    0.00000    3.14423
   3.50000    3.25229    0.00000    3.25229
   4.00000    3.33344    0.00000    3.33344
   4.50000    3.39892    0.00000    3.39892
   5.00000    3.41058    0.00000    3.41058
   5.50000    3.41688    0.00000    3.41688
   6.00000    3.43034    0.00000    3.43034
   6.50000    3.46023    0.00000    3.46023
   7.00000    3.49273    0.00000    3.49273
   7.50000    3.52758    0.00000    3.52758
   8.00000    3.53364    0.00000    3.53364
   8.50000    3.52518    0.00000    3.52518
   9.00000    3.51718    0.00000    3.51718
   9.50000    3.53323    0.00000    3.53323
  10.00000    3.55416    0.00000    3.55416
  10.50000    3.57277    0.00000    3.57277
  11.00000    3.56696    0.00000    3.56696
  11.50000    3.56878    0.00000    3.56878
  12.00000    3.57283    0.00000    3.57283
  12.50000    3.58304    0.00000    3.58304
  13.00000    3.59537    0.00000    3.59537
  13.50000    3.60829    0.00000    3.60829
  14.00000    3.61087    0.00000    3.61087
  14.50000    3.60069    0.00000    3.60069
  15.00000    3.60121    0.00000    3.60121
  15.50000    3.61930    0.00000    3.61930
  16.00000    3.63746    0.00000    3.63746
  16.50000    3.63938    0.00000    3.63938
  17.00000    3.63814    0.00000    3.63814
  17.50000    3.64148    0.00000    3.64148
  18.00000    3.65473    0.00000    3.65473
  18.50000    3.65162    0.00000    3.65162
  19.00000    3.65934    0.00000    3.65934
  19.50000    3.66071    0.00000    3.66071
  20.00000    3.67593    0.00000    3.67593
  20.50000    3.66911    0.00000    3.66911
  21.00000    3.66454    0.00000    3.66454
  21.50000    3.66305    0.00000    3.66305
  22.00000    3.67781    0.00000    3.67781
  22.50000    3.67696    0.00000    3.67696
  23.00000    3.67936    0.00000    3.67936
  23.50000    3.67948    0.00000    3.67948
  24.00000    3.68703    0.00000    3.68703
  24.50000    3.67376    0.00000    3.67376
  25.00000    3.67095    0.00000    3.67095
  25.50000    3.67761    0.00000    3.67761
  26.00000    3.69846    0.00000    3.69846
  26.50000    3.70116    0.00000    3.70116
  27.00000    3.70263    0.00000    3.70263
  27.50000    3.70712    0.00000    3.70712
  28.00000    3.70876    0.00000    3.70876
  28.50000    3.70800    0.00000    3.70800
  29.00000    3.72404    0.00000    3.72404
  29.50000    3.73562    0.00000    3.73562
  30.00000    3.72932    0.00000    3.72932
  30.50000    3.72109    0.00000    3.72109
  31.00000    3.73905    0.00000    3.73905
  31.50000    3.75361    0.00000    3.75361
  32.00000    3.76264    0.00000    3.76264
  32.50000    3.75482    0.00000    3.75482
  33.00000    3.75965    0.00000    3.75965
  33.50000    3.75113    0.00000    3.75113
  34.00000    3.75071    0.00000    3.75071
  34.50000    3.74127    0.00000    3.74127
  35.00000    3.73655    0.00000    3.73655
  35.50000    3.70240    0.00000    3.70240
  36.00000    3.66307    0.00000    3.66307
  36.50000    3.62487    0.00000    3.62487
  37.00000    3.60860    0.00000    3.60860
  37.50000    3.59127    0.00000    3.59127
  38.00000    3.56949    0.00000    3.56949
  38.50000    3.57720    0.00000    3.57720
  39.00000    3.58854    0.00000    3.58854
  39.50000    3.59364    0.00000    3.59364
  40.00000    3.58507    0.00000    3.58507
  40.50000    3.61011    0.00000    3.61011
  41.00000    3.62456    0.00000    3.62456
  41.50000    3.64176    0.00000    3.64176
  42.00000    3.63984    0.00000    3.63984
  42.50000    3.63819    0.00000    3.63819
  43.00000    3.65182    0.00000    3.65182
  43.50000    3.68160    0.00000    3.68160
  44.00000    3.69289    0.00000    3.69289
  44.50000    3.68574    0.00000    3.68574
  45.00000    3.70648    0.00000    3.70648
  45.50000    3.75157    0.00000    3.75157
  46.00000    3.79438    0.00000    3.79438
  46.50000    3.81590    0.00000    3.81590
  47.00000    3.84552    0.00000    3.84552
  47.50000    3.88883    0.00000    3.88883
  48.00000    3.91498    0.00000    3.91498
  48.50000    3.95853    0.00000    3.95853
  49.00000    4.05888    0.00000    4.05888
  49.50000    4.17412    0.00000    4.17412
  50.00000    4.23627    0.00000    4.23627
  50.50000    4.25549    0.00000    4.25549
  51.00000    4.27942    0.00000    4.27942
  51.50000    4.31011    0.00000    4.31011
  52.00000    4.33631    0.00000    4.33631
  52.50000    4.35179    0.00000    4.35179
  53.00000    4.36356    0.00000    4.36356
  53.50000    4.37308    0.00000    4.37308
  54.00000    4.38564    0.00000    4.38564
  54.50000    4.41359    0.00000    4.41359
  55.00000    4.42757    0.00000    4.42757
  55.50000    4.44057    0.00000    4.44057
  56.00000    4.43871    0.00000    4.43871
  56.50000    4.45262    0.00000    4.45262
  57.00000    4.45543    0.00000    4.45543
  57.50000    4.46547    0.00000    4.46547
  58.00000    4.45406    0.00000    4.45406
  58.50000    4.45520    0.00000    4.45520
  59.00000    4.45228    0.00000    4.45228
  59.50000    4.46245    0.00000    4.46245
  60.00000    4.45842    0.00000    4.45842
  60.50000    4.46702    0.00000    4.46702
  61.00000    4.46057    0.00000    4.46057
  61.50000    4.46897    0.00000    4.46897
  62.00000    4.46921    0.00000    4.46921
  62.50000    4.47579    0.00000    4.47579
  63.00000    4.47261    0.00000    4.47261
  63.50000    4.48197    0.00000    4.48197
  64.00000    4.48895    0.00000    4.48895
  64.50000    4.48976    0.00000    4.48976
  65.00000    4.49322    0.00000    4.49322
  65.50000    4.49581    0.00000    4.49581
  66.00000    4.49283    0.00000    4.49283
  66.50000    4.49377    0.00000    4.49377
  67.00000    4.50411    0.00000    4.50411
  67.50000    4.50750    0.00000    4.50750
  68.00000    4.50048    0.00000    4.50048
  68.50000    4.50069    0.00000    4.50069
  69.00000    4.49718    0.00000    4.49718
  69.50000    4.50544    0.00000    4.50544
  70.00000    4.50326    0.00000    4.50326
  70.50000    4.51248    0.00000    4.51248
  71.00000    4.51861    0.00000    4.51861
  71.50000    4.52475    0.00000    4.52475
  72.00000    4.50683    0.00000    4.50683
  72.50000    4.49949    0.00000    4.49949
  73.00000    4.50606    0.00000    4.50606
  73.50000    4.50829    0.00000    4.50829
  74.00000    4.49939    0.00000    4.49939
  74.50000    4.50315    0.00000    4.50315
  75.00000    4.51616    0.00000    4.51616
  75.50000    4.52390    0.00000    4.52390
  76.00000    4.50947    0.00000    4.50947
  76.50000    4.50720    0.00000    4.50720
  77.00000    4.50309    0.00000    4.50309
  77.50000    4.51023    0.00000    4.51023
  78.00000    4.50042    0.00000    4.50042
  78.50000    4.50406    0.00000    4.50406
  79.00000    4.50043    0.00000    4.50043
  79.50000    4.50776    0.00000    4.50776
  80.00000    4.51306    0.00000    4.51306
  80.50000    4.51548    0.00000    4.51548
  81.00000    4.50413    0.00000    4.50413
  81.50000    4.49572    0.00000    4.49572
  82.00000    4.50362    0.00000    4.50362
  82.50000    4.50513    0.00000    4.50513
  83.00000    4.49008    0.00000    4.49008
  83.50000    4.47169    0.00000    4.47169
  84.00000    4.47531    0.00000    4.47531
  84.50000    4.48208    0.00000    4.48208
  85.00000    4.49085    0.00000    4.49085
  85.50000    4.49421    0.00000    4.49421
  86.00000    4.49736    0.00000    4.49736
  86.50000    4.48886    0.00000    4.48886
  87.00000    4.48300    0.00000    4.48300
  87.50000    4.47976    0.00000    4.47976
  88.00000    4.48333    0.00000    4.48333
  88.50000    4.48237    0.00000    4.48237
  89.00000    4.48010    0.00000    4.48010
  89.50000    4.47267    0.00000    4.47267
  90.00000    4.48195    0.00000    4.48195
  90.50000    4.47212    0.00000    4.47212
  91.00000    4.47452    0.00000    4.47452
  91.50000    4.46798    0.00000    4.46798
  92.00000    4.47164    0.00000    4.47164
  92.50000    4.46529    0.00000    4.46529
  93.00000    4.45766    0.00000    4.45766
  93.50000    4.45189    0.00000    4.45189
  94.00000    4.45292    0.00000    4.45292
  94.50000    4.46492    0.00000    4.46492
  95.00000    4.46152    0.00000    4.46152
  95.50000    4.45777    0.00000    4.45777
  96.00000    4.45799    0.00000    4.45799
  96.50000    4.45753    0.00000    4.45753
  97.00000    4.45098    0.00000    4.45098
  97.50000    4.43833    0.00000    4.43833
  98.00000    4.43549    0.00000    4.43549
  98.50000    4.43728    0.00000    4.43728
  99.00000    4.45115    0.00000    4.45115
  99.50000    4.43546    0.00000    4.43546
 100.00000    4.42710    0.00000    4.42710
 100.50000    4.42252    0.00000    4.42252
 101.00000    4.43917    0.00000    4.43917
 101.50000    4.43229    0.00000    4.43229
 102.00000    4.42710    0.00000    4.42710
 102.50000    4.42551    0.00000    4.42551
 103.00000    4.43531    0.00000    4.43531
 103.50000    4.43986    0.00000    4.43986
 104.00000    4.43349    0.00000    4.43349
 104.50000    4.42749    0.00000    4.42749
 105.00000    4.43081    0.00000    4.43081
 105.50000    4.44259    0.00000    4.44259
 106.00000    4.44629    0.00000    4.44629
 106.50000    4.44834    0.00000    4.44834
 107.00000    4.44640    0.00000    4.44640
 107.50000    4.44342    0.00000    4.44342
 108.00000    4.43040    0.00000    4.43040
 108.50000    4.43166    0.00000    4.43166
 109.00000    4.43973    0.00000    4.43973
 109.50000    4.42478    0.00000    4.42478
 110.00000    4.40970    0.00000    4.40970
 110.50000    4.41381    0.00000    4.41381
 111.00000    4.42998    0.00000    4.42998
 111.50000    4.42630    0.00000    4.42630
 112.00000    4.42699    0.00000    4.42699
 112.50000    4.42551    0.00000    4.42551
 113.00000    4.41911    0.00000    4.41911
 113.50000    4.41330    0.00000    4.41330
 114.00000    4.41563    0.00000    4.41563
 114.50000    4.42681    0.00000    4.42681
 115.00000    4.42931    0.00000    4.42931
 115.50000    4.42854    0.00000    4.42854
 116.00000    4.42016    0.00000    4.42016
 116.50000    4.41222    0.00000    4.41222
 117.00000    4.41039    0.00000    4.41039
 117.50000    4.42273    0.00000    4.42273
 118.00000    4.43967    0.00000    4.43967
 118.50000    4.43732    0.00000    4.43732
 119.00000    4.42886    0.00000    4.42886
 119.50000    4.42300    0.00000    4.42300
 120.00000    4.43145    0.00000    4.43145
 120.50000    4.43227    0.00000    4.43227
 121.00000    4.43953    0.00000    4.43953
 121.50000    4.43242    0.00000    4.43242
 122.00000    4.42863    0.00000    4.42863
 122.50000    4.42741    0.00000    4.42741
 123.00000    4.43793    0.00000    4.43793
 123.50000    4.43406    0.00000    4.43406
 124.00000    4.44032    0.00000    4.44032
 124.50000    4.45036    0.00000    4.45036
 125.00000    4.44739    0.00000    4.44739
 125.50000    4.44026    0.00000    4.44026
 126.00000    4.44123    0.00000    4.44123
 126.50000    4.44047    0.00000    4.44047
 127.00000    4.43206    0.00000    4.43206
 127.50000    4.42994    0.00000    4.42994
 128.00000    4.44915    0.00000    4.44915
 128.50000    4.45110    0.00000    4.45110
 129.00000    4.44672    0.00000    4.44672
 129.50000    4.43561    0.00000    4.43561
 130.00000    4.44738    0.00000    4.44738
 130.50000    4.44978    0.00000    4.44978
 131.00000    4.45736    0.00000    4.45736
 131.50000    4.45442    0.00000    4.45442
 132.00000    4.45203    0.00000    4.45203
 132.50000    4.45107    0.00000    4.45107
 133.00000    4.46105    0.00000    4.46105
 133.50000    4.45937    0.00000    4.45937
 134.00000    4.45700    0.00000    4.45700
 134.50000    4.45315    0.00000    4.45315
 135.00000    4.45424    0.00000    4.45424
 135.50000    4.45942    0.00000    4.45942
 136.00000    4.46933    0.00000    4.46933
 136.50000    4.46925    0.00000    4.46925
 137.00000    4.46804    0.00000    4.46804
 137.50000    4.45519    0.00000    4.45519
 138.00000    4.44921    0.00000    4.44921
 138.50000    4.45285    0.00000    4.45285
 139.00000    4.46613    0.00000    4.46613
 139.50000    4.45992    0.00000    4.45992
 140.00000    4.45596    0.00000    4.45596
 140.50000    4.46332    0.00000    4.46332
 141.00000    4.46981    0.00000    4.46981
 141.50000    4.47315    0.00000    4.47315
 142.00000    4.47781    0.00000    4.47781
 142.50000    4.48424    0.00000    4.48424
 143.00000    4.48567    0.00000    4.48567
 143.50000    4.49361    0.00000    4.49361
 144.00000    4.49267    0.00000    4.49267
 144.50000    4.49210    0.00000    4.49210
 145.00000    4.49516    0.00000    4.49516
 145.50000    4.50342    0.00000    4.50342
 146.00000    4.49518    0.00000    4.49518
 146.50000    4.49527    0.00000    4.49527
 147.00000    4.48679    0.00000    4.48679
 147.50000    4.49163    0.00000    4.49163
 148.00000    4.48967    0.00000    4.48967
 148.50000    4.49090    0.00000    4.49090
 149.00000    4.48362    0.00000    4.48362
 149.50000    4.49007    0.00000    4.49007
 150.00000    4.49070    0.00000    4.49070
