   0.00000    1.31003    0.00000    1.31003
   0.50000    1.65678    0.00000    1.65678
   1.00000    2.11345    0.00000    2.11345
   1.50000    2.67455    0.00000    2.67455
   2.00000    3.15362    0.00000    3.15362
   2.50000    3.33692    0.00000    3.33692
   3.00000    3.35604    0.00000    3.35604
   3.50000    3.39103    0.00000    3.39103
   4.00000    3.45347    0.00000    3.45347
   4.50000    3.49661    0.00000    3.49661
   5.00000    3.53050    0.00000    3.53050
   5.50000    3.55247    0.00000    3.55247
   6.00000    3.57323    0.00000    3.57323
   6.50000    3.59767    0.00000    3.59767
   7.00000    3.61122    0.00000    3.61122
   7.50000    3.61654    0.00000    3.61654
   8.00000    3.62120    0.00000    3.62120
   8.50000    3.62866    0.00000    3.62866
   9.00000    3.64246    0.00000    3.64246
   9.50000    3.64673    0.00000    3.64673
  10.00000    3.65041    0.00000    3.65041
  10.50000    3.64761    0.00000    3.64761
  11.00000    3.66032    0.00000    3.66032
  11.50000    3.66922    0.00000    3.66922
  12.00000    3.67459    0.00000    3.67459
  12.50000    3.67141    0.00000    3.67141
  13.00000    3.66986    0.00000    3.66986
  13.50000    3.67555    0.00000    3.67555
  14.00000    3.67975    0.00000    3.67975
  14.50000    3.68171    0.00000    3.68171
  15.00000    3.68000    0.00000    3.68000
  15.50000    3.68576    0.00000    3.68576
  16.00000    3.69376    0.00000    3.69376
  16.50000    3.70252    0.00000    3.70252
  17.00000    3.70145    0.00000    3.70145
  17.50000    3.70212    0.00000    3.70212
  18.00000    3.70343    0.00000    3.70343
  18.50000    3.70883    0.00000    3.70883
  19.00000    3.71162    0.00000    3.71162
  19.50000    3.71122    0.00000    3.71122
  20.00000    3.71922    0.00000    3.71922
  20.50000    3.72963    0.00000    3.72963
  21.00000    3.72955    0.00000    3.72955
  21.50000    3.72548    0.00000    3.72548
  22.00000    3.73002    0.00000    3.73002
  22.50000    3.73881    0.00000    3.73881
  23.00000    3.74015    0.00000    3.74015
  23.50000    3.74633    0.00000    3.74633
  24.00000    3.75110    0.00000    3.75110
  24.50000    3.74871    0.00000    3.74871
  25.00000    3.74126    0.00000    3.74126
  25.50000    3.72940    0.00000    3.72940
  26.00000    3.72440    0.00000    3.72440
  26.50000    3.72582    0.00000    3.72582
  27.00000    3.72621    0.00000    3.72621
  27.50000    3.72506    0.00000    3.72506
  28.00000    3.72315    0.00000    3.72315
  28.50000    3.72268    0.00000    3.72268
  29.00000    3.70455    0.00000    3.70455
  29.50000    3.68277    0.00000    3.68277
  30.00000    3.66996    0.00000    3.66996
  30.50000    3.67424    0.00000    3.67424
  31.00000    3.66218    0.00000    3.66218
  31.50000    3.65404    0.00000    3.65404
  32.00000    3.65090    0.00000    3.65090
  32.50000    3.64832    0.00000    3.64832
  33.00000    3.64608    0.00000    3.64608
  33.50000    3.65854    0.00000    3.65854
  34.00000    3.69367    0.00000    3.69367
  34.50000    3.73249    0.00000    3.73249
  35.00000    3.77115    0.00000    3.77115
  35.50000    3.82146    0.00000    3.82146
  36.00000    3.88891    0.00000    3.88891
  36.50000    3.94242    0.00000    3.94242
  37.00000    3.96655    0.00000    3.96655
  37.50000    3.98682    0.00000    3.98682
  38.00000    4.00757    0.00000    4.00757
  38.50000    4.03170    0.00000    4.03170
  39.00000    4.06439    0.00000    4.06439
  39.50000    4.09999    0.00000    4.09999
  40.00000    4.11852    0.00000    4.11852
  40.50000    4.14460    0.00000    4.14460
  41.00000    4.18182    0.00000    4.18182
  41.50000    4.22015    0.00000    4.22015
  42.00000    4.24369    0.00000    4.24369
  42.50000    4.28822    0.00000    4.28822
  43.00000    4.34918    0.00000    4.34918
  43.50000    4.40981    0.00000    4.40981
  44.00000    4.45883    0.00000    4.45883
  44.50000    4.51337    0.00000    4.51337
  45.00000    4.54556    0.00000    4.54556
  45.50000    4.58815    0.00000    4.58815
  46.00000    4.63949    0.00000    4.63949
  46.50000    4.69549    0.00000    4.69549
  47.00000    4.72318    0.00000    4.72318
  47.50000    4.75077    0.00000    4.75077
  48.00000    4.77112    0.00000    4.77112
  48.50000    4.77229    0.00000    4.77229
  49.00000    4.75858    0.00000    4.75858
  49.50000    4.74863    0.00000    4.74863
  50.00000    4.74062    0.00000    4.74062
  50.50000    4.73748    0.00000    4.73748
  51.00000    4.73339    0.00000    4.73339
  51.50000    4.72416    0.00000    4.72416
  52.00000    4.70516    0.00000    4.70516
  52.50000    4.69208    0.00000    4.69208
  53.00000    4.68487    0.00000    4.68487
  53.50000    4.68330    0.00000    4.68330
  54.00000    4.68484    0.00000    4.68484
  54.50000    4.67923    0.00000    4.67923
  55.00000    4.67741    0.00000    4.67741
  55.50000    4.66926    0.00000    4.66926
  56.00000    4.66111    0.00000    4.66111
  56.50000    4.65386    0.00000    4.65386
  57.00000    4.65809    0.00000    4.65809
  57.50000    4.65728    0.00000    4.65728
  58.00000    4.65012    0.00000    4.65012
  58.50000    4.64571    0.00000    4.64571
  59.00000    4.64619    0.00000    4.64619
  59.50000    4.64919    0.00000    4.64919
  60.00000    4.64622    0.00000    4.64622
  60.50000    4.64876    0.00000    4.64876
  61.00000    4.64233    0.00000    4.64233
  61.50000    4.63559    0.00000    4.63559
  62.00000    4.63412    0.00000    4.63412
  62.50000    4.64171    0.00000    4.64171
  63.00000    4.64194    0.00000    4.64194
  63.50000    4.63578    0.00000    4.63578
  64.00000    4.62787    0.00000    4.62787
  64.50000    4.62272    0.00000    4.62272
  65.00000    4.62168    0.00000    4.62168
  65.50000    4.61990    0.00000    4.61990
  66.00000    4.61154    0.00000    4.61154
  66.50000    4.60683    0.00000    4.60683
  67.00000    4.60727    0.00000    4.60727
  67.50000    4.60768    0.00000    4.60768
  68.00000    4.60948    0.00000    4.60948
  68.50000    4.60710    0.00000    4.60710
  69.00000    4.60949    0.00000    4.60949
  69.50000    4.60480    0.00000    4.60480
  70.00000    4.60461    0.00000    4.60461
  70.50000    4.59880    0.00000    4.59880
  71.00000    4.60520    0.00000    4.60520
  71.50000    4.60825    0.00000    4.60825
  72.00000    4.61240    0.00000    4.61240
  72.50000    4.60756    0.00000    4.60756
  73.00000    4.60126    0.00000    4.60126
  73.50000    4.59663    0.00000    4.59663
  74.00000    4.58848    0.00000    4.58848
  74.50000    4.58840    0.00000    4.58840
  75.00000    4.58553    0.00000    4.58553
  75.50000    4.59183    0.00000    4.59183
  76.00000    4.58952    0.00000    4.58952
  76.50000    4.58721    0.00000    4.58721
  77.00000    4.58272    0.00000    4.58272
  77.50000    4.58641    0.00000    4.58641
  78.00000    4.58767    0.00000    4.58767
  78.50000    4.58548    0.00000    4.58548
  79.00000    4.58481    0.00000    4.58481
  79.50000    4.58392    0.00000    4.58392
  80.00000    4.57421    0.00000    4.57421
  80.50000    4.56786    0.00000    4.56786
  81.00000    4.56771    0.00000    4.56771
  81.50000    4.57340    0.00000    4.57340
  82.00000    4.57486    0.00000    4.57486
  82.50000    4.57599    0.00000    4.57599
  83.00000    4.57995    0.00000    4.57995
  83.50000    4.57581    0.00000    4.57581
  84.00000    4.57485    0.00000    4.57485
  84.50000    4.57418    0.00000    4.57418
  85.00000    4.57418    0.00000    4.57418
  85.50000    4.56475    0.00000    4.56475
  86.00000    4.56466    0.00000    4.56466
  86.50000    4.57107    0.00000    4.57107
  87.00000    4.57117    0.00000    4.57117
  87.50000    4.57122    0.00000    4.57122
  88.00000    4.57787    0.00000    4.57787
  88.50000    4.58157    0.00000    4.58157
  89.00000    4.58180    0.00000    4.58180
  89.50000    4.57114    0.00000    4.57114
  90.00000    4.57697    0.00000    4.57697
  90.50000    4.56688    0.00000    4.56688
  91.00000    4.56235    0.00000    4.56235
  91.50000    4.55213    0.00000    4.55213
  92.00000    4.56268    0.00000    4.56268
  92.50000    4.56429    0.00000    4.56429
  93.00000    4.56612    0.00000    4.56612
  93.50000    4.56407    0.00000    4.56407
  94.00000    4.56711    0.00000    4.56711
  94.50000    4.57109    0.00000    4.57109
  95.00000    4.56936    0.00000    4.56936
  95.50000    4.55994    0.00000    4.55994
  96.00000    4.55595    0.00000    4.55595
  96.50000    4.55246    0.00000    4.55246
  97.00000    4.55854    0.00000    4.55854
  97.50000    4.56459    0.00000    4.56459
  98.00000    4.57290    0.00000    4.57290
  98.50000    4.57622    0.00000    4.57622
  99.00000    4.57264    0.00000    4.57264
  99.50000    4.56873    0.00000    4.56873
 100.00000    4.56304    0.00000    4.56304
 100.50000    4.56615    0.00000    4.56615
 101.00000    4.56903    0.00000    4.56903
 101.50000    4.57704    0.00000    4.57704
 102.00000    4.58329    0.00000    4.58329
 102.50000    4.57307    0.00000    4.57307
 103.00000    4.56561    0.00000    4.56561
 103.50000    4.56333    0.00000    4.56333
 104.00000    4.57234    0.00000    4.57234
 104.50000    4.57170    0.00000    4.57170
 105.00000    4.57314    0.00000    4.57314
 105.50000    4.57494    0.00000    4.57494
 106.00000    4.56997    0.00000    4.56997
 106.50000    4.56995    0.00000    4.56995
 107.00000    4.57608    0.00000    4.57608
 107.50000    4.57204    0.00000    4.57204
 108.00000    4.56664    0.00000    4.56664
 108.50000    4.56544    0.00000    4.56544
 109.00000    4.56911    0.00000    4.56911
 109.50000    4.56576    0.00000    4.56576
 110.00000    4.57143    0.00000    4.57143
 110.50000    4.57836    0.00000    4.57836
 111.00000    4.58039    0.00000    4.58039
 111.50000    4.57583    0.00000    4.57583
 112.00000    4.57223    0.00000    4.57223
 112.50000    4.57598    0.00000    4.57598
 113.00000    4.58423    0.00000    4.58423
 113.50000    4.58162    0.00000    4.58162
 114.00000    4.58111    0.00000    4.58111
 114.50000    4.58344    0.00000    4.58344
 115.00000    4.58418    0.00000    4.58418
 115.50000    4.58204    0.00000    4.58204
 116.00000    4.58351    0.00000    4.58351
 116.50000    4.58593    0.00000    4.58593
 117.00000    4.58115    0.00000    4.58115
 117.50000    4.58113    0.00000    4.58113
 118.00000    4.58457    0.00000    4.58457
 118.50000    4.59513    0.00000    4.59513
 119.00000    4.59545    0.00000    4.59545
 119.50000    4.59157    0.00000    4.59157
 120.00000    4.57877    0.00000    4.57877
 120.50000    4.58501    0.00000    4.58501
 121.00000    4.58781    0.00000    4.58781
 121.50000    4.59214    0.00000    4.59214
 122.00000    4.58609    0.00000    4.58609
 122.50000    4.58691    0.00000    4.58691
 123.00000    4.59526    0.00000    4.59526
 123.50000    4.59864    0.00000    4.59864
 124.00000    4.59653    0.00000    4.59653
 124.50000    4.59133    0.00000    4.59133
 125.00000    4.59548    0.00000    4.59548
 125.50000    4.59400    0.00000    4.59400
 126.00000    4.59149    0.00000    4.59149
 126.50000    4.59505    0.00000    4.59505
 127.00000    4.59843    0.00000    4.59843
 127.50000    4.59420    0.00000    4.59420
 128.00000    4.58897    0.00000    4.58897
 128.50000    4.59408    0.00000    4.59408
 129.00000    4.59895    0.00000    4.59895
 129.50000    4.60436    0.00000    4.60436
 130.00000    4.60362    0.00000    4.60362
 130.50000    4.60093    0.00000    4.60093
 131.00000    4.59884    0.00000    4.59884
 131.50000    4.60469    0.00000    4.60469
 132.00000    4.60854    0.00000    4.60854
 132.50000    4.60773    0.00000    4.60773
 133.00000    4.61151    0.00000    4.61151
 133.50000    4.60946    0.00000    4.60946
 134.00000    4.61020    0.00000    4.61020
 134.50000    4.61196    0.00000    4.61196
 135.00000    4.61859    0.00000    4.61859
 135.50000    4.61651    0.00000    4.61651
 136.00000    4.61482    0.00000    4.61482
 136.50000    4.61368    0.00000    4.61368
 137.00000    4.60916    0.00000    4.60916
 137.50000    4.61004    0.00000    4.61004
 138.00000    4.61460    0.00000    4.61460
 138.50000    4.62030    0.00000    4.62030
 139.00000    4.61371    0.00000    4.61371
 139.50000    4.61268    0.00000    4.61268
 140.00000    4.61453    0.00000    4.61453
 140.50000    4.61831    0.00000    4.61831
 141.00000    4.62498    0.00000    4.62498
 141.50000    4.63042    0.00000    4.63042
 142.00000    4.62547    0.00000    4.62547
 142.50000    4.62060    0.00000    4.62060
 143.00000    4.62339    0.00000    4.62339
 143.50000    4.62691    0.00000    4.62691
 144.00000    4.62627    0.00000    4.62627
 144.50000    4.62462    0.00000    4.62462
 145.00000    4.61665    0.00000    4.61665
 145.50000    4.61212    0.00000    4.61212
 146.00000    4.61196    0.00000    4.61196
 146.50000    4.61697    0.00000    4.61697
 147.00000    4.62164    0.00000    4.62164
 147.50000    4.62778    0.00000    4.62778
 148.00000    4.63018    0.00000    4.63018
 148.50000    4.63130    0.00000    4.63130
 149.00000    4.63535    0.00000    4.63535
 149.50000    4.63622    0.00000    4.63622
 150.00000    4.62650    0.00000    4.62650
