   0.00000    0.88150    0.00000    0.88150
   0.50000    1.74503    0.00000    1.74503
   1.00000    2.17829    0.00000    2.17829
   1.50000    2.35702    0.00000    2.35702
   2.00000    2.50008    0.00000    2.50008
   2.50000    2.85103    0.00000    2.85103
   3.00000    3.17416    0.00000    3.17416
   3.50000    3.30957    0.00000    3.30957
   4.00000    3.32638    0.00000    3.32638
   4.50000    3.35704    0.00000    3.35704
   5.00000    3.43832    0.00000    3.43832
   5.50000    3.47693    0.00000    3.47693
   6.00000    3.51086    0.00000    3.51086
   6.50000    3.50816    0.00000    3.50816
   7.00000    3.54136    0.00000    3.54136
   7.50000    3.55881    0.00000    3.55881
   8.00000    3.55496    0.00000    3.55496
   8.50000    3.57111    0.00000    3.57111
   9.00000    3.59228    0.00000    3.59228
   9.50000    3.65497    0.00000    3.65497
  10.00000    3.63488    0.00000    3.63488
  10.50000    3.63788    0.00000    3.63788
  11.00000    3.66362    0.00000    3.66362
  11.50000    3.72018    0.00000    3.72018
  12.00000    3.72773    0.00000    3.72773
  12.50000    3.70976    0.00000    3.70976
  13.00000    3.70237    0.00000    3.70237
  13.50000    3.71072    0.00000    3.71072
  14.00000    3.74641    0.00000    3.74641
  14.50000    3.75905    0.00000    3.75905
  15.00000    3.73678    0.00000    3.73678
  15.50000    3.74948    0.00000    3.74948
  16.00000    3.79419    0.00000    3.79419
  16.50000    3.82959    0.00000    3.82959
  17.00000    3.86343    0.00000    3.86343
  17.50000    3.92478    0.00000    3.92478
  18.00000    3.97597    0.00000    3.97597
  18.50000    3.99884    0.00000    3.99884
  19.00000    3.99439    0.00000    3.99439
  19.50000    3.99221    0.00000    3.99221
  20.00000    3.99391    0.00000    3.99391
  20.50000    3.98336    0.00000    3.98336
  21.00000    4.00273    0.00000    4.00273
  21.50000    4.01422    0.00000    4.01422
  22.00000    4.04285    0.00000    4.04285
  22.50000    4.05339    0.00000    4.05339
  23.00000    4.06893    0.00000    4.06893
  23.50000    4.10146    0.00000    4.10146
  24.00000    4.23733    0.00000    4.23733
  24.50000    4.30482    0.00000    4.30482
  25.00000    4.29480    0.00000    4.29480
  25.50000    4.27945    0.00000    4.27945
  26.00000    4.32215    0.00000    4.32215
  26.50000    4.29632    0.00000    4.29632
  27.00000    4.31283    0.00000    4.31283
  27.50000    4.36900    0.00000    4.36900
  28.00000    4.40147    0.00000    4.40147
  28.50000    4.36459    0.00000    4.36459
  29.00000    4.33555    0.00000    4.33555
  29.50000    4.34188    0.00000    4.34188
  30.00000    4.40450    0.00000    4.40450
  30.50000    4.38698    0.00000    4.38698
  31.00000    4.35704    0.00000    4.35704
  31.50000    4.33513    0.00000    4.33513
  32.00000    4.38514    0.00000    4.38514
  32.50000    4.41890    0.00000    4.41890
  33.00000    4.40626    0.00000    4.40626
  33.50000    4.40612    0.00000    4.40612
  34.00000    4.40344    0.00000    4.40344
  34.50000    4.41877    0.00000    4.41877
  35.00000    4.39702    0.00000    4.39702
  35.50000    4.39236    0.00000    4.39236
  36.00000    4.36691    0.00000    4.36691
  36.50000    4.36388    0.00000    4.36388
  37.00000    4.40534    0.00000    4.40534
  37.50000    4.38566    0.00000    4.38566
  38.00000    4.34532    0.00000    4.34532
  38.50000    4.33801    0.00000    4.33801
  39.00000    4.36923    0.00000    4.36923
  39.50000    4.36951    0.00000    4.36951
  40.00000    4.35297    0.00000    4.35297
  40.50000    4.37601    0.00000    4.37601
  41.00000    4.39715    0.00000    4.39715
  41.50000    4.40686    0.00000    4.40686
  42.00000    4.40051    0.00000    4.40051
  42.50000    4.37493    0.00000    4.37493
  43.00000    4.38520    0.00000    4.38520
  43.50000    4.36977    0.00000    4.36977
  44.00000    4.37752    0.00000    4.37752
  44.50000    4.36602    0.00000    4.36602
  45.00000    4.36227    0.00000    4.36227
  45.50000    4.33758    0.00000    4.33758
  46.00000    4.32513    0.00000    4.32513
  46.50000    4.39655    0.00000    4.39655
  47.00000    4.45120    0.00000    4.45120
  47.50000    4.48152    0.00000    4.48152
  48.00000    4.47620    0.00000    4.47620
  48.50000    4.49122    0.00000    4.49122
  49.00000    4.50726    0.00000    4.50726
  49.50000    4.51005    0.00000    4.51005
  50.00000    4.52490    0.00000    4.52490
  50.50000    4.51496    0.00000    4.51496
  51.00000    4.53405    0.00000    4.53405
  51.50000    4.54108    0.00000    4.54108
  52.00000    4.56148    0.00000    4.56148
  52.50000    4.55737    0.00000    4.55737
  53.00000    4.53287    0.00000    4.53287
  53.50000    4.50755    0.00000    4.50755
  54.00000    4.49317    0.00000    4.49317
  54.50000    4.52645    0.00000    4.52645
  55.00000    4.51544    0.00000    4.51544
  55.50000    4.51486    0.00000    4.51486
  56.00000    4.49711    0.00000    4.49711
  56.50000    4.50867    0.00000    4.50867
  57.00000    4.52641    0.00000    4.52641
  57.50000    4.53845    0.00000    4.53845
  58.00000    4.53498    0.00000    4.53498
  58.50000    4.50603    0.00000    4.50603
  59.00000    4.48314    0.00000    4.48314
  59.50000    4.45831    0.00000    4.45831
  60.00000    4.43529    0.00000    4.43529
  60.50000    4.46435    0.00000    4.46435
  61.00000    4.49413    0.00000    4.49413
  61.50000    4.49873    0.00000    4.49873
  62.00000    4.48989    0.00000    4.48989
  62.50000    4.47107    0.00000    4.47107
  63.00000    4.46604    0.00000    4.46604
  63.50000    4.41272    0.00000    4.41272
  64.00000    4.42080    0.00000    4.42080
  64.50000    4.41743    0.00000    4.41743
  65.00000    4.45643    0.00000    4.45643
  65.50000    4.45967    0.00000    4.45967
  66.00000    4.45311    0.00000    4.45311
  66.50000    4.41263    0.00000    4.41263
  67.00000    4.39728    0.00000    4.39728
  67.50000    4.39736    0.00000    4.39736
  68.00000    4.41806    0.00000    4.41806
  68.50000    4.43008    0.00000    4.43008
  69.00000    4.40550    0.00000    4.40550
  69.50000    4.38960    0.00000    4.38960
  70.00000    4.39329    0.00000    4.39329
  70.50000    4.42252    0.00000    4.42252
  71.00000    4.39073    0.00000    4.39073
  71.50000    4.37699    0.00000    4.37699
  72.00000    4.36388    0.00000    4.36388
  72.50000    4.37508    0.00000    4.37508
  73.00000    4.36524    0.00000    4.36524
  73.50000    4.38191    0.00000    4.38191
  74.00000    4.36303    0.00000    4.36303
  74.50000    4.37524    0.00000    4.37524
  75.00000    4.34812    0.00000    4.34812
  75.50000    4.37345    0.00000    4.37345
  76.00000    4.37727    0.00000    4.37727
  76.50000    4.37593    0.00000    4.37593
  77.00000    4.31579    0.00000    4.31579
  77.50000    4.30315    0.00000    4.30315
  78.00000    4.34096    0.00000    4.34096
  78.50000    4.36025    0.00000    4.36025
  79.00000    4.34580    0.00000    4.34580
  79.50000    4.32238    0.00000    4.32238
  80.00000    4.31899    0.00000    4.31899
  80.50000    4.32234    0.00000    4.32234
  81.00000    4.34364    0.00000    4.34364
  81.50000    4.30207    0.00000    4.30207
  82.00000    4.27994    0.00000    4.27994
  82.50000    4.24811    0.00000    4.24811
  83.00000    4.29812    0.00000    4.29812
  83.50000    4.30242    0.00000    4.30242
  84.00000    4.30022    0.00000    4.30022
  84.50000    4.25836    0.00000    4.25836
  85.00000    4.26293    0.00000    4.26293
  85.50000    4.27808    0.00000    4.27808
  86.00000    4.27973    0.00000    4.27973
  86.50000    4.26671    0.00000    4.26671
  87.00000    4.29250    0.00000    4.29250
  87.50000    4.27988    0.00000    4.27988
  88.00000    4.27202    0.00000    4.27202
  88.50000    4.27578    0.00000    4.27578
  89.00000    4.30273    0.00000    4.30273
  89.50000    4.25767    0.00000    4.25767
  90.00000    4.20494    0.00000    4.20494
  90.50000    4.22549    0.00000    4.22549
  91.00000    4.26761    0.00000    4.26761
  91.50000    4.29991    0.00000    4.29991
  92.00000    4.26726    0.00000    4.26726
  92.50000    4.23340    0.00000    4.23340
  93.00000    4.25463    0.00000    4.25463
  93.50000    4.25520    0.00000    4.25520
  94.00000    4.25753    0.00000    4.25753
  94.50000    4.22019    0.00000    4.22019
  95.00000    4.24088    0.00000    4.24088
  95.50000    4.22431    0.00000    4.22431
  96.00000    4.25763    0.00000    4.25763
  96.50000    4.24058    0.00000    4.24058
  97.00000    4.23924    0.00000    4.23924
  97.50000    4.24073    0.00000    4.24073
  98.00000    4.26867    0.00000    4.26867
  98.50000    4.21112    0.00000    4.21112
  99.00000    4.17684    0.00000    4.17684
  99.50000    4.18929    0.00000    4.18929
 100.00000    4.20782    0.00000    4.20782
 100.50000    4.18980    0.00000    4.18980
 101.00000    4.18195    0.00000    4.18195
 101.50000    4.22154    0.00000    4.22154
 102.00000    4.22643    0.00000    4.22643
 102.50000    4.22278    0.00000    4.22278
 103.00000    4.19880    0.00000    4.19880
 103.50000    4.21559    0.00000    4.21559
 104.00000    4.21927    0.00000    4.21927
 104.50000    4.20466    0.00000    4.20466
 105.00000    4.18128    0.00000    4.18128
 105.50000    4.17649    0.00000    4.17649
 106.00000    4.17880    0.00000    4.17880
 106.50000    4.17708    0.00000    4.17708
 107.00000    4.17960    0.00000    4.17960
 107.50000    4.17198    0.00000    4.17198
 108.00000    4.17603    0.00000    4.17603
 108.50000    4.14693    0.00000    4.14693
 109.00000    4.13322    0.00000    4.13322
 109.50000    4.13790    0.00000    4.13790
 110.00000    4.17292    0.00000    4.17292
 110.50000    4.16775    0.00000    4.16775
 111.00000    4.15171    0.00000    4.15171
 111.50000    4.13202    0.00000    4.13202
 112.00000    4.13549    0.00000    4.13549
 112.50000    4.15721    0.00000    4.15721
 113.00000    4.16829    0.00000    4.16829
 113.50000    4.15050    0.00000    4.15050
 114.00000    4.15709    0.00000    4.15709
 114.50000    4.15463    0.00000    4.15463
 115.00000    4.13581    0.00000    4.13581
 115.50000    4.11543    0.00000    4.11543
 116.00000    4.15274    0.00000    4.15274
 116.50000    4.14019    0.00000    4.14019
 117.00000    4.11695    0.00000    4.11695
 117.50000    4.09802    0.00000    4.09802
 118.00000    4.13396    0.00000    4.13396
 118.50000    4.13220    0.00000    4.13220
 119.00000    4.11387    0.00000    4.11387
 119.50000    4.12448    0.00000    4.12448
 120.00000    4.14785    0.00000    4.14785
 120.50000    4.15451    0.00000    4.15451
 121.00000    4.13833    0.00000    4.13833
 121.50000    4.13860    0.00000    4.13860
 122.00000    4.14334    0.00000    4.14334
 122.50000    4.13471    0.00000    4.13471
 123.00000    4.15140    0.00000    4.15140
 123.50000    4.11650    0.00000    4.11650
 124.00000    4.08951    0.00000    4.08951
 124.50000    4.05168    0.00000    4.05168
 125.00000    4.05078    0.00000    4.05078
 125.50000    4.05789    0.00000    4.05789
 126.00000    4.09731    0.00000    4.09731
 126.50000    4.13900    0.00000    4.13900
 127.00000    4.12989    0.00000    4.12989
 127.50000    4.12621    0.00000    4.12621
 128.00000    4.09302    0.00000    4.09302
 128.50000    4.06494    0.00000    4.06494
 129.00000    4.09254    0.00000    4.09254
 129.50000    4.12468    0.00000    4.12468
 130.00000    4.12210    0.00000    4.12210
 130.50000    4.09270    0.00000    4.09270
 131.00000    4.10813    0.00000    4.10813
 131.50000    4.07189    0.00000    4.07189
 132.00000    4.08401    0.00000    4.08401
 132.50000    4.11605    0.00000    4.11605
 133.00000    4.16411    0.00000    4.16411
 133.50000    4.12025    0.00000    4.12025
 134.00000    4.10494    0.00000    4.10494
 134.50000    4.08639    0.00000    4.08639
 135.00000    4.07392    0.00000    4.07392
 135.50000    4.06383    0.00000    4.06383
 136.00000    4.07319    0.00000    4.07319
 136.50000    4.09523    0.00000    4.09523
 137.00000    4.08552    0.00000    4.08552
 137.50000    4.08833    0.00000    4.08833
 138.00000    4.06532    0.00000    4.06532
 138.50000    4.05265    0.00000    4.05265
 139.00000    4.05618    0.00000    4.05618
 139.50000    4.08335    0.00000    4.08335
 140.00000    4.10749    0.00000    4.10749
 140.50000    4.10212    0.00000    4.10212
 141.00000    4.10787    0.00000    4.10787
 141.50000    4.12335    0.00000    4.12335
 142.00000    4.10403    0.00000    4.10403
 142.50000    4.04254    0.00000    4.04254
 143.00000    4.03748    0.00000    4.03748
 143.50000    4.08646    0.00000    4.08646
 144.00000    4.12305    0.00000    4.12305
 144.50000    4.11117    0.00000    4.11117
 145.00000    4.09902    0.00000    4.09902
 145.50000    4.08920    0.00000    4.08920
 146.00000    4.11323    0.00000    4.11323
 146.50000    4.12954    0.00000    4.12954
 147.00000    4.14126    0.00000    4.14126
 147.50000    4.13198    0.00000    4.13198
 148.00000    4.10800    0.00000    4.10800
 148.50000    4.08615    0.00000    4.08615
 149.00000    4.08869    0.00000    4.08869
 149.50000    4.11932    0.00000    4.11932
 150.00000    4.09690    0.00000    4.09690
