   0.00000    1.48749    0.00000    1.48749
   0.50000    1.66284    0.00000    1.66284
   1.00000    2.14409    0.00000    2.14409
   1.50000    2.55021    0.00000    2.55021
   2.00000    2.71641    0.00000    2.71641
   2.50000    2.80511    0.00000    2.80511
   3.00000    2.90575    0.00000    2.90575
   3.50000    3.00482    0.00000    3.00482
   4.00000    3.07715    0.00000    3.07715
   4.50000    3.13126    0.00000    3.13126
   5.00000    3.17991    0.00000    3.17991
   5.50000    3.22138    0.00000    3.22138
   6.00000    3.24443    0.00000    3.24443
   6.50000    3.27696    0.00000    3.27696
   7.00000    3.29872    0.00000    3.29872
   7.50000    3.31764    0.00000    3.31764
   8.00000    3.32466    0.00000    3.32466
   8.50000    3.33927    0.00000    3.33927
   9.00000    3.35945    0.00000    3.35945
   9.50000    3.38021    0.00000    3.38021
  10.00000    3.39648    0.00000    3.39648
  10.50000    3.41496    0.00000    3.41496
  11.00000    3.43466    0.00000    3.43466
  11.50000    3.45179    0.00000    3.45179
  12.00000    3.46490    0.00000    3.46490
  12.50000    3.47504    0.00000    3.47504
  13.00000    3.48905    0.00000    3.48905
  13.50000    3.51637    0.00000    3.51637
  14.00000    3.53185    0.00000    3.53185
  14.50000    3.52771    0.00000    3.52771
  15.00000    3.52715    0.00000    3.52715
  15.50000    3.54753    0.00000    3.54753
  16.00000    3.57017    0.00000    3.57017
  16.50000    3.58466    0.00000    3.58466
  17.00000    3.58976    0.00000    3.58976
  17.50000    3.59731    0.00000    3.59731
  18.00000    3.61189    0.00000    3.61189
  18.50000    3.62576    0.00000    3.62576
  19.00000    3.64629    0.00000    3.64629
  19.50000    3.65782    0.00000    3.65782
  20.00000    3.66364    0.00000    3.66364
  20.50000    3.66311    0.00000    3.66311
  21.00000    3.67576    0.00000    3.67576
  21.50000    3.69380    0.00000    3.69380
  22.00000    3.71122    0.00000    3.71122
  22.50000    3.72318    0.00000    3.72318
  23.00000    3.72018    0.00000    3.72018
  23.50000    3.73619    0.00000    3.73619
  24.00000    3.75201    0.00000    3.75201
  24.50000    3.78965    0.00000    3.78965
  25.00000    3.81268    0.00000    3.81268
  25.50000    3.85499    0.00000    3.85499
  26.00000    3.88167    0.00000    3.88167
  26.50000    3.93468    0.00000    3.93468
  27.00000    3.98659    0.00000    3.98659
  27.50000    4.05125    0.00000    4.05125
  28.00000    4.10301    0.00000    4.10301
  28.50000    4.15907    0.00000    4.15907
  29.00000    4.22359    0.00000    4.22359
  29.50000    4.27742    0.00000    4.27742
  30.00000    4.28522    0.00000    4.28522
  30.50000    4.29139    0.00000    4.29139
  31.00000    4.30661    0.00000    4.30661
  31.50000    4.32691    0.00000    4.32691
  32.00000    4.31928    0.00000    4.31928
  32.50000    4.32275    0.00000    4.32275
  33.00000    4.31372    0.00000    4.31372
  33.50000    4.28678    0.00000    4.28678
  34.00000    4.26753    0.00000    4.26753
  34.50000    4.28121    0.00000    4.28121
  35.00000    4.28266    0.00000    4.28266
  35.50000    4.28420    0.00000    4.28420
  36.00000    4.29344    0.00000    4.29344
  36.50000    4.30992    0.00000    4.30992
  37.00000    4.29177    0.00000    4.29177
  37.50000    4.29838    0.00000    4.29838
  38.00000    4.31613    0.00000    4.31613
  38.50000    4.34036    0.00000    4.34036
  39.00000    4.35466    0.00000    4.35466
  39.50000    4.36890    0.00000    4.36890
  40.00000    4.37882    0.00000    4.37882
  40.50000    4.37428    0.00000    4.37428
  41.00000    4.38437    0.00000    4.38437
  41.50000    4.38864    0.00000    4.38864
  42.00000    4.40032    0.00000    4.40032
  42.50000    4.39189    0.00000    4.39189
  43.00000    4.39923    0.00000    4.39923
  43.50000    4.39672    0.00000    4.39672
  44.00000    4.39105    0.00000    4.39105
  44.50000    4.39236    0.00000    4.39236
  45.00000    4.40594    0.00000    4.40594
  45.50000    4.41722    0.00000    4.41722
  46.00000    4.40451    0.00000    4.40451
  46.50000    4.39605    0.00000    4.39605
  47.00000    4.39319    0.00000    4.39319
  47.50000    4.41699    0.00000    4.41699
  48.00000    4.43079    0.00000    4.43079
  48.50000    4.43985    0.00000    4.43985
  49.00000    4.43433    0.00000    4.43433
  49.50000    4.44582    0.00000    4.44582
  50.00000    4.47103    0.00000    4.47103
  50.50000    4.49280    0.00000    4.49280
  51.00000    4.49021    0.00000    4.49021
  51.50000    4.47905    0.00000    4.47905
  52.00000    4.47373    0.00000    4.47373
  52.50000    4.47582    0.00000    4.47582
  53.00000    4.47881    0.00000    4.47881
  53.50000    4.48080    0.00000    4.48080
  54.00000    4.48244    0.00000    4.48244
  54.50000    4.48264    0.00000    4.48264
  55.00000    4.48582    0.00000    4.48582
  55.50000    4.49977    0.00000    4.49977
  56.00000    4.50433    0.00000    4.50433
  56.50000    4.49219    0.00000    4.49219
  57.00000    4.47220    0.00000    4.47220
  57.50000    4.46412    0.00000    4.46412
  58.00000    4.46966    0.00000    4.46966
  58.50000    4.47785    0.00000    4.47785
  59.00000    4.47548    0.00000    4.47548
  59.50000    4.47257    0.00000    4.47257
  60.00000    4.47859    0.00000    4.47859
  60.50000    4.49568    0.00000    4.49568
  61.00000    4.48657    0.00000    4.48657
  61.50000    4.48274    0.00000    4.48274
  62.00000    4.46771    0.00000    4.46771
  62.50000    4.48152    0.00000    4.48152
  63.00000    4.47257    0.00000    4.47257
  63.50000    4.47989    0.00000    4.47989
  64.00000    4.46370    0.00000    4.46370
  64.50000    4.46759    0.00000    4.46759
  65.00000    4.46120    0.00000    4.46120
  65.50000    4.46836    0.00000    4.46836
  66.00000    4.46412    0.00000    4.46412
  66.50000    4.46260    0.00000    4.46260
  67.00000    4.45718    0.00000    4.45718
  67.50000    4.45480    0.00000    4.45480
  68.00000    4.45949    0.00000    4.45949
  68.50000    4.46011    0.00000    4.46011
  69.00000    4.45250    0.00000    4.45250
  69.50000    4.45515    0.00000    4.45515
  70.00000    4.45994    0.00000    4.45994
  70.50000    4.44984    0.00000    4.44984
  71.00000    4.43337    0.00000    4.43337
  71.50000    4.44343    0.00000    4.44343
  72.00000    4.45735    0.00000    4.45735
  72.50000    4.45975    0.00000    4.45975
  73.00000    4.44589    0.00000    4.44589
  73.50000    4.44468    0.00000    4.44468
  74.00000    4.42881    0.00000    4.42881
  74.50000    4.42666    0.00000    4.42666
  75.00000    4.41679    0.00000    4.41679
  75.50000    4.42675    0.00000    4.42675
  76.00000    4.42028    0.00000    4.42028
  76.50000    4.41371    0.00000    4.41371
  77.00000    4.40769    0.00000    4.40769
  77.50000    4.41808    0.00000    4.41808
  78.00000    4.41898    0.00000    4.41898
  78.50000    4.40374    0.00000    4.40374
  79.00000    4.38993    0.00000    4.38993
  79.50000    4.39379    0.00000    4.39379
  80.00000    4.39729    0.00000    4.39729
  80.50000    4.39857    0.00000    4.39857
  81.00000    4.39539    0.00000    4.39539
  81.50000    4.39318    0.00000    4.39318
  82.00000    4.39503    0.00000    4.39503
  82.50000    4.39918    0.00000    4.39918
  83.00000    4.39430    0.00000    4.39430
  83.50000    4.38196    0.00000    4.38196
  84.00000    4.38393    0.00000    4.38393
  84.50000    4.38048    0.00000    4.38048
  85.00000    4.37237    0.00000    4.37237
  85.50000    4.35677    0.00000    4.35677
  86.00000    4.35792    0.00000    4.35792
  86.50000    4.36122    0.00000    4.36122
  87.00000    4.37208    0.00000    4.37208
  87.50000    4.36949    0.00000    4.36949
  88.00000    4.36629    0.00000    4.36629
  88.50000    4.35910    0.00000    4.35910
  89.00000    4.36345    0.00000    4.36345
  89.50000    4.36838    0.00000    4.36838
  90.00000    4.36441    0.00000    4.36441
  90.50000    4.35242    0.00000    4.35242
  91.00000    4.34358    0.00000    4.34358
  91.50000    4.33667    0.00000    4.33667
  92.00000    4.32982    0.00000    4.32982
  92.50000    4.33575    0.00000    4.33575
  93.00000    4.34404    0.00000    4.34404
  93.50000    4.34190    0.00000    4.34190
  94.00000    4.32771    0.00000    4.32771
  94.50000    4.32821    0.00000    4.32821
  95.00000    4.33458    0.00000    4.33458
  95.50000    4.33558    0.00000    4.33558
  96.00000    4.32282    0.00000    4.32282
  96.50000    4.32387    0.00000    4.32387
  97.00000    4.33556    0.00000    4.33556
  97.50000    4.33737    0.00000    4.33737
  98.00000    4.33214    0.00000    4.33214
  98.50000    4.32504    0.00000    4.32504
  99.00000    4.32377    0.00000    4.32377
  99.50000    4.31830    0.00000    4.31830
 100.00000    4.32594    0.00000    4.32594
 100.50000    4.32825    0.00000    4.32825
 101.00000    4.32518    0.00000    4.32518
 101.50000    4.31290    0.00000    4.31290
 102.00000    4.31191    0.00000    4.31191
 102.50000    4.30473    0.00000    4.30473
 103.00000    4.30168    0.00000    4.30168
 103.50000    4.28838    0.00000    4.28838
 104.00000    4.29410    0.00000    4.29410
 104.50000    4.29662    0.00000    4.29662
 105.00000    4.30126    0.00000    4.30126
 105.50000    4.28253    0.00000    4.28253
 106.00000    4.27914    0.00000    4.27914
 106.50000    4.28567    0.00000    4.28567
 107.00000    4.29974    0.00000    4.29974
 107.50000    4.29485    0.00000    4.29485
 108.00000    4.29193    0.00000    4.29193
 108.50000    4.29284    0.00000    4.29284
 109.00000    4.29511    0.00000    4.29511
 109.50000    4.29938    0.00000    4.29938
 110.00000    4.28976    0.00000    4.28976
 110.50000    4.28142    0.00000    4.28142
 111.00000    4.27816    0.00000    4.27816
 111.50000    4.28236    0.00000    4.28236
 112.00000    4.28390    0.00000    4.28390
 112.50000    4.28564    0.00000    4.28564
 113.00000    4.28706    0.00000    4.28706
 113.50000    4.28286    0.00000    4.28286
 114.00000    4.27681    0.00000    4.27681
 114.50000    4.27509    0.00000    4.27509
 115.00000    4.27328    0.00000    4.27328
 115.50000    4.27762    0.00000    4.27762
 116.00000    4.27311    0.00000    4.27311
 116.50000    4.28241    0.00000    4.28241
 117.00000    4.28111    0.00000    4.28111
 117.50000    4.27603    0.00000    4.27603
 118.00000    4.26716    0.00000    4.26716
 118.50000    4.26069    0.00000    4.26069
 119.00000    4.26781    0.00000    4.26781
 119.50000    4.26978    0.00000    4.26978
 120.00000    4.27529    0.00000    4.27529
 120.50000    4.27242    0.00000    4.27242
 121.00000    4.27943    0.00000    4.27943
 121.50000    4.28357    0.00000    4.28357
 122.00000    4.27032    0.00000    4.27032
 122.50000    4.26334    0.00000    4.26334
 123.00000    4.25980    0.00000    4.25980
 123.50000    4.26823    0.00000    4.26823
 124.00000    4.26219    0.00000    4.26219
 124.50000    4.25130    0.00000    4.25130
 125.00000    4.24571    0.00000    4.24571
 125.50000    4.25233    0.00000    4.25233
 126.00000    4.26504    0.00000    4.26504
 126.50000    4.26113    0.00000    4.26113
 127.00000    4.25703    0.00000    4.25703
 127.50000    4.25686    0.00000    4.25686
 128.00000    4.25715    0.00000    4.25715
 128.50000    4.26099    0.00000    4.26099
 129.00000    4.26582    0.00000    4.26582
 129.50000    4.26673    0.00000    4.26673
 130.00000    4.26025    0.00000    4.26025
 130.50000    4.25860    0.00000    4.25860
 131.00000    4.26510    0.00000    4.26510
 131.50000    4.26354    0.00000    4.26354
 132.00000    4.25322    0.00000    4.25322
 132.50000    4.25113    0.00000    4.25113
 133.00000    4.26323    0.00000    4.26323
 133.50000    4.27160    0.00000    4.27160
 134.00000    4.26894    0.00000    4.26894
 134.50000    4.26229    0.00000    4.26229
 135.00000    4.25963    0.00000    4.25963
 135.50000    4.25784    0.00000    4.25784
 136.00000    4.25267    0.00000    4.25267
 136.50000    4.24707    0.00000    4.24707
 137.00000    4.24835    0.00000    4.24835
 137.50000    4.25429    0.00000    4.25429
 138.00000    4.26141    0.00000    4.26141
 138.50000    4.27328    0.00000    4.27328
 139.00000    4.27388    0.00000    4.27388
 139.50000    4.26935    0.00000    4.26935
 140.00000    4.25532    0.00000    4.25532
 140.50000    4.24520    0.00000    4.24520
 141.00000    4.24478    0.00000    4.24478
 141.50000    4.25824    0.00000    4.25824
 142.00000    4.26523    0.00000    4.26523
 142.50000    4.26023    0.00000    4.26023
 143.00000    4.26230    0.00000    4.26230
 143.50000    4.25860    0.00000    4.25860
 144.00000    4.25670    0.00000    4.25670
 144.50000    4.26061    0.00000    4.26061
 145.00000    4.27059    0.00000    4.27059
 145.50000    4.26825    0.00000    4.26825
 146.00000    4.26368    0.00000    4.26368
 146.50000    4.26298    0.00000    4.26298
 147.00000    4.26368    0.00000    4.26368
 147.50000    4.26876    0.00000    4.26876
 148.00000    4.27757    0.00000    4.27757
 148.50000    4.27436    0.00000    4.27436
 149.00000    4.26544    0.00000    4.26544
 149.50000    4.25837    0.00000    4.25837
 150.00000    4.27131    0.00000    4.27131
