   0.00000    0.98947    0.00000    0.98947
   0.50000    3.04626    0.00000    3.04626
   1.00000    3.30281    0.00000    3.30281
   1.50000    3.06056    0.00000    3.06056
   2.00000    3.01218    0.00000    3.01218
   2.50000    2.99223    0.00000    2.99223
   3.00000    2.92690    0.00000    2.92690
   3.50000    2.87341    0.00000    2.87341
   4.00000    2.86036    0.00000    2.86036
   4.50000    2.93089    0.00000    2.93089
   5.00000    2.98161    0.00000    2.98161
   5.50000    3.12080    0.00000    3.12080
   6.00000    3.13766    0.00000    3.13766
   6.50000    3.25969    0.00000    3.25969
   7.00000    3.39458    0.00000    3.39458
   7.50000    3.55934    0.00000    3.55934
   8.00000    3.50713    0.00000    3.50713
   8.50000    3.44422    0.00000    3.44422
   9.00000    3.43827    0.00000    3.43827
   9.50000    3.46161    0.00000    3.46161
  10.00000    3.50353    0.00000    3.50353
  10.50000    3.53719    0.00000    3.53719
  11.00000    3.54685    0.00000    3.54685
  11.50000    3.54571    0.00000    3.54571
  12.00000    3.51579    0.00000    3.51579
  12.50000    3.52100    0.00000    3.52100
  13.00000    3.54834    0.00000    3.54834
  13.50000    3.53657    0.00000    3.53657
  14.00000    3.51458    0.00000    3.51458
  14.50000    3.47891    0.00000    3.47891
  15.00000    3.48068    0.00000    3.48068
  15.50000    3.45714    0.00000    3.45714
  16.00000    3.49823    0.00000    3.49823
  16.50000    3.50649    0.00000    3.50649
  17.00000    3.48936    0.00000    3.48936
  17.50000    3.49797    0.00000    3.49797
  18.00000    3.54769    0.00000    3.54769
  18.50000    3.52461    0.00000    3.52461
  19.00000    3.49289    0.00000    3.49289
  19.50000    3.49197    0.00000    3.49197
  20.00000    3.48851    0.00000    3.48851
  20.50000    3.49380    0.00000    3.49380
  21.00000    3.51762    0.00000    3.51762
  21.50000    3.54946    0.00000    3.54946
  22.00000    3.52226    0.00000    3.52226
  22.50000    3.52646    0.00000    3.52646
  23.00000    3.53233    0.00000    3.53233
  23.50000    3.56346    0.00000    3.56346
  24.00000    3.53330    0.00000    3.53330
  24.50000    3.50524    0.00000    3.50524
  25.00000    3.45692    0.00000    3.45692
  25.50000    3.42024    0.00000    3.42024
  26.00000    3.37870    0.00000    3.37870
  26.50000    3.41962    0.00000    3.41962
  27.00000    3.47995    0.00000    3.47995
  27.50000    3.49415    0.00000    3.49415
  28.00000    3.46419    0.00000    3.46419
  28.50000    3.47148    0.00000    3.47148
  29.00000    3.49526    0.00000    3.49526
  29.50000    3.46944    0.00000    3.46944
  30.00000    3.44656    0.00000    3.44656
  30.50000    3.45156    0.00000    3.45156
  31.00000    3.47276    0.00000    3.47276
  31.50000    3.48170    0.00000    3.48170
  32.00000    3.51484    0.00000    3.51484
  32.50000    3.52505    0.00000    3.52505
  33.00000    3.55419    0.00000    3.55419
  33.50000    3.55146    0.00000    3.55146
  34.00000    3.57715    0.00000    3.57715
  34.50000    3.60612    0.00000    3.60612
  35.00000    3.67186    0.00000    3.67186
  35.50000    3.63380    0.00000    3.63380
  36.00000    3.62959    0.00000    3.62959
  36.50000    3.55568    0.00000    3.55568
  37.00000    3.56900    0.00000    3.56900
  37.50000    3.54808    0.00000    3.54808
  38.00000    3.62341    0.00000    3.62341
  38.50000    3.59706    0.00000    3.59706
  39.00000    3.55982    0.00000    3.55982
  39.50000    3.48566    0.00000    3.48566
  40.00000    3.51991    0.00000    3.51991
  40.50000    3.54384    0.00000    3.54384
  41.00000    3.54752    0.00000    3.54752
  41.50000    3.51796    0.00000    3.51796
  42.00000    3.51723    0.00000    3.51723
  42.50000    3.47642    0.00000    3.47642
  43.00000    3.47916    0.00000    3.47916
  43.50000    3.49381    0.00000    3.49381
  44.00000    3.51517    0.00000    3.51517
  44.50000    3.48316    0.00000    3.48316
  45.00000    3.47425    0.00000    3.47425
  45.50000    3.52379    0.00000    3.52379
  46.00000    3.55548    0.00000    3.55548
  46.50000    3.58325    0.00000    3.58325
  47.00000    3.61074    0.00000    3.61074
  47.50000    3.62688    0.00000    3.62688
  48.00000    3.55509    0.00000    3.55509
  48.50000    3.67477    0.00000    3.67477
  49.00000    3.82655    0.00000    3.82655
  49.50000    3.98355    0.00000    3.98355
  50.00000    4.01832    0.00000    4.01832
  50.50000    4.07858    0.00000    4.07858
  51.00000    4.08185    0.00000    4.08185
  51.50000    4.12960    0.00000    4.12960
  52.00000    4.17216    0.00000    4.17216
  52.50000    4.16763    0.00000    4.16763
  53.00000    4.17224    0.00000    4.17224
  53.50000    4.18025    0.00000    4.18025
  54.00000    4.22745    0.00000    4.22745
  54.50000    4.34068    0.00000    4.34068
  55.00000    4.45488    0.00000    4.45488
  55.50000    4.49666    0.00000    4.49666
  56.00000    4.46842    0.00000    4.46842
  56.50000    4.45679    0.00000    4.45679
  57.00000    4.47251    0.00000    4.47251
  57.50000    4.46318    0.00000    4.46318
  58.00000    4.46887    0.00000    4.46887
  58.50000    4.46363    0.00000    4.46363
  59.00000    4.47647    0.00000    4.47647
  59.50000    4.44058    0.00000    4.44058
  60.00000    4.45833    0.00000    4.45833
  60.50000    4.49058    0.00000    4.49058
  61.00000    4.49709    0.00000    4.49709
  61.50000    4.48424    0.00000    4.48424
  62.00000    4.46756    0.00000    4.46756
  62.50000    4.46869    0.00000    4.46869
  63.00000    4.47369    0.00000    4.47369
  63.50000    4.49083    0.00000    4.49083
  64.00000    4.45994    0.00000    4.45994
  64.50000    4.45729    0.00000    4.45729
  65.00000    4.46552    0.00000    4.46552
  65.50000    4.47430    0.00000    4.47430
  66.00000    4.48224    0.00000    4.48224
  66.50000    4.50100    0.00000    4.50100
  67.00000    4.48950    0.00000    4.48950
  67.50000    4.45473    0.00000    4.45473
  68.00000    4.45558    0.00000    4.45558
  68.50000    4.49300    0.00000    4.49300
  69.00000    4.51412    0.00000    4.51412
  69.50000    4.54287    0.00000    4.54287
  70.00000    4.48673    0.00000    4.48673
  70.50000    4.49765    0.00000    4.49765
  71.00000    4.48009    0.00000    4.48009
  71.50000    4.47371    0.00000    4.47371
  72.00000    4.42220    0.00000    4.42220
  72.50000    4.47078    0.00000    4.47078
  73.00000    4.51164    0.00000    4.51164
  73.50000    4.49926    0.00000    4.49926
  74.00000    4.50558    0.00000    4.50558
  74.50000    4.48741    0.00000    4.48741
  75.00000    4.45895    0.00000    4.45895
  75.50000    4.41344    0.00000    4.41344
  76.00000    4.43088    0.00000    4.43088
  76.50000    4.45970    0.00000    4.45970
  77.00000    4.47430    0.00000    4.47430
  77.50000    4.45641    0.00000    4.45641
  78.00000    4.39723    0.00000    4.39723
  78.50000    4.41340    0.00000    4.41340
  79.00000    4.42233    0.00000    4.42233
  79.50000    4.41536    0.00000    4.41536
  80.00000    4.39529    0.00000    4.39529
  80.50000    4.38581    0.00000    4.38581
  81.00000    4.40491    0.00000    4.40491
  81.50000    4.39917    0.00000    4.39917
  82.00000    4.43609    0.00000    4.43609
  82.50000    4.40919    0.00000    4.40919
  83.00000    4.40035    0.00000    4.40035
  83.50000    4.38074    0.00000    4.38074
  84.00000    4.37207    0.00000    4.37207
  84.50000    4.37255    0.00000    4.37255
  85.00000    4.35351    0.00000    4.35351
  85.50000    4.37257    0.00000    4.37257
  86.00000    4.36629    0.00000    4.36629
  86.50000    4.35102    0.00000    4.35102
  87.00000    4.30577    0.00000    4.30577
  87.50000    4.29882    0.00000    4.29882
  88.00000    4.31677    0.00000    4.31677
  88.50000    4.30242    0.00000    4.30242
  89.00000    4.29513    0.00000    4.29513
  89.50000    4.29039    0.00000    4.29039
  90.00000    4.30606    0.00000    4.30606
  90.50000    4.30761    0.00000    4.30761
  91.00000    4.33684    0.00000    4.33684
  91.50000    4.34500    0.00000    4.34500
  92.00000    4.32564    0.00000    4.32564
  92.50000    4.29865    0.00000    4.29865
  93.00000    4.27314    0.00000    4.27314
  93.50000    4.25209    0.00000    4.25209
  94.00000    4.27621    0.00000    4.27621
  94.50000    4.28025    0.00000    4.28025
  95.00000    4.26503    0.00000    4.26503
  95.50000    4.24124    0.00000    4.24124
  96.00000    4.26259    0.00000    4.26259
  96.50000    4.27656    0.00000    4.27656
  97.00000    4.24936    0.00000    4.24936
  97.50000    4.23410    0.00000    4.23410
  98.00000    4.21722    0.00000    4.21722
  98.50000    4.21315    0.00000    4.21315
  99.00000    4.20914    0.00000    4.20914
  99.50000    4.19758    0.00000    4.19758
 100.00000    4.21320    0.00000    4.21320
 100.50000    4.21575    0.00000    4.21575
 101.00000    4.24363    0.00000    4.24363
 101.50000    4.23031    0.00000    4.23031
 102.00000    4.23167    0.00000    4.23167
 102.50000    4.21065    0.00000    4.21065
 103.00000    4.20762    0.00000    4.20762
 103.50000    4.19657    0.00000    4.19657
 104.00000    4.19899    0.00000    4.19899
 104.50000    4.16509    0.00000    4.16509
 105.00000    4.15891    0.00000    4.15891
 105.50000    4.16173    0.00000    4.16173
 106.00000    4.16113    0.00000    4.16113
 106.50000    4.14715    0.00000    4.14715
 107.00000    4.12964    0.00000    4.12964
 107.50000    4.15176    0.00000    4.15176
 108.00000    4.14109    0.00000    4.14109
 108.50000    4.17538    0.00000    4.17538
 109.00000    4.17037    0.00000    4.17037
 109.50000    4.13791    0.00000    4.13791
 110.00000    4.08452    0.00000    4.08452
 110.50000    4.10970    0.00000    4.10970
 111.00000    4.11660    0.00000    4.11660
 111.50000    4.12263    0.00000    4.12263
 112.00000    4.12463    0.00000    4.12463
 112.50000    4.14910    0.00000    4.14910
 113.00000    4.12401    0.00000    4.12401
 113.50000    4.12167    0.00000    4.12167
 114.00000    4.16856    0.00000    4.16856
 114.50000    4.20053    0.00000    4.20053
 115.00000    4.15748    0.00000    4.15748
 115.50000    4.11968    0.00000    4.11968
 116.00000    4.12334    0.00000    4.12334
 116.50000    4.11635    0.00000    4.11635
 117.00000    4.13173    0.00000    4.13173
 117.50000    4.14173    0.00000    4.14173
 118.00000    4.16031    0.00000    4.16031
 118.50000    4.17095    0.00000    4.17095
 119.00000    4.19081    0.00000    4.19081
 119.50000    4.15149    0.00000    4.15149
 120.00000    4.13245    0.00000    4.13245
 120.50000    4.10024    0.00000    4.10024
 121.00000    4.11073    0.00000    4.11073
 121.50000    4.08694    0.00000    4.08694
 122.00000    4.08147    0.00000    4.08147
 122.50000    4.08094    0.00000    4.08094
 123.00000    4.14500    0.00000    4.14500
 123.50000    4.15895    0.00000    4.15895
 124.00000    4.16529    0.00000    4.16529
 124.50000    4.15156    0.00000    4.15156
 125.00000    4.12542    0.00000    4.12542
 125.50000    4.09095    0.00000    4.09095
 126.00000    4.13900    0.00000    4.13900
 126.50000    4.14485    0.00000    4.14485
 127.00000    4.11905    0.00000    4.11905
 127.50000    4.10569    0.00000    4.10569
 128.00000    4.15416    0.00000    4.15416
 128.50000    4.18603    0.00000    4.18603
 129.00000    4.15795    0.00000    4.15795
 129.50000    4.11588    0.00000    4.11588
 130.00000    4.11875    0.00000    4.11875
 130.50000    4.17566    0.00000    4.17566
 131.00000    4.19650    0.00000    4.19650
 131.50000    4.17236    0.00000    4.17236
 132.00000    4.12192    0.00000    4.12192
 132.50000    4.09646    0.00000    4.09646
 133.00000    4.09366    0.00000    4.09366
 133.50000    4.11286    0.00000    4.11286
 134.00000    4.08613    0.00000    4.08613
 134.50000    4.08399    0.00000    4.08399
 135.00000    4.07186    0.00000    4.07186
 135.50000    4.10313    0.00000    4.10313
 136.00000    4.07652    0.00000    4.07652
 136.50000    4.10896    0.00000    4.10896
 137.00000    4.10005    0.00000    4.10005
 137.50000    4.09743    0.00000    4.09743
 138.00000    4.11083    0.00000    4.11083
 138.50000    4.12910    0.00000    4.12910
 139.00000    4.11864    0.00000    4.11864
 139.50000    4.09126    0.00000    4.09126
 140.00000    4.10460    0.00000    4.10460
 140.50000    4.08978    0.00000    4.08978
 141.00000    4.09994    0.00000    4.09994
 141.50000    4.06670    0.00000    4.06670
 142.00000    4.05015    0.00000    4.05015
 142.50000    4.06990    0.00000    4.06990
 143.00000    4.13692    0.00000    4.13692
 143.50000    4.16313    0.00000    4.16313
 144.00000    4.14559    0.00000    4.14559
 144.50000    4.15888    0.00000    4.15888
 145.00000    4.18915    0.00000    4.18915
 145.50000    4.22414    0.00000    4.22414
 146.00000    4.17834    0.00000    4.17834
 146.50000    4.15929    0.00000    4.15929
 147.00000    4.12031    0.00000    4.12031
 147.50000    4.10798    0.00000    4.10798
 148.00000    4.11552    0.00000    4.11552
 148.50000    4.15450    0.00000    4.15450
 149.00000    4.17012    0.00000    4.17012
 149.50000    4.18374    0.00000    4.18374
 150.00000    4.17727    0.00000    4.17727
