   0.00000    1.21571    0.00000    1.21571
   0.50000    1.68462    0.00000    1.68462
   1.00000    2.22405    0.00000    2.22405
   1.50000    2.79829    0.00000    2.79829
   2.00000    3.22350    0.00000    3.22350
   2.50000    3.34850    0.00000    3.34850
   3.00000    3.35902    0.00000    3.35902
   3.50000    3.40287    0.00000    3.40287
   4.00000    3.44219    0.00000    3.44219
   4.50000    3.46407    0.00000    3.46407
   5.00000    3.49494    0.00000    3.49494
   5.50000    3.51723    0.00000    3.51723
   6.00000    3.53444    0.00000    3.53444
   6.50000    3.55804    0.00000    3.55804
   7.00000    3.56224    0.00000    3.56224
   7.50000    3.55274    0.00000    3.55274
   8.00000    3.56581    0.00000    3.56581
   8.50000    3.58678    0.00000    3.58678
   9.00000    3.60377    0.00000    3.60377
   9.50000    3.60276    0.00000    3.60276
  10.00000    3.60365    0.00000    3.60365
  10.50000    3.59583    0.00000    3.59583
  11.00000    3.61648    0.00000    3.61648
  11.50000    3.63626    0.00000    3.63626
  12.00000    3.64502    0.00000    3.64502
  12.50000    3.64384    0.00000    3.64384
  13.00000    3.64242    0.00000    3.64242
  13.50000    3.64266    0.00000    3.64266
  14.00000    3.64321    0.00000    3.64321
  14.50000    3.65384    0.00000    3.65384
  15.00000    3.65679    0.00000    3.65679
  15.50000    3.65813    0.00000    3.65813
  16.00000    3.65669    0.00000    3.65669
  16.50000    3.66533    0.00000    3.66533
  17.00000    3.67048    0.00000    3.67048
  17.50000    3.67925    0.00000    3.67925
  18.00000    3.68332    0.00000    3.68332
  18.50000    3.68990    0.00000    3.68990
  19.00000    3.68136    0.00000    3.68136
  19.50000    3.67296    0.00000    3.67296
  20.00000    3.66531    0.00000    3.66531
  20.50000    3.68036    0.00000    3.68036
  21.00000    3.68851    0.00000    3.68851
  21.50000    3.68752    0.00000    3.68752
  22.00000    3.68327    0.00000    3.68327
  22.50000    3.69943    0.00000    3.69943
  23.00000    3.71127    0.00000    3.71127
  23.50000    3.71831    0.00000    3.71831
  24.00000    3.70756    0.00000    3.70756
  24.50000    3.71469    0.00000    3.71469
  25.00000    3.71305    0.00000    3.71305
  25.50000    3.70737    0.00000    3.70737
  26.00000    3.68754    0.00000    3.68754
  26.50000    3.68523    0.00000    3.68523
  27.00000    3.67118    0.00000    3.67118
  27.50000    3.66878    0.00000    3.66878
  28.00000    3.68479    0.00000    3.68479
  28.50000    3.71200    0.00000    3.71200
  29.00000    3.70025    0.00000    3.70025
  29.50000    3.67672    0.00000    3.67672
  30.00000    3.66543    0.00000    3.66543
  30.50000    3.66970    0.00000    3.66970
  31.00000    3.67819    0.00000    3.67819
  31.50000    3.68579    0.00000    3.68579
  32.00000    3.70005    0.00000    3.70005
  32.50000    3.69933    0.00000    3.69933
  33.00000    3.71075    0.00000    3.71075
  33.50000    3.72690    0.00000    3.72690
  34.00000    3.77414    0.00000    3.77414
  34.50000    3.82657    0.00000    3.82657
  35.00000    3.88944    0.00000    3.88944
  35.50000    3.95240    0.00000    3.95240
  36.00000    4.02499    0.00000    4.02499
  36.50000    4.07994    0.00000    4.07994
  37.00000    4.11707    0.00000    4.11707
  37.50000    4.13703    0.00000    4.13703
  38.00000    4.14533    0.00000    4.14533
  38.50000    4.16857    0.00000    4.16857
  39.00000    4.19347    0.00000    4.19347
  39.50000    4.21244    0.00000    4.21244
  40.00000    4.20550    0.00000    4.20550
  40.50000    4.21812    0.00000    4.21812
  41.00000    4.23757    0.00000    4.23757
  41.50000    4.25714    0.00000    4.25714
  42.00000    4.25254    0.00000    4.25254
  42.50000    4.26404    0.00000    4.26404
  43.00000    4.30039    0.00000    4.30039
  43.50000    4.34491    0.00000    4.34491
  44.00000    4.38227    0.00000    4.38227
  44.50000    4.40539    0.00000    4.40539
  45.00000    4.41599    0.00000    4.41599
  45.50000    4.41650    0.00000    4.41650
  46.00000    4.42832    0.00000    4.42832
  46.50000    4.44800    0.00000    4.44800
  47.00000    4.47010    0.00000    4.47010
  47.50000    4.49657    0.00000    4.49657
  48.00000    4.53671    0.00000    4.53671
  48.50000    4.54907    0.00000    4.54907
  49.00000    4.54133    0.00000    4.54133
  49.50000    4.53534    0.00000    4.53534
  50.00000    4.54758    0.00000    4.54758
  50.50000    4.55264    0.00000    4.55264
  51.00000    4.55650    0.00000    4.55650
  51.50000    4.55799    0.00000    4.55799
  52.00000    4.55075    0.00000    4.55075
  52.50000    4.53586    0.00000    4.53586
  53.00000    4.52812    0.00000    4.52812
  53.50000    4.52479    0.00000    4.52479
  54.00000    4.53880    0.00000    4.53880
  54.50000    4.53569    0.00000    4.53569
  55.00000    4.54215    0.00000    4.54215
  55.50000    4.52558    0.00000    4.52558
  56.00000    4.51749    0.00000    4.51749
  56.50000    4.50888    0.00000    4.50888
  57.00000    4.52319    0.00000    4.52319
  57.50000    4.52663    0.00000    4.52663
  58.00000    4.52460    0.00000    4.52460
  58.50000    4.52629    0.00000    4.52629
  59.00000    4.52407    0.00000    4.52407
  59.50000    4.52189    0.00000    4.52189
  60.00000    4.51722    0.00000    4.51722
  60.50000    4.52617    0.00000    4.52617
  61.00000    4.52775    0.00000    4.52775
  61.50000    4.53274    0.00000    4.53274
  62.00000    4.53140    0.00000    4.53140
  62.50000    4.53090    0.00000    4.53090
  63.00000    4.53431    0.00000    4.53431
  63.50000    4.54546    0.00000    4.54546
  64.00000    4.54706    0.00000    4.54706
  64.50000    4.53892    0.00000    4.53892
  65.00000    4.52944    0.00000    4.52944
  65.50000    4.53064    0.00000    4.53064
  66.00000    4.53698    0.00000    4.53698
  66.50000    4.54205    0.00000    4.54205
  67.00000    4.54115    0.00000    4.54115
  67.50000    4.54368    0.00000    4.54368
  68.00000    4.55242    0.00000    4.55242
  68.50000    4.54560    0.00000    4.54560
  69.00000    4.53653    0.00000    4.53653
  69.50000    4.53026    0.00000    4.53026
  70.00000    4.53061    0.00000    4.53061
  70.50000    4.52713    0.00000    4.52713
  71.00000    4.53005    0.00000    4.53005
  71.50000    4.54361    0.00000    4.54361
  72.00000    4.55912    0.00000    4.55912
  72.50000    4.56665    0.00000    4.56665
  73.00000    4.55570    0.00000    4.55570
  73.50000    4.54975    0.00000    4.54975
  74.00000    4.54305    0.00000    4.54305
  74.50000    4.54634    0.00000    4.54634
  75.00000    4.54467    0.00000    4.54467
  75.50000    4.54500    0.00000    4.54500
  76.00000    4.53792    0.00000    4.53792
  76.50000    4.54117    0.00000    4.54117
  77.00000    4.54822    0.00000    4.54822
  77.50000    4.55683    0.00000    4.55683
  78.00000    4.55335    0.00000    4.55335
  78.50000    4.54631    0.00000    4.54631
  79.00000    4.54906    0.00000    4.54906
  79.50000    4.56063    0.00000    4.56063
  80.00000    4.55606    0.00000    4.55606
  80.50000    4.54677    0.00000    4.54677
  81.00000    4.55174    0.00000    4.55174
  81.50000    4.56387    0.00000    4.56387
  82.00000    4.56075    0.00000    4.56075
  82.50000    4.55829    0.00000    4.55829
  83.00000    4.56588    0.00000    4.56588
  83.50000    4.56782    0.00000    4.56782
  84.00000    4.55920    0.00000    4.55920
  84.50000    4.55574    0.00000    4.55574
  85.00000    4.54871    0.00000    4.54871
  85.50000    4.54074    0.00000    4.54074
  86.00000    4.53777    0.00000    4.53777
  86.50000    4.54235    0.00000    4.54235
  87.00000    4.54960    0.00000    4.54960
  87.50000    4.55993    0.00000    4.55993
  88.00000    4.56838    0.00000    4.56838
  88.50000    4.56749    0.00000    4.56749
  89.00000    4.56558    0.00000    4.56558
  89.50000    4.55442    0.00000    4.55442
  90.00000    4.55864    0.00000    4.55864
  90.50000    4.56292    0.00000    4.56292
  91.00000    4.56179    0.00000    4.56179
  91.50000    4.55762    0.00000    4.55762
  92.00000    4.55705    0.00000    4.55705
  92.50000    4.55698    0.00000    4.55698
  93.00000    4.55460    0.00000    4.55460
  93.50000    4.55702    0.00000    4.55702
  94.00000    4.55263    0.00000    4.55263
  94.50000    4.55863    0.00000    4.55863
  95.00000    4.56165    0.00000    4.56165
  95.50000    4.54797    0.00000    4.54797
  96.00000    4.53948    0.00000    4.53948
  96.50000    4.55138    0.00000    4.55138
  97.00000    4.56756    0.00000    4.56756
  97.50000    4.57049    0.00000    4.57049
  98.00000    4.56252    0.00000    4.56252
  98.50000    4.56280    0.00000    4.56280
  99.00000    4.55303    0.00000    4.55303
  99.50000    4.55566    0.00000    4.55566
 100.00000    4.56137    0.00000    4.56137
 100.50000    4.56521    0.00000    4.56521
 101.00000    4.55343    0.00000    4.55343
 101.50000    4.55577    0.00000    4.55577
 102.00000    4.57051    0.00000    4.57051
 102.50000    4.56503    0.00000    4.56503
 103.00000    4.54822    0.00000    4.54822
 103.50000    4.53747    0.00000    4.53747
 104.00000    4.54476    0.00000    4.54476
 104.50000    4.55463    0.00000    4.55463
 105.00000    4.55164    0.00000    4.55164
 105.50000    4.54293    0.00000    4.54293
 106.00000    4.53445    0.00000    4.53445
 106.50000    4.53458    0.00000    4.53458
 107.00000    4.53492    0.00000    4.53492
 107.50000    4.54480    0.00000    4.54480
 108.00000    4.55309    0.00000    4.55309
 108.50000    4.54558    0.00000    4.54558
 109.00000    4.53506    0.00000    4.53506
 109.50000    4.54030    0.00000    4.54030
 110.00000    4.54530    0.00000    4.54530
 110.50000    4.53969    0.00000    4.53969
 111.00000    4.53925    0.00000    4.53925
 111.50000    4.54770    0.00000    4.54770
 112.00000    4.54218    0.00000    4.54218
 112.50000    4.54237    0.00000    4.54237
 113.00000    4.54801    0.00000    4.54801
 113.50000    4.54549    0.00000    4.54549
 114.00000    4.53725    0.00000    4.53725
 114.50000    4.54016    0.00000    4.54016
 115.00000    4.54927    0.00000    4.54927
 115.50000    4.54184    0.00000    4.54184
 116.00000    4.53862    0.00000    4.53862
 116.50000    4.53371    0.00000    4.53371
 117.00000    4.53477    0.00000    4.53477
 117.50000    4.52699    0.00000    4.52699
 118.00000    4.53199    0.00000    4.53199
 118.50000    4.54074    0.00000    4.54074
 119.00000    4.54668    0.00000    4.54668
 119.50000    4.53837    0.00000    4.53837
 120.00000    4.52305    0.00000    4.52305
 120.50000    4.52799    0.00000    4.52799
 121.00000    4.52686    0.00000    4.52686
 121.50000    4.53362    0.00000    4.53362
 122.00000    4.53163    0.00000    4.53163
 122.50000    4.53381    0.00000    4.53381
 123.00000    4.52389    0.00000    4.52389
 123.50000    4.52152    0.00000    4.52152
 124.00000    4.52151    0.00000    4.52151
 124.50000    4.52047    0.00000    4.52047
 125.00000    4.51939    0.00000    4.51939
 125.50000    4.51391    0.00000    4.51391
 126.00000    4.51351    0.00000    4.51351
 126.50000    4.51772    0.00000    4.51772
 127.00000    4.51594    0.00000    4.51594
 127.50000    4.51134    0.00000    4.51134
 128.00000    4.50398    0.00000    4.50398
 128.50000    4.51067    0.00000    4.51067
 129.00000    4.51460    0.00000    4.51460
 129.50000    4.51748    0.00000    4.51748
 130.00000    4.51581    0.00000    4.51581
 130.50000    4.51821    0.00000    4.51821
 131.00000    4.51713    0.00000    4.51713
 131.50000    4.51283    0.00000    4.51283
 132.00000    4.51176    0.00000    4.51176
 132.50000    4.51834    0.00000    4.51834
 133.00000    4.52132    0.00000    4.52132
 133.50000    4.51308    0.00000    4.51308
 134.00000    4.51403    0.00000    4.51403
 134.50000    4.51299    0.00000    4.51299
 135.00000    4.51235    0.00000    4.51235
 135.50000    4.50085    0.00000    4.50085
 136.00000    4.50009    0.00000    4.50009
 136.50000    4.49962    0.00000    4.49962
 137.00000    4.49834    0.00000    4.49834
 137.50000    4.50581    0.00000    4.50581
 138.00000    4.51153    0.00000    4.51153
 138.50000    4.51182    0.00000    4.51182
 139.00000    4.50124    0.00000    4.50124
 139.50000    4.50779    0.00000    4.50779
 140.00000    4.51156    0.00000    4.51156
 140.50000    4.50419    0.00000    4.50419
 141.00000    4.50580    0.00000    4.50580
 141.50000    4.50748    0.00000    4.50748
 142.00000    4.50288    0.00000    4.50288
 142.50000    4.49206    0.00000    4.49206
 143.00000    4.49629    0.00000    4.49629
 143.50000    4.49461    0.00000    4.49461
 144.00000    4.49715    0.00000    4.49715
 144.50000    4.48725    0.00000    4.48725
 145.00000    4.48947    0.00000    4.48947
 145.50000    4.49022    0.00000    4.49022
 146.00000    4.50380    0.00000    4.50380
 146.50000    4.50023    0.00000    4.50023
 147.00000    4.49304    0.00000    4.49304
 147.50000    4.48328    0.00000    4.48328
 148.00000    4.48913    0.00000    4.48913
 148.50000    4.49426    0.00000    4.49426
 149.00000    4.49324    0.00000    4.49324
 149.50000    4.48366    0.00000    4.48366
 150.00000    4.46113    0.00000    4.46113
