   0.00000    1.32073    0.00000    1.32073
   0.50000    1.70267    0.00000    1.70267
   1.00000    1.99917    0.00000    1.99917
   1.50000    2.41615    0.00000    2.41615
   2.00000    2.80867    0.00000    2.80867
   2.50000    3.11473    0.00000    3.11473
   3.00000    3.24962    0.00000    3.24962
   3.50000    3.36268    0.00000    3.36268
   4.00000    3.42352    0.00000    3.42352
   4.50000    3.44596    0.00000    3.44596
   5.00000    3.47285    0.00000    3.47285
   5.50000    3.48611    0.00000    3.48611
   6.00000    3.50474    0.00000    3.50474
   6.50000    3.51765    0.00000    3.51765
   7.00000    3.52661    0.00000    3.52661
   7.50000    3.52839    0.00000    3.52839
   8.00000    3.54141    0.00000    3.54141
   8.50000    3.54892    0.00000    3.54892
   9.00000    3.55778    0.00000    3.55778
   9.50000    3.56352    0.00000    3.56352
  10.00000    3.57406    0.00000    3.57406
  10.50000    3.57665    0.00000    3.57665
  11.00000    3.58487    0.00000    3.58487
  11.50000    3.59980    0.00000    3.59980
  12.00000    3.61190    0.00000    3.61190
  12.50000    3.61557    0.00000    3.61557
  13.00000    3.61647    0.00000    3.61647
  13.50000    3.62109    0.00000    3.62109
  14.00000    3.62778    0.00000    3.62778
  14.50000    3.63441    0.00000    3.63441
  15.00000    3.64320    0.00000    3.64320
  15.50000    3.64693    0.00000    3.64693
  16.00000    3.64894    0.00000    3.64894
  16.50000    3.64836    0.00000    3.64836
  17.00000    3.65371    0.00000    3.65371
  17.50000    3.66358    0.00000    3.66358
  18.00000    3.67356    0.00000    3.67356
  18.50000    3.67849    0.00000    3.67849
  19.00000    3.67829    0.00000    3.67829
  19.50000    3.68094    0.00000    3.68094
  20.00000    3.68523    0.00000    3.68523
  20.50000    3.68623    0.00000    3.68623
  21.00000    3.68789    0.00000    3.68789
  21.50000    3.69297    0.00000    3.69297
  22.00000    3.70381    0.00000    3.70381
  22.50000    3.70974    0.00000    3.70974
  23.00000    3.71438    0.00000    3.71438
  23.50000    3.72616    0.00000    3.72616
  24.00000    3.73336    0.00000    3.73336
  24.50000    3.74219    0.00000    3.74219
  25.00000    3.74814    0.00000    3.74814
  25.50000    3.74857    0.00000    3.74857
  26.00000    3.73642    0.00000    3.73642
  26.50000    3.72454    0.00000    3.72454
  27.00000    3.71822    0.00000    3.71822
  27.50000    3.72312    0.00000    3.72312
  28.00000    3.73341    0.00000    3.73341
  28.50000    3.74273    0.00000    3.74273
  29.00000    3.73702    0.00000    3.73702
  29.50000    3.73523    0.00000    3.73523
  30.00000    3.73423    0.00000    3.73423
  30.50000    3.74755    0.00000    3.74755
  31.00000    3.76560    0.00000    3.76560
  31.50000    3.78136    0.00000    3.78136
  32.00000    3.79208    0.00000    3.79208
  32.50000    3.79876    0.00000    3.79876
  33.00000    3.81064    0.00000    3.81064
  33.50000    3.82260    0.00000    3.82260
  34.00000    3.84141    0.00000    3.84141
  34.50000    3.86399    0.00000    3.86399
  35.00000    3.89050    0.00000    3.89050
  35.50000    3.92924    0.00000    3.92924
  36.00000    3.96952    0.00000    3.96952
  36.50000    4.00815    0.00000    4.00815
  37.00000    4.03404    0.00000    4.03404
  37.50000    4.05519    0.00000    4.05519
  38.00000    4.06555    0.00000    4.06555
  38.50000    4.08431    0.00000    4.08431
  39.00000    4.10070    0.00000    4.10070
  39.50000    4.10933    0.00000    4.10933
  40.00000    4.10386    0.00000    4.10386
  40.50000    4.10796    0.00000    4.10796
  41.00000    4.11098    0.00000    4.11098
  41.50000    4.11985    0.00000    4.11985
  42.00000    4.12971    0.00000    4.12971
  42.50000    4.14610    0.00000    4.14610
  43.00000    4.17892    0.00000    4.17892
  43.50000    4.22914    0.00000    4.22914
  44.00000    4.27676    0.00000    4.27676
  44.50000    4.29728    0.00000    4.29728
  45.00000    4.31615    0.00000    4.31615
  45.50000    4.34033    0.00000    4.34033
  46.00000    4.37404    0.00000    4.37404
  46.50000    4.41957    0.00000    4.41957
  47.00000    4.47047    0.00000    4.47047
  47.50000    4.51697    0.00000    4.51697
  48.00000    4.55996    0.00000    4.55996
  48.50000    4.58309    0.00000    4.58309
  49.00000    4.58414    0.00000    4.58414
  49.50000    4.58390    0.00000    4.58390
  50.00000    4.58856    0.00000    4.58856
  50.50000    4.58805    0.00000    4.58805
  51.00000    4.58712    0.00000    4.58712
  51.50000    4.59179    0.00000    4.59179
  52.00000    4.59214    0.00000    4.59214
  52.50000    4.59349    0.00000    4.59349
  53.00000    4.59510    0.00000    4.59510
  53.50000    4.59557    0.00000    4.59557
  54.00000    4.59512    0.00000    4.59512
  54.50000    4.59402    0.00000    4.59402
  55.00000    4.59730    0.00000    4.59730
  55.50000    4.59911    0.00000    4.59911
  56.00000    4.59844    0.00000    4.59844
  56.50000    4.59394    0.00000    4.59394
  57.00000    4.60272    0.00000    4.60272
  57.50000    4.60784    0.00000    4.60784
  58.00000    4.61323    0.00000    4.61323
  58.50000    4.61116    0.00000    4.61116
  59.00000    4.61115    0.00000    4.61115
  59.50000    4.60879    0.00000    4.60879
  60.00000    4.61161    0.00000    4.61161
  60.50000    4.61657    0.00000    4.61657
  61.00000    4.61530    0.00000    4.61530
  61.50000    4.61883    0.00000    4.61883
  62.00000    4.62389    0.00000    4.62389
  62.50000    4.62669    0.00000    4.62669
  63.00000    4.62377    0.00000    4.62377
  63.50000    4.62859    0.00000    4.62859
  64.00000    4.62679    0.00000    4.62679
  64.50000    4.62714    0.00000    4.62714
  65.00000    4.62567    0.00000    4.62567
  65.50000    4.63396    0.00000    4.63396
  66.00000    4.64025    0.00000    4.64025
  66.50000    4.64315    0.00000    4.64315
  67.00000    4.64235    0.00000    4.64235
  67.50000    4.64235    0.00000    4.64235
  68.00000    4.64571    0.00000    4.64571
  68.50000    4.64328    0.00000    4.64328
  69.00000    4.64116    0.00000    4.64116
  69.50000    4.63990    0.00000    4.63990
  70.00000    4.64037    0.00000    4.64037
  70.50000    4.64212    0.00000    4.64212
  71.00000    4.64177    0.00000    4.64177
  71.50000    4.64426    0.00000    4.64426
  72.00000    4.65203    0.00000    4.65203
  72.50000    4.65551    0.00000    4.65551
  73.00000    4.65359    0.00000    4.65359
  73.50000    4.64970    0.00000    4.64970
  74.00000    4.64807    0.00000    4.64807
  74.50000    4.64816    0.00000    4.64816
  75.00000    4.64880    0.00000    4.64880
  75.50000    4.65184    0.00000    4.65184
  76.00000    4.64894    0.00000    4.64894
  76.50000    4.65172    0.00000    4.65172
  77.00000    4.65109    0.00000    4.65109
  77.50000    4.65561    0.00000    4.65561
  78.00000    4.65421    0.00000    4.65421
  78.50000    4.65908    0.00000    4.65908
  79.00000    4.66111    0.00000    4.66111
  79.50000    4.66156    0.00000    4.66156
  80.00000    4.65578    0.00000    4.65578
  80.50000    4.65430    0.00000    4.65430
  81.00000    4.65923    0.00000    4.65923
  81.50000    4.66065    0.00000    4.66065
  82.00000    4.65763    0.00000    4.65763
  82.50000    4.65156    0.00000    4.65156
  83.00000    4.65642    0.00000    4.65642
  83.50000    4.66103    0.00000    4.66103
  84.00000    4.66128    0.00000    4.66128
  84.50000    4.65812    0.00000    4.65812
  85.00000    4.65528    0.00000    4.65528
  85.50000    4.65368    0.00000    4.65368
  86.00000    4.65378    0.00000    4.65378
  86.50000    4.65663    0.00000    4.65663
  87.00000    4.65485    0.00000    4.65485
  87.50000    4.65551    0.00000    4.65551
  88.00000    4.66021    0.00000    4.66021
  88.50000    4.66071    0.00000    4.66071
  89.00000    4.65399    0.00000    4.65399
  89.50000    4.64801    0.00000    4.64801
  90.00000    4.64980    0.00000    4.64980
  90.50000    4.65373    0.00000    4.65373
  91.00000    4.65659    0.00000    4.65659
  91.50000    4.65675    0.00000    4.65675
  92.00000    4.65981    0.00000    4.65981
  92.50000    4.65696    0.00000    4.65696
  93.00000    4.65554    0.00000    4.65554
  93.50000    4.64945    0.00000    4.64945
  94.00000    4.64789    0.00000    4.64789
  94.50000    4.64729    0.00000    4.64729
  95.00000    4.65188    0.00000    4.65188
  95.50000    4.64763    0.00000    4.64763
  96.00000    4.64617    0.00000    4.64617
  96.50000    4.64398    0.00000    4.64398
  97.00000    4.64908    0.00000    4.64908
  97.50000    4.65057    0.00000    4.65057
  98.00000    4.64915    0.00000    4.64915
  98.50000    4.64328    0.00000    4.64328
  99.00000    4.63794    0.00000    4.63794
  99.50000    4.64140    0.00000    4.64140
 100.00000    4.64240    0.00000    4.64240
 100.50000    4.64697    0.00000    4.64697
 101.00000    4.64568    0.00000    4.64568
 101.50000    4.64523    0.00000    4.64523
 102.00000    4.64495    0.00000    4.64495
 102.50000    4.64242    0.00000    4.64242
 103.00000    4.64139    0.00000    4.64139
 103.50000    4.63481    0.00000    4.63481
 104.00000    4.63323    0.00000    4.63323
 104.50000    4.63514    0.00000    4.63514
 105.00000    4.63668    0.00000    4.63668
 105.50000    4.63559    0.00000    4.63559
 106.00000    4.63110    0.00000    4.63110
 106.50000    4.63284    0.00000    4.63284
 107.00000    4.62767    0.00000    4.62767
 107.50000    4.62802    0.00000    4.62802
 108.00000    4.62849    0.00000    4.62849
 108.50000    4.63061    0.00000    4.63061
 109.00000    4.62653    0.00000    4.62653
 109.50000    4.62520    0.00000    4.62520
 110.00000    4.62565    0.00000    4.62565
 110.50000    4.62405    0.00000    4.62405
 111.00000    4.62292    0.00000    4.62292
 111.50000    4.62442    0.00000    4.62442
 112.00000    4.62484    0.00000    4.62484
 112.50000    4.62511    0.00000    4.62511
 113.00000    4.62142    0.00000    4.62142
 113.50000    4.61973    0.00000    4.61973
 114.00000    4.61467    0.00000    4.61467
 114.50000    4.61857    0.00000    4.61857
 115.00000    4.61808    0.00000    4.61808
 115.50000    4.61716    0.00000    4.61716
 116.00000    4.61360    0.00000    4.61360
 116.50000    4.61135    0.00000    4.61135
 117.00000    4.60714    0.00000    4.60714
 117.50000    4.60908    0.00000    4.60908
 118.00000    4.60952    0.00000    4.60952
 118.50000    4.61035    0.00000    4.61035
 119.00000    4.60646    0.00000    4.60646
 119.50000    4.60435    0.00000    4.60435
 120.00000    4.59409    0.00000    4.59409
 120.50000    4.59661    0.00000    4.59661
 121.00000    4.59687    0.00000    4.59687
 121.50000    4.60052    0.00000    4.60052
 122.00000    4.59993    0.00000    4.59993
 122.50000    4.60273    0.00000    4.60273
 123.00000    4.59602    0.00000    4.59602
 123.50000    4.59160    0.00000    4.59160
 124.00000    4.59097    0.00000    4.59097
 124.50000    4.59435    0.00000    4.59435
 125.00000    4.59016    0.00000    4.59016
 125.50000    4.58499    0.00000    4.58499
 126.00000    4.58227    0.00000    4.58227
 126.50000    4.58856    0.00000    4.58856
 127.00000    4.58677    0.00000    4.58677
 127.50000    4.58478    0.00000    4.58478
 128.00000    4.57826    0.00000    4.57826
 128.50000    4.58002    0.00000    4.58002
 129.00000    4.58122    0.00000    4.58122
 129.50000    4.58617    0.00000    4.58617
 130.00000    4.58224    0.00000    4.58224
 130.50000    4.57487    0.00000    4.57487
 131.00000    4.56855    0.00000    4.56855
 131.50000    4.56516    0.00000    4.56516
 132.00000    4.56942    0.00000    4.56942
 132.50000    4.57433    0.00000    4.57433
 133.00000    4.57530    0.00000    4.57530
 133.50000    4.56922    0.00000    4.56922
 134.00000    4.56686    0.00000    4.56686
 134.50000    4.56676    0.00000    4.56676
 135.00000    4.56422    0.00000    4.56422
 135.50000    4.56256    0.00000    4.56256
 136.00000    4.56157    0.00000    4.56157
 136.50000    4.56887    0.00000    4.56887
 137.00000    4.56814    0.00000    4.56814
 137.50000    4.56717    0.00000    4.56717
 138.00000    4.56134    0.00000    4.56134
 138.50000    4.56830    0.00000    4.56830
 139.00000    4.56456    0.00000    4.56456
 139.50000    4.56606    0.00000    4.56606
 140.00000    4.55825    0.00000    4.55825
 140.50000    4.55709    0.00000    4.55709
 141.00000    4.55679    0.00000    4.55679
 141.50000    4.56198    0.00000    4.56198
 142.00000    4.55543    0.00000    4.55543
 142.50000    4.54925    0.00000    4.54925
 143.00000    4.54563    0.00000    4.54563
 143.50000    4.54326    0.00000    4.54326
 144.00000    4.54473    0.00000    4.54473
 144.50000    4.54623    0.00000    4.54623
 145.00000    4.54841    0.00000    4.54841
 145.50000    4.54124    0.00000    4.54124
 146.00000    4.54790    0.00000    4.54790
 146.50000    4.54639    0.00000    4.54639
 147.00000    4.54642    0.00000    4.54642
 147.50000    4.53715    0.00000    4.53715
 148.00000    4.54206    0.00000    4.54206
 148.50000    4.54221    0.00000    4.54221
 149.00000    4.54311    0.00000    4.54311
 149.50000    4.53376    0.00000    4.53376
 150.00000    4.51351    0.00000    4.51351
