   0.00000    0.93921    0.00000    0.93921
   0.50000    1.51471    0.00000    1.51471
   1.00000    1.87987    0.00000    1.87987
   1.50000    2.12572    0.00000    2.12572
   2.00000    2.37788    0.00000    2.37788
   2.50000    2.51485    0.00000    2.51485
   3.00000    2.73820    0.00000    2.73820
   3.50000    2.88194    0.00000    2.88194
   4.00000    2.97666    0.00000    2.97666
   4.50000    3.07885    0.00000    3.07885
   5.00000    3.18057    0.00000    3.18057
   5.50000    3.26064    0.00000    3.26064
   6.00000    3.30835    0.00000    3.30835
   6.50000    3.36728    0.00000    3.36728
   7.00000    3.40377    0.00000    3.40377
   7.50000    3.44844    0.00000    3.44844
   8.00000    3.45661    0.00000    3.45661
   8.50000    3.46944    0.00000    3.46944
   9.00000    3.49980    0.00000    3.49980
   9.50000    3.52740    0.00000    3.52740
  10.00000    3.51288    0.00000    3.51288
  10.50000    3.50500    0.00000    3.50500
  11.00000    3.51453    0.00000    3.51453
  11.50000    3.54176    0.00000    3.54176
  12.00000    3.54745    0.00000    3.54745
  12.50000    3.56516    0.00000    3.56516
  13.00000    3.58188    0.00000    3.58188
  13.50000    3.58475    0.00000    3.58475
  14.00000    3.59336    0.00000    3.59336
  14.50000    3.60500    0.00000    3.60500
  15.00000    3.60964    0.00000    3.60964
  15.50000    3.61063    0.00000    3.61063
  16.00000    3.62278    0.00000    3.62278
  16.50000    3.63373    0.00000    3.63373
  17.00000    3.64502    0.00000    3.64502
  17.50000    3.65963    0.00000    3.65963
  18.00000    3.67358    0.00000    3.67358
  18.50000    3.67506    0.00000    3.67506
  19.00000    3.67778    0.00000    3.67778
  19.50000    3.68942    0.00000    3.68942
  20.00000    3.71422    0.00000    3.71422
  20.50000    3.70862    0.00000    3.70862
  21.00000    3.71729    0.00000    3.71729
  21.50000    3.73704    0.00000    3.73704
  22.00000    3.76793    0.00000    3.76793
  22.50000    3.74015    0.00000    3.74015
  23.00000    3.72912    0.00000    3.72912
  23.50000    3.73448    0.00000    3.73448
  24.00000    3.76726    0.00000    3.76726
  24.50000    3.75365    0.00000    3.75365
  25.00000    3.73025    0.00000    3.73025
  25.50000    3.72464    0.00000    3.72464
  26.00000    3.74613    0.00000    3.74613
  26.50000    3.78005    0.00000    3.78005
  27.00000    3.79757    0.00000    3.79757
  27.50000    3.82648    0.00000    3.82648
  28.00000    3.84741    0.00000    3.84741
  28.50000    3.88684    0.00000    3.88684
  29.00000    3.89470    0.00000    3.89470
  29.50000    3.89733    0.00000    3.89733
  30.00000    3.91193    0.00000    3.91193
  30.50000    3.91350    0.00000    3.91350
  31.00000    3.90014    0.00000    3.90014
  31.50000    3.88803    0.00000    3.88803
  32.00000    3.89423    0.00000    3.89423
  32.50000    3.90148    0.00000    3.90148
  33.00000    3.91029    0.00000    3.91029
  33.50000    3.91285    0.00000    3.91285
  34.00000    3.89826    0.00000    3.89826
  34.50000    3.87062    0.00000    3.87062
  35.00000    3.85259    0.00000    3.85259
  35.50000    3.84702    0.00000    3.84702
  36.00000    3.83148    0.00000    3.83148
  36.50000    3.76442    0.00000    3.76442
  37.00000    3.73479    0.00000    3.73479
  37.50000    3.73482    0.00000    3.73482
  38.00000    3.74636    0.00000    3.74636
  38.50000    3.71916    0.00000    3.71916
  39.00000    3.69884    0.00000    3.69884
  39.50000    3.68588    0.00000    3.68588
  40.00000    3.68178    0.00000    3.68178
  40.50000    3.70538    0.00000    3.70538
  41.00000    3.71705    0.00000    3.71705
  41.50000    3.72781    0.00000    3.72781
  42.00000    3.70778    0.00000    3.70778
  42.50000    3.69028    0.00000    3.69028
  43.00000    3.66386    0.00000    3.66386
  43.50000    3.64116    0.00000    3.64116
  44.00000    3.61052    0.00000    3.61052
  44.50000    3.58906    0.00000    3.58906
  45.00000    3.54460    0.00000    3.54460
  45.50000    3.51857    0.00000    3.51857
  46.00000    3.48547    0.00000    3.48547
  46.50000    3.48583    0.00000    3.48583
  47.00000    3.48417    0.00000    3.48417
  47.50000    3.49548    0.00000    3.49548
  48.00000    3.52111    0.00000    3.52111
  48.50000    3.61984    0.00000    3.61984
  49.00000    3.70190    0.00000    3.70190
  49.50000    3.75518    0.00000    3.75518
  50.00000    3.79710    0.00000    3.79710
  50.50000    3.86649    0.00000    3.86649
  51.00000    3.87621    0.00000    3.87621
  51.50000    3.90687    0.00000    3.90687
  52.00000    3.94545    0.00000    3.94545
  52.50000    4.01391    0.00000    4.01391
  53.00000    4.04185    0.00000    4.04185
  53.50000    4.05472    0.00000    4.05472
  54.00000    4.09575    0.00000    4.09575
  54.50000    4.19431    0.00000    4.19431
  55.00000    4.26265    0.00000    4.26265
  55.50000    4.27472    0.00000    4.27472
  56.00000    4.28957    0.00000    4.28957
  56.50000    4.29095    0.00000    4.29095
  57.00000    4.29163    0.00000    4.29163
  57.50000    4.29343    0.00000    4.29343
  58.00000    4.33335    0.00000    4.33335
  58.50000    4.35899    0.00000    4.35899
  59.00000    4.38063    0.00000    4.38063
  59.50000    4.36823    0.00000    4.36823
  60.00000    4.38043    0.00000    4.38043
  60.50000    4.39097    0.00000    4.39097
  61.00000    4.39815    0.00000    4.39815
  61.50000    4.39921    0.00000    4.39921
  62.00000    4.40762    0.00000    4.40762
  62.50000    4.43303    0.00000    4.43303
  63.00000    4.43784    0.00000    4.43784
  63.50000    4.44484    0.00000    4.44484
  64.00000    4.42368    0.00000    4.42368
  64.50000    4.44288    0.00000    4.44288
  65.00000    4.46820    0.00000    4.46820
  65.50000    4.48314    0.00000    4.48314
  66.00000    4.47247    0.00000    4.47247
  66.50000    4.47042    0.00000    4.47042
  67.00000    4.46355    0.00000    4.46355
  67.50000    4.47217    0.00000    4.47217
  68.00000    4.49042    0.00000    4.49042
  68.50000    4.52614    0.00000    4.52614
  69.00000    4.52909    0.00000    4.52909
  69.50000    4.53030    0.00000    4.53030
  70.00000    4.52150    0.00000    4.52150
  70.50000    4.54248    0.00000    4.54248
  71.00000    4.53413    0.00000    4.53413
  71.50000    4.52404    0.00000    4.52404
  72.00000    4.50483    0.00000    4.50483
  72.50000    4.51849    0.00000    4.51849
  73.00000    4.53232    0.00000    4.53232
  73.50000    4.54858    0.00000    4.54858
  74.00000    4.54043    0.00000    4.54043
  74.50000    4.53607    0.00000    4.53607
  75.00000    4.53831    0.00000    4.53831
  75.50000    4.53842    0.00000    4.53842
  76.00000    4.53198    0.00000    4.53198
  76.50000    4.53767    0.00000    4.53767
  77.00000    4.53852    0.00000    4.53852
  77.50000    4.54109    0.00000    4.54109
  78.00000    4.54766    0.00000    4.54766
  78.50000    4.55630    0.00000    4.55630
  79.00000    4.54973    0.00000    4.54973
  79.50000    4.53761    0.00000    4.53761
  80.00000    4.53476    0.00000    4.53476
  80.50000    4.54242    0.00000    4.54242
  81.00000    4.54892    0.00000    4.54892
  81.50000    4.55094    0.00000    4.55094
  82.00000    4.54582    0.00000    4.54582
  82.50000    4.55561    0.00000    4.55561
  83.00000    4.58270    0.00000    4.58270
  83.50000    4.60138    0.00000    4.60138
  84.00000    4.59048    0.00000    4.59048
  84.50000    4.55989    0.00000    4.55989
  85.00000    4.52927    0.00000    4.52927
  85.50000    4.51608    0.00000    4.51608
  86.00000    4.53988    0.00000    4.53988
  86.50000    4.55254    0.00000    4.55254
  87.00000    4.55864    0.00000    4.55864
  87.50000    4.54585    0.00000    4.54585
  88.00000    4.54421    0.00000    4.54421
  88.50000    4.53022    0.00000    4.53022
  89.00000    4.53093    0.00000    4.53093
  89.50000    4.53029    0.00000    4.53029
  90.00000    4.52589    0.00000    4.52589
  90.50000    4.51678    0.00000    4.51678
  91.00000    4.51365    0.00000    4.51365
  91.50000    4.52049    0.00000    4.52049
  92.00000    4.52783    0.00000    4.52783
  92.50000    4.51927    0.00000    4.51927
  93.00000    4.51927    0.00000    4.51927
  93.50000    4.51749    0.00000    4.51749
  94.00000    4.52664    0.00000    4.52664
  94.50000    4.52232    0.00000    4.52232
  95.00000    4.51856    0.00000    4.51856
  95.50000    4.51003    0.00000    4.51003
  96.00000    4.50591    0.00000    4.50591
  96.50000    4.49027    0.00000    4.49027
  97.00000    4.49817    0.00000    4.49817
  97.50000    4.49741    0.00000    4.49741
  98.00000    4.49087    0.00000    4.49087
  98.50000    4.47358    0.00000    4.47358
  99.00000    4.48473    0.00000    4.48473
  99.50000    4.50086    0.00000    4.50086
 100.00000    4.50716    0.00000    4.50716
 100.50000    4.50252    0.00000    4.50252
 101.00000    4.48719    0.00000    4.48719
 101.50000    4.50247    0.00000    4.50247
 102.00000    4.51108    0.00000    4.51108
 102.50000    4.49368    0.00000    4.49368
 103.00000    4.46305    0.00000    4.46305
 103.50000    4.45636    0.00000    4.45636
 104.00000    4.45915    0.00000    4.45915
 104.50000    4.46323    0.00000    4.46323
 105.00000    4.45249    0.00000    4.45249
 105.50000    4.44248    0.00000    4.44248
 106.00000    4.43312    0.00000    4.43312
 106.50000    4.44264    0.00000    4.44264
 107.00000    4.44433    0.00000    4.44433
 107.50000    4.45710    0.00000    4.45710
 108.00000    4.45708    0.00000    4.45708
 108.50000    4.45054    0.00000    4.45054
 109.00000    4.44859    0.00000    4.44859
 109.50000    4.44193    0.00000    4.44193
 110.00000    4.42952    0.00000    4.42952
 110.50000    4.41729    0.00000    4.41729
 111.00000    4.41083    0.00000    4.41083
 111.50000    4.41368    0.00000    4.41368
 112.00000    4.41487    0.00000    4.41487
 112.50000    4.42713    0.00000    4.42713
 113.00000    4.42105    0.00000    4.42105
 113.50000    4.43953    0.00000    4.43953
 114.00000    4.43188    0.00000    4.43188
 114.50000    4.42369    0.00000    4.42369
 115.00000    4.39170    0.00000    4.39170
 115.50000    4.39032    0.00000    4.39032
 116.00000    4.40356    0.00000    4.40356
 116.50000    4.41148    0.00000    4.41148
 117.00000    4.40454    0.00000    4.40454
 117.50000    4.39048    0.00000    4.39048
 118.00000    4.38221    0.00000    4.38221
 118.50000    4.37696    0.00000    4.37696
 119.00000    4.38153    0.00000    4.38153
 119.50000    4.38489    0.00000    4.38489
 120.00000    4.38967    0.00000    4.38967
 120.50000    4.40022    0.00000    4.40022
 121.00000    4.40485    0.00000    4.40485
 121.50000    4.39110    0.00000    4.39110
 122.00000    4.37659    0.00000    4.37659
 122.50000    4.38197    0.00000    4.38197
 123.00000    4.39144    0.00000    4.39144
 123.50000    4.38069    0.00000    4.38069
 124.00000    4.36910    0.00000    4.36910
 124.50000    4.35186    0.00000    4.35186
 125.00000    4.33752    0.00000    4.33752
 125.50000    4.34218    0.00000    4.34218
 126.00000    4.37967    0.00000    4.37967
 126.50000    4.38702    0.00000    4.38702
 127.00000    4.37572    0.00000    4.37572
 127.50000    4.35546    0.00000    4.35546
 128.00000    4.35429    0.00000    4.35429
 128.50000    4.36034    0.00000    4.36034
 129.00000    4.38408    0.00000    4.38408
 129.50000    4.39974    0.00000    4.39974
 130.00000    4.38159    0.00000    4.38159
 130.50000    4.36242    0.00000    4.36242
 131.00000    4.34236    0.00000    4.34236
 131.50000    4.33410    0.00000    4.33410
 132.00000    4.32341    0.00000    4.32341
 132.50000    4.33319    0.00000    4.33319
 133.00000    4.33725    0.00000    4.33725
 133.50000    4.33273    0.00000    4.33273
 134.00000    4.32069    0.00000    4.32069
 134.50000    4.31245    0.00000    4.31245
 135.00000    4.30447    0.00000    4.30447
 135.50000    4.31558    0.00000    4.31558
 136.00000    4.29413    0.00000    4.29413
 136.50000    4.29565    0.00000    4.29565
 137.00000    4.30519    0.00000    4.30519
 137.50000    4.32966    0.00000    4.32966
 138.00000    4.32574    0.00000    4.32574
 138.50000    4.32357    0.00000    4.32357
 139.00000    4.32306    0.00000    4.32306
 139.50000    4.32206    0.00000    4.32206
 140.00000    4.31484    0.00000    4.31484
 140.50000    4.31250    0.00000    4.31250
 141.00000    4.31789    0.00000    4.31789
 141.50000    4.32877    0.00000    4.32877
 142.00000    4.31674    0.00000    4.31674
 142.50000    4.30669    0.00000    4.30669
 143.00000    4.31194    0.00000    4.31194
 143.50000    4.31604    0.00000    4.31604
 144.00000    4.31251    0.00000    4.31251
 144.50000    4.29765    0.00000    4.29765
 145.00000    4.30243    0.00000    4.30243
 145.50000    4.30511    0.00000    4.30511
 146.00000    4.31399    0.00000    4.31399
 146.50000    4.31463    0.00000    4.31463
 147.00000    4.30891    0.00000    4.30891
 147.50000    4.27936    0.00000    4.27936
 148.00000    4.28572    0.00000    4.28572
 148.50000    4.30569    0.00000    4.30569
 149.00000    4.31410    0.00000    4.31410
 149.50000    4.28895    0.00000    4.28895
 150.00000    4.30722    0.00000    4.30722
