   0.00000    1.18863    0.00000    1.18863
   0.50000    2.25931    0.00000    2.25931
   1.00000    2.52129    0.00000    2.52129
   1.50000    2.57555    0.00000    2.57555
   2.00000    2.67249    0.00000    2.67249
   2.50000    2.76835    0.00000    2.76835
   3.00000    2.72869    0.00000    2.72869
   3.50000    2.80722    0.00000    2.80722
   4.00000    2.94363    0.00000    2.94363
   4.50000    3.04675    0.00000    3.04675
   5.00000    3.03053    0.00000    3.03053
   5.50000    3.06293    0.00000    3.06293
   6.00000    3.08887    0.00000    3.08887
   6.50000    3.17082    0.00000    3.17082
   7.00000    3.25180    0.00000    3.25180
   7.50000    3.30316    0.00000    3.30316
   8.00000    3.30667    0.00000    3.30667
   8.50000    3.32007    0.00000    3.32007
   9.00000    3.32221    0.00000    3.32221
   9.50000    3.31074    0.00000    3.31074
  10.00000    3.32660    0.00000    3.32660
  10.50000    3.36095    0.00000    3.36095
  11.00000    3.36053    0.00000    3.36053
  11.50000    3.37930    0.00000    3.37930
  12.00000    3.39067    0.00000    3.39067
  12.50000    3.40714    0.00000    3.40714
  13.00000    3.38366    0.00000    3.38366
  13.50000    3.40336    0.00000    3.40336
  14.00000    3.40956    0.00000    3.40956
  14.50000    3.42329    0.00000    3.42329
  15.00000    3.43389    0.00000    3.43389
  15.50000    3.44924    0.00000    3.44924
  16.00000    3.46402    0.00000    3.46402
  16.50000    3.46978    0.00000    3.46978
  17.00000    3.49487    0.00000    3.49487
  17.50000    3.50061    0.00000    3.50061
  18.00000    3.50709    0.00000    3.50709
  18.50000    3.50433    0.00000    3.50433
  19.00000    3.53720    0.00000    3.53720
  19.50000    3.54840    0.00000    3.54840
  20.00000    3.55087    0.00000    3.55087
  20.50000    3.56908    0.00000    3.56908
  21.00000    3.62381    0.00000    3.62381
  21.50000    3.66525    0.00000    3.66525
  22.00000    3.67885    0.00000    3.67885
  22.50000    3.64733    0.00000    3.64733
  23.00000    3.61401    0.00000    3.61401
  23.50000    3.61767    0.00000    3.61767
  24.00000    3.69161    0.00000    3.69161
  24.50000    3.71409    0.00000    3.71409
  25.00000    3.71393    0.00000    3.71393
  25.50000    3.71809    0.00000    3.71809
  26.00000    3.76565    0.00000    3.76565
  26.50000    3.79215    0.00000    3.79215
  27.00000    3.83039    0.00000    3.83039
  27.50000    3.83633    0.00000    3.83633
  28.00000    3.85792    0.00000    3.85792
  28.50000    3.91520    0.00000    3.91520
  29.00000    3.99678    0.00000    3.99678
  29.50000    4.02849    0.00000    4.02849
  30.00000    4.05209    0.00000    4.05209
  30.50000    4.04041    0.00000    4.04041
  31.00000    4.08144    0.00000    4.08144
  31.50000    4.14965    0.00000    4.14965
  32.00000    4.21735    0.00000    4.21735
  32.50000    4.22434    0.00000    4.22434
  33.00000    4.25980    0.00000    4.25980
  33.50000    4.31719    0.00000    4.31719
  34.00000    4.37080    0.00000    4.37080
  34.50000    4.38103    0.00000    4.38103
  35.00000    4.37043    0.00000    4.37043
  35.50000    4.35790    0.00000    4.35790
  36.00000    4.35372    0.00000    4.35372
  36.50000    4.32300    0.00000    4.32300
  37.00000    4.31623    0.00000    4.31623
  37.50000    4.30005    0.00000    4.30005
  38.00000    4.29015    0.00000    4.29015
  38.50000    4.27413    0.00000    4.27413
  39.00000    4.26936    0.00000    4.26936
  39.50000    4.24821    0.00000    4.24821
  40.00000    4.20048    0.00000    4.20048
  40.50000    4.17305    0.00000    4.17305
  41.00000    4.17793    0.00000    4.17793
  41.50000    4.21287    0.00000    4.21287
  42.00000    4.20928    0.00000    4.20928
  42.50000    4.20753    0.00000    4.20753
  43.00000    4.20502    0.00000    4.20502
  43.50000    4.18106    0.00000    4.18106
  44.00000    4.15495    0.00000    4.15495
  44.50000    4.17976    0.00000    4.17976
  45.00000    4.23701    0.00000    4.23701
  45.50000    4.27862    0.00000    4.27862
  46.00000    4.28418    0.00000    4.28418
  46.50000    4.26667    0.00000    4.26667
  47.00000    4.24702    0.00000    4.24702
  47.50000    4.25010    0.00000    4.25010
  48.00000    4.26601    0.00000    4.26601
  48.50000    4.28724    0.00000    4.28724
  49.00000    4.33633    0.00000    4.33633
  49.50000    4.36183    0.00000    4.36183
  50.00000    4.38372    0.00000    4.38372
  50.50000    4.38557    0.00000    4.38557
  51.00000    4.38654    0.00000    4.38654
  51.50000    4.37315    0.00000    4.37315
  52.00000    4.40302    0.00000    4.40302
  52.50000    4.43449    0.00000    4.43449
  53.00000    4.43907    0.00000    4.43907
  53.50000    4.44321    0.00000    4.44321
  54.00000    4.46781    0.00000    4.46781
  54.50000    4.50432    0.00000    4.50432
  55.00000    4.50861    0.00000    4.50861
  55.50000    4.51147    0.00000    4.51147
  56.00000    4.50810    0.00000    4.50810
  56.50000    4.51974    0.00000    4.51974
  57.00000    4.51445    0.00000    4.51445
  57.50000    4.51944    0.00000    4.51944
  58.00000    4.52255    0.00000    4.52255
  58.50000    4.54775    0.00000    4.54775
  59.00000    4.56513    0.00000    4.56513
  59.50000    4.56158    0.00000    4.56158
  60.00000    4.53769    0.00000    4.53769
  60.50000    4.53733    0.00000    4.53733
  61.00000    4.55207    0.00000    4.55207
  61.50000    4.56825    0.00000    4.56825
  62.00000    4.56321    0.00000    4.56321
  62.50000    4.56230    0.00000    4.56230
  63.00000    4.55397    0.00000    4.55397
  63.50000    4.56123    0.00000    4.56123
  64.00000    4.56124    0.00000    4.56124
  64.50000    4.57534    0.00000    4.57534
  65.00000    4.58930    0.00000    4.58930
  65.50000    4.61158    0.00000    4.61158
  66.00000    4.62053    0.00000    4.62053
  66.50000    4.60340    0.00000    4.60340
  67.00000    4.58050    0.00000    4.58050
  67.50000    4.57794    0.00000    4.57794
  68.00000    4.59804    0.00000    4.59804
  68.50000    4.60837    0.00000    4.60837
  69.00000    4.61229    0.00000    4.61229
  69.50000    4.62440    0.00000    4.62440
  70.00000    4.63505    0.00000    4.63505
  70.50000    4.64640    0.00000    4.64640
  71.00000    4.64457    0.00000    4.64457
  71.50000    4.65723    0.00000    4.65723
  72.00000    4.64190    0.00000    4.64190
  72.50000    4.65093    0.00000    4.65093
  73.00000    4.64770    0.00000    4.64770
  73.50000    4.64378    0.00000    4.64378
  74.00000    4.62393    0.00000    4.62393
  74.50000    4.64150    0.00000    4.64150
  75.00000    4.66333    0.00000    4.66333
  75.50000    4.67739    0.00000    4.67739
  76.00000    4.67478    0.00000    4.67478
  76.50000    4.68915    0.00000    4.68915
  77.00000    4.67698    0.00000    4.67698
  77.50000    4.66581    0.00000    4.66581
  78.00000    4.63922    0.00000    4.63922
  78.50000    4.65109    0.00000    4.65109
  79.00000    4.65097    0.00000    4.65097
  79.50000    4.67710    0.00000    4.67710
  80.00000    4.67897    0.00000    4.67897
  80.50000    4.68614    0.00000    4.68614
  81.00000    4.67398    0.00000    4.67398
  81.50000    4.69006    0.00000    4.69006
  82.00000    4.70320    0.00000    4.70320
  82.50000    4.70322    0.00000    4.70322
  83.00000    4.70301    0.00000    4.70301
  83.50000    4.70256    0.00000    4.70256
  84.00000    4.71863    0.00000    4.71863
  84.50000    4.71592    0.00000    4.71592
  85.00000    4.71499    0.00000    4.71499
  85.50000    4.72169    0.00000    4.72169
  86.00000    4.72874    0.00000    4.72874
  86.50000    4.71750    0.00000    4.71750
  87.00000    4.72027    0.00000    4.72027
  87.50000    4.73277    0.00000    4.73277
  88.00000    4.73284    0.00000    4.73284
  88.50000    4.71168    0.00000    4.71168
  89.00000    4.72477    0.00000    4.72477
  89.50000    4.73872    0.00000    4.73872
  90.00000    4.74727    0.00000    4.74727
  90.50000    4.73573    0.00000    4.73573
  91.00000    4.72884    0.00000    4.72884
  91.50000    4.73207    0.00000    4.73207
  92.00000    4.74109    0.00000    4.74109
  92.50000    4.74483    0.00000    4.74483
  93.00000    4.74405    0.00000    4.74405
  93.50000    4.73375    0.00000    4.73375
  94.00000    4.74850    0.00000    4.74850
  94.50000    4.77153    0.00000    4.77153
  95.00000    4.79229    0.00000    4.79229
  95.50000    4.77312    0.00000    4.77312
  96.00000    4.74631    0.00000    4.74631
  96.50000    4.74219    0.00000    4.74219
  97.00000    4.75775    0.00000    4.75775
  97.50000    4.78579    0.00000    4.78579
  98.00000    4.77085    0.00000    4.77085
  98.50000    4.76518    0.00000    4.76518
  99.00000    4.74007    0.00000    4.74007
  99.50000    4.75854    0.00000    4.75854
 100.00000    4.76897    0.00000    4.76897
 100.50000    4.77510    0.00000    4.77510
 101.00000    4.75943    0.00000    4.75943
 101.50000    4.77454    0.00000    4.77454
 102.00000    4.79033    0.00000    4.79033
 102.50000    4.77209    0.00000    4.77209
 103.00000    4.77682    0.00000    4.77682
 103.50000    4.80000    0.00000    4.80000
 104.00000    4.80994    0.00000    4.80994
 104.50000    4.79582    0.00000    4.79582
 105.00000    4.78843    0.00000    4.78843
 105.50000    4.77120    0.00000    4.77120
 106.00000    4.76879    0.00000    4.76879
 106.50000    4.79328    0.00000    4.79328
 107.00000    4.81039    0.00000    4.81039
 107.50000    4.80949    0.00000    4.80949
 108.00000    4.80021    0.00000    4.80021
 108.50000    4.79490    0.00000    4.79490
 109.00000    4.79173    0.00000    4.79173
 109.50000    4.80338    0.00000    4.80338
 110.00000    4.82082    0.00000    4.82082
 110.50000    4.81654    0.00000    4.81654
 111.00000    4.82223    0.00000    4.82223
 111.50000    4.82716    0.00000    4.82716
 112.00000    4.83042    0.00000    4.83042
 112.50000    4.82737    0.00000    4.82737
 113.00000    4.83716    0.00000    4.83716
 113.50000    4.82832    0.00000    4.82832
 114.00000    4.81370    0.00000    4.81370
 114.50000    4.82753    0.00000    4.82753
 115.00000    4.86037    0.00000    4.86037
 115.50000    4.86945    0.00000    4.86945
 116.00000    4.85051    0.00000    4.85051
 116.50000    4.83522    0.00000    4.83522
 117.00000    4.81948    0.00000    4.81948
 117.50000    4.82362    0.00000    4.82362
 118.00000    4.82898    0.00000    4.82898
 118.50000    4.83193    0.00000    4.83193
 119.00000    4.82837    0.00000    4.82837
 119.50000    4.86673    0.00000    4.86673
 120.00000    4.87518    0.00000    4.87518
 120.50000    4.86942    0.00000    4.86942
 121.00000    4.84693    0.00000    4.84693
 121.50000    4.85601    0.00000    4.85601
 122.00000    4.85599    0.00000    4.85599
 122.50000    4.89114    0.00000    4.89114
 123.00000    4.89579    0.00000    4.89579
 123.50000    4.86006    0.00000    4.86006
 124.00000    4.85859    0.00000    4.85859
 124.50000    4.88274    0.00000    4.88274
 125.00000    4.89157    0.00000    4.89157
 125.50000    4.86636    0.00000    4.86636
 126.00000    4.87293    0.00000    4.87293
 126.50000    4.87827    0.00000    4.87827
 127.00000    4.88404    0.00000    4.88404
 127.50000    4.87544    0.00000    4.87544
 128.00000    4.86835    0.00000    4.86835
 128.50000    4.88384    0.00000    4.88384
 129.00000    4.91173    0.00000    4.91173
 129.50000    4.91452    0.00000    4.91452
 130.00000    4.87876    0.00000    4.87876
 130.50000    4.87130    0.00000    4.87130
 131.00000    4.87619    0.00000    4.87619
 131.50000    4.87019    0.00000    4.87019
 132.00000    4.87742    0.00000    4.87742
 132.50000    4.88580    0.00000    4.88580
 133.00000    4.88157    0.00000    4.88157
 133.50000    4.85948    0.00000    4.85948
 134.00000    4.87697    0.00000    4.87697
 134.50000    4.89939    0.00000    4.89939
 135.00000    4.89219    0.00000    4.89219
 135.50000    4.89336    0.00000    4.89336
 136.00000    4.89968    0.00000    4.89968
 136.50000    4.89303    0.00000    4.89303
 137.00000    4.86899    0.00000    4.86899
 137.50000    4.87295    0.00000    4.87295
 138.00000    4.88137    0.00000    4.88137
 138.50000    4.87826    0.00000    4.87826
 139.00000    4.89621    0.00000    4.89621
 139.50000    4.92258    0.00000    4.92258
 140.00000    4.91225    0.00000    4.91225
 140.50000    4.90251    0.00000    4.90251
 141.00000    4.90072    0.00000    4.90072
 141.50000    4.90397    0.00000    4.90397
 142.00000    4.89371    0.00000    4.89371
 142.50000    4.90781    0.00000    4.90781
 143.00000    4.89983    0.00000    4.89983
 143.50000    4.88718    0.00000    4.88718
 144.00000    4.89306    0.00000    4.89306
 144.50000    4.91359    0.00000    4.91359
 145.00000    4.91309    0.00000    4.91309
 145.50000    4.88483    0.00000    4.88483
 146.00000    4.88149    0.00000    4.88149
 146.50000    4.89119    0.00000    4.89119
 147.00000    4.89442    0.00000    4.89442
 147.50000    4.88457    0.00000    4.88457
 148.00000    4.91477    0.00000    4.91477
 148.50000    4.92619    0.00000    4.92619
 149.00000    4.91327    0.00000    4.91327
 149.50000    4.87758    0.00000    4.87758
 150.00000    4.85988    0.00000    4.85988
