   0.00000    0.97448    0.00000    0.97448
   0.50000    1.79614    0.00000    1.79614
   1.00000    2.35828    0.00000    2.35828
   1.50000    2.57517    0.00000    2.57517
   2.00000    2.61293    0.00000    2.61293
   2.50000    2.88852    0.00000    2.88852
   3.00000    3.17678    0.00000    3.17678
   3.50000    3.28258    0.00000    3.28258
   4.00000    3.29722    0.00000    3.29722
   4.50000    3.30651    0.00000    3.30651
   5.00000    3.37998    0.00000    3.37998
   5.50000    3.45286    0.00000    3.45286
   6.00000    3.50175    0.00000    3.50175
   6.50000    3.51451    0.00000    3.51451
   7.00000    3.51386    0.00000    3.51386
   7.50000    3.53751    0.00000    3.53751
   8.00000    3.54747    0.00000    3.54747
   8.50000    3.57581    0.00000    3.57581
   9.00000    3.57416    0.00000    3.57416
   9.50000    3.61276    0.00000    3.61276
  10.00000    3.64074    0.00000    3.64074
  10.50000    3.66598    0.00000    3.66598
  11.00000    3.67044    0.00000    3.67044
  11.50000    3.68570    0.00000    3.68570
  12.00000    3.70781    0.00000    3.70781
  12.50000    3.71407    0.00000    3.71407
  13.00000    3.70493    0.00000    3.70493
  13.50000    3.72984    0.00000    3.72984
  14.00000    3.76085    0.00000    3.76085
  14.50000    3.77946    0.00000    3.77946
  15.00000    3.77345    0.00000    3.77345
  15.50000    3.78441    0.00000    3.78441
  16.00000    3.82080    0.00000    3.82080
  16.50000    3.89410    0.00000    3.89410
  17.00000    3.93604    0.00000    3.93604
  17.50000    3.94542    0.00000    3.94542
  18.00000    3.95713    0.00000    3.95713
  18.50000    3.98040    0.00000    3.98040
  19.00000    3.98811    0.00000    3.98811
  19.50000    3.99726    0.00000    3.99726
  20.00000    3.99763    0.00000    3.99763
  20.50000    4.00134    0.00000    4.00134
  21.00000    4.02633    0.00000    4.02633
  21.50000    4.04248    0.00000    4.04248
  22.00000    4.07330    0.00000    4.07330
  22.50000    4.14581    0.00000    4.14581
  23.00000    4.22185    0.00000    4.22185
  23.50000    4.27008    0.00000    4.27008
  24.00000    4.30938    0.00000    4.30938
  24.50000    4.32485    0.00000    4.32485
  25.00000    4.34170    0.00000    4.34170
  25.50000    4.34132    0.00000    4.34132
  26.00000    4.34341    0.00000    4.34341
  26.50000    4.32423    0.00000    4.32423
  27.00000    4.34394    0.00000    4.34394
  27.50000    4.37230    0.00000    4.37230
  28.00000    4.37815    0.00000    4.37815
  28.50000    4.34475    0.00000    4.34475
  29.00000    4.34200    0.00000    4.34200
  29.50000    4.36747    0.00000    4.36747
  30.00000    4.37991    0.00000    4.37991
  30.50000    4.33420    0.00000    4.33420
  31.00000    4.32994    0.00000    4.32994
  31.50000    4.33972    0.00000    4.33972
  32.00000    4.37288    0.00000    4.37288
  32.50000    4.36665    0.00000    4.36665
  33.00000    4.36084    0.00000    4.36084
  33.50000    4.33844    0.00000    4.33844
  34.00000    4.34465    0.00000    4.34465
  34.50000    4.34680    0.00000    4.34680
  35.00000    4.35857    0.00000    4.35857
  35.50000    4.37851    0.00000    4.37851
  36.00000    4.40376    0.00000    4.40376
  36.50000    4.43587    0.00000    4.43587
  37.00000    4.46037    0.00000    4.46037
  37.50000    4.44827    0.00000    4.44827
  38.00000    4.43995    0.00000    4.43995
  38.50000    4.45224    0.00000    4.45224
  39.00000    4.45404    0.00000    4.45404
  39.50000    4.41690    0.00000    4.41690
  40.00000    4.39527    0.00000    4.39527
  40.50000    4.40342    0.00000    4.40342
  41.00000    4.43112    0.00000    4.43112
  41.50000    4.44312    0.00000    4.44312
  42.00000    4.42806    0.00000    4.42806
  42.50000    4.41858    0.00000    4.41858
  43.00000    4.42708    0.00000    4.42708
  43.50000    4.41617    0.00000    4.41617
  44.00000    4.37478    0.00000    4.37478
  44.50000    4.38341    0.00000    4.38341
  45.00000    4.39346    0.00000    4.39346
  45.50000    4.38672    0.00000    4.38672
  46.00000    4.38266    0.00000    4.38266
  46.50000    4.42977    0.00000    4.42977
  47.00000    4.43638    0.00000    4.43638
  47.50000    4.42998    0.00000    4.42998
  48.00000    4.42559    0.00000    4.42559
  48.50000    4.47046    0.00000    4.47046
  49.00000    4.49142    0.00000    4.49142
  49.50000    4.48461    0.00000    4.48461
  50.00000    4.48691    0.00000    4.48691
  50.50000    4.50453    0.00000    4.50453
  51.00000    4.52173    0.00000    4.52173
  51.50000    4.50525    0.00000    4.50525
  52.00000    4.52687    0.00000    4.52687
  52.50000    4.52939    0.00000    4.52939
  53.00000    4.50145    0.00000    4.50145
  53.50000    4.48800    0.00000    4.48800
  54.00000    4.50089    0.00000    4.50089
  54.50000    4.51568    0.00000    4.51568
  55.00000    4.49698    0.00000    4.49698
  55.50000    4.50140    0.00000    4.50140
  56.00000    4.48495    0.00000    4.48495
  56.50000    4.45630    0.00000    4.45630
  57.00000    4.44201    0.00000    4.44201
  57.50000    4.44275    0.00000    4.44275
  58.00000    4.45508    0.00000    4.45508
  58.50000    4.46157    0.00000    4.46157
  59.00000    4.45910    0.00000    4.45910
  59.50000    4.43948    0.00000    4.43948
  60.00000    4.42844    0.00000    4.42844
  60.50000    4.43383    0.00000    4.43383
  61.00000    4.43206    0.00000    4.43206
  61.50000    4.41770    0.00000    4.41770
  62.00000    4.40027    0.00000    4.40027
  62.50000    4.39744    0.00000    4.39744
  63.00000    4.40966    0.00000    4.40966
  63.50000    4.39994    0.00000    4.39994
  64.00000    4.37029    0.00000    4.37029
  64.50000    4.37780    0.00000    4.37780
  65.00000    4.39164    0.00000    4.39164
  65.50000    4.39494    0.00000    4.39494
  66.00000    4.35631    0.00000    4.35631
  66.50000    4.36102    0.00000    4.36102
  67.00000    4.35761    0.00000    4.35761
  67.50000    4.36270    0.00000    4.36270
  68.00000    4.34160    0.00000    4.34160
  68.50000    4.36007    0.00000    4.36007
  69.00000    4.35341    0.00000    4.35341
  69.50000    4.35055    0.00000    4.35055
  70.00000    4.33804    0.00000    4.33804
  70.50000    4.35807    0.00000    4.35807
  71.00000    4.34712    0.00000    4.34712
  71.50000    4.33084    0.00000    4.33084
  72.00000    4.30503    0.00000    4.30503
  72.50000    4.27816    0.00000    4.27816
  73.00000    4.29608    0.00000    4.29608
  73.50000    4.29976    0.00000    4.29976
  74.00000    4.27505    0.00000    4.27505
  74.50000    4.26647    0.00000    4.26647
  75.00000    4.28521    0.00000    4.28521
  75.50000    4.29577    0.00000    4.29577
  76.00000    4.28074    0.00000    4.28074
  76.50000    4.29961    0.00000    4.29961
  77.00000    4.30041    0.00000    4.30041
  77.50000    4.28570    0.00000    4.28570
  78.00000    4.25761    0.00000    4.25761
  78.50000    4.25528    0.00000    4.25528
  79.00000    4.24768    0.00000    4.24768
  79.50000    4.23424    0.00000    4.23424
  80.00000    4.22024    0.00000    4.22024
  80.50000    4.24523    0.00000    4.24523
  81.00000    4.26001    0.00000    4.26001
  81.50000    4.26275    0.00000    4.26275
  82.00000    4.26487    0.00000    4.26487
  82.50000    4.25126    0.00000    4.25126
  83.00000    4.23173    0.00000    4.23173
  83.50000    4.20052    0.00000    4.20052
  84.00000    4.22050    0.00000    4.22050
  84.50000    4.22200    0.00000    4.22200
  85.00000    4.22812    0.00000    4.22812
  85.50000    4.19228    0.00000    4.19228
  86.00000    4.18218    0.00000    4.18218
  86.50000    4.18453    0.00000    4.18453
  87.00000    4.19296    0.00000    4.19296
  87.50000    4.17993    0.00000    4.17993
  88.00000    4.20847    0.00000    4.20847
  88.50000    4.21102    0.00000    4.21102
  89.00000    4.19929    0.00000    4.19929
  89.50000    4.16177    0.00000    4.16177
  90.00000    4.16589    0.00000    4.16589
  90.50000    4.15267    0.00000    4.15267
  91.00000    4.17888    0.00000    4.17888
  91.50000    4.17414    0.00000    4.17414
  92.00000    4.17940    0.00000    4.17940
  92.50000    4.17791    0.00000    4.17791
  93.00000    4.18992    0.00000    4.18992
  93.50000    4.17516    0.00000    4.17516
  94.00000    4.16601    0.00000    4.16601
  94.50000    4.13782    0.00000    4.13782
  95.00000    4.12862    0.00000    4.12862
  95.50000    4.13907    0.00000    4.13907
  96.00000    4.13505    0.00000    4.13505
  96.50000    4.11235    0.00000    4.11235
  97.00000    4.13272    0.00000    4.13272
  97.50000    4.15411    0.00000    4.15411
  98.00000    4.15081    0.00000    4.15081
  98.50000    4.11380    0.00000    4.11380
  99.00000    4.11776    0.00000    4.11776
  99.50000    4.12215    0.00000    4.12215
 100.00000    4.11916    0.00000    4.11916
 100.50000    4.09636    0.00000    4.09636
 101.00000    4.10391    0.00000    4.10391
 101.50000    4.12226    0.00000    4.12226
 102.00000    4.13039    0.00000    4.13039
 102.50000    4.15296    0.00000    4.15296
 103.00000    4.15354    0.00000    4.15354
 103.50000    4.14784    0.00000    4.14784
 104.00000    4.12571    0.00000    4.12571
 104.50000    4.10932    0.00000    4.10932
 105.00000    4.11320    0.00000    4.11320
 105.50000    4.12634    0.00000    4.12634
 106.00000    4.12443    0.00000    4.12443
 106.50000    4.09954    0.00000    4.09954
 107.00000    4.12178    0.00000    4.12178
 107.50000    4.11997    0.00000    4.11997
 108.00000    4.08977    0.00000    4.08977
 108.50000    4.06241    0.00000    4.06241
 109.00000    4.04867    0.00000    4.04867
 109.50000    4.05982    0.00000    4.05982
 110.00000    4.07314    0.00000    4.07314
 110.50000    4.09625    0.00000    4.09625
 111.00000    4.09801    0.00000    4.09801
 111.50000    4.09935    0.00000    4.09935
 112.00000    4.09162    0.00000    4.09162
 112.50000    4.07749    0.00000    4.07749
 113.00000    4.05182    0.00000    4.05182
 113.50000    4.06669    0.00000    4.06669
 114.00000    4.06658    0.00000    4.06658
 114.50000    4.06414    0.00000    4.06414
 115.00000    4.04566    0.00000    4.04566
 115.50000    4.06449    0.00000    4.06449
 116.00000    4.09111    0.00000    4.09111
 116.50000    4.10997    0.00000    4.10997
 117.00000    4.07790    0.00000    4.07790
 117.50000    4.03857    0.00000    4.03857
 118.00000    4.04154    0.00000    4.04154
 118.50000    4.05821    0.00000    4.05821
 119.00000    4.05271    0.00000    4.05271
 119.50000    4.06351    0.00000    4.06351
 120.00000    4.07753    0.00000    4.07753
 120.50000    4.07035    0.00000    4.07035
 121.00000    4.06297    0.00000    4.06297
 121.50000    4.05631    0.00000    4.05631
 122.00000    4.07565    0.00000    4.07565
 122.50000    4.05860    0.00000    4.05860
 123.00000    4.06390    0.00000    4.06390
 123.50000    4.04962    0.00000    4.04962
 124.00000    4.05602    0.00000    4.05602
 124.50000    4.02279    0.00000    4.02279
 125.00000    4.01267    0.00000    4.01267
 125.50000    4.01199    0.00000    4.01199
 126.00000    4.04905    0.00000    4.04905
 126.50000    4.06414    0.00000    4.06414
 127.00000    4.05043    0.00000    4.05043
 127.50000    4.03685    0.00000    4.03685
 128.00000    4.04343    0.00000    4.04343
 128.50000    4.02369    0.00000    4.02369
 129.00000    4.01237    0.00000    4.01237
 129.50000    4.01707    0.00000    4.01707
 130.00000    4.03146    0.00000    4.03146
 130.50000    4.03106    0.00000    4.03106
 131.00000    4.01687    0.00000    4.01687
 131.50000    3.98791    0.00000    3.98791
 132.00000    4.00120    0.00000    4.00120
 132.50000    4.00837    0.00000    4.00837
 133.00000    4.01331    0.00000    4.01331
 133.50000    3.99840    0.00000    3.99840
 134.00000    4.01790    0.00000    4.01790
 134.50000    4.02008    0.00000    4.02008
 135.00000    4.01997    0.00000    4.01997
 135.50000    4.00745    0.00000    4.00745
 136.00000    4.00632    0.00000    4.00632
 136.50000    4.01369    0.00000    4.01369
 137.00000    4.00827    0.00000    4.00827
 137.50000    3.99806    0.00000    3.99806
 138.00000    3.99906    0.00000    3.99906
 138.50000    4.00196    0.00000    4.00196
 139.00000    3.99937    0.00000    3.99937
 139.50000    3.99965    0.00000    3.99965
 140.00000    3.99709    0.00000    3.99709
 140.50000    3.99674    0.00000    3.99674
 141.00000    3.99723    0.00000    3.99723
 141.50000    4.00784    0.00000    4.00784
 142.00000    3.98704    0.00000    3.98704
 142.50000    3.98251    0.00000    3.98251
 143.00000    3.99102    0.00000    3.99102
 143.50000    3.99751    0.00000    3.99751
 144.00000    3.99967    0.00000    3.99967
 144.50000    3.99866    0.00000    3.99866
 145.00000    4.01338    0.00000    4.01338
 145.50000    3.99823    0.00000    3.99823
 146.00000    4.02710    0.00000    4.02710
 146.50000    4.01688    0.00000    4.01688
 147.00000    4.01937    0.00000    4.01937
 147.50000    4.01092    0.00000    4.01092
 148.00000    4.02545    0.00000    4.02545
 148.50000    4.02304    0.00000    4.02304
 149.00000    4.03738    0.00000    4.03738
 149.50000    4.05634    0.00000    4.05634
 150.00000    4.00182    0.00000    4.00182
