   0.00000    1.03606    0.00000    1.03606
   0.50000    1.85751    0.00000    1.85751
   1.00000    2.43399    0.00000    2.43399
   1.50000    2.81082    0.00000    2.81082
   2.00000    2.92422    0.00000    2.92422
   2.50000    2.93865    0.00000    2.93865
   3.00000    2.82812    0.00000    2.82812
   3.50000    2.80261    0.00000    2.80261
   4.00000    2.84097    0.00000    2.84097
   4.50000    2.95715    0.00000    2.95715
   5.00000    2.98998    0.00000    2.98998
   5.50000    3.01324    0.00000    3.01324
   6.00000    3.00790    0.00000    3.00790
   6.50000    3.03901    0.00000    3.03901
   7.00000    3.03399    0.00000    3.03399
   7.50000    3.05239    0.00000    3.05239
   8.00000    3.05951    0.00000    3.05951
   8.50000    3.11593    0.00000    3.11593
   9.00000    3.14565    0.00000    3.14565
   9.50000    3.15696    0.00000    3.15696
  10.00000    3.14361    0.00000    3.14361
  10.50000    3.15109    0.00000    3.15109
  11.00000    3.17829    0.00000    3.17829
  11.50000    3.21002    0.00000    3.21002
  12.00000    3.22636    0.00000    3.22636
  12.50000    3.21036    0.00000    3.21036
  13.00000    3.22106    0.00000    3.22106
  13.50000    3.26019    0.00000    3.26019
  14.00000    3.29591    0.00000    3.29591
  14.50000    3.29578    0.00000    3.29578
  15.00000    3.30524    0.00000    3.30524
  15.50000    3.32321    0.00000    3.32321
  16.00000    3.33692    0.00000    3.33692
  16.50000    3.35881    0.00000    3.35881
  17.00000    3.36621    0.00000    3.36621
  17.50000    3.38858    0.00000    3.38858
  18.00000    3.38385    0.00000    3.38385
  18.50000    3.42561    0.00000    3.42561
  19.00000    3.46820    0.00000    3.46820
  19.50000    3.50729    0.00000    3.50729
  20.00000    3.49733    0.00000    3.49733
  20.50000    3.51032    0.00000    3.51032
  21.00000    3.55226    0.00000    3.55226
  21.50000    3.59149    0.00000    3.59149
  22.00000    3.59994    0.00000    3.59994
  22.50000    3.58522    0.00000    3.58522
  23.00000    3.56903    0.00000    3.56903
  23.50000    3.68142    0.00000    3.68142
  24.00000    3.77278    0.00000    3.77278
  24.50000    3.97353    0.00000    3.97353
  25.00000    4.12941    0.00000    4.12941
  25.50000    4.26821    0.00000    4.26821
  26.00000    4.24298    0.00000    4.24298
  26.50000    4.28143    0.00000    4.28143
  27.00000    4.32372    0.00000    4.32372
  27.50000    4.41881    0.00000    4.41881
  28.00000    4.50563    0.00000    4.50563
  28.50000    4.55528    0.00000    4.55528
  29.00000    4.62125    0.00000    4.62125
  29.50000    4.72104    0.00000    4.72104
  30.00000    4.76775    0.00000    4.76775
  30.50000    4.71432    0.00000    4.71432
  31.00000    4.65798    0.00000    4.65798
  31.50000    4.60837    0.00000    4.60837
  32.00000    4.57681    0.00000    4.57681
  32.50000    4.53651    0.00000    4.53651
  33.00000    4.48559    0.00000    4.48559
  33.50000    4.41666    0.00000    4.41666
  34.00000    4.38907    0.00000    4.38907
  34.50000    4.40402    0.00000    4.40402
  35.00000    4.41310    0.00000    4.41310
  35.50000    4.39811    0.00000    4.39811
  36.00000    4.36653    0.00000    4.36653
  36.50000    4.36296    0.00000    4.36296
  37.00000    4.36480    0.00000    4.36480
  37.50000    4.39895    0.00000    4.39895
  38.00000    4.43012    0.00000    4.43012
  38.50000    4.42630    0.00000    4.42630
  39.00000    4.41552    0.00000    4.41552
  39.50000    4.41240    0.00000    4.41240
  40.00000    4.42042    0.00000    4.42042
  40.50000    4.39623    0.00000    4.39623
  41.00000    4.41448    0.00000    4.41448
  41.50000    4.42828    0.00000    4.42828
  42.00000    4.45963    0.00000    4.45963
  42.50000    4.47027    0.00000    4.47027
  43.00000    4.48145    0.00000    4.48145
  43.50000    4.45607    0.00000    4.45607
  44.00000    4.43267    0.00000    4.43267
  44.50000    4.44503    0.00000    4.44503
  45.00000    4.46725    0.00000    4.46725
  45.50000    4.52451    0.00000    4.52451
  46.00000    4.52604    0.00000    4.52604
  46.50000    4.52695    0.00000    4.52695
  47.00000    4.50739    0.00000    4.50739
  47.50000    4.54536    0.00000    4.54536
  48.00000    4.56979    0.00000    4.56979
  48.50000    4.57217    0.00000    4.57217
  49.00000    4.54608    0.00000    4.54608
  49.50000    4.52976    0.00000    4.52976
  50.00000    4.53043    0.00000    4.53043
  50.50000    4.52307    0.00000    4.52307
  51.00000    4.50098    0.00000    4.50098
  51.50000    4.48679    0.00000    4.48679
  52.00000    4.47255    0.00000    4.47255
  52.50000    4.48031    0.00000    4.48031
  53.00000    4.46798    0.00000    4.46798
  53.50000    4.46651    0.00000    4.46651
  54.00000    4.47090    0.00000    4.47090
  54.50000    4.48811    0.00000    4.48811
  55.00000    4.48218    0.00000    4.48218
  55.50000    4.48407    0.00000    4.48407
  56.00000    4.50382    0.00000    4.50382
  56.50000    4.48628    0.00000    4.48628
  57.00000    4.47490    0.00000    4.47490
  57.50000    4.46315    0.00000    4.46315
  58.00000    4.46458    0.00000    4.46458
  58.50000    4.47648    0.00000    4.47648
  59.00000    4.49599    0.00000    4.49599
  59.50000    4.49517    0.00000    4.49517
  60.00000    4.49919    0.00000    4.49919
  60.50000    4.52179    0.00000    4.52179
  61.00000    4.49453    0.00000    4.49453
  61.50000    4.47257    0.00000    4.47257
  62.00000    4.45169    0.00000    4.45169
  62.50000    4.45938    0.00000    4.45938
  63.00000    4.43563    0.00000    4.43563
  63.50000    4.46231    0.00000    4.46231
  64.00000    4.46755    0.00000    4.46755
  64.50000    4.49007    0.00000    4.49007
  65.00000    4.47835    0.00000    4.47835
  65.50000    4.50120    0.00000    4.50120
  66.00000    4.49486    0.00000    4.49486
  66.50000    4.48112    0.00000    4.48112
  67.00000    4.45799    0.00000    4.45799
  67.50000    4.45159    0.00000    4.45159
  68.00000    4.45369    0.00000    4.45369
  68.50000    4.44553    0.00000    4.44553
  69.00000    4.46299    0.00000    4.46299
  69.50000    4.48394    0.00000    4.48394
  70.00000    4.49563    0.00000    4.49563
  70.50000    4.47878    0.00000    4.47878
  71.00000    4.45216    0.00000    4.45216
  71.50000    4.45714    0.00000    4.45714
  72.00000    4.44183    0.00000    4.44183
  72.50000    4.44847    0.00000    4.44847
  73.00000    4.43209    0.00000    4.43209
  73.50000    4.43952    0.00000    4.43952
  74.00000    4.42008    0.00000    4.42008
  74.50000    4.42523    0.00000    4.42523
  75.00000    4.42018    0.00000    4.42018
  75.50000    4.43883    0.00000    4.43883
  76.00000    4.44561    0.00000    4.44561
  76.50000    4.43838    0.00000    4.43838
  77.00000    4.41937    0.00000    4.41937
  77.50000    4.39722    0.00000    4.39722
  78.00000    4.37509    0.00000    4.37509
  78.50000    4.37008    0.00000    4.37008
  79.00000    4.36966    0.00000    4.36966
  79.50000    4.38295    0.00000    4.38295
  80.00000    4.38313    0.00000    4.38313
  80.50000    4.39865    0.00000    4.39865
  81.00000    4.41026    0.00000    4.41026
  81.50000    4.42023    0.00000    4.42023
  82.00000    4.42327    0.00000    4.42327
  82.50000    4.40339    0.00000    4.40339
  83.00000    4.38060    0.00000    4.38060
  83.50000    4.35485    0.00000    4.35485
  84.00000    4.34644    0.00000    4.34644
  84.50000    4.31682    0.00000    4.31682
  85.00000    4.31485    0.00000    4.31485
  85.50000    4.34695    0.00000    4.34695
  86.00000    4.37031    0.00000    4.37031
  86.50000    4.35567    0.00000    4.35567
  87.00000    4.36376    0.00000    4.36376
  87.50000    4.36301    0.00000    4.36301
  88.00000    4.34584    0.00000    4.34584
  88.50000    4.33566    0.00000    4.33566
  89.00000    4.33758    0.00000    4.33758
  89.50000    4.32558    0.00000    4.32558
  90.00000    4.34002    0.00000    4.34002
  90.50000    4.32843    0.00000    4.32843
  91.00000    4.32958    0.00000    4.32958
  91.50000    4.35175    0.00000    4.35175
  92.00000    4.38810    0.00000    4.38810
  92.50000    4.35789    0.00000    4.35789
  93.00000    4.32887    0.00000    4.32887
  93.50000    4.31941    0.00000    4.31941
  94.00000    4.31371    0.00000    4.31371
  94.50000    4.33336    0.00000    4.33336
  95.00000    4.33857    0.00000    4.33857
  95.50000    4.33003    0.00000    4.33003
  96.00000    4.31076    0.00000    4.31076
  96.50000    4.31966    0.00000    4.31966
  97.00000    4.32637    0.00000    4.32637
  97.50000    4.33621    0.00000    4.33621
  98.00000    4.32246    0.00000    4.32246
  98.50000    4.28989    0.00000    4.28989
  99.00000    4.27143    0.00000    4.27143
  99.50000    4.29621    0.00000    4.29621
 100.00000    4.30877    0.00000    4.30877
 100.50000    4.29415    0.00000    4.29415
 101.00000    4.27504    0.00000    4.27504
 101.50000    4.28136    0.00000    4.28136
 102.00000    4.30228    0.00000    4.30228
 102.50000    4.30603    0.00000    4.30603
 103.00000    4.31837    0.00000    4.31837
 103.50000    4.31639    0.00000    4.31639
 104.00000    4.30912    0.00000    4.30912
 104.50000    4.27531    0.00000    4.27531
 105.00000    4.27679    0.00000    4.27679
 105.50000    4.29323    0.00000    4.29323
 106.00000    4.28837    0.00000    4.28837
 106.50000    4.27792    0.00000    4.27792
 107.00000    4.27878    0.00000    4.27878
 107.50000    4.29401    0.00000    4.29401
 108.00000    4.27758    0.00000    4.27758
 108.50000    4.26791    0.00000    4.26791
 109.00000    4.26329    0.00000    4.26329
 109.50000    4.26836    0.00000    4.26836
 110.00000    4.26949    0.00000    4.26949
 110.50000    4.26265    0.00000    4.26265
 111.00000    4.27701    0.00000    4.27701
 111.50000    4.25834    0.00000    4.25834
 112.00000    4.24783    0.00000    4.24783
 112.50000    4.23526    0.00000    4.23526
 113.00000    4.26871    0.00000    4.26871
 113.50000    4.26802    0.00000    4.26802
 114.00000    4.25265    0.00000    4.25265
 114.50000    4.23736    0.00000    4.23736
 115.00000    4.25502    0.00000    4.25502
 115.50000    4.26420    0.00000    4.26420
 116.00000    4.25285    0.00000    4.25285
 116.50000    4.24849    0.00000    4.24849
 117.00000    4.25028    0.00000    4.25028
 117.50000    4.23655    0.00000    4.23655
 118.00000    4.23265    0.00000    4.23265
 118.50000    4.22697    0.00000    4.22697
 119.00000    4.23390    0.00000    4.23390
 119.50000    4.22991    0.00000    4.22991
 120.00000    4.24250    0.00000    4.24250
 120.50000    4.22468    0.00000    4.22468
 121.00000    4.19982    0.00000    4.19982
 121.50000    4.21975    0.00000    4.21975
 122.00000    4.25933    0.00000    4.25933
 122.50000    4.27713    0.00000    4.27713
 123.00000    4.26449    0.00000    4.26449
 123.50000    4.24390    0.00000    4.24390
 124.00000    4.20657    0.00000    4.20657
 124.50000    4.16442    0.00000    4.16442
 125.00000    4.17561    0.00000    4.17561
 125.50000    4.18921    0.00000    4.18921
 126.00000    4.20238    0.00000    4.20238
 126.50000    4.21192    0.00000    4.21192
 127.00000    4.24131    0.00000    4.24131
 127.50000    4.23470    0.00000    4.23470
 128.00000    4.21334    0.00000    4.21334
 128.50000    4.20810    0.00000    4.20810
 129.00000    4.22761    0.00000    4.22761
 129.50000    4.24102    0.00000    4.24102
 130.00000    4.24090    0.00000    4.24090
 130.50000    4.21513    0.00000    4.21513
 131.00000    4.19980    0.00000    4.19980
 131.50000    4.20061    0.00000    4.20061
 132.00000    4.20667    0.00000    4.20667
 132.50000    4.18120    0.00000    4.18120
 133.00000    4.16571    0.00000    4.16571
 133.50000    4.16898    0.00000    4.16898
 134.00000    4.19870    0.00000    4.19870
 134.50000    4.20748    0.00000    4.20748
 135.00000    4.19769    0.00000    4.19769
 135.50000    4.19651    0.00000    4.19651
 136.00000    4.21579    0.00000    4.21579
 136.50000    4.23689    0.00000    4.23689
 137.00000    4.22342    0.00000    4.22342
 137.50000    4.19028    0.00000    4.19028
 138.00000    4.16184    0.00000    4.16184
 138.50000    4.19323    0.00000    4.19323
 139.00000    4.22121    0.00000    4.22121
 139.50000    4.20737    0.00000    4.20737
 140.00000    4.17534    0.00000    4.17534
 140.50000    4.18015    0.00000    4.18015
 141.00000    4.18984    0.00000    4.18984
 141.50000    4.20681    0.00000    4.20681
 142.00000    4.18703    0.00000    4.18703
 142.50000    4.18532    0.00000    4.18532
 143.00000    4.16254    0.00000    4.16254
 143.50000    4.16775    0.00000    4.16775
 144.00000    4.17612    0.00000    4.17612
 144.50000    4.19962    0.00000    4.19962
 145.00000    4.17736    0.00000    4.17736
 145.50000    4.14699    0.00000    4.14699
 146.00000    4.15394    0.00000    4.15394
 146.50000    4.15989    0.00000    4.15989
 147.00000    4.17055    0.00000    4.17055
 147.50000    4.19034    0.00000    4.19034
 148.00000    4.19559    0.00000    4.19559
 148.50000    4.18153    0.00000    4.18153
 149.00000    4.16481    0.00000    4.16481
 149.50000    4.17224    0.00000    4.17224
 150.00000    4.23004    0.00000    4.23004
