   0.00000    1.33172    0.00000    1.33172
   0.50000    1.85391    0.00000    1.85391
   1.00000    2.28754    0.00000    2.28754
   1.50000    2.57142    0.00000    2.57142
   2.00000    2.76224    0.00000    2.76224
   2.50000    2.77027    0.00000    2.77027
   3.00000    2.81273    0.00000    2.81273
   3.50000    2.87962    0.00000    2.87962
   4.00000    2.95296    0.00000    2.95296
   4.50000    3.00012    0.00000    3.00012
   5.00000    3.02250    0.00000    3.02250
   5.50000    3.04156    0.00000    3.04156
   6.00000    3.05847    0.00000    3.05847
   6.50000    3.08312    0.00000    3.08312
   7.00000    3.10447    0.00000    3.10447
   7.50000    3.12818    0.00000    3.12818
   8.00000    3.14871    0.00000    3.14871
   8.50000    3.19224    0.00000    3.19224
   9.00000    3.21709    0.00000    3.21709
   9.50000    3.22688    0.00000    3.22688
  10.00000    3.22173    0.00000    3.22173
  10.50000    3.23947    0.00000    3.23947
  11.00000    3.27607    0.00000    3.27607
  11.50000    3.31627    0.00000    3.31627
  12.00000    3.34903    0.00000    3.34903
  12.50000    3.35641    0.00000    3.35641
  13.00000    3.35257    0.00000    3.35257
  13.50000    3.36454    0.00000    3.36454
  14.00000    3.39193    0.00000    3.39193
  14.50000    3.41490    0.00000    3.41490
  15.00000    3.41944    0.00000    3.41944
  15.50000    3.42487    0.00000    3.42487
  16.00000    3.45272    0.00000    3.45272
  16.50000    3.48200    0.00000    3.48200
  17.00000    3.48835    0.00000    3.48835
  17.50000    3.49310    0.00000    3.49310
  18.00000    3.51243    0.00000    3.51243
  18.50000    3.54887    0.00000    3.54887
  19.00000    3.58314    0.00000    3.58314
  19.50000    3.59186    0.00000    3.59186
  20.00000    3.58489    0.00000    3.58489
  20.50000    3.61257    0.00000    3.61257
  21.00000    3.63544    0.00000    3.63544
  21.50000    3.64053    0.00000    3.64053
  22.00000    3.62974    0.00000    3.62974
  22.50000    3.68635    0.00000    3.68635
  23.00000    3.72099    0.00000    3.72099
  23.50000    3.76869    0.00000    3.76869
  24.00000    3.81273    0.00000    3.81273
  24.50000    3.87478    0.00000    3.87478
  25.00000    3.91763    0.00000    3.91763
  25.50000    3.96192    0.00000    3.96192
  26.00000    3.99352    0.00000    3.99352
  26.50000    4.01363    0.00000    4.01363
  27.00000    4.03546    0.00000    4.03546
  27.50000    4.05783    0.00000    4.05783
  28.00000    4.08398    0.00000    4.08398
  28.50000    4.12597    0.00000    4.12597
  29.00000    4.17531    0.00000    4.17531
  29.50000    4.21805    0.00000    4.21805
  30.00000    4.27907    0.00000    4.27907
  30.50000    4.29619    0.00000    4.29619
  31.00000    4.32487    0.00000    4.32487
  31.50000    4.33193    0.00000    4.33193
  32.00000    4.37909    0.00000    4.37909
  32.50000    4.36695    0.00000    4.36695
  33.00000    4.34938    0.00000    4.34938
  33.50000    4.30104    0.00000    4.30104
  34.00000    4.28938    0.00000    4.28938
  34.50000    4.29217    0.00000    4.29217
  35.00000    4.31123    0.00000    4.31123
  35.50000    4.32241    0.00000    4.32241
  36.00000    4.30133    0.00000    4.30133
  36.50000    4.27645    0.00000    4.27645
  37.00000    4.26712    0.00000    4.26712
  37.50000    4.27767    0.00000    4.27767
  38.00000    4.28467    0.00000    4.28467
  38.50000    4.28707    0.00000    4.28707
  39.00000    4.28134    0.00000    4.28134
  39.50000    4.28034    0.00000    4.28034
  40.00000    4.28712    0.00000    4.28712
  40.50000    4.29996    0.00000    4.29996
  41.00000    4.31226    0.00000    4.31226
  41.50000    4.32259    0.00000    4.32259
  42.00000    4.32599    0.00000    4.32599
  42.50000    4.31547    0.00000    4.31547
  43.00000    4.29972    0.00000    4.29972
  43.50000    4.30223    0.00000    4.30223
  44.00000    4.31217    0.00000    4.31217
  44.50000    4.34456    0.00000    4.34456
  45.00000    4.34142    0.00000    4.34142
  45.50000    4.33067    0.00000    4.33067
  46.00000    4.30165    0.00000    4.30165
  46.50000    4.32910    0.00000    4.32910
  47.00000    4.34719    0.00000    4.34719
  47.50000    4.38032    0.00000    4.38032
  48.00000    4.40381    0.00000    4.40381
  48.50000    4.41578    0.00000    4.41578
  49.00000    4.39669    0.00000    4.39669
  49.50000    4.38067    0.00000    4.38067
  50.00000    4.38532    0.00000    4.38532
  50.50000    4.40642    0.00000    4.40642
  51.00000    4.41772    0.00000    4.41772
  51.50000    4.42660    0.00000    4.42660
  52.00000    4.42807    0.00000    4.42807
  52.50000    4.44532    0.00000    4.44532
  53.00000    4.43610    0.00000    4.43610
  53.50000    4.42438    0.00000    4.42438
  54.00000    4.42828    0.00000    4.42828
  54.50000    4.46881    0.00000    4.46881
  55.00000    4.48420    0.00000    4.48420
  55.50000    4.48551    0.00000    4.48551
  56.00000    4.48097    0.00000    4.48097
  56.50000    4.48324    0.00000    4.48324
  57.00000    4.49518    0.00000    4.49518
  57.50000    4.49037    0.00000    4.49037
  58.00000    4.48896    0.00000    4.48896
  58.50000    4.49718    0.00000    4.49718
  59.00000    4.52114    0.00000    4.52114
  59.50000    4.50040    0.00000    4.50040
  60.00000    4.48999    0.00000    4.48999
  60.50000    4.50534    0.00000    4.50534
  61.00000    4.51825    0.00000    4.51825
  61.50000    4.51197    0.00000    4.51197
  62.00000    4.50041    0.00000    4.50041
  62.50000    4.49979    0.00000    4.49979
  63.00000    4.50300    0.00000    4.50300
  63.50000    4.49995    0.00000    4.49995
  64.00000    4.49634    0.00000    4.49634
  64.50000    4.50910    0.00000    4.50910
  65.00000    4.52494    0.00000    4.52494
  65.50000    4.52380    0.00000    4.52380
  66.00000    4.51243    0.00000    4.51243
  66.50000    4.50094    0.00000    4.50094
  67.00000    4.50176    0.00000    4.50176
  67.50000    4.49905    0.00000    4.49905
  68.00000    4.49544    0.00000    4.49544
  68.50000    4.48597    0.00000    4.48597
  69.00000    4.49582    0.00000    4.49582
  69.50000    4.48288    0.00000    4.48288
  70.00000    4.47587    0.00000    4.47587
  70.50000    4.48183    0.00000    4.48183
  71.00000    4.49618    0.00000    4.49618
  71.50000    4.48867    0.00000    4.48867
  72.00000    4.47954    0.00000    4.47954
  72.50000    4.48249    0.00000    4.48249
  73.00000    4.47943    0.00000    4.47943
  73.50000    4.48583    0.00000    4.48583
  74.00000    4.48353    0.00000    4.48353
  74.50000    4.48309    0.00000    4.48309
  75.00000    4.46419    0.00000    4.46419
  75.50000    4.47343    0.00000    4.47343
  76.00000    4.46477    0.00000    4.46477
  76.50000    4.46190    0.00000    4.46190
  77.00000    4.43586    0.00000    4.43586
  77.50000    4.44112    0.00000    4.44112
  78.00000    4.43282    0.00000    4.43282
  78.50000    4.42568    0.00000    4.42568
  79.00000    4.42350    0.00000    4.42350
  79.50000    4.43260    0.00000    4.43260
  80.00000    4.44247    0.00000    4.44247
  80.50000    4.44571    0.00000    4.44571
  81.00000    4.44532    0.00000    4.44532
  81.50000    4.43806    0.00000    4.43806
  82.00000    4.43413    0.00000    4.43413
  82.50000    4.42462    0.00000    4.42462
  83.00000    4.41874    0.00000    4.41874
  83.50000    4.43459    0.00000    4.43459
  84.00000    4.44714    0.00000    4.44714
  84.50000    4.42241    0.00000    4.42241
  85.00000    4.39289    0.00000    4.39289
  85.50000    4.39320    0.00000    4.39320
  86.00000    4.41492    0.00000    4.41492
  86.50000    4.40914    0.00000    4.40914
  87.00000    4.40392    0.00000    4.40392
  87.50000    4.40266    0.00000    4.40266
  88.00000    4.39898    0.00000    4.39898
  88.50000    4.38531    0.00000    4.38531
  89.00000    4.38132    0.00000    4.38132
  89.50000    4.36709    0.00000    4.36709
  90.00000    4.36373    0.00000    4.36373
  90.50000    4.37587    0.00000    4.37587
  91.00000    4.38676    0.00000    4.38676
  91.50000    4.38740    0.00000    4.38740
  92.00000    4.37942    0.00000    4.37942
  92.50000    4.35399    0.00000    4.35399
  93.00000    4.34368    0.00000    4.34368
  93.50000    4.35320    0.00000    4.35320
  94.00000    4.37195    0.00000    4.37195
  94.50000    4.36793    0.00000    4.36793
  95.00000    4.37581    0.00000    4.37581
  95.50000    4.37237    0.00000    4.37237
  96.00000    4.37534    0.00000    4.37534
  96.50000    4.35763    0.00000    4.35763
  97.00000    4.34423    0.00000    4.34423
  97.50000    4.32856    0.00000    4.32856
  98.00000    4.33119    0.00000    4.33119
  98.50000    4.33155    0.00000    4.33155
  99.00000    4.32094    0.00000    4.32094
  99.50000    4.32044    0.00000    4.32044
 100.00000    4.32405    0.00000    4.32405
 100.50000    4.32769    0.00000    4.32769
 101.00000    4.32889    0.00000    4.32889
 101.50000    4.33700    0.00000    4.33700
 102.00000    4.33782    0.00000    4.33782
 102.50000    4.32818    0.00000    4.32818
 103.00000    4.32131    0.00000    4.32131
 103.50000    4.33026    0.00000    4.33026
 104.00000    4.33775    0.00000    4.33775
 104.50000    4.32556    0.00000    4.32556
 105.00000    4.30275    0.00000    4.30275
 105.50000    4.30582    0.00000    4.30582
 106.00000    4.31558    0.00000    4.31558
 106.50000    4.32150    0.00000    4.32150
 107.00000    4.31551    0.00000    4.31551
 107.50000    4.30755    0.00000    4.30755
 108.00000    4.29087    0.00000    4.29087
 108.50000    4.28229    0.00000    4.28229
 109.00000    4.28998    0.00000    4.28998
 109.50000    4.31266    0.00000    4.31266
 110.00000    4.33089    0.00000    4.33089
 110.50000    4.32709    0.00000    4.32709
 111.00000    4.32588    0.00000    4.32588
 111.50000    4.31385    0.00000    4.31385
 112.00000    4.31058    0.00000    4.31058
 112.50000    4.31557    0.00000    4.31557
 113.00000    4.33516    0.00000    4.33516
 113.50000    4.31630    0.00000    4.31630
 114.00000    4.30406    0.00000    4.30406
 114.50000    4.29415    0.00000    4.29415
 115.00000    4.29439    0.00000    4.29439
 115.50000    4.29211    0.00000    4.29211
 116.00000    4.30372    0.00000    4.30372
 116.50000    4.31006    0.00000    4.31006
 117.00000    4.29760    0.00000    4.29760
 117.50000    4.28916    0.00000    4.28916
 118.00000    4.28332    0.00000    4.28332
 118.50000    4.27712    0.00000    4.27712
 119.00000    4.27601    0.00000    4.27601
 119.50000    4.27902    0.00000    4.27902
 120.00000    4.30017    0.00000    4.30017
 120.50000    4.30470    0.00000    4.30470
 121.00000    4.30796    0.00000    4.30796
 121.50000    4.31038    0.00000    4.31038
 122.00000    4.30796    0.00000    4.30796
 122.50000    4.29637    0.00000    4.29637
 123.00000    4.28561    0.00000    4.28561
 123.50000    4.27515    0.00000    4.27515
 124.00000    4.27821    0.00000    4.27821
 124.50000    4.27644    0.00000    4.27644
 125.00000    4.28967    0.00000    4.28967
 125.50000    4.28224    0.00000    4.28224
 126.00000    4.28789    0.00000    4.28789
 126.50000    4.29120    0.00000    4.29120
 127.00000    4.30066    0.00000    4.30066
 127.50000    4.28665    0.00000    4.28665
 128.00000    4.27730    0.00000    4.27730
 128.50000    4.28184    0.00000    4.28184
 129.00000    4.29642    0.00000    4.29642
 129.50000    4.31063    0.00000    4.31063
 130.00000    4.31887    0.00000    4.31887
 130.50000    4.30759    0.00000    4.30759
 131.00000    4.28705    0.00000    4.28705
 131.50000    4.28725    0.00000    4.28725
 132.00000    4.29420    0.00000    4.29420
 132.50000    4.30229    0.00000    4.30229
 133.00000    4.29133    0.00000    4.29133
 133.50000    4.29080    0.00000    4.29080
 134.00000    4.28201    0.00000    4.28201
 134.50000    4.28169    0.00000    4.28169
 135.00000    4.28244    0.00000    4.28244
 135.50000    4.31172    0.00000    4.31172
 136.00000    4.32052    0.00000    4.32052
 136.50000    4.30392    0.00000    4.30392
 137.00000    4.29955    0.00000    4.29955
 137.50000    4.30788    0.00000    4.30788
 138.00000    4.29733    0.00000    4.29733
 138.50000    4.27851    0.00000    4.27851
 139.00000    4.29241    0.00000    4.29241
 139.50000    4.29820    0.00000    4.29820
 140.00000    4.30250    0.00000    4.30250
 140.50000    4.29961    0.00000    4.29961
 141.00000    4.30643    0.00000    4.30643
 141.50000    4.31041    0.00000    4.31041
 142.00000    4.31499    0.00000    4.31499
 142.50000    4.30726    0.00000    4.30726
 143.00000    4.29827    0.00000    4.29827
 143.50000    4.30923    0.00000    4.30923
 144.00000    4.32064    0.00000    4.32064
 144.50000    4.32794    0.00000    4.32794
 145.00000    4.32501    0.00000    4.32501
 145.50000    4.32322    0.00000    4.32322
 146.00000    4.31579    0.00000    4.31579
 146.50000    4.32127    0.00000    4.32127
 147.00000    4.32270    0.00000    4.32270
 147.50000    4.32423    0.00000    4.32423
 148.00000    4.33140    0.00000    4.33140
 148.50000    4.33141    0.00000    4.33141
 149.00000    4.32313    0.00000    4.32313
 149.50000    4.32184    0.00000    4.32184
 150.00000    4.38823    0.00000    4.38823
