   0.00000    1.04045    0.00000    1.04045
   0.50000    2.01783    0.00000    2.01783
   1.00000    2.48442    0.00000    2.48442
   1.50000    2.68844    0.00000    2.68844
   2.00000    2.76337    0.00000    2.76337
   2.50000    2.84572    0.00000    2.84572
   3.00000    2.81127    0.00000    2.81127
   3.50000    2.87932    0.00000    2.87932
   4.00000    2.98748    0.00000    2.98748
   4.50000    3.03535    0.00000    3.03535
   5.00000    2.99963    0.00000    2.99963
   5.50000    3.03572    0.00000    3.03572
   6.00000    3.06133    0.00000    3.06133
   6.50000    3.12556    0.00000    3.12556
   7.00000    3.18805    0.00000    3.18805
   7.50000    3.22623    0.00000    3.22623
   8.00000    3.23898    0.00000    3.23898
   8.50000    3.26532    0.00000    3.26532
   9.00000    3.27330    0.00000    3.27330
   9.50000    3.24130    0.00000    3.24130
  10.00000    3.23781    0.00000    3.23781
  10.50000    3.26340    0.00000    3.26340
  11.00000    3.27939    0.00000    3.27939
  11.50000    3.30228    0.00000    3.30228
  12.00000    3.29889    0.00000    3.29889
  12.50000    3.31406    0.00000    3.31406
  13.00000    3.29817    0.00000    3.29817
  13.50000    3.31358    0.00000    3.31358
  14.00000    3.32639    0.00000    3.32639
  14.50000    3.34411    0.00000    3.34411
  15.00000    3.35549    0.00000    3.35549
  15.50000    3.36274    0.00000    3.36274
  16.00000    3.37041    0.00000    3.37041
  16.50000    3.38957    0.00000    3.38957
  17.00000    3.41828    0.00000    3.41828
  17.50000    3.43092    0.00000    3.43092
  18.00000    3.41328    0.00000    3.41328
  18.50000    3.42507    0.00000    3.42507
  19.00000    3.46185    0.00000    3.46185
  19.50000    3.47547    0.00000    3.47547
  20.00000    3.45736    0.00000    3.45736
  20.50000    3.47996    0.00000    3.47996
  21.00000    3.54052    0.00000    3.54052
  21.50000    3.59468    0.00000    3.59468
  22.00000    3.61219    0.00000    3.61219
  22.50000    3.58890    0.00000    3.58890
  23.00000    3.55788    0.00000    3.55788
  23.50000    3.55396    0.00000    3.55396
  24.00000    3.62005    0.00000    3.62005
  24.50000    3.63273    0.00000    3.63273
  25.00000    3.62977    0.00000    3.62977
  25.50000    3.61177    0.00000    3.61177
  26.00000    3.67550    0.00000    3.67550
  26.50000    3.73664    0.00000    3.73664
  27.00000    3.82618    0.00000    3.82618
  27.50000    3.83894    0.00000    3.83894
  28.00000    3.87806    0.00000    3.87806
  28.50000    3.91282    0.00000    3.91282
  29.00000    3.97647    0.00000    3.97647
  29.50000    3.98355    0.00000    3.98355
  30.00000    4.02901    0.00000    4.02901
  30.50000    4.02995    0.00000    4.02995
  31.00000    4.11256    0.00000    4.11256
  31.50000    4.20567    0.00000    4.20567
  32.00000    4.29389    0.00000    4.29389
  32.50000    4.29533    0.00000    4.29533
  33.00000    4.33325    0.00000    4.33325
  33.50000    4.39887    0.00000    4.39887
  34.00000    4.47263    0.00000    4.47263
  34.50000    4.47964    0.00000    4.47964
  35.00000    4.45770    0.00000    4.45770
  35.50000    4.41594    0.00000    4.41594
  36.00000    4.40820    0.00000    4.40820
  36.50000    4.38131    0.00000    4.38131
  37.00000    4.38017    0.00000    4.38017
  37.50000    4.35891    0.00000    4.35891
  38.00000    4.34414    0.00000    4.34414
  38.50000    4.30945    0.00000    4.30945
  39.00000    4.27186    0.00000    4.27186
  39.50000    4.26013    0.00000    4.26013
  40.00000    4.23675    0.00000    4.23675
  40.50000    4.21126    0.00000    4.21126
  41.00000    4.19727    0.00000    4.19727
  41.50000    4.21970    0.00000    4.21970
  42.00000    4.23695    0.00000    4.23695
  42.50000    4.25271    0.00000    4.25271
  43.00000    4.24620    0.00000    4.24620
  43.50000    4.21403    0.00000    4.21403
  44.00000    4.18374    0.00000    4.18374
  44.50000    4.20486    0.00000    4.20486
  45.00000    4.25675    0.00000    4.25675
  45.50000    4.30344    0.00000    4.30344
  46.00000    4.30731    0.00000    4.30731
  46.50000    4.28821    0.00000    4.28821
  47.00000    4.24735    0.00000    4.24735
  47.50000    4.23692    0.00000    4.23692
  48.00000    4.23205    0.00000    4.23205
  48.50000    4.24532    0.00000    4.24532
  49.00000    4.26764    0.00000    4.26764
  49.50000    4.30688    0.00000    4.30688
  50.00000    4.34597    0.00000    4.34597
  50.50000    4.36987    0.00000    4.36987
  51.00000    4.36940    0.00000    4.36940
  51.50000    4.35666    0.00000    4.35666
  52.00000    4.39222    0.00000    4.39222
  52.50000    4.40971    0.00000    4.40971
  53.00000    4.40265    0.00000    4.40265
  53.50000    4.39902    0.00000    4.39902
  54.00000    4.45587    0.00000    4.45587
  54.50000    4.49812    0.00000    4.49812
  55.00000    4.50753    0.00000    4.50753
  55.50000    4.48923    0.00000    4.48923
  56.00000    4.48480    0.00000    4.48480
  56.50000    4.48292    0.00000    4.48292
  57.00000    4.48366    0.00000    4.48366
  57.50000    4.49687    0.00000    4.49687
  58.00000    4.51080    0.00000    4.51080
  58.50000    4.53474    0.00000    4.53474
  59.00000    4.53968    0.00000    4.53968
  59.50000    4.54016    0.00000    4.54016
  60.00000    4.51870    0.00000    4.51870
  60.50000    4.51948    0.00000    4.51948
  61.00000    4.52873    0.00000    4.52873
  61.50000    4.55155    0.00000    4.55155
  62.00000    4.55519    0.00000    4.55519
  62.50000    4.55604    0.00000    4.55604
  63.00000    4.56065    0.00000    4.56065
  63.50000    4.55976    0.00000    4.55976
  64.00000    4.56758    0.00000    4.56758
  64.50000    4.58792    0.00000    4.58792
  65.00000    4.60336    0.00000    4.60336
  65.50000    4.59961    0.00000    4.59961
  66.00000    4.60085    0.00000    4.60085
  66.50000    4.59434    0.00000    4.59434
  67.00000    4.59181    0.00000    4.59181
  67.50000    4.58912    0.00000    4.58912
  68.00000    4.60507    0.00000    4.60507
  68.50000    4.59580    0.00000    4.59580
  69.00000    4.61152    0.00000    4.61152
  69.50000    4.63145    0.00000    4.63145
  70.00000    4.64181    0.00000    4.64181
  70.50000    4.63859    0.00000    4.63859
  71.00000    4.63313    0.00000    4.63313
  71.50000    4.64686    0.00000    4.64686
  72.00000    4.62246    0.00000    4.62246
  72.50000    4.64702    0.00000    4.64702
  73.00000    4.64575    0.00000    4.64575
  73.50000    4.64444    0.00000    4.64444
  74.00000    4.61582    0.00000    4.61582
  74.50000    4.64997    0.00000    4.64997
  75.00000    4.68134    0.00000    4.68134
  75.50000    4.69801    0.00000    4.69801
  76.00000    4.67882    0.00000    4.67882
  76.50000    4.67744    0.00000    4.67744
  77.00000    4.66791    0.00000    4.66791
  77.50000    4.66339    0.00000    4.66339
  78.00000    4.63513    0.00000    4.63513
  78.50000    4.64209    0.00000    4.64209
  79.00000    4.65357    0.00000    4.65357
  79.50000    4.68326    0.00000    4.68326
  80.00000    4.67989    0.00000    4.67989
  80.50000    4.69068    0.00000    4.69068
  81.00000    4.68621    0.00000    4.68621
  81.50000    4.70812    0.00000    4.70812
  82.00000    4.71012    0.00000    4.71012
  82.50000    4.70449    0.00000    4.70449
  83.00000    4.70227    0.00000    4.70227
  83.50000    4.72660    0.00000    4.72660
  84.00000    4.74397    0.00000    4.74397
  84.50000    4.72929    0.00000    4.72929
  85.00000    4.70190    0.00000    4.70190
  85.50000    4.72017    0.00000    4.72017
  86.00000    4.72984    0.00000    4.72984
  86.50000    4.72815    0.00000    4.72815
  87.00000    4.72100    0.00000    4.72100
  87.50000    4.74223    0.00000    4.74223
  88.00000    4.74626    0.00000    4.74626
  88.50000    4.72504    0.00000    4.72504
  89.00000    4.73737    0.00000    4.73737
  89.50000    4.75204    0.00000    4.75204
  90.00000    4.75055    0.00000    4.75055
  90.50000    4.73573    0.00000    4.73573
  91.00000    4.73911    0.00000    4.73911
  91.50000    4.75866    0.00000    4.75866
  92.00000    4.76415    0.00000    4.76415
  92.50000    4.76198    0.00000    4.76198
  93.00000    4.75802    0.00000    4.75802
  93.50000    4.75353    0.00000    4.75353
  94.00000    4.76391    0.00000    4.76391
  94.50000    4.77827    0.00000    4.77827
  95.00000    4.80599    0.00000    4.80599
  95.50000    4.79918    0.00000    4.79918
  96.00000    4.76672    0.00000    4.76672
  96.50000    4.73990    0.00000    4.73990
  97.00000    4.74717    0.00000    4.74717
  97.50000    4.77465    0.00000    4.77465
  98.00000    4.76162    0.00000    4.76162
  98.50000    4.75935    0.00000    4.75935
  99.00000    4.75011    0.00000    4.75011
  99.50000    4.77338    0.00000    4.77338
 100.00000    4.78289    0.00000    4.78289
 100.50000    4.78799    0.00000    4.78799
 101.00000    4.77891    0.00000    4.77891
 101.50000    4.78892    0.00000    4.78892
 102.00000    4.80131    0.00000    4.80131
 102.50000    4.76603    0.00000    4.76603
 103.00000    4.77182    0.00000    4.77182
 103.50000    4.80728    0.00000    4.80728
 104.00000    4.82683    0.00000    4.82683
 104.50000    4.80850    0.00000    4.80850
 105.00000    4.78840    0.00000    4.78840
 105.50000    4.77372    0.00000    4.77372
 106.00000    4.77001    0.00000    4.77001
 106.50000    4.79420    0.00000    4.79420
 107.00000    4.80966    0.00000    4.80966
 107.50000    4.81649    0.00000    4.81649
 108.00000    4.80725    0.00000    4.80725
 108.50000    4.80512    0.00000    4.80512
 109.00000    4.80663    0.00000    4.80663
 109.50000    4.82535    0.00000    4.82535
 110.00000    4.82919    0.00000    4.82919
 110.50000    4.80848    0.00000    4.80848
 111.00000    4.81757    0.00000    4.81757
 111.50000    4.83097    0.00000    4.83097
 112.00000    4.83656    0.00000    4.83656
 112.50000    4.82158    0.00000    4.82158
 113.00000    4.83506    0.00000    4.83506
 113.50000    4.82717    0.00000    4.82717
 114.00000    4.81653    0.00000    4.81653
 114.50000    4.83197    0.00000    4.83197
 115.00000    4.86190    0.00000    4.86190
 115.50000    4.85668    0.00000    4.85668
 116.00000    4.83627    0.00000    4.83627
 116.50000    4.81825    0.00000    4.81825
 117.00000    4.81139    0.00000    4.81139
 117.50000    4.79709    0.00000    4.79709
 118.00000    4.80322    0.00000    4.80322
 118.50000    4.81095    0.00000    4.81095
 119.00000    4.82561    0.00000    4.82561
 119.50000    4.84977    0.00000    4.84977
 120.00000    4.86707    0.00000    4.86707
 120.50000    4.85396    0.00000    4.85396
 121.00000    4.83684    0.00000    4.83684
 121.50000    4.83536    0.00000    4.83536
 122.00000    4.84531    0.00000    4.84531
 122.50000    4.86099    0.00000    4.86099
 123.00000    4.86849    0.00000    4.86849
 123.50000    4.84327    0.00000    4.84327
 124.00000    4.84186    0.00000    4.84186
 124.50000    4.85321    0.00000    4.85321
 125.00000    4.84894    0.00000    4.84894
 125.50000    4.81309    0.00000    4.81309
 126.00000    4.81636    0.00000    4.81636
 126.50000    4.82612    0.00000    4.82612
 127.00000    4.84247    0.00000    4.84247
 127.50000    4.84857    0.00000    4.84857
 128.00000    4.84306    0.00000    4.84306
 128.50000    4.85368    0.00000    4.85368
 129.00000    4.86988    0.00000    4.86988
 129.50000    4.87243    0.00000    4.87243
 130.00000    4.83493    0.00000    4.83493
 130.50000    4.84032    0.00000    4.84032
 131.00000    4.84227    0.00000    4.84227
 131.50000    4.82582    0.00000    4.82582
 132.00000    4.81343    0.00000    4.81343
 132.50000    4.82278    0.00000    4.82278
 133.00000    4.82490    0.00000    4.82490
 133.50000    4.81028    0.00000    4.81028
 134.00000    4.83476    0.00000    4.83476
 134.50000    4.85839    0.00000    4.85839
 135.00000    4.85362    0.00000    4.85362
 135.50000    4.83857    0.00000    4.83857
 136.00000    4.83975    0.00000    4.83975
 136.50000    4.82117    0.00000    4.82117
 137.00000    4.81904    0.00000    4.81904
 137.50000    4.82113    0.00000    4.82113
 138.00000    4.83097    0.00000    4.83097
 138.50000    4.82045    0.00000    4.82045
 139.00000    4.84319    0.00000    4.84319
 139.50000    4.86995    0.00000    4.86995
 140.00000    4.86445    0.00000    4.86445
 140.50000    4.84376    0.00000    4.84376
 141.00000    4.82674    0.00000    4.82674
 141.50000    4.82740    0.00000    4.82740
 142.00000    4.81638    0.00000    4.81638
 142.50000    4.83998    0.00000    4.83998
 143.00000    4.84229    0.00000    4.84229
 143.50000    4.83623    0.00000    4.83623
 144.00000    4.83314    0.00000    4.83314
 144.50000    4.84261    0.00000    4.84261
 145.00000    4.82815    0.00000    4.82815
 145.50000    4.79850    0.00000    4.79850
 146.00000    4.81035    0.00000    4.81035
 146.50000    4.83089    0.00000    4.83089
 147.00000    4.84315    0.00000    4.84315
 147.50000    4.82938    0.00000    4.82938
 148.00000    4.85329    0.00000    4.85329
 148.50000    4.86438    0.00000    4.86438
 149.00000    4.85990    0.00000    4.85990
 149.50000    4.82740    0.00000    4.82740
 150.00000    4.78391    0.00000    4.78391
