   0.00000    1.54943    0.00000    1.54943
   0.50000    2.16211    0.00000    2.16211
   1.00000    2.54363    0.00000    2.54363
   1.50000    2.75704    0.00000    2.75704
   2.00000    3.00145    0.00000    3.00145
   2.50000    3.20450    0.00000    3.20450
   3.00000    3.35024    0.00000    3.35024
   3.50000    3.37771    0.00000    3.37771
   4.00000    3.42771    0.00000    3.42771
   4.50000    3.48093    0.00000    3.48093
   5.00000    3.49837    0.00000    3.49837
   5.50000    3.49359    0.00000    3.49359
   6.00000    3.48582    0.00000    3.48582
   6.50000    3.48695    0.00000    3.48695
   7.00000    3.50497    0.00000    3.50497
   7.50000    3.52229    0.00000    3.52229
   8.00000    3.52434    0.00000    3.52434
   8.50000    3.52138    0.00000    3.52138
   9.00000    3.52674    0.00000    3.52674
   9.50000    3.53125    0.00000    3.53125
  10.00000    3.54118    0.00000    3.54118
  10.50000    3.55830    0.00000    3.55830
  11.00000    3.56298    0.00000    3.56298
  11.50000    3.56669    0.00000    3.56669
  12.00000    3.57105    0.00000    3.57105
  12.50000    3.57489    0.00000    3.57489
  13.00000    3.57461    0.00000    3.57461
  13.50000    3.58280    0.00000    3.58280
  14.00000    3.60441    0.00000    3.60441
  14.50000    3.60768    0.00000    3.60768
  15.00000    3.61200    0.00000    3.61200
  15.50000    3.61299    0.00000    3.61299
  16.00000    3.62008    0.00000    3.62008
  16.50000    3.61511    0.00000    3.61511
  17.00000    3.61528    0.00000    3.61528
  17.50000    3.62320    0.00000    3.62320
  18.00000    3.63601    0.00000    3.63601
  18.50000    3.63975    0.00000    3.63975
  19.00000    3.64804    0.00000    3.64804
  19.50000    3.64146    0.00000    3.64146
  20.00000    3.64111    0.00000    3.64111
  20.50000    3.64241    0.00000    3.64241
  21.00000    3.65641    0.00000    3.65641
  21.50000    3.65584    0.00000    3.65584
  22.00000    3.66013    0.00000    3.66013
  22.50000    3.66693    0.00000    3.66693
  23.00000    3.66875    0.00000    3.66875
  23.50000    3.66570    0.00000    3.66570
  24.00000    3.66878    0.00000    3.66878
  24.50000    3.66210    0.00000    3.66210
  25.00000    3.65959    0.00000    3.65959
  25.50000    3.66230    0.00000    3.66230
  26.00000    3.67158    0.00000    3.67158
  26.50000    3.67055    0.00000    3.67055
  27.00000    3.67147    0.00000    3.67147
  27.50000    3.67394    0.00000    3.67394
  28.00000    3.68419    0.00000    3.68419
  28.50000    3.69308    0.00000    3.69308
  29.00000    3.69787    0.00000    3.69787
  29.50000    3.70577    0.00000    3.70577
  30.00000    3.71575    0.00000    3.71575
  30.50000    3.72063    0.00000    3.72063
  31.00000    3.72984    0.00000    3.72984
  31.50000    3.74932    0.00000    3.74932
  32.00000    3.76519    0.00000    3.76519
  32.50000    3.77002    0.00000    3.77002
  33.00000    3.77720    0.00000    3.77720
  33.50000    3.78602    0.00000    3.78602
  34.00000    3.79876    0.00000    3.79876
  34.50000    3.81147    0.00000    3.81147
  35.00000    3.80935    0.00000    3.80935
  35.50000    3.79415    0.00000    3.79415
  36.00000    3.77839    0.00000    3.77839
  36.50000    3.76411    0.00000    3.76411
  37.00000    3.76118    0.00000    3.76118
  37.50000    3.75853    0.00000    3.75853
  38.00000    3.75682    0.00000    3.75682
  38.50000    3.76298    0.00000    3.76298
  39.00000    3.78129    0.00000    3.78129
  39.50000    3.80099    0.00000    3.80099
  40.00000    3.81556    0.00000    3.81556
  40.50000    3.83749    0.00000    3.83749
  41.00000    3.84700    0.00000    3.84700
  41.50000    3.85629    0.00000    3.85629
  42.00000    3.85758    0.00000    3.85758
  42.50000    3.86083    0.00000    3.86083
  43.00000    3.86547    0.00000    3.86547
  43.50000    3.87034    0.00000    3.87034
  44.00000    3.87019    0.00000    3.87019
  44.50000    3.87706    0.00000    3.87706
  45.00000    3.90608    0.00000    3.90608
  45.50000    3.93022    0.00000    3.93022
  46.00000    3.94455    0.00000    3.94455
  46.50000    3.95985    0.00000    3.95985
  47.00000    3.99514    0.00000    3.99514
  47.50000    4.03227    0.00000    4.03227
  48.00000    4.06382    0.00000    4.06382
  48.50000    4.12287    0.00000    4.12287
  49.00000    4.18498    0.00000    4.18498
  49.50000    4.25624    0.00000    4.25624
  50.00000    4.30658    0.00000    4.30658
  50.50000    4.35540    0.00000    4.35540
  51.00000    4.37520    0.00000    4.37520
  51.50000    4.39481    0.00000    4.39481
  52.00000    4.42021    0.00000    4.42021
  52.50000    4.44054    0.00000    4.44054
  53.00000    4.45389    0.00000    4.45389
  53.50000    4.45511    0.00000    4.45511
  54.00000    4.47310    0.00000    4.47310
  54.50000    4.48545    0.00000    4.48545
  55.00000    4.49182    0.00000    4.49182
  55.50000    4.50018    0.00000    4.50018
  56.00000    4.50497    0.00000    4.50497
  56.50000    4.51081    0.00000    4.51081
  57.00000    4.50656    0.00000    4.50656
  57.50000    4.52350    0.00000    4.52350
  58.00000    4.53316    0.00000    4.53316
  58.50000    4.53677    0.00000    4.53677
  59.00000    4.53719    0.00000    4.53719
  59.50000    4.54500    0.00000    4.54500
  60.00000    4.54893    0.00000    4.54893
  60.50000    4.55426    0.00000    4.55426
  61.00000    4.55672    0.00000    4.55672
  61.50000    4.56479    0.00000    4.56479
  62.00000    4.56522    0.00000    4.56522
  62.50000    4.57593    0.00000    4.57593
  63.00000    4.57565    0.00000    4.57565
  63.50000    4.57946    0.00000    4.57946
  64.00000    4.57827    0.00000    4.57827
  64.50000    4.57836    0.00000    4.57836
  65.00000    4.58458    0.00000    4.58458
  65.50000    4.58693    0.00000    4.58693
  66.00000    4.57977    0.00000    4.57977
  66.50000    4.57477    0.00000    4.57477
  67.00000    4.58441    0.00000    4.58441
  67.50000    4.59008    0.00000    4.59008
  68.00000    4.58654    0.00000    4.58654
  68.50000    4.59506    0.00000    4.59506
  69.00000    4.60561    0.00000    4.60561
  69.50000    4.60843    0.00000    4.60843
  70.00000    4.59912    0.00000    4.59912
  70.50000    4.60775    0.00000    4.60775
  71.00000    4.61421    0.00000    4.61421
  71.50000    4.61494    0.00000    4.61494
  72.00000    4.60220    0.00000    4.60220
  72.50000    4.60752    0.00000    4.60752
  73.00000    4.60766    0.00000    4.60766
  73.50000    4.60909    0.00000    4.60909
  74.00000    4.59973    0.00000    4.59973
  74.50000    4.60808    0.00000    4.60808
  75.00000    4.60859    0.00000    4.60859
  75.50000    4.61185    0.00000    4.61185
  76.00000    4.60585    0.00000    4.60585
  76.50000    4.60177    0.00000    4.60177
  77.00000    4.59114    0.00000    4.59114
  77.50000    4.59242    0.00000    4.59242
  78.00000    4.59245    0.00000    4.59245
  78.50000    4.59089    0.00000    4.59089
  79.00000    4.58771    0.00000    4.58771
  79.50000    4.59526    0.00000    4.59526
  80.00000    4.59808    0.00000    4.59808
  80.50000    4.59820    0.00000    4.59820
  81.00000    4.58638    0.00000    4.58638
  81.50000    4.58162    0.00000    4.58162
  82.00000    4.57885    0.00000    4.57885
  82.50000    4.57644    0.00000    4.57644
  83.00000    4.57062    0.00000    4.57062
  83.50000    4.57243    0.00000    4.57243
  84.00000    4.57840    0.00000    4.57840
  84.50000    4.57764    0.00000    4.57764
  85.00000    4.57013    0.00000    4.57013
  85.50000    4.56011    0.00000    4.56011
  86.00000    4.56788    0.00000    4.56788
  86.50000    4.57072    0.00000    4.57072
  87.00000    4.56373    0.00000    4.56373
  87.50000    4.54605    0.00000    4.54605
  88.00000    4.55312    0.00000    4.55312
  88.50000    4.55473    0.00000    4.55473
  89.00000    4.55580    0.00000    4.55580
  89.50000    4.54581    0.00000    4.54581
  90.00000    4.54498    0.00000    4.54498
  90.50000    4.54081    0.00000    4.54081
  91.00000    4.53483    0.00000    4.53483
  91.50000    4.52801    0.00000    4.52801
  92.00000    4.52427    0.00000    4.52427
  92.50000    4.52781    0.00000    4.52781
  93.00000    4.53045    0.00000    4.53045
  93.50000    4.53747    0.00000    4.53747
  94.00000    4.53932    0.00000    4.53932
  94.50000    4.53512    0.00000    4.53512
  95.00000    4.52391    0.00000    4.52391
  95.50000    4.51395    0.00000    4.51395
  96.00000    4.51487    0.00000    4.51487
  96.50000    4.51720    0.00000    4.51720
  97.00000    4.51267    0.00000    4.51267
  97.50000    4.49052    0.00000    4.49052
  98.00000    4.48869    0.00000    4.48869
  98.50000    4.49552    0.00000    4.49552
  99.00000    4.50765    0.00000    4.50765
  99.50000    4.49635    0.00000    4.49635
 100.00000    4.49507    0.00000    4.49507
 100.50000    4.49301    0.00000    4.49301
 101.00000    4.50035    0.00000    4.50035
 101.50000    4.48887    0.00000    4.48887
 102.00000    4.48063    0.00000    4.48063
 102.50000    4.46929    0.00000    4.46929
 103.00000    4.47328    0.00000    4.47328
 103.50000    4.47657    0.00000    4.47657
 104.00000    4.47146    0.00000    4.47146
 104.50000    4.46919    0.00000    4.46919
 105.00000    4.47437    0.00000    4.47437
 105.50000    4.48452    0.00000    4.48452
 106.00000    4.47531    0.00000    4.47531
 106.50000    4.46935    0.00000    4.46935
 107.00000    4.46223    0.00000    4.46223
 107.50000    4.46042    0.00000    4.46042
 108.00000    4.45578    0.00000    4.45578
 108.50000    4.46185    0.00000    4.46185
 109.00000    4.46477    0.00000    4.46477
 109.50000    4.46005    0.00000    4.46005
 110.00000    4.45297    0.00000    4.45297
 110.50000    4.45620    0.00000    4.45620
 111.00000    4.46067    0.00000    4.46067
 111.50000    4.45159    0.00000    4.45159
 112.00000    4.44302    0.00000    4.44302
 112.50000    4.43445    0.00000    4.43445
 113.00000    4.43752    0.00000    4.43752
 113.50000    4.44495    0.00000    4.44495
 114.00000    4.45426    0.00000    4.45426
 114.50000    4.45288    0.00000    4.45288
 115.00000    4.44623    0.00000    4.44623
 115.50000    4.44429    0.00000    4.44429
 116.00000    4.43625    0.00000    4.43625
 116.50000    4.43798    0.00000    4.43798
 117.00000    4.44114    0.00000    4.44114
 117.50000    4.43863    0.00000    4.43863
 118.00000    4.43198    0.00000    4.43198
 118.50000    4.43298    0.00000    4.43298
 119.00000    4.43234    0.00000    4.43234
 119.50000    4.43028    0.00000    4.43028
 120.00000    4.43558    0.00000    4.43558
 120.50000    4.43008    0.00000    4.43008
 121.00000    4.42688    0.00000    4.42688
 121.50000    4.42179    0.00000    4.42179
 122.00000    4.42344    0.00000    4.42344
 122.50000    4.41466    0.00000    4.41466
 123.00000    4.41881    0.00000    4.41881
 123.50000    4.42431    0.00000    4.42431
 124.00000    4.42927    0.00000    4.42927
 124.50000    4.42737    0.00000    4.42737
 125.00000    4.41840    0.00000    4.41840
 125.50000    4.42049    0.00000    4.42049
 126.00000    4.42934    0.00000    4.42934
 126.50000    4.42563    0.00000    4.42563
 127.00000    4.41611    0.00000    4.41611
 127.50000    4.41931    0.00000    4.41931
 128.00000    4.42932    0.00000    4.42932
 128.50000    4.42609    0.00000    4.42609
 129.00000    4.41333    0.00000    4.41333
 129.50000    4.40889    0.00000    4.40889
 130.00000    4.40753    0.00000    4.40753
 130.50000    4.40732    0.00000    4.40732
 131.00000    4.40748    0.00000    4.40748
 131.50000    4.41162    0.00000    4.41162
 132.00000    4.41245    0.00000    4.41245
 132.50000    4.40727    0.00000    4.40727
 133.00000    4.41411    0.00000    4.41411
 133.50000    4.41564    0.00000    4.41564
 134.00000    4.41174    0.00000    4.41174
 134.50000    4.40663    0.00000    4.40663
 135.00000    4.41377    0.00000    4.41377
 135.50000    4.41937    0.00000    4.41937
 136.00000    4.40999    0.00000    4.40999
 136.50000    4.40346    0.00000    4.40346
 137.00000    4.40294    0.00000    4.40294
 137.50000    4.40447    0.00000    4.40447
 138.00000    4.40676    0.00000    4.40676
 138.50000    4.41336    0.00000    4.41336
 139.00000    4.41012    0.00000    4.41012
 139.50000    4.39805    0.00000    4.39805
 140.00000    4.39759    0.00000    4.39759
 140.50000    4.40817    0.00000    4.40817
 141.00000    4.40659    0.00000    4.40659
 141.50000    4.40992    0.00000    4.40992
 142.00000    4.40992    0.00000    4.40992
 142.50000    4.42105    0.00000    4.42105
 143.00000    4.42209    0.00000    4.42209
 143.50000    4.43006    0.00000    4.43006
 144.00000    4.41891    0.00000    4.41891
 144.50000    4.41360    0.00000    4.41360
 145.00000    4.41118    0.00000    4.41118
 145.50000    4.42519    0.00000    4.42519
 146.00000    4.42771    0.00000    4.42771
 146.50000    4.42704    0.00000    4.42704
 147.00000    4.40970    0.00000    4.40970
 147.50000    4.41144    0.00000    4.41144
 148.00000    4.41377    0.00000    4.41377
 148.50000    4.42150    0.00000    4.42150
 149.00000    4.41574    0.00000    4.41574
 149.50000    4.42685    0.00000    4.42685
 150.00000    4.44752    0.00000    4.44752
