   0.00000    0.94503    0.00000    0.94503
   0.50000    1.75908    0.00000    1.75908
   1.00000    2.40726    0.00000    2.40726
   1.50000    2.74459    0.00000    2.74459
   2.00000    2.74730    0.00000    2.74730
   2.50000    2.81124    0.00000    2.81124
   3.00000    2.75115    0.00000    2.75115
   3.50000    2.80837    0.00000    2.80837
   4.00000    2.87820    0.00000    2.87820
   4.50000    2.90226    0.00000    2.90226
   5.00000    2.85937    0.00000    2.85937
   5.50000    2.90239    0.00000    2.90239
   6.00000    2.91043    0.00000    2.91043
   6.50000    3.02500    0.00000    3.02500
   7.00000    3.16197    0.00000    3.16197
   7.50000    3.22779    0.00000    3.22779
   8.00000    3.20836    0.00000    3.20836
   8.50000    3.23593    0.00000    3.23593
   9.00000    3.23112    0.00000    3.23112
   9.50000    3.17818    0.00000    3.17818
  10.00000    3.17737    0.00000    3.17737
  10.50000    3.22126    0.00000    3.22126
  11.00000    3.24634    0.00000    3.24634
  11.50000    3.26558    0.00000    3.26558
  12.00000    3.26673    0.00000    3.26673
  12.50000    3.25548    0.00000    3.25548
  13.00000    3.22485    0.00000    3.22485
  13.50000    3.25969    0.00000    3.25969
  14.00000    3.31301    0.00000    3.31301
  14.50000    3.32699    0.00000    3.32699
  15.00000    3.31862    0.00000    3.31862
  15.50000    3.30456    0.00000    3.30456
  16.00000    3.30934    0.00000    3.30934
  16.50000    3.33406    0.00000    3.33406
  17.00000    3.36100    0.00000    3.36100
  17.50000    3.39161    0.00000    3.39161
  18.00000    3.36458    0.00000    3.36458
  18.50000    3.39061    0.00000    3.39061
  19.00000    3.41880    0.00000    3.41880
  19.50000    3.45565    0.00000    3.45565
  20.00000    3.41172    0.00000    3.41172
  20.50000    3.42849    0.00000    3.42849
  21.00000    3.49361    0.00000    3.49361
  21.50000    3.56589    0.00000    3.56589
  22.00000    3.57537    0.00000    3.57537
  22.50000    3.56669    0.00000    3.56669
  23.00000    3.56476    0.00000    3.56476
  23.50000    3.57519    0.00000    3.57519
  24.00000    3.64454    0.00000    3.64454
  24.50000    3.69020    0.00000    3.69020
  25.00000    3.72356    0.00000    3.72356
  25.50000    3.70487    0.00000    3.70487
  26.00000    3.79556    0.00000    3.79556
  26.50000    3.90442    0.00000    3.90442
  27.00000    4.05361    0.00000    4.05361
  27.50000    4.07633    0.00000    4.07633
  28.00000    4.12115    0.00000    4.12115
  28.50000    4.08367    0.00000    4.08367
  29.00000    4.10654    0.00000    4.10654
  29.50000    4.11436    0.00000    4.11436
  30.00000    4.21894    0.00000    4.21894
  30.50000    4.23516    0.00000    4.23516
  31.00000    4.31182    0.00000    4.31182
  31.50000    4.38350    0.00000    4.38350
  32.00000    4.44617    0.00000    4.44617
  32.50000    4.41522    0.00000    4.41522
  33.00000    4.42416    0.00000    4.42416
  33.50000    4.49402    0.00000    4.49402
  34.00000    4.56461    0.00000    4.56461
  34.50000    4.53868    0.00000    4.53868
  35.00000    4.50370    0.00000    4.50370
  35.50000    4.43746    0.00000    4.43746
  36.00000    4.44761    0.00000    4.44761
  36.50000    4.43273    0.00000    4.43273
  37.00000    4.45978    0.00000    4.45978
  37.50000    4.40852    0.00000    4.40852
  38.00000    4.37332    0.00000    4.37332
  38.50000    4.32148    0.00000    4.32148
  39.00000    4.30408    0.00000    4.30408
  39.50000    4.31738    0.00000    4.31738
  40.00000    4.30801    0.00000    4.30801
  40.50000    4.24978    0.00000    4.24978
  41.00000    4.22570    0.00000    4.22570
  41.50000    4.23108    0.00000    4.23108
  42.00000    4.26498    0.00000    4.26498
  42.50000    4.26749    0.00000    4.26749
  43.00000    4.26983    0.00000    4.26983
  43.50000    4.22689    0.00000    4.22689
  44.00000    4.20222    0.00000    4.20222
  44.50000    4.21419    0.00000    4.21419
  45.00000    4.28014    0.00000    4.28014
  45.50000    4.33103    0.00000    4.33103
  46.00000    4.32066    0.00000    4.32066
  46.50000    4.28905    0.00000    4.28905
  47.00000    4.25865    0.00000    4.25865
  47.50000    4.27284    0.00000    4.27284
  48.00000    4.23238    0.00000    4.23238
  48.50000    4.23110    0.00000    4.23110
  49.00000    4.22706    0.00000    4.22706
  49.50000    4.25634    0.00000    4.25634
  50.00000    4.27370    0.00000    4.27370
  50.50000    4.29497    0.00000    4.29497
  51.00000    4.32287    0.00000    4.32287
  51.50000    4.30439    0.00000    4.30439
  52.00000    4.33936    0.00000    4.33936
  52.50000    4.31679    0.00000    4.31679
  53.00000    4.33975    0.00000    4.33975
  53.50000    4.32942    0.00000    4.32942
  54.00000    4.41009    0.00000    4.41009
  54.50000    4.46453    0.00000    4.46453
  55.00000    4.52180    0.00000    4.52180
  55.50000    4.47556    0.00000    4.47556
  56.00000    4.43529    0.00000    4.43529
  56.50000    4.40684    0.00000    4.40684
  57.00000    4.44217    0.00000    4.44217
  57.50000    4.46803    0.00000    4.46803
  58.00000    4.46827    0.00000    4.46827
  58.50000    4.49042    0.00000    4.49042
  59.00000    4.48897    0.00000    4.48897
  59.50000    4.49076    0.00000    4.49076
  60.00000    4.47367    0.00000    4.47367
  60.50000    4.49175    0.00000    4.49175
  61.00000    4.49004    0.00000    4.49004
  61.50000    4.49083    0.00000    4.49083
  62.00000    4.50626    0.00000    4.50626
  62.50000    4.52709    0.00000    4.52709
  63.00000    4.54277    0.00000    4.54277
  63.50000    4.50701    0.00000    4.50701
  64.00000    4.52546    0.00000    4.52546
  64.50000    4.56646    0.00000    4.56646
  65.00000    4.57558    0.00000    4.57558
  65.50000    4.54331    0.00000    4.54331
  66.00000    4.54548    0.00000    4.54548
  66.50000    4.55437    0.00000    4.55437
  67.00000    4.54904    0.00000    4.54904
  67.50000    4.54236    0.00000    4.54236
  68.00000    4.55685    0.00000    4.55685
  68.50000    4.52906    0.00000    4.52906
  69.00000    4.56193    0.00000    4.56193
  69.50000    4.58783    0.00000    4.58783
  70.00000    4.58983    0.00000    4.58983
  70.50000    4.56259    0.00000    4.56259
  71.00000    4.58876    0.00000    4.58876
  71.50000    4.62107    0.00000    4.62107
  72.00000    4.58111    0.00000    4.58111
  72.50000    4.62541    0.00000    4.62541
  73.00000    4.62033    0.00000    4.62033
  73.50000    4.60601    0.00000    4.60601
  74.00000    4.56313    0.00000    4.56313
  74.50000    4.64695    0.00000    4.64695
  75.00000    4.66910    0.00000    4.66910
  75.50000    4.67488    0.00000    4.67488
  76.00000    4.61820    0.00000    4.61820
  76.50000    4.62965    0.00000    4.62965
  77.00000    4.62410    0.00000    4.62410
  77.50000    4.63339    0.00000    4.63339
  78.00000    4.58798    0.00000    4.58798
  78.50000    4.58421    0.00000    4.58421
  79.00000    4.60074    0.00000    4.60074
  79.50000    4.64805    0.00000    4.64805
  80.00000    4.67233    0.00000    4.67233
  80.50000    4.69211    0.00000    4.69211
  81.00000    4.68023    0.00000    4.68023
  81.50000    4.69454    0.00000    4.69454
  82.00000    4.70934    0.00000    4.70934
  82.50000    4.70311    0.00000    4.70311
  83.00000    4.67653    0.00000    4.67653
  83.50000    4.70292    0.00000    4.70292
  84.00000    4.75213    0.00000    4.75213
  84.50000    4.74745    0.00000    4.74745
  85.00000    4.71545    0.00000    4.71545
  85.50000    4.73950    0.00000    4.73950
  86.00000    4.74239    0.00000    4.74239
  86.50000    4.72201    0.00000    4.72201
  87.00000    4.71863    0.00000    4.71863
  87.50000    4.74328    0.00000    4.74328
  88.00000    4.73726    0.00000    4.73726
  88.50000    4.71855    0.00000    4.71855
  89.00000    4.75857    0.00000    4.75857
  89.50000    4.77725    0.00000    4.77725
  90.00000    4.74613    0.00000    4.74613
  90.50000    4.72094    0.00000    4.72094
  91.00000    4.76659    0.00000    4.76659
  91.50000    4.82042    0.00000    4.82042
  92.00000    4.80608    0.00000    4.80608
  92.50000    4.77369    0.00000    4.77369
  93.00000    4.77639    0.00000    4.77639
  93.50000    4.77930    0.00000    4.77930
  94.00000    4.78285    0.00000    4.78285
  94.50000    4.76038    0.00000    4.76038
  95.00000    4.79682    0.00000    4.79682
  95.50000    4.81875    0.00000    4.81875
  96.00000    4.81607    0.00000    4.81607
  96.50000    4.75487    0.00000    4.75487
  97.00000    4.75012    0.00000    4.75012
  97.50000    4.79770    0.00000    4.79770
  98.00000    4.77714    0.00000    4.77714
  98.50000    4.73740    0.00000    4.73740
  99.00000    4.74259    0.00000    4.74259
  99.50000    4.79568    0.00000    4.79568
 100.00000    4.82494    0.00000    4.82494
 100.50000    4.83389    0.00000    4.83389
 101.00000    4.83452    0.00000    4.83452
 101.50000    4.81048    0.00000    4.81048
 102.00000    4.81629    0.00000    4.81629
 102.50000    4.76187    0.00000    4.76187
 103.00000    4.77354    0.00000    4.77354
 103.50000    4.83882    0.00000    4.83882
 104.00000    4.88387    0.00000    4.88387
 104.50000    4.85488    0.00000    4.85488
 105.00000    4.82755    0.00000    4.82755
 105.50000    4.80118    0.00000    4.80118
 106.00000    4.78140    0.00000    4.78140
 106.50000    4.79955    0.00000    4.79955
 107.00000    4.83753    0.00000    4.83753
 107.50000    4.84548    0.00000    4.84548
 108.00000    4.83638    0.00000    4.83638
 108.50000    4.82625    0.00000    4.82625
 109.00000    4.81606    0.00000    4.81606
 109.50000    4.85433    0.00000    4.85433
 110.00000    4.84068    0.00000    4.84068
 110.50000    4.82929    0.00000    4.82929
 111.00000    4.84972    0.00000    4.84972
 111.50000    4.89707    0.00000    4.89707
 112.00000    4.88166    0.00000    4.88166
 112.50000    4.83458    0.00000    4.83458
 113.00000    4.85015    0.00000    4.85015
 113.50000    4.85033    0.00000    4.85033
 114.00000    4.83788    0.00000    4.83788
 114.50000    4.82568    0.00000    4.82568
 115.00000    4.86440    0.00000    4.86440
 115.50000    4.88168    0.00000    4.88168
 116.00000    4.85272    0.00000    4.85272
 116.50000    4.82674    0.00000    4.82674
 117.00000    4.83061    0.00000    4.83061
 117.50000    4.82404    0.00000    4.82404
 118.00000    4.81943    0.00000    4.81943
 118.50000    4.82257    0.00000    4.82257
 119.00000    4.85332    0.00000    4.85332
 119.50000    4.87815    0.00000    4.87815
 120.00000    4.90927    0.00000    4.90927
 120.50000    4.86730    0.00000    4.86730
 121.00000    4.84759    0.00000    4.84759
 121.50000    4.85558    0.00000    4.85558
 122.00000    4.88677    0.00000    4.88677
 122.50000    4.90277    0.00000    4.90277
 123.00000    4.90892    0.00000    4.90892
 123.50000    4.88948    0.00000    4.88948
 124.00000    4.86745    0.00000    4.86745
 124.50000    4.89055    0.00000    4.89055
 125.00000    4.86659    0.00000    4.86659
 125.50000    4.81763    0.00000    4.81763
 126.00000    4.81214    0.00000    4.81214
 126.50000    4.82879    0.00000    4.82879
 127.00000    4.84408    0.00000    4.84408
 127.50000    4.86186    0.00000    4.86186
 128.00000    4.86189    0.00000    4.86189
 128.50000    4.86015    0.00000    4.86015
 129.00000    4.85013    0.00000    4.85013
 129.50000    4.85103    0.00000    4.85103
 130.00000    4.81793    0.00000    4.81793
 130.50000    4.83245    0.00000    4.83245
 131.00000    4.84435    0.00000    4.84435
 131.50000    4.83467    0.00000    4.83467
 132.00000    4.80895    0.00000    4.80895
 132.50000    4.80608    0.00000    4.80608
 133.00000    4.81981    0.00000    4.81981
 133.50000    4.80073    0.00000    4.80073
 134.00000    4.81493    0.00000    4.81493
 134.50000    4.85583    0.00000    4.85583
 135.00000    4.88105    0.00000    4.88105
 135.50000    4.83462    0.00000    4.83462
 136.00000    4.82539    0.00000    4.82539
 136.50000    4.80522    0.00000    4.80522
 137.00000    4.82591    0.00000    4.82591
 137.50000    4.80478    0.00000    4.80478
 138.00000    4.80477    0.00000    4.80477
 138.50000    4.80918    0.00000    4.80918
 139.00000    4.84208    0.00000    4.84208
 139.50000    4.87860    0.00000    4.87860
 140.00000    4.85943    0.00000    4.85943
 140.50000    4.83267    0.00000    4.83267
 141.00000    4.80712    0.00000    4.80712
 141.50000    4.78848    0.00000    4.78848
 142.00000    4.76904    0.00000    4.76904
 142.50000    4.80576    0.00000    4.80576
 143.00000    4.84056    0.00000    4.84056
 143.50000    4.84148    0.00000    4.84148
 144.00000    4.83188    0.00000    4.83188
 144.50000    4.82814    0.00000    4.82814
 145.00000    4.79989    0.00000    4.79989
 145.50000    4.76925    0.00000    4.76925
 146.00000    4.79535    0.00000    4.79535
 146.50000    4.79050    0.00000    4.79050
 147.00000    4.77726    0.00000    4.77726
 147.50000    4.75777    0.00000    4.75777
 148.00000    4.83250    0.00000    4.83250
 148.50000    4.85811    0.00000    4.85811
 149.00000    4.84656    0.00000    4.84656
 149.50000    4.79550    0.00000    4.79550
 150.00000    4.76320    0.00000    4.76320
