   0.00000    1.12723    0.00000    1.12723
   0.50000    1.66840    0.00000    1.66840
   1.00000    2.07791    0.00000    2.07791
   1.50000    2.36176    0.00000    2.36176
   2.00000    2.49005    0.00000    2.49005
   2.50000    2.58929    0.00000    2.58929
   3.00000    2.60648    0.00000    2.60648
   3.50000    2.73605    0.00000    2.73605
   4.00000    2.89718    0.00000    2.89718
   4.50000    2.97449    0.00000    2.97449
   5.00000    2.98085    0.00000    2.98085
   5.50000    3.02193    0.00000    3.02193
   6.00000    3.05233    0.00000    3.05233
   6.50000    3.13781    0.00000    3.13781
   7.00000    3.22260    0.00000    3.22260
   7.50000    3.25530    0.00000    3.25530
   8.00000    3.25105    0.00000    3.25105
   8.50000    3.27766    0.00000    3.27766
   9.00000    3.27294    0.00000    3.27294
   9.50000    3.25473    0.00000    3.25473
  10.00000    3.25534    0.00000    3.25534
  10.50000    3.28671    0.00000    3.28671
  11.00000    3.29791    0.00000    3.29791
  11.50000    3.31823    0.00000    3.31823
  12.00000    3.31400    0.00000    3.31400
  12.50000    3.33273    0.00000    3.33273
  13.00000    3.34762    0.00000    3.34762
  13.50000    3.37351    0.00000    3.37351
  14.00000    3.39093    0.00000    3.39093
  14.50000    3.39224    0.00000    3.39224
  15.00000    3.40113    0.00000    3.40113
  15.50000    3.40704    0.00000    3.40704
  16.00000    3.41519    0.00000    3.41519
  16.50000    3.43306    0.00000    3.43306
  17.00000    3.45864    0.00000    3.45864
  17.50000    3.47636    0.00000    3.47636
  18.00000    3.45810    0.00000    3.45810
  18.50000    3.46414    0.00000    3.46414
  19.00000    3.48563    0.00000    3.48563
  19.50000    3.49892    0.00000    3.49892
  20.00000    3.49031    0.00000    3.49031
  20.50000    3.50055    0.00000    3.50055
  21.00000    3.54624    0.00000    3.54624
  21.50000    3.58822    0.00000    3.58822
  22.00000    3.62359    0.00000    3.62359
  22.50000    3.63526    0.00000    3.63526
  23.00000    3.60462    0.00000    3.60462
  23.50000    3.59054    0.00000    3.59054
  24.00000    3.62381    0.00000    3.62381
  24.50000    3.61435    0.00000    3.61435
  25.00000    3.58127    0.00000    3.58127
  25.50000    3.55977    0.00000    3.55977
  26.00000    3.58668    0.00000    3.58668
  26.50000    3.58298    0.00000    3.58298
  27.00000    3.61290    0.00000    3.61290
  27.50000    3.62246    0.00000    3.62246
  28.00000    3.67088    0.00000    3.67088
  28.50000    3.70338    0.00000    3.70338
  29.00000    3.73092    0.00000    3.73092
  29.50000    3.70537    0.00000    3.70537
  30.00000    3.73641    0.00000    3.73641
  30.50000    3.75125    0.00000    3.75125
  31.00000    3.84428    0.00000    3.84428
  31.50000    3.93533    0.00000    3.93533
  32.00000    4.01062    0.00000    4.01062
  32.50000    4.02839    0.00000    4.02839
  33.00000    4.09686    0.00000    4.09686
  33.50000    4.19447    0.00000    4.19447
  34.00000    4.26606    0.00000    4.26606
  34.50000    4.28121    0.00000    4.28121
  35.00000    4.25469    0.00000    4.25469
  35.50000    4.20033    0.00000    4.20033
  36.00000    4.20489    0.00000    4.20489
  36.50000    4.21698    0.00000    4.21698
  37.00000    4.21770    0.00000    4.21770
  37.50000    4.18523    0.00000    4.18523
  38.00000    4.17659    0.00000    4.17659
  38.50000    4.17424    0.00000    4.17424
  39.00000    4.15896    0.00000    4.15896
  39.50000    4.15490    0.00000    4.15490
  40.00000    4.14544    0.00000    4.14544
  40.50000    4.11340    0.00000    4.11340
  41.00000    4.11268    0.00000    4.11268
  41.50000    4.12700    0.00000    4.12700
  42.00000    4.14814    0.00000    4.14814
  42.50000    4.17544    0.00000    4.17544
  43.00000    4.19793    0.00000    4.19793
  43.50000    4.19046    0.00000    4.19046
  44.00000    4.15531    0.00000    4.15531
  44.50000    4.17949    0.00000    4.17949
  45.00000    4.20597    0.00000    4.20597
  45.50000    4.25147    0.00000    4.25147
  46.00000    4.27982    0.00000    4.27982
  46.50000    4.27173    0.00000    4.27173
  47.00000    4.22243    0.00000    4.22243
  47.50000    4.19092    0.00000    4.19092
  48.00000    4.19426    0.00000    4.19426
  48.50000    4.18052    0.00000    4.18052
  49.00000    4.19439    0.00000    4.19439
  49.50000    4.24342    0.00000    4.24342
  50.00000    4.29478    0.00000    4.29478
  50.50000    4.29840    0.00000    4.29840
  51.00000    4.28480    0.00000    4.28480
  51.50000    4.28710    0.00000    4.28710
  52.00000    4.32794    0.00000    4.32794
  52.50000    4.33749    0.00000    4.33749
  53.00000    4.34387    0.00000    4.34387
  53.50000    4.34014    0.00000    4.34014
  54.00000    4.38682    0.00000    4.38682
  54.50000    4.41093    0.00000    4.41093
  55.00000    4.43711    0.00000    4.43711
  55.50000    4.42521    0.00000    4.42521
  56.00000    4.40005    0.00000    4.40005
  56.50000    4.38425    0.00000    4.38425
  57.00000    4.38519    0.00000    4.38519
  57.50000    4.41337    0.00000    4.41337
  58.00000    4.43755    0.00000    4.43755
  58.50000    4.44799    0.00000    4.44799
  59.00000    4.43879    0.00000    4.43879
  59.50000    4.45417    0.00000    4.45417
  60.00000    4.45471    0.00000    4.45471
  60.50000    4.45590    0.00000    4.45590
  61.00000    4.44936    0.00000    4.44936
  61.50000    4.47328    0.00000    4.47328
  62.00000    4.47757    0.00000    4.47757
  62.50000    4.47409    0.00000    4.47409
  63.00000    4.46716    0.00000    4.46716
  63.50000    4.47282    0.00000    4.47282
  64.00000    4.47516    0.00000    4.47516
  64.50000    4.48511    0.00000    4.48511
  65.00000    4.50324    0.00000    4.50324
  65.50000    4.50158    0.00000    4.50158
  66.00000    4.48294    0.00000    4.48294
  66.50000    4.48603    0.00000    4.48603
  67.00000    4.50395    0.00000    4.50395
  67.50000    4.49555    0.00000    4.49555
  68.00000    4.49851    0.00000    4.49851
  68.50000    4.49035    0.00000    4.49035
  69.00000    4.50735    0.00000    4.50735
  69.50000    4.51714    0.00000    4.51714
  70.00000    4.53218    0.00000    4.53218
  70.50000    4.53625    0.00000    4.53625
  71.00000    4.54157    0.00000    4.54157
  71.50000    4.54766    0.00000    4.54766
  72.00000    4.53539    0.00000    4.53539
  72.50000    4.55582    0.00000    4.55582
  73.00000    4.56284    0.00000    4.56284
  73.50000    4.54673    0.00000    4.54673
  74.00000    4.51401    0.00000    4.51401
  74.50000    4.54115    0.00000    4.54115
  75.00000    4.56761    0.00000    4.56761
  75.50000    4.58270    0.00000    4.58270
  76.00000    4.55791    0.00000    4.55791
  76.50000    4.56402    0.00000    4.56402
  77.00000    4.56185    0.00000    4.56185
  77.50000    4.56837    0.00000    4.56837
  78.00000    4.54188    0.00000    4.54188
  78.50000    4.53533    0.00000    4.53533
  79.00000    4.53650    0.00000    4.53650
  79.50000    4.56475    0.00000    4.56475
  80.00000    4.57162    0.00000    4.57162
  80.50000    4.58000    0.00000    4.58000
  81.00000    4.57245    0.00000    4.57245
  81.50000    4.59371    0.00000    4.59371
  82.00000    4.60993    0.00000    4.60993
  82.50000    4.60160    0.00000    4.60160
  83.00000    4.58984    0.00000    4.58984
  83.50000    4.61561    0.00000    4.61561
  84.00000    4.64237    0.00000    4.64237
  84.50000    4.61916    0.00000    4.61916
  85.00000    4.58884    0.00000    4.58884
  85.50000    4.61284    0.00000    4.61284
  86.00000    4.62954    0.00000    4.62954
  86.50000    4.62214    0.00000    4.62214
  87.00000    4.60616    0.00000    4.60616
  87.50000    4.61641    0.00000    4.61641
  88.00000    4.62419    0.00000    4.62419
  88.50000    4.62156    0.00000    4.62156
  89.00000    4.64408    0.00000    4.64408
  89.50000    4.65124    0.00000    4.65124
  90.00000    4.64391    0.00000    4.64391
  90.50000    4.63018    0.00000    4.63018
  91.00000    4.63616    0.00000    4.63616
  91.50000    4.65489    0.00000    4.65489
  92.00000    4.66034    0.00000    4.66034
  92.50000    4.66864    0.00000    4.66864
  93.00000    4.66942    0.00000    4.66942
  93.50000    4.67053    0.00000    4.67053
  94.00000    4.66657    0.00000    4.66657
  94.50000    4.67085    0.00000    4.67085
  95.00000    4.68419    0.00000    4.68419
  95.50000    4.67669    0.00000    4.67669
  96.00000    4.65692    0.00000    4.65692
  96.50000    4.64614    0.00000    4.64614
  97.00000    4.65729    0.00000    4.65729
  97.50000    4.67423    0.00000    4.67423
  98.00000    4.66270    0.00000    4.66270
  98.50000    4.65568    0.00000    4.65568
  99.00000    4.65034    0.00000    4.65034
  99.50000    4.66918    0.00000    4.66918
 100.00000    4.66866    0.00000    4.66866
 100.50000    4.66234    0.00000    4.66234
 101.00000    4.66159    0.00000    4.66159
 101.50000    4.68830    0.00000    4.68830
 102.00000    4.70786    0.00000    4.70786
 102.50000    4.68034    0.00000    4.68034
 103.00000    4.67840    0.00000    4.67840
 103.50000    4.69538    0.00000    4.69538
 104.00000    4.72170    0.00000    4.72170
 104.50000    4.70579    0.00000    4.70579
 105.00000    4.68779    0.00000    4.68779
 105.50000    4.67685    0.00000    4.67685
 106.00000    4.68895    0.00000    4.68895
 106.50000    4.69897    0.00000    4.69897
 107.00000    4.69697    0.00000    4.69697
 107.50000    4.69611    0.00000    4.69611
 108.00000    4.69420    0.00000    4.69420
 108.50000    4.70728    0.00000    4.70728
 109.00000    4.71697    0.00000    4.71697
 109.50000    4.73634    0.00000    4.73634
 110.00000    4.72317    0.00000    4.72317
 110.50000    4.70541    0.00000    4.70541
 111.00000    4.72277    0.00000    4.72277
 111.50000    4.75611    0.00000    4.75611
 112.00000    4.75117    0.00000    4.75117
 112.50000    4.71480    0.00000    4.71480
 113.00000    4.70149    0.00000    4.70149
 113.50000    4.70455    0.00000    4.70455
 114.00000    4.72059    0.00000    4.72059
 114.50000    4.74334    0.00000    4.74334
 115.00000    4.74922    0.00000    4.74922
 115.50000    4.73500    0.00000    4.73500
 116.00000    4.72762    0.00000    4.72762
 116.50000    4.73039    0.00000    4.73039
 117.00000    4.71976    0.00000    4.71976
 117.50000    4.70573    0.00000    4.70573
 118.00000    4.70177    0.00000    4.70177
 118.50000    4.70469    0.00000    4.70469
 119.00000    4.70518    0.00000    4.70518
 119.50000    4.72993    0.00000    4.72993
 120.00000    4.75087    0.00000    4.75087
 120.50000    4.73470    0.00000    4.73470
 121.00000    4.71646    0.00000    4.71646
 121.50000    4.72468    0.00000    4.72468
 122.00000    4.73585    0.00000    4.73585
 122.50000    4.73383    0.00000    4.73383
 123.00000    4.73761    0.00000    4.73761
 123.50000    4.73352    0.00000    4.73352
 124.00000    4.74472    0.00000    4.74472
 124.50000    4.73981    0.00000    4.73981
 125.00000    4.72143    0.00000    4.72143
 125.50000    4.68160    0.00000    4.68160
 126.00000    4.68837    0.00000    4.68837
 126.50000    4.70631    0.00000    4.70631
 127.00000    4.72774    0.00000    4.72774
 127.50000    4.74527    0.00000    4.74527
 128.00000    4.74277    0.00000    4.74277
 128.50000    4.74896    0.00000    4.74896
 129.00000    4.73705    0.00000    4.73705
 129.50000    4.72716    0.00000    4.72716
 130.00000    4.70779    0.00000    4.70779
 130.50000    4.71919    0.00000    4.71919
 131.00000    4.73020    0.00000    4.73020
 131.50000    4.71654    0.00000    4.71654
 132.00000    4.70926    0.00000    4.70926
 132.50000    4.70307    0.00000    4.70307
 133.00000    4.69811    0.00000    4.69811
 133.50000    4.69004    0.00000    4.69004
 134.00000    4.71431    0.00000    4.71431
 134.50000    4.74274    0.00000    4.74274
 135.00000    4.73844    0.00000    4.73844
 135.50000    4.73294    0.00000    4.73294
 136.00000    4.72371    0.00000    4.72371
 136.50000    4.69485    0.00000    4.69485
 137.00000    4.69434    0.00000    4.69434
 137.50000    4.70549    0.00000    4.70549
 138.00000    4.72141    0.00000    4.72141
 138.50000    4.70463    0.00000    4.70463
 139.00000    4.71828    0.00000    4.71828
 139.50000    4.73612    0.00000    4.73612
 140.00000    4.73835    0.00000    4.73835
 140.50000    4.71990    0.00000    4.71990
 141.00000    4.70193    0.00000    4.70193
 141.50000    4.68220    0.00000    4.68220
 142.00000    4.66783    0.00000    4.66783
 142.50000    4.68443    0.00000    4.68443
 143.00000    4.71081    0.00000    4.71081
 143.50000    4.71685    0.00000    4.71685
 144.00000    4.72411    0.00000    4.72411
 144.50000    4.73357    0.00000    4.73357
 145.00000    4.71598    0.00000    4.71598
 145.50000    4.69573    0.00000    4.69573
 146.00000    4.69995    0.00000    4.69995
 146.50000    4.71792    0.00000    4.71792
 147.00000    4.71950    0.00000    4.71950
 147.50000    4.71147    0.00000    4.71147
 148.00000    4.70485    0.00000    4.70485
 148.50000    4.71486    0.00000    4.71486
 149.00000    4.73043    0.00000    4.73043
 149.50000    4.73988    0.00000    4.73988
 150.00000    4.68872    0.00000    4.68872
