   0.00000    1.48374    0.00000    1.48374
   0.50000    2.80580    0.00000    2.80580
   1.00000    3.27166    0.00000    3.27166
   1.50000    3.36090    0.00000    3.36090
   2.00000    3.36301    0.00000    3.36301
   2.50000    3.35099    0.00000    3.35099
   3.00000    3.37706    0.00000    3.37706
   3.50000    3.41473    0.00000    3.41473
   4.00000    3.41248    0.00000    3.41248
   4.50000    3.39125    0.00000    3.39125
   5.00000    3.40663    0.00000    3.40663
   5.50000    3.44240    0.00000    3.44240
   6.00000    3.47160    0.00000    3.47160
   6.50000    3.48275    0.00000    3.48275
   7.00000    3.47116    0.00000    3.47116
   7.50000    3.47238    0.00000    3.47238
   8.00000    3.48105    0.00000    3.48105
   8.50000    3.48937    0.00000    3.48937
   9.00000    3.50454    0.00000    3.50454
   9.50000    3.51338    0.00000    3.51338
  10.00000    3.51504    0.00000    3.51504
  10.50000    3.50740    0.00000    3.50740
  11.00000    3.52360    0.00000    3.52360
  11.50000    3.52295    0.00000    3.52295
  12.00000    3.52746    0.00000    3.52746
  12.50000    3.52729    0.00000    3.52729
  13.00000    3.54993    0.00000    3.54993
  13.50000    3.55588    0.00000    3.55588
  14.00000    3.56145    0.00000    3.56145
  14.50000    3.56064    0.00000    3.56064
  15.00000    3.56489    0.00000    3.56489
  15.50000    3.56373    0.00000    3.56373
  16.00000    3.54187    0.00000    3.54187
  16.50000    3.55464    0.00000    3.55464
  17.00000    3.55988    0.00000    3.55988
  17.50000    3.57444    0.00000    3.57444
  18.00000    3.57008    0.00000    3.57008
  18.50000    3.58926    0.00000    3.58926
  19.00000    3.57937    0.00000    3.57937
  19.50000    3.56817    0.00000    3.56817
  20.00000    3.57422    0.00000    3.57422
  20.50000    3.58242    0.00000    3.58242
  21.00000    3.58600    0.00000    3.58600
  21.50000    3.57968    0.00000    3.57968
  22.00000    3.58508    0.00000    3.58508
  22.50000    3.58894    0.00000    3.58894
  23.00000    3.59819    0.00000    3.59819
  23.50000    3.60443    0.00000    3.60443
  24.00000    3.59557    0.00000    3.59557
  24.50000    3.58419    0.00000    3.58419
  25.00000    3.58108    0.00000    3.58108
  25.50000    3.60510    0.00000    3.60510
  26.00000    3.60989    0.00000    3.60989
  26.50000    3.62770    0.00000    3.62770
  27.00000    3.64597    0.00000    3.64597
  27.50000    3.67646    0.00000    3.67646
  28.00000    3.66920    0.00000    3.66920
  28.50000    3.66930    0.00000    3.66930
  29.00000    3.65900    0.00000    3.65900
  29.50000    3.64988    0.00000    3.64988
  30.00000    3.64637    0.00000    3.64637
  30.50000    3.66088    0.00000    3.66088
  31.00000    3.68220    0.00000    3.68220
  31.50000    3.69721    0.00000    3.69721
  32.00000    3.72092    0.00000    3.72092
  32.50000    3.69196    0.00000    3.69196
  33.00000    3.65951    0.00000    3.65951
  33.50000    3.64121    0.00000    3.64121
  34.00000    3.66733    0.00000    3.66733
  34.50000    3.69711    0.00000    3.69711
  35.00000    3.73210    0.00000    3.73210
  35.50000    3.74662    0.00000    3.74662
  36.00000    3.75263    0.00000    3.75263
  36.50000    3.74855    0.00000    3.74855
  37.00000    3.71554    0.00000    3.71554
  37.50000    3.71296    0.00000    3.71296
  38.00000    3.73538    0.00000    3.73538
  38.50000    3.76829    0.00000    3.76829
  39.00000    3.77242    0.00000    3.77242
  39.50000    3.79723    0.00000    3.79723
  40.00000    3.82010    0.00000    3.82010
  40.50000    3.84206    0.00000    3.84206
  41.00000    3.85191    0.00000    3.85191
  41.50000    3.87144    0.00000    3.87144
  42.00000    3.87999    0.00000    3.87999
  42.50000    3.88606    0.00000    3.88606
  43.00000    3.89722    0.00000    3.89722
  43.50000    3.92921    0.00000    3.92921
  44.00000    3.95151    0.00000    3.95151
  44.50000    3.95672    0.00000    3.95672
  45.00000    3.98597    0.00000    3.98597
  45.50000    4.01494    0.00000    4.01494
  46.00000    4.05804    0.00000    4.05804
  46.50000    4.07789    0.00000    4.07789
  47.00000    4.09934    0.00000    4.09934
  47.50000    4.10399    0.00000    4.10399
  48.00000    4.10974    0.00000    4.10974
  48.50000    4.10844    0.00000    4.10844
  49.00000    4.11522    0.00000    4.11522
  49.50000    4.11091    0.00000    4.11091
  50.00000    4.10664    0.00000    4.10664
  50.50000    4.09729    0.00000    4.09729
  51.00000    4.10793    0.00000    4.10793
  51.50000    4.12012    0.00000    4.12012
  52.00000    4.13517    0.00000    4.13517
  52.50000    4.13269    0.00000    4.13269
  53.00000    4.12077    0.00000    4.12077
  53.50000    4.11745    0.00000    4.11745
  54.00000    4.12465    0.00000    4.12465
  54.50000    4.13926    0.00000    4.13926
  55.00000    4.13791    0.00000    4.13791
  55.50000    4.12416    0.00000    4.12416
  56.00000    4.12607    0.00000    4.12607
  56.50000    4.14275    0.00000    4.14275
  57.00000    4.14432    0.00000    4.14432
  57.50000    4.13682    0.00000    4.13682
  58.00000    4.14789    0.00000    4.14789
  58.50000    4.16747    0.00000    4.16747
  59.00000    4.16568    0.00000    4.16568
  59.50000    4.16317    0.00000    4.16317
  60.00000    4.15705    0.00000    4.15705
  60.50000    4.15377    0.00000    4.15377
  61.00000    4.14534    0.00000    4.14534
  61.50000    4.16615    0.00000    4.16615
  62.00000    4.16641    0.00000    4.16641
  62.50000    4.16971    0.00000    4.16971
  63.00000    4.16488    0.00000    4.16488
  63.50000    4.16779    0.00000    4.16779
  64.00000    4.16239    0.00000    4.16239
  64.50000    4.16883    0.00000    4.16883
  65.00000    4.16900    0.00000    4.16900
  65.50000    4.17452    0.00000    4.17452
  66.00000    4.18689    0.00000    4.18689
  66.50000    4.19232    0.00000    4.19232
  67.00000    4.19118    0.00000    4.19118
  67.50000    4.19784    0.00000    4.19784
  68.00000    4.19857    0.00000    4.19857
  68.50000    4.17941    0.00000    4.17941
  69.00000    4.19542    0.00000    4.19542
  69.50000    4.20343    0.00000    4.20343
  70.00000    4.20496    0.00000    4.20496
  70.50000    4.18162    0.00000    4.18162
  71.00000    4.19544    0.00000    4.19544
  71.50000    4.20520    0.00000    4.20520
  72.00000    4.22584    0.00000    4.22584
  72.50000    4.23695    0.00000    4.23695
  73.00000    4.22686    0.00000    4.22686
  73.50000    4.23083    0.00000    4.23083
  74.00000    4.24306    0.00000    4.24306
  74.50000    4.24818    0.00000    4.24818
  75.00000    4.23637    0.00000    4.23637
  75.50000    4.25320    0.00000    4.25320
  76.00000    4.25686    0.00000    4.25686
  76.50000    4.25339    0.00000    4.25339
  77.00000    4.26609    0.00000    4.26609
  77.50000    4.28897    0.00000    4.28897
  78.00000    4.27340    0.00000    4.27340
  78.50000    4.24090    0.00000    4.24090
  79.00000    4.24087    0.00000    4.24087
  79.50000    4.26418    0.00000    4.26418
  80.00000    4.27507    0.00000    4.27507
  80.50000    4.27732    0.00000    4.27732
  81.00000    4.28869    0.00000    4.28869
  81.50000    4.29326    0.00000    4.29326
  82.00000    4.29356    0.00000    4.29356
  82.50000    4.28760    0.00000    4.28760
  83.00000    4.28115    0.00000    4.28115
  83.50000    4.27493    0.00000    4.27493
  84.00000    4.29687    0.00000    4.29687
  84.50000    4.30209    0.00000    4.30209
  85.00000    4.30137    0.00000    4.30137
  85.50000    4.30330    0.00000    4.30330
  86.00000    4.31873    0.00000    4.31873
  86.50000    4.31579    0.00000    4.31579
  87.00000    4.32038    0.00000    4.32038
  87.50000    4.32087    0.00000    4.32087
  88.00000    4.33399    0.00000    4.33399
  88.50000    4.34088    0.00000    4.34088
  89.00000    4.34227    0.00000    4.34227
  89.50000    4.33025    0.00000    4.33025
  90.00000    4.34336    0.00000    4.34336
  90.50000    4.35235    0.00000    4.35235
  91.00000    4.35456    0.00000    4.35456
  91.50000    4.35749    0.00000    4.35749
  92.00000    4.36804    0.00000    4.36804
  92.50000    4.36243    0.00000    4.36243
  93.00000    4.35779    0.00000    4.35779
  93.50000    4.37013    0.00000    4.37013
  94.00000    4.37973    0.00000    4.37973
  94.50000    4.36325    0.00000    4.36325
  95.00000    4.36418    0.00000    4.36418
  95.50000    4.37570    0.00000    4.37570
  96.00000    4.38656    0.00000    4.38656
  96.50000    4.38232    0.00000    4.38232
  97.00000    4.40064    0.00000    4.40064
  97.50000    4.40814    0.00000    4.40814
  98.00000    4.39686    0.00000    4.39686
  98.50000    4.38250    0.00000    4.38250
  99.00000    4.39483    0.00000    4.39483
  99.50000    4.40068    0.00000    4.40068
 100.00000    4.40268    0.00000    4.40268
 100.50000    4.39288    0.00000    4.39288
 101.00000    4.40341    0.00000    4.40341
 101.50000    4.40795    0.00000    4.40795
 102.00000    4.42425    0.00000    4.42425
 102.50000    4.42452    0.00000    4.42452
 103.00000    4.42422    0.00000    4.42422
 103.50000    4.42790    0.00000    4.42790
 104.00000    4.43537    0.00000    4.43537
 104.50000    4.42650    0.00000    4.42650
 105.00000    4.41189    0.00000    4.41189
 105.50000    4.42257    0.00000    4.42257
 106.00000    4.43779    0.00000    4.43779
 106.50000    4.44735    0.00000    4.44735
 107.00000    4.43554    0.00000    4.43554
 107.50000    4.43599    0.00000    4.43599
 108.00000    4.43925    0.00000    4.43925
 108.50000    4.44720    0.00000    4.44720
 109.00000    4.43807    0.00000    4.43807
 109.50000    4.45236    0.00000    4.45236
 110.00000    4.46647    0.00000    4.46647
 110.50000    4.46898    0.00000    4.46898
 111.00000    4.45687    0.00000    4.45687
 111.50000    4.45829    0.00000    4.45829
 112.00000    4.46825    0.00000    4.46825
 112.50000    4.47126    0.00000    4.47126
 113.00000    4.48252    0.00000    4.48252
 113.50000    4.47938    0.00000    4.47938
 114.00000    4.47575    0.00000    4.47575
 114.50000    4.46577    0.00000    4.46577
 115.00000    4.47567    0.00000    4.47567
 115.50000    4.48603    0.00000    4.48603
 116.00000    4.49313    0.00000    4.49313
 116.50000    4.49337    0.00000    4.49337
 117.00000    4.48626    0.00000    4.48626
 117.50000    4.47449    0.00000    4.47449
 118.00000    4.47100    0.00000    4.47100
 118.50000    4.47988    0.00000    4.47988
 119.00000    4.49525    0.00000    4.49525
 119.50000    4.49113    0.00000    4.49113
 120.00000    4.48785    0.00000    4.48785
 120.50000    4.48737    0.00000    4.48737
 121.00000    4.50475    0.00000    4.50475
 121.50000    4.51263    0.00000    4.51263
 122.00000    4.49861    0.00000    4.49861
 122.50000    4.49620    0.00000    4.49620
 123.00000    4.50881    0.00000    4.50881
 123.50000    4.50168    0.00000    4.50168
 124.00000    4.48390    0.00000    4.48390
 124.50000    4.47813    0.00000    4.47813
 125.00000    4.48277    0.00000    4.48277
 125.50000    4.49879    0.00000    4.49879
 126.00000    4.53051    0.00000    4.53051
 126.50000    4.51781    0.00000    4.51781
 127.00000    4.49168    0.00000    4.49168
 127.50000    4.49871    0.00000    4.49871
 128.00000    4.50651    0.00000    4.50651
 128.50000    4.49870    0.00000    4.49870
 129.00000    4.49590    0.00000    4.49590
 129.50000    4.50273    0.00000    4.50273
 130.00000    4.50275    0.00000    4.50275
 130.50000    4.53288    0.00000    4.53288
 131.00000    4.53475    0.00000    4.53475
 131.50000    4.52649    0.00000    4.52649
 132.00000    4.50936    0.00000    4.50936
 132.50000    4.51365    0.00000    4.51365
 133.00000    4.50929    0.00000    4.50929
 133.50000    4.52174    0.00000    4.52174
 134.00000    4.53195    0.00000    4.53195
 134.50000    4.51942    0.00000    4.51942
 135.00000    4.51998    0.00000    4.51998
 135.50000    4.52559    0.00000    4.52559
 136.00000    4.54082    0.00000    4.54082
 136.50000    4.53884    0.00000    4.53884
 137.00000    4.53049    0.00000    4.53049
 137.50000    4.52332    0.00000    4.52332
 138.00000    4.52160    0.00000    4.52160
 138.50000    4.52712    0.00000    4.52712
 139.00000    4.52939    0.00000    4.52939
 139.50000    4.53151    0.00000    4.53151
 140.00000    4.52481    0.00000    4.52481
 140.50000    4.51910    0.00000    4.51910
 141.00000    4.50412    0.00000    4.50412
 141.50000    4.50694    0.00000    4.50694
 142.00000    4.51529    0.00000    4.51529
 142.50000    4.52126    0.00000    4.52126
 143.00000    4.51007    0.00000    4.51007
 143.50000    4.50920    0.00000    4.50920
 144.00000    4.50450    0.00000    4.50450
 144.50000    4.50401    0.00000    4.50401
 145.00000    4.52177    0.00000    4.52177
 145.50000    4.53351    0.00000    4.53351
 146.00000    4.53629    0.00000    4.53629
 146.50000    4.51300    0.00000    4.51300
 147.00000    4.51677    0.00000    4.51677
 147.50000    4.52558    0.00000    4.52558
 148.00000    4.52628    0.00000    4.52628
 148.50000    4.49647    0.00000    4.49647
 149.00000    4.49128    0.00000    4.49128
 149.50000    4.51869    0.00000    4.51869
 150.00000    4.57467    0.00000    4.57467
