   0.00000    1.47030    0.00000    1.47030
   0.50000    1.82593    0.00000    1.82593
   1.00000    2.46868    0.00000    2.46868
   1.50000    2.94559    0.00000    2.94559
   2.00000    3.10072    0.00000    3.10072
   2.50000    3.14837    0.00000    3.14837
   3.00000    3.17138    0.00000    3.17138
   3.50000    3.18062    0.00000    3.18062
   4.00000    3.19506    0.00000    3.19506
   4.50000    3.20552    0.00000    3.20552
   5.00000    3.24031    0.00000    3.24031
   5.50000    3.26499    0.00000    3.26499
   6.00000    3.28623    0.00000    3.28623
   6.50000    3.30673    0.00000    3.30673
   7.00000    3.33634    0.00000    3.33634
   7.50000    3.33967    0.00000    3.33967
   8.00000    3.34751    0.00000    3.34751
   8.50000    3.37224    0.00000    3.37224
   9.00000    3.39939    0.00000    3.39939
   9.50000    3.40445    0.00000    3.40445
  10.00000    3.40968    0.00000    3.40968
  10.50000    3.43556    0.00000    3.43556
  11.00000    3.45563    0.00000    3.45563
  11.50000    3.47566    0.00000    3.47566
  12.00000    3.48692    0.00000    3.48692
  12.50000    3.49532    0.00000    3.49532
  13.00000    3.49482    0.00000    3.49482
  13.50000    3.51157    0.00000    3.51157
  14.00000    3.52417    0.00000    3.52417
  14.50000    3.53291    0.00000    3.53291
  15.00000    3.54663    0.00000    3.54663
  15.50000    3.55460    0.00000    3.55460
  16.00000    3.56504    0.00000    3.56504
  16.50000    3.58525    0.00000    3.58525
  17.00000    3.60297    0.00000    3.60297
  17.50000    3.61106    0.00000    3.61106
  18.00000    3.62658    0.00000    3.62658
  18.50000    3.62997    0.00000    3.62997
  19.00000    3.63025    0.00000    3.63025
  19.50000    3.63447    0.00000    3.63447
  20.00000    3.64691    0.00000    3.64691
  20.50000    3.65559    0.00000    3.65559
  21.00000    3.67126    0.00000    3.67126
  21.50000    3.68604    0.00000    3.68604
  22.00000    3.69860    0.00000    3.69860
  22.50000    3.72018    0.00000    3.72018
  23.00000    3.73846    0.00000    3.73846
  23.50000    3.76200    0.00000    3.76200
  24.00000    3.76942    0.00000    3.76942
  24.50000    3.78504    0.00000    3.78504
  25.00000    3.80042    0.00000    3.80042
  25.50000    3.81043    0.00000    3.81043
  26.00000    3.80200    0.00000    3.80200
  26.50000    3.82598    0.00000    3.82598
  27.00000    3.86769    0.00000    3.86769
  27.50000    3.90571    0.00000    3.90571
  28.00000    3.94640    0.00000    3.94640
  28.50000    4.00357    0.00000    4.00357
  29.00000    4.04988    0.00000    4.04988
  29.50000    4.09985    0.00000    4.09985
  30.00000    4.14287    0.00000    4.14287
  30.50000    4.19988    0.00000    4.19988
  31.00000    4.24248    0.00000    4.24248
  31.50000    4.26410    0.00000    4.26410
  32.00000    4.26606    0.00000    4.26606
  32.50000    4.29765    0.00000    4.29765
  33.00000    4.35224    0.00000    4.35224
  33.50000    4.37485    0.00000    4.37485
  34.00000    4.38379    0.00000    4.38379
  34.50000    4.37961    0.00000    4.37961
  35.00000    4.38102    0.00000    4.38102
  35.50000    4.37842    0.00000    4.37842
  36.00000    4.39567    0.00000    4.39567
  36.50000    4.40298    0.00000    4.40298
  37.00000    4.39534    0.00000    4.39534
  37.50000    4.39014    0.00000    4.39014
  38.00000    4.38300    0.00000    4.38300
  38.50000    4.39093    0.00000    4.39093
  39.00000    4.40831    0.00000    4.40831
  39.50000    4.41404    0.00000    4.41404
  40.00000    4.41003    0.00000    4.41003
  40.50000    4.39849    0.00000    4.39849
  41.00000    4.40828    0.00000    4.40828
  41.50000    4.40775    0.00000    4.40775
  42.00000    4.41160    0.00000    4.41160
  42.50000    4.42923    0.00000    4.42923
  43.00000    4.44992    0.00000    4.44992
  43.50000    4.46654    0.00000    4.46654
  44.00000    4.45799    0.00000    4.45799
  44.50000    4.47060    0.00000    4.47060
  45.00000    4.48622    0.00000    4.48622
  45.50000    4.49397    0.00000    4.49397
  46.00000    4.48973    0.00000    4.48973
  46.50000    4.48016    0.00000    4.48016
  47.00000    4.48309    0.00000    4.48309
  47.50000    4.48680    0.00000    4.48680
  48.00000    4.49638    0.00000    4.49638
  48.50000    4.49499    0.00000    4.49499
  49.00000    4.48587    0.00000    4.48587
  49.50000    4.48828    0.00000    4.48828
  50.00000    4.49946    0.00000    4.49946
  50.50000    4.50002    0.00000    4.50002
  51.00000    4.48833    0.00000    4.48833
  51.50000    4.48491    0.00000    4.48491
  52.00000    4.49114    0.00000    4.49114
  52.50000    4.50656    0.00000    4.50656
  53.00000    4.51277    0.00000    4.51277
  53.50000    4.50687    0.00000    4.50687
  54.00000    4.49751    0.00000    4.49751
  54.50000    4.49333    0.00000    4.49333
  55.00000    4.50595    0.00000    4.50595
  55.50000    4.51385    0.00000    4.51385
  56.00000    4.52511    0.00000    4.52511
  56.50000    4.51693    0.00000    4.51693
  57.00000    4.51850    0.00000    4.51850
  57.50000    4.51969    0.00000    4.51969
  58.00000    4.53269    0.00000    4.53269
  58.50000    4.53801    0.00000    4.53801
  59.00000    4.53636    0.00000    4.53636
  59.50000    4.54222    0.00000    4.54222
  60.00000    4.54828    0.00000    4.54828
  60.50000    4.54993    0.00000    4.54993
  61.00000    4.54750    0.00000    4.54750
  61.50000    4.55843    0.00000    4.55843
  62.00000    4.56452    0.00000    4.56452
  62.50000    4.56130    0.00000    4.56130
  63.00000    4.54672    0.00000    4.54672
  63.50000    4.54974    0.00000    4.54974
  64.00000    4.55747    0.00000    4.55747
  64.50000    4.56591    0.00000    4.56591
  65.00000    4.56687    0.00000    4.56687
  65.50000    4.56187    0.00000    4.56187
  66.00000    4.56737    0.00000    4.56737
  66.50000    4.57024    0.00000    4.57024
  67.00000    4.58271    0.00000    4.58271
  67.50000    4.58151    0.00000    4.58151
  68.00000    4.58800    0.00000    4.58800
  68.50000    4.59671    0.00000    4.59671
  69.00000    4.59727    0.00000    4.59727
  69.50000    4.59588    0.00000    4.59588
  70.00000    4.58321    0.00000    4.58321
  70.50000    4.58428    0.00000    4.58428
  71.00000    4.59049    0.00000    4.59049
  71.50000    4.60493    0.00000    4.60493
  72.00000    4.60390    0.00000    4.60390
  72.50000    4.59735    0.00000    4.59735
  73.00000    4.59625    0.00000    4.59625
  73.50000    4.59386    0.00000    4.59386
  74.00000    4.59002    0.00000    4.59002
  74.50000    4.59564    0.00000    4.59564
  75.00000    4.60500    0.00000    4.60500
  75.50000    4.60273    0.00000    4.60273
  76.00000    4.59970    0.00000    4.59970
  76.50000    4.59776    0.00000    4.59776
  77.00000    4.59740    0.00000    4.59740
  77.50000    4.59314    0.00000    4.59314
  78.00000    4.59825    0.00000    4.59825
  78.50000    4.59903    0.00000    4.59903
  79.00000    4.60250    0.00000    4.60250
  79.50000    4.59197    0.00000    4.59197
  80.00000    4.58558    0.00000    4.58558
  80.50000    4.58362    0.00000    4.58362
  81.00000    4.59618    0.00000    4.59618
  81.50000    4.60091    0.00000    4.60091
  82.00000    4.59262    0.00000    4.59262
  82.50000    4.58871    0.00000    4.58871
  83.00000    4.59904    0.00000    4.59904
  83.50000    4.60536    0.00000    4.60536
  84.00000    4.60124    0.00000    4.60124
  84.50000    4.60257    0.00000    4.60257
  85.00000    4.61195    0.00000    4.61195
  85.50000    4.61109    0.00000    4.61109
  86.00000    4.59034    0.00000    4.59034
  86.50000    4.57131    0.00000    4.57131
  87.00000    4.58563    0.00000    4.58563
  87.50000    4.60312    0.00000    4.60312
  88.00000    4.61905    0.00000    4.61905
  88.50000    4.59687    0.00000    4.59687
  89.00000    4.59165    0.00000    4.59165
  89.50000    4.57891    0.00000    4.57891
  90.00000    4.59171    0.00000    4.59171
  90.50000    4.58530    0.00000    4.58530
  91.00000    4.59086    0.00000    4.59086
  91.50000    4.58523    0.00000    4.58523
  92.00000    4.58130    0.00000    4.58130
  92.50000    4.57769    0.00000    4.57769
  93.00000    4.57539    0.00000    4.57539
  93.50000    4.58268    0.00000    4.58268
  94.00000    4.58568    0.00000    4.58568
  94.50000    4.58164    0.00000    4.58164
  95.00000    4.57594    0.00000    4.57594
  95.50000    4.57372    0.00000    4.57372
  96.00000    4.57238    0.00000    4.57238
  96.50000    4.56906    0.00000    4.56906
  97.00000    4.58600    0.00000    4.58600
  97.50000    4.58806    0.00000    4.58806
  98.00000    4.59058    0.00000    4.59058
  98.50000    4.57951    0.00000    4.57951
  99.00000    4.57505    0.00000    4.57505
  99.50000    4.56819    0.00000    4.56819
 100.00000    4.56507    0.00000    4.56507
 100.50000    4.57217    0.00000    4.57217
 101.00000    4.58226    0.00000    4.58226
 101.50000    4.57535    0.00000    4.57535
 102.00000    4.55793    0.00000    4.55793
 102.50000    4.55891    0.00000    4.55891
 103.00000    4.56451    0.00000    4.56451
 103.50000    4.56373    0.00000    4.56373
 104.00000    4.56193    0.00000    4.56193
 104.50000    4.54984    0.00000    4.54984
 105.00000    4.54951    0.00000    4.54951
 105.50000    4.55389    0.00000    4.55389
 106.00000    4.56146    0.00000    4.56146
 106.50000    4.55239    0.00000    4.55239
 107.00000    4.54484    0.00000    4.54484
 107.50000    4.54188    0.00000    4.54188
 108.00000    4.53633    0.00000    4.53633
 108.50000    4.54824    0.00000    4.54824
 109.00000    4.54384    0.00000    4.54384
 109.50000    4.54732    0.00000    4.54732
 110.00000    4.53899    0.00000    4.53899
 110.50000    4.54662    0.00000    4.54662
 111.00000    4.54439    0.00000    4.54439
 111.50000    4.53717    0.00000    4.53717
 112.00000    4.53103    0.00000    4.53103
 112.50000    4.52338    0.00000    4.52338
 113.00000    4.52743    0.00000    4.52743
 113.50000    4.53089    0.00000    4.53089
 114.00000    4.54618    0.00000    4.54618
 114.50000    4.54380    0.00000    4.54380
 115.00000    4.52691    0.00000    4.52691
 115.50000    4.51415    0.00000    4.51415
 116.00000    4.51052    0.00000    4.51052
 116.50000    4.51057    0.00000    4.51057
 117.00000    4.49893    0.00000    4.49893
 117.50000    4.50626    0.00000    4.50626
 118.00000    4.50222    0.00000    4.50222
 118.50000    4.50346    0.00000    4.50346
 119.00000    4.50851    0.00000    4.50851
 119.50000    4.51867    0.00000    4.51867
 120.00000    4.49540    0.00000    4.49540
 120.50000    4.47877    0.00000    4.47877
 121.00000    4.48769    0.00000    4.48769
 121.50000    4.50459    0.00000    4.50459
 122.00000    4.50077    0.00000    4.50077
 122.50000    4.49851    0.00000    4.49851
 123.00000    4.47935    0.00000    4.47935
 123.50000    4.47871    0.00000    4.47871
 124.00000    4.47247    0.00000    4.47247
 124.50000    4.47645    0.00000    4.47645
 125.00000    4.45784    0.00000    4.45784
 125.50000    4.46024    0.00000    4.46024
 126.00000    4.45530    0.00000    4.45530
 126.50000    4.45801    0.00000    4.45801
 127.00000    4.45904    0.00000    4.45904
 127.50000    4.46688    0.00000    4.46688
 128.00000    4.46988    0.00000    4.46988
 128.50000    4.46773    0.00000    4.46773
 129.00000    4.45681    0.00000    4.45681
 129.50000    4.45144    0.00000    4.45144
 130.00000    4.46929    0.00000    4.46929
 130.50000    4.46901    0.00000    4.46901
 131.00000    4.46731    0.00000    4.46731
 131.50000    4.46245    0.00000    4.46245
 132.00000    4.47113    0.00000    4.47113
 132.50000    4.45280    0.00000    4.45280
 133.00000    4.44707    0.00000    4.44707
 133.50000    4.45029    0.00000    4.45029
 134.00000    4.45030    0.00000    4.45030
 134.50000    4.44042    0.00000    4.44042
 135.00000    4.44501    0.00000    4.44501
 135.50000    4.45182    0.00000    4.45182
 136.00000    4.44629    0.00000    4.44629
 136.50000    4.43229    0.00000    4.43229
 137.00000    4.42561    0.00000    4.42561
 137.50000    4.43680    0.00000    4.43680
 138.00000    4.43968    0.00000    4.43968
 138.50000    4.43750    0.00000    4.43750
 139.00000    4.41810    0.00000    4.41810
 139.50000    4.43072    0.00000    4.43072
 140.00000    4.42644    0.00000    4.42644
 140.50000    4.42150    0.00000    4.42150
 141.00000    4.40623    0.00000    4.40623
 141.50000    4.41279    0.00000    4.41279
 142.00000    4.41753    0.00000    4.41753
 142.50000    4.42283    0.00000    4.42283
 143.00000    4.42259    0.00000    4.42259
 143.50000    4.41170    0.00000    4.41170
 144.00000    4.40433    0.00000    4.40433
 144.50000    4.40371    0.00000    4.40371
 145.00000    4.40906    0.00000    4.40906
 145.50000    4.40721    0.00000    4.40721
 146.00000    4.40485    0.00000    4.40485
 146.50000    4.40621    0.00000    4.40621
 147.00000    4.40836    0.00000    4.40836
 147.50000    4.40323    0.00000    4.40323
 148.00000    4.40222    0.00000    4.40222
 148.50000    4.39909    0.00000    4.39909
 149.00000    4.39995    0.00000    4.39995
 149.50000    4.39197    0.00000    4.39197
 150.00000    4.37381    0.00000    4.37381
