   0.00000    1.35931    0.00000    1.35931
   0.50000    2.48936    0.00000    2.48936
   1.00000    2.92302    0.00000    2.92302
   1.50000    3.10630    0.00000    3.10630
   2.00000    3.24061    0.00000    3.24061
   2.50000    3.35383    0.00000    3.35383
   3.00000    3.46902    0.00000    3.46902
   3.50000    3.53108    0.00000    3.53108
   4.00000    3.50350    0.00000    3.50350
   4.50000    3.46545    0.00000    3.46545
   5.00000    3.49290    0.00000    3.49290
   5.50000    3.53949    0.00000    3.53949
   6.00000    3.57091    0.00000    3.57091
   6.50000    3.56323    0.00000    3.56323
   7.00000    3.54341    0.00000    3.54341
   7.50000    3.55056    0.00000    3.55056
   8.00000    3.55593    0.00000    3.55593
   8.50000    3.56077    0.00000    3.56077
   9.00000    3.57397    0.00000    3.57397
   9.50000    3.59026    0.00000    3.59026
  10.00000    3.59883    0.00000    3.59883
  10.50000    3.59933    0.00000    3.59933
  11.00000    3.62383    0.00000    3.62383
  11.50000    3.63144    0.00000    3.63144
  12.00000    3.65620    0.00000    3.65620
  12.50000    3.64666    0.00000    3.64666
  13.00000    3.66204    0.00000    3.66204
  13.50000    3.67284    0.00000    3.67284
  14.00000    3.68387    0.00000    3.68387
  14.50000    3.67077    0.00000    3.67077
  15.00000    3.66495    0.00000    3.66495
  15.50000    3.67059    0.00000    3.67059
  16.00000    3.66276    0.00000    3.66276
  16.50000    3.70420    0.00000    3.70420
  17.00000    3.72855    0.00000    3.72855
  17.50000    3.74309    0.00000    3.74309
  18.00000    3.73545    0.00000    3.73545
  18.50000    3.74258    0.00000    3.74258
  19.00000    3.71882    0.00000    3.71882
  19.50000    3.70767    0.00000    3.70767
  20.00000    3.75148    0.00000    3.75148
  20.50000    3.76840    0.00000    3.76840
  21.00000    3.74995    0.00000    3.74995
  21.50000    3.74341    0.00000    3.74341
  22.00000    3.79033    0.00000    3.79033
  22.50000    3.80712    0.00000    3.80712
  23.00000    3.79047    0.00000    3.79047
  23.50000    3.77639    0.00000    3.77639
  24.00000    3.75126    0.00000    3.75126
  24.50000    3.75230    0.00000    3.75230
  25.00000    3.75607    0.00000    3.75607
  25.50000    3.77239    0.00000    3.77239
  26.00000    3.76795    0.00000    3.76795
  26.50000    3.79051    0.00000    3.79051
  27.00000    3.81634    0.00000    3.81634
  27.50000    3.86725    0.00000    3.86725
  28.00000    3.87110    0.00000    3.87110
  28.50000    3.85960    0.00000    3.85960
  29.00000    3.82478    0.00000    3.82478
  29.50000    3.80733    0.00000    3.80733
  30.00000    3.78495    0.00000    3.78495
  30.50000    3.79544    0.00000    3.79544
  31.00000    3.78414    0.00000    3.78414
  31.50000    3.77979    0.00000    3.77979
  32.00000    3.76019    0.00000    3.76019
  32.50000    3.74308    0.00000    3.74308
  33.00000    3.72192    0.00000    3.72192
  33.50000    3.74140    0.00000    3.74140
  34.00000    3.76103    0.00000    3.76103
  34.50000    3.77487    0.00000    3.77487
  35.00000    3.80210    0.00000    3.80210
  35.50000    3.81316    0.00000    3.81316
  36.00000    3.85147    0.00000    3.85147
  36.50000    3.86940    0.00000    3.86940
  37.00000    3.89976    0.00000    3.89976
  37.50000    3.89392    0.00000    3.89392
  38.00000    3.91471    0.00000    3.91471
  38.50000    3.95377    0.00000    3.95377
  39.00000    3.98357    0.00000    3.98357
  39.50000    4.00792    0.00000    4.00792
  40.00000    4.04002    0.00000    4.04002
  40.50000    4.08398    0.00000    4.08398
  41.00000    4.08362    0.00000    4.08362
  41.50000    4.05721    0.00000    4.05721
  42.00000    4.05203    0.00000    4.05203
  42.50000    4.02969    0.00000    4.02969
  43.00000    4.00572    0.00000    4.00572
  43.50000    4.00257    0.00000    4.00257
  44.00000    4.04163    0.00000    4.04163
  44.50000    4.05190    0.00000    4.05190
  45.00000    4.07728    0.00000    4.07728
  45.50000    4.09573    0.00000    4.09573
  46.00000    4.14356    0.00000    4.14356
  46.50000    4.17445    0.00000    4.17445
  47.00000    4.19242    0.00000    4.19242
  47.50000    4.19567    0.00000    4.19567
  48.00000    4.20044    0.00000    4.20044
  48.50000    4.24743    0.00000    4.24743
  49.00000    4.27509    0.00000    4.27509
  49.50000    4.29301    0.00000    4.29301
  50.00000    4.27057    0.00000    4.27057
  50.50000    4.24020    0.00000    4.24020
  51.00000    4.25585    0.00000    4.25585
  51.50000    4.28684    0.00000    4.28684
  52.00000    4.34614    0.00000    4.34614
  52.50000    4.34414    0.00000    4.34414
  53.00000    4.33037    0.00000    4.33037
  53.50000    4.30614    0.00000    4.30614
  54.00000    4.31502    0.00000    4.31502
  54.50000    4.33536    0.00000    4.33536
  55.00000    4.33494    0.00000    4.33494
  55.50000    4.30968    0.00000    4.30968
  56.00000    4.30396    0.00000    4.30396
  56.50000    4.33487    0.00000    4.33487
  57.00000    4.35189    0.00000    4.35189
  57.50000    4.35071    0.00000    4.35071
  58.00000    4.34807    0.00000    4.34807
  58.50000    4.34555    0.00000    4.34555
  59.00000    4.33639    0.00000    4.33639
  59.50000    4.32891    0.00000    4.32891
  60.00000    4.33794    0.00000    4.33794
  60.50000    4.33906    0.00000    4.33906
  61.00000    4.32275    0.00000    4.32275
  61.50000    4.32834    0.00000    4.32834
  62.00000    4.34824    0.00000    4.34824
  62.50000    4.35225    0.00000    4.35225
  63.00000    4.33923    0.00000    4.33923
  63.50000    4.34845    0.00000    4.34845
  64.00000    4.35188    0.00000    4.35188
  64.50000    4.33810    0.00000    4.33810
  65.00000    4.32889    0.00000    4.32889
  65.50000    4.33508    0.00000    4.33508
  66.00000    4.35136    0.00000    4.35136
  66.50000    4.36345    0.00000    4.36345
  67.00000    4.38249    0.00000    4.38249
  67.50000    4.37640    0.00000    4.37640
  68.00000    4.37120    0.00000    4.37120
  68.50000    4.35548    0.00000    4.35548
  69.00000    4.37290    0.00000    4.37290
  69.50000    4.37156    0.00000    4.37156
  70.00000    4.39001    0.00000    4.39001
  70.50000    4.38945    0.00000    4.38945
  71.00000    4.39827    0.00000    4.39827
  71.50000    4.39060    0.00000    4.39060
  72.00000    4.38974    0.00000    4.38974
  72.50000    4.37744    0.00000    4.37744
  73.00000    4.38480    0.00000    4.38480
  73.50000    4.39369    0.00000    4.39369
  74.00000    4.39884    0.00000    4.39884
  74.50000    4.38352    0.00000    4.38352
  75.00000    4.38009    0.00000    4.38009
  75.50000    4.38940    0.00000    4.38940
  76.00000    4.39025    0.00000    4.39025
  76.50000    4.40653    0.00000    4.40653
  77.00000    4.40836    0.00000    4.40836
  77.50000    4.40556    0.00000    4.40556
  78.00000    4.39469    0.00000    4.39469
  78.50000    4.40768    0.00000    4.40768
  79.00000    4.40972    0.00000    4.40972
  79.50000    4.40933    0.00000    4.40933
  80.00000    4.40010    0.00000    4.40010
  80.50000    4.40441    0.00000    4.40441
  81.00000    4.41836    0.00000    4.41836
  81.50000    4.42814    0.00000    4.42814
  82.00000    4.42880    0.00000    4.42880
  82.50000    4.42221    0.00000    4.42221
  83.00000    4.42652    0.00000    4.42652
  83.50000    4.41783    0.00000    4.41783
  84.00000    4.40242    0.00000    4.40242
  84.50000    4.38107    0.00000    4.38107
  85.00000    4.40968    0.00000    4.40968
  85.50000    4.44641    0.00000    4.44641
  86.00000    4.46888    0.00000    4.46888
  86.50000    4.44137    0.00000    4.44137
  87.00000    4.41630    0.00000    4.41630
  87.50000    4.41598    0.00000    4.41598
  88.00000    4.44702    0.00000    4.44702
  88.50000    4.45932    0.00000    4.45932
  89.00000    4.44349    0.00000    4.44349
  89.50000    4.40998    0.00000    4.40998
  90.00000    4.40481    0.00000    4.40481
  90.50000    4.43651    0.00000    4.43651
  91.00000    4.48436    0.00000    4.48436
  91.50000    4.47916    0.00000    4.47916
  92.00000    4.47010    0.00000    4.47010
  92.50000    4.42080    0.00000    4.42080
  93.00000    4.41159    0.00000    4.41159
  93.50000    4.41102    0.00000    4.41102
  94.00000    4.45794    0.00000    4.45794
  94.50000    4.44912    0.00000    4.44912
  95.00000    4.45627    0.00000    4.45627
  95.50000    4.44680    0.00000    4.44680
  96.00000    4.45308    0.00000    4.45308
  96.50000    4.45175    0.00000    4.45175
  97.00000    4.47242    0.00000    4.47242
  97.50000    4.46124    0.00000    4.46124
  98.00000    4.43849    0.00000    4.43849
  98.50000    4.43750    0.00000    4.43750
  99.00000    4.45781    0.00000    4.45781
  99.50000    4.44715    0.00000    4.44715
 100.00000    4.42508    0.00000    4.42508
 100.50000    4.45114    0.00000    4.45114
 101.00000    4.47434    0.00000    4.47434
 101.50000    4.46523    0.00000    4.46523
 102.00000    4.45313    0.00000    4.45313
 102.50000    4.46784    0.00000    4.46784
 103.00000    4.47788    0.00000    4.47788
 103.50000    4.46636    0.00000    4.46636
 104.00000    4.46155    0.00000    4.46155
 104.50000    4.44757    0.00000    4.44757
 105.00000    4.44423    0.00000    4.44423
 105.50000    4.44160    0.00000    4.44160
 106.00000    4.45378    0.00000    4.45378
 106.50000    4.46080    0.00000    4.46080
 107.00000    4.46573    0.00000    4.46573
 107.50000    4.46647    0.00000    4.46647
 108.00000    4.48081    0.00000    4.48081
 108.50000    4.48104    0.00000    4.48104
 109.00000    4.46796    0.00000    4.46796
 109.50000    4.45678    0.00000    4.45678
 110.00000    4.47117    0.00000    4.47117
 110.50000    4.45986    0.00000    4.45986
 111.00000    4.44540    0.00000    4.44540
 111.50000    4.45025    0.00000    4.45025
 112.00000    4.47406    0.00000    4.47406
 112.50000    4.47588    0.00000    4.47588
 113.00000    4.47760    0.00000    4.47760
 113.50000    4.46983    0.00000    4.46983
 114.00000    4.47770    0.00000    4.47770
 114.50000    4.45412    0.00000    4.45412
 115.00000    4.46461    0.00000    4.46461
 115.50000    4.50532    0.00000    4.50532
 116.00000    4.52892    0.00000    4.52892
 116.50000    4.50174    0.00000    4.50174
 117.00000    4.46596    0.00000    4.46596
 117.50000    4.48117    0.00000    4.48117
 118.00000    4.47540    0.00000    4.47540
 118.50000    4.50168    0.00000    4.50168
 119.00000    4.50572    0.00000    4.50572
 119.50000    4.50228    0.00000    4.50228
 120.00000    4.48969    0.00000    4.48969
 120.50000    4.48059    0.00000    4.48059
 121.00000    4.50683    0.00000    4.50683
 121.50000    4.52886    0.00000    4.52886
 122.00000    4.51675    0.00000    4.51675
 122.50000    4.47190    0.00000    4.47190
 123.00000    4.47356    0.00000    4.47356
 123.50000    4.47885    0.00000    4.47885
 124.00000    4.50634    0.00000    4.50634
 124.50000    4.50207    0.00000    4.50207
 125.00000    4.48702    0.00000    4.48702
 125.50000    4.48372    0.00000    4.48372
 126.00000    4.49524    0.00000    4.49524
 126.50000    4.49038    0.00000    4.49038
 127.00000    4.48056    0.00000    4.48056
 127.50000    4.51758    0.00000    4.51758
 128.00000    4.50670    0.00000    4.50670
 128.50000    4.49136    0.00000    4.49136
 129.00000    4.47295    0.00000    4.47295
 129.50000    4.48288    0.00000    4.48288
 130.00000    4.50328    0.00000    4.50328
 130.50000    4.52641    0.00000    4.52641
 131.00000    4.52329    0.00000    4.52329
 131.50000    4.51286    0.00000    4.51286
 132.00000    4.50793    0.00000    4.50793
 132.50000    4.51048    0.00000    4.51048
 133.00000    4.50985    0.00000    4.50985
 133.50000    4.52179    0.00000    4.52179
 134.00000    4.52972    0.00000    4.52972
 134.50000    4.51627    0.00000    4.51627
 135.00000    4.52476    0.00000    4.52476
 135.50000    4.53300    0.00000    4.53300
 136.00000    4.53179    0.00000    4.53179
 136.50000    4.52399    0.00000    4.52399
 137.00000    4.52443    0.00000    4.52443
 137.50000    4.53559    0.00000    4.53559
 138.00000    4.52432    0.00000    4.52432
 138.50000    4.54103    0.00000    4.54103
 139.00000    4.54158    0.00000    4.54158
 139.50000    4.54572    0.00000    4.54572
 140.00000    4.52009    0.00000    4.52009
 140.50000    4.50245    0.00000    4.50245
 141.00000    4.50579    0.00000    4.50579
 141.50000    4.51379    0.00000    4.51379
 142.00000    4.52530    0.00000    4.52530
 142.50000    4.51786    0.00000    4.51786
 143.00000    4.52717    0.00000    4.52717
 143.50000    4.52240    0.00000    4.52240
 144.00000    4.51170    0.00000    4.51170
 144.50000    4.49137    0.00000    4.49137
 145.00000    4.51704    0.00000    4.51704
 145.50000    4.53215    0.00000    4.53215
 146.00000    4.55086    0.00000    4.55086
 146.50000    4.52743    0.00000    4.52743
 147.00000    4.51710    0.00000    4.51710
 147.50000    4.49191    0.00000    4.49191
 148.00000    4.50429    0.00000    4.50429
 148.50000    4.49772    0.00000    4.49772
 149.00000    4.50655    0.00000    4.50655
 149.50000    4.52687    0.00000    4.52687
 150.00000    4.58882    0.00000    4.58882
