   0.00000    1.15459    0.00000    1.15459
   0.50000    1.79746    0.00000    1.79746
   1.00000    2.17626    0.00000    2.17626
   1.50000    2.38926    0.00000    2.38926
   2.00000    2.50087    0.00000    2.50087
   2.50000    2.58684    0.00000    2.58684
   3.00000    2.59733    0.00000    2.59733
   3.50000    2.73125    0.00000    2.73125
   4.00000    2.89468    0.00000    2.89468
   4.50000    2.94668    0.00000    2.94668
   5.00000    2.90695    0.00000    2.90695
   5.50000    2.95218    0.00000    2.95218
   6.00000    2.99463    0.00000    2.99463
   6.50000    3.09424    0.00000    3.09424
   7.00000    3.18506    0.00000    3.18506
   7.50000    3.23695    0.00000    3.23695
   8.00000    3.23692    0.00000    3.23692
   8.50000    3.25490    0.00000    3.25490
   9.00000    3.25325    0.00000    3.25325
   9.50000    3.22732    0.00000    3.22732
  10.00000    3.23316    0.00000    3.23316
  10.50000    3.26425    0.00000    3.26425
  11.00000    3.27941    0.00000    3.27941
  11.50000    3.29270    0.00000    3.29270
  12.00000    3.29502    0.00000    3.29502
  12.50000    3.32283    0.00000    3.32283
  13.00000    3.31387    0.00000    3.31387
  13.50000    3.33591    0.00000    3.33591
  14.00000    3.34293    0.00000    3.34293
  14.50000    3.35587    0.00000    3.35587
  15.00000    3.35613    0.00000    3.35613
  15.50000    3.36702    0.00000    3.36702
  16.00000    3.36688    0.00000    3.36688
  16.50000    3.37994    0.00000    3.37994
  17.00000    3.40243    0.00000    3.40243
  17.50000    3.41964    0.00000    3.41964
  18.00000    3.42032    0.00000    3.42032
  18.50000    3.43873    0.00000    3.43873
  19.00000    3.46555    0.00000    3.46555
  19.50000    3.47279    0.00000    3.47279
  20.00000    3.46230    0.00000    3.46230
  20.50000    3.48340    0.00000    3.48340
  21.00000    3.53521    0.00000    3.53521
  21.50000    3.57737    0.00000    3.57737
  22.00000    3.60752    0.00000    3.60752
  22.50000    3.60729    0.00000    3.60729
  23.00000    3.58709    0.00000    3.58709
  23.50000    3.57262    0.00000    3.57262
  24.00000    3.61155    0.00000    3.61155
  24.50000    3.61955    0.00000    3.61955
  25.00000    3.62586    0.00000    3.62586
  25.50000    3.62903    0.00000    3.62903
  26.00000    3.66464    0.00000    3.66464
  26.50000    3.68292    0.00000    3.68292
  27.00000    3.73550    0.00000    3.73550
  27.50000    3.75754    0.00000    3.75754
  28.00000    3.79248    0.00000    3.79248
  28.50000    3.83621    0.00000    3.83621
  29.00000    3.90006    0.00000    3.90006
  29.50000    3.91839    0.00000    3.91839
  30.00000    3.94026    0.00000    3.94026
  30.50000    3.93428    0.00000    3.93428
  31.00000    3.99974    0.00000    3.99974
  31.50000    4.07633    0.00000    4.07633
  32.00000    4.14806    0.00000    4.14806
  32.50000    4.15674    0.00000    4.15674
  33.00000    4.20771    0.00000    4.20771
  33.50000    4.26429    0.00000    4.26429
  34.00000    4.31753    0.00000    4.31753
  34.50000    4.32418    0.00000    4.32418
  35.00000    4.29574    0.00000    4.29574
  35.50000    4.23260    0.00000    4.23260
  36.00000    4.20917    0.00000    4.20917
  36.50000    4.19970    0.00000    4.19970
  37.00000    4.19897    0.00000    4.19897
  37.50000    4.16703    0.00000    4.16703
  38.00000    4.13664    0.00000    4.13664
  38.50000    4.11629    0.00000    4.11629
  39.00000    4.10093    0.00000    4.10093
  39.50000    4.10054    0.00000    4.10054
  40.00000    4.07993    0.00000    4.07993
  40.50000    4.05962    0.00000    4.05962
  41.00000    4.04469    0.00000    4.04469
  41.50000    4.06299    0.00000    4.06299
  42.00000    4.08190    0.00000    4.08190
  42.50000    4.11865    0.00000    4.11865
  43.00000    4.13421    0.00000    4.13421
  43.50000    4.12242    0.00000    4.12242
  44.00000    4.09912    0.00000    4.09912
  44.50000    4.11617    0.00000    4.11617
  45.00000    4.17794    0.00000    4.17794
  45.50000    4.23660    0.00000    4.23660
  46.00000    4.25955    0.00000    4.25955
  46.50000    4.23685    0.00000    4.23685
  47.00000    4.20192    0.00000    4.20192
  47.50000    4.18354    0.00000    4.18354
  48.00000    4.18129    0.00000    4.18129
  48.50000    4.18435    0.00000    4.18435
  49.00000    4.19378    0.00000    4.19378
  49.50000    4.23305    0.00000    4.23305
  50.00000    4.28106    0.00000    4.28106
  50.50000    4.29890    0.00000    4.29890
  51.00000    4.28439    0.00000    4.28439
  51.50000    4.27431    0.00000    4.27431
  52.00000    4.31479    0.00000    4.31479
  52.50000    4.33359    0.00000    4.33359
  53.00000    4.34196    0.00000    4.34196
  53.50000    4.33916    0.00000    4.33916
  54.00000    4.37870    0.00000    4.37870
  54.50000    4.40297    0.00000    4.40297
  55.00000    4.42320    0.00000    4.42320
  55.50000    4.41894    0.00000    4.41894
  56.00000    4.41694    0.00000    4.41694
  56.50000    4.41824    0.00000    4.41824
  57.00000    4.41119    0.00000    4.41119
  57.50000    4.41993    0.00000    4.41993
  58.00000    4.43889    0.00000    4.43889
  58.50000    4.46220    0.00000    4.46220
  59.00000    4.46769    0.00000    4.46769
  59.50000    4.47956    0.00000    4.47956
  60.00000    4.46025    0.00000    4.46025
  60.50000    4.45873    0.00000    4.45873
  61.00000    4.47041    0.00000    4.47041
  61.50000    4.49327    0.00000    4.49327
  62.00000    4.48638    0.00000    4.48638
  62.50000    4.48373    0.00000    4.48373
  63.00000    4.49190    0.00000    4.49190
  63.50000    4.50633    0.00000    4.50633
  64.00000    4.51842    0.00000    4.51842
  64.50000    4.52177    0.00000    4.52177
  65.00000    4.53093    0.00000    4.53093
  65.50000    4.53926    0.00000    4.53926
  66.00000    4.55030    0.00000    4.55030
  66.50000    4.54934    0.00000    4.54934
  67.00000    4.55201    0.00000    4.55201
  67.50000    4.54840    0.00000    4.54840
  68.00000    4.55457    0.00000    4.55457
  68.50000    4.54723    0.00000    4.54723
  69.00000    4.55851    0.00000    4.55851
  69.50000    4.58250    0.00000    4.58250
  70.00000    4.59258    0.00000    4.59258
  70.50000    4.58571    0.00000    4.58571
  71.00000    4.58334    0.00000    4.58334
  71.50000    4.60317    0.00000    4.60317
  72.00000    4.60213    0.00000    4.60213
  72.50000    4.62268    0.00000    4.62268
  73.00000    4.61661    0.00000    4.61661
  73.50000    4.60237    0.00000    4.60237
  74.00000    4.56716    0.00000    4.56716
  74.50000    4.59638    0.00000    4.59638
  75.00000    4.61661    0.00000    4.61661
  75.50000    4.64174    0.00000    4.64174
  76.00000    4.63246    0.00000    4.63246
  76.50000    4.63753    0.00000    4.63753
  77.00000    4.63367    0.00000    4.63367
  77.50000    4.63792    0.00000    4.63792
  78.00000    4.62060    0.00000    4.62060
  78.50000    4.60948    0.00000    4.60948
  79.00000    4.61046    0.00000    4.61046
  79.50000    4.64127    0.00000    4.64127
  80.00000    4.64535    0.00000    4.64535
  80.50000    4.64737    0.00000    4.64737
  81.00000    4.63986    0.00000    4.63986
  81.50000    4.66451    0.00000    4.66451
  82.00000    4.66850    0.00000    4.66850
  82.50000    4.65098    0.00000    4.65098
  83.00000    4.64256    0.00000    4.64256
  83.50000    4.66276    0.00000    4.66276
  84.00000    4.68727    0.00000    4.68727
  84.50000    4.67909    0.00000    4.67909
  85.00000    4.65814    0.00000    4.65814
  85.50000    4.66683    0.00000    4.66683
  86.00000    4.67327    0.00000    4.67327
  86.50000    4.68028    0.00000    4.68028
  87.00000    4.67705    0.00000    4.67705
  87.50000    4.68709    0.00000    4.68709
  88.00000    4.68823    0.00000    4.68823
  88.50000    4.67650    0.00000    4.67650
  89.00000    4.68943    0.00000    4.68943
  89.50000    4.69626    0.00000    4.69626
  90.00000    4.70433    0.00000    4.70433
  90.50000    4.69825    0.00000    4.69825
  91.00000    4.70715    0.00000    4.70715
  91.50000    4.71107    0.00000    4.71107
  92.00000    4.71431    0.00000    4.71431
  92.50000    4.71384    0.00000    4.71384
  93.00000    4.71921    0.00000    4.71921
  93.50000    4.72154    0.00000    4.72154
  94.00000    4.71970    0.00000    4.71970
  94.50000    4.71488    0.00000    4.71488
  95.00000    4.73119    0.00000    4.73119
  95.50000    4.73152    0.00000    4.73152
  96.00000    4.71177    0.00000    4.71177
  96.50000    4.70404    0.00000    4.70404
  97.00000    4.71304    0.00000    4.71304
  97.50000    4.72799    0.00000    4.72799
  98.00000    4.71766    0.00000    4.71766
  98.50000    4.72032    0.00000    4.72032
  99.00000    4.70538    0.00000    4.70538
  99.50000    4.71817    0.00000    4.71817
 100.00000    4.72548    0.00000    4.72548
 100.50000    4.72284    0.00000    4.72284
 101.00000    4.71515    0.00000    4.71515
 101.50000    4.72920    0.00000    4.72920
 102.00000    4.73980    0.00000    4.73980
 102.50000    4.70359    0.00000    4.70359
 103.00000    4.71234    0.00000    4.71234
 103.50000    4.73766    0.00000    4.73766
 104.00000    4.76516    0.00000    4.76516
 104.50000    4.75316    0.00000    4.75316
 105.00000    4.74103    0.00000    4.74103
 105.50000    4.71970    0.00000    4.71970
 106.00000    4.71701    0.00000    4.71701
 106.50000    4.72912    0.00000    4.72912
 107.00000    4.72791    0.00000    4.72791
 107.50000    4.74474    0.00000    4.74474
 108.00000    4.74896    0.00000    4.74896
 108.50000    4.75358    0.00000    4.75358
 109.00000    4.74114    0.00000    4.74114
 109.50000    4.76092    0.00000    4.76092
 110.00000    4.76581    0.00000    4.76581
 110.50000    4.75213    0.00000    4.75213
 111.00000    4.75102    0.00000    4.75102
 111.50000    4.76504    0.00000    4.76504
 112.00000    4.77320    0.00000    4.77320
 112.50000    4.75468    0.00000    4.75468
 113.00000    4.74566    0.00000    4.74566
 113.50000    4.73745    0.00000    4.73745
 114.00000    4.74687    0.00000    4.74687
 114.50000    4.76885    0.00000    4.76885
 115.00000    4.78348    0.00000    4.78348
 115.50000    4.77260    0.00000    4.77260
 116.00000    4.75311    0.00000    4.75311
 116.50000    4.74679    0.00000    4.74679
 117.00000    4.74524    0.00000    4.74524
 117.50000    4.72828    0.00000    4.72828
 118.00000    4.72315    0.00000    4.72315
 118.50000    4.72408    0.00000    4.72408
 119.00000    4.73556    0.00000    4.73556
 119.50000    4.75824    0.00000    4.75824
 120.00000    4.77378    0.00000    4.77378
 120.50000    4.75709    0.00000    4.75709
 121.00000    4.73957    0.00000    4.73957
 121.50000    4.75387    0.00000    4.75387
 122.00000    4.76632    0.00000    4.76632
 122.50000    4.76666    0.00000    4.76666
 123.00000    4.76499    0.00000    4.76499
 123.50000    4.75386    0.00000    4.75386
 124.00000    4.75802    0.00000    4.75802
 124.50000    4.75926    0.00000    4.75926
 125.00000    4.74363    0.00000    4.74363
 125.50000    4.72401    0.00000    4.72401
 126.00000    4.73312    0.00000    4.73312
 126.50000    4.73679    0.00000    4.73679
 127.00000    4.73637    0.00000    4.73637
 127.50000    4.75141    0.00000    4.75141
 128.00000    4.75603    0.00000    4.75603
 128.50000    4.74740    0.00000    4.74740
 129.00000    4.73841    0.00000    4.73841
 129.50000    4.74142    0.00000    4.74142
 130.00000    4.72755    0.00000    4.72755
 130.50000    4.73508    0.00000    4.73508
 131.00000    4.74017    0.00000    4.74017
 131.50000    4.72590    0.00000    4.72590
 132.00000    4.72159    0.00000    4.72159
 132.50000    4.71876    0.00000    4.71876
 133.00000    4.71981    0.00000    4.71981
 133.50000    4.70584    0.00000    4.70584
 134.00000    4.72705    0.00000    4.72705
 134.50000    4.73190    0.00000    4.73190
 135.00000    4.72730    0.00000    4.72730
 135.50000    4.72067    0.00000    4.72067
 136.00000    4.72670    0.00000    4.72670
 136.50000    4.70976    0.00000    4.70976
 137.00000    4.70367    0.00000    4.70367
 137.50000    4.70402    0.00000    4.70402
 138.00000    4.71549    0.00000    4.71549
 138.50000    4.70968    0.00000    4.70968
 139.00000    4.72264    0.00000    4.72264
 139.50000    4.74357    0.00000    4.74357
 140.00000    4.74140    0.00000    4.74140
 140.50000    4.72179    0.00000    4.72179
 141.00000    4.70643    0.00000    4.70643
 141.50000    4.70247    0.00000    4.70247
 142.00000    4.69844    0.00000    4.69844
 142.50000    4.71426    0.00000    4.71426
 143.00000    4.71096    0.00000    4.71096
 143.50000    4.70246    0.00000    4.70246
 144.00000    4.70455    0.00000    4.70455
 144.50000    4.72493    0.00000    4.72493
 145.00000    4.70906    0.00000    4.70906
 145.50000    4.69023    0.00000    4.69023
 146.00000    4.68540    0.00000    4.68540
 146.50000    4.70196    0.00000    4.70196
 147.00000    4.70862    0.00000    4.70862
 147.50000    4.70729    0.00000    4.70729
 148.00000    4.71080    0.00000    4.71080
 148.50000    4.71417    0.00000    4.71417
 149.00000    4.71737    0.00000    4.71737
 149.50000    4.70484    0.00000    4.70484
 150.00000    4.65000    0.00000    4.65000
