   0.00000    1.46109    0.00000    1.46109
   0.50000    2.95638    0.00000    2.95638
   1.00000    3.22714    0.00000    3.22714
   1.50000    3.15675    0.00000    3.15675
   2.00000    3.27114    0.00000    3.27114
   2.50000    3.33430    0.00000    3.33430
   3.00000    3.42461    0.00000    3.42461
   3.50000    3.45792    0.00000    3.45792
   4.00000    3.44999    0.00000    3.44999
   4.50000    3.44508    0.00000    3.44508
   5.00000    3.47083    0.00000    3.47083
   5.50000    3.49183    0.00000    3.49183
   6.00000    3.50909    0.00000    3.50909
   6.50000    3.52429    0.00000    3.52429
   7.00000    3.52701    0.00000    3.52701
   7.50000    3.52517    0.00000    3.52517
   8.00000    3.53385    0.00000    3.53385
   8.50000    3.53782    0.00000    3.53782
   9.00000    3.54926    0.00000    3.54926
   9.50000    3.56076    0.00000    3.56076
  10.00000    3.57412    0.00000    3.57412
  10.50000    3.57627    0.00000    3.57627
  11.00000    3.57553    0.00000    3.57553
  11.50000    3.58077    0.00000    3.58077
  12.00000    3.60852    0.00000    3.60852
  12.50000    3.62796    0.00000    3.62796
  13.00000    3.62656    0.00000    3.62656
  13.50000    3.61168    0.00000    3.61168
  14.00000    3.61489    0.00000    3.61489
  14.50000    3.62383    0.00000    3.62383
  15.00000    3.62107    0.00000    3.62107
  15.50000    3.61947    0.00000    3.61947
  16.00000    3.62654    0.00000    3.62654
  16.50000    3.64872    0.00000    3.64872
  17.00000    3.65096    0.00000    3.65096
  17.50000    3.65025    0.00000    3.65025
  18.00000    3.64977    0.00000    3.64977
  18.50000    3.66322    0.00000    3.66322
  19.00000    3.66909    0.00000    3.66909
  19.50000    3.67439    0.00000    3.67439
  20.00000    3.68105    0.00000    3.68105
  20.50000    3.68364    0.00000    3.68364
  21.00000    3.66430    0.00000    3.66430
  21.50000    3.66228    0.00000    3.66228
  22.00000    3.66949    0.00000    3.66949
  22.50000    3.67648    0.00000    3.67648
  23.00000    3.66481    0.00000    3.66481
  23.50000    3.66581    0.00000    3.66581
  24.00000    3.68853    0.00000    3.68853
  24.50000    3.70117    0.00000    3.70117
  25.00000    3.69990    0.00000    3.69990
  25.50000    3.69295    0.00000    3.69295
  26.00000    3.69491    0.00000    3.69491
  26.50000    3.70475    0.00000    3.70475
  27.00000    3.69839    0.00000    3.69839
  27.50000    3.69789    0.00000    3.69789
  28.00000    3.67970    0.00000    3.67970
  28.50000    3.68972    0.00000    3.68972
  29.00000    3.67040    0.00000    3.67040
  29.50000    3.64819    0.00000    3.64819
  30.00000    3.61013    0.00000    3.61013
  30.50000    3.61042    0.00000    3.61042
  31.00000    3.60895    0.00000    3.60895
  31.50000    3.62327    0.00000    3.62327
  32.00000    3.62992    0.00000    3.62992
  32.50000    3.61405    0.00000    3.61405
  33.00000    3.59659    0.00000    3.59659
  33.50000    3.61898    0.00000    3.61898
  34.00000    3.67475    0.00000    3.67475
  34.50000    3.76068    0.00000    3.76068
  35.00000    3.85989    0.00000    3.85989
  35.50000    3.96015    0.00000    3.96015
  36.00000    4.02634    0.00000    4.02634
  36.50000    4.06934    0.00000    4.06934
  37.00000    4.08136    0.00000    4.08136
  37.50000    4.11993    0.00000    4.11993
  38.00000    4.18522    0.00000    4.18522
  38.50000    4.22405    0.00000    4.22405
  39.00000    4.25608    0.00000    4.25608
  39.50000    4.29423    0.00000    4.29423
  40.00000    4.34329    0.00000    4.34329
  40.50000    4.37202    0.00000    4.37202
  41.00000    4.41344    0.00000    4.41344
  41.50000    4.43193    0.00000    4.43193
  42.00000    4.41827    0.00000    4.41827
  42.50000    4.39123    0.00000    4.39123
  43.00000    4.37860    0.00000    4.37860
  43.50000    4.37627    0.00000    4.37627
  44.00000    4.37695    0.00000    4.37695
  44.50000    4.39478    0.00000    4.39478
  45.00000    4.39306    0.00000    4.39306
  45.50000    4.38355    0.00000    4.38355
  46.00000    4.38552    0.00000    4.38552
  46.50000    4.41876    0.00000    4.41876
  47.00000    4.44280    0.00000    4.44280
  47.50000    4.45421    0.00000    4.45421
  48.00000    4.46170    0.00000    4.46170
  48.50000    4.47282    0.00000    4.47282
  49.00000    4.48920    0.00000    4.48920
  49.50000    4.49097    0.00000    4.49097
  50.00000    4.50181    0.00000    4.50181
  50.50000    4.51086    0.00000    4.51086
  51.00000    4.52702    0.00000    4.52702
  51.50000    4.53102    0.00000    4.53102
  52.00000    4.54293    0.00000    4.54293
  52.50000    4.55074    0.00000    4.55074
  53.00000    4.55555    0.00000    4.55555
  53.50000    4.55707    0.00000    4.55707
  54.00000    4.55814    0.00000    4.55814
  54.50000    4.56401    0.00000    4.56401
  55.00000    4.55986    0.00000    4.55986
  55.50000    4.57146    0.00000    4.57146
  56.00000    4.56845    0.00000    4.56845
  56.50000    4.57262    0.00000    4.57262
  57.00000    4.57141    0.00000    4.57141
  57.50000    4.58049    0.00000    4.58049
  58.00000    4.57463    0.00000    4.57463
  58.50000    4.57197    0.00000    4.57197
  59.00000    4.55997    0.00000    4.55997
  59.50000    4.55825    0.00000    4.55825
  60.00000    4.57319    0.00000    4.57319
  60.50000    4.57583    0.00000    4.57583
  61.00000    4.56685    0.00000    4.56685
  61.50000    4.55514    0.00000    4.55514
  62.00000    4.55918    0.00000    4.55918
  62.50000    4.56095    0.00000    4.56095
  63.00000    4.56134    0.00000    4.56134
  63.50000    4.55468    0.00000    4.55468
  64.00000    4.53707    0.00000    4.53707
  64.50000    4.53369    0.00000    4.53369
  65.00000    4.53451    0.00000    4.53451
  65.50000    4.54944    0.00000    4.54944
  66.00000    4.54494    0.00000    4.54494
  66.50000    4.54194    0.00000    4.54194
  67.00000    4.53779    0.00000    4.53779
  67.50000    4.53785    0.00000    4.53785
  68.00000    4.52781    0.00000    4.52781
  68.50000    4.51405    0.00000    4.51405
  69.00000    4.51417    0.00000    4.51417
  69.50000    4.51843    0.00000    4.51843
  70.00000    4.52454    0.00000    4.52454
  70.50000    4.51831    0.00000    4.51831
  71.00000    4.52884    0.00000    4.52884
  71.50000    4.53283    0.00000    4.53283
  72.00000    4.52192    0.00000    4.52192
  72.50000    4.51492    0.00000    4.51492
  73.00000    4.51352    0.00000    4.51352
  73.50000    4.52060    0.00000    4.52060
  74.00000    4.51858    0.00000    4.51858
  74.50000    4.52192    0.00000    4.52192
  75.00000    4.50710    0.00000    4.50710
  75.50000    4.49100    0.00000    4.49100
  76.00000    4.47964    0.00000    4.47964
  76.50000    4.48764    0.00000    4.48764
  77.00000    4.49310    0.00000    4.49310
  77.50000    4.48938    0.00000    4.48938
  78.00000    4.46518    0.00000    4.46518
  78.50000    4.45225    0.00000    4.45225
  79.00000    4.44070    0.00000    4.44070
  79.50000    4.44750    0.00000    4.44750
  80.00000    4.44145    0.00000    4.44145
  80.50000    4.44644    0.00000    4.44644
  81.00000    4.43896    0.00000    4.43896
  81.50000    4.43989    0.00000    4.43989
  82.00000    4.43745    0.00000    4.43745
  82.50000    4.44309    0.00000    4.44309
  83.00000    4.44395    0.00000    4.44395
  83.50000    4.43650    0.00000    4.43650
  84.00000    4.43682    0.00000    4.43682
  84.50000    4.42946    0.00000    4.42946
  85.00000    4.42610    0.00000    4.42610
  85.50000    4.42066    0.00000    4.42066
  86.00000    4.41771    0.00000    4.41771
  86.50000    4.40723    0.00000    4.40723
  87.00000    4.40391    0.00000    4.40391
  87.50000    4.41512    0.00000    4.41512
  88.00000    4.42225    0.00000    4.42225
  88.50000    4.42841    0.00000    4.42841
  89.00000    4.41873    0.00000    4.41873
  89.50000    4.39447    0.00000    4.39447
  90.00000    4.38397    0.00000    4.38397
  90.50000    4.37505    0.00000    4.37505
  91.00000    4.37751    0.00000    4.37751
  91.50000    4.37173    0.00000    4.37173
  92.00000    4.37531    0.00000    4.37531
  92.50000    4.36647    0.00000    4.36647
  93.00000    4.36355    0.00000    4.36355
  93.50000    4.36498    0.00000    4.36498
  94.00000    4.35943    0.00000    4.35943
  94.50000    4.36853    0.00000    4.36853
  95.00000    4.36831    0.00000    4.36831
  95.50000    4.36941    0.00000    4.36941
  96.00000    4.36002    0.00000    4.36002
  96.50000    4.36432    0.00000    4.36432
  97.00000    4.35965    0.00000    4.35965
  97.50000    4.35620    0.00000    4.35620
  98.00000    4.34872    0.00000    4.34872
  98.50000    4.35074    0.00000    4.35074
  99.00000    4.35014    0.00000    4.35014
  99.50000    4.34686    0.00000    4.34686
 100.00000    4.34480    0.00000    4.34480
 100.50000    4.33847    0.00000    4.33847
 101.00000    4.33416    0.00000    4.33416
 101.50000    4.33996    0.00000    4.33996
 102.00000    4.35946    0.00000    4.35946
 102.50000    4.35581    0.00000    4.35581
 103.00000    4.35496    0.00000    4.35496
 103.50000    4.35082    0.00000    4.35082
 104.00000    4.33604    0.00000    4.33604
 104.50000    4.31836    0.00000    4.31836
 105.00000    4.33048    0.00000    4.33048
 105.50000    4.33760    0.00000    4.33760
 106.00000    4.33395    0.00000    4.33395
 106.50000    4.33519    0.00000    4.33519
 107.00000    4.33064    0.00000    4.33064
 107.50000    4.32422    0.00000    4.32422
 108.00000    4.31773    0.00000    4.31773
 108.50000    4.32427    0.00000    4.32427
 109.00000    4.32791    0.00000    4.32791
 109.50000    4.33079    0.00000    4.33079
 110.00000    4.31124    0.00000    4.31124
 110.50000    4.29707    0.00000    4.29707
 111.00000    4.28852    0.00000    4.28852
 111.50000    4.29260    0.00000    4.29260
 112.00000    4.30625    0.00000    4.30625
 112.50000    4.31026    0.00000    4.31026
 113.00000    4.29558    0.00000    4.29558
 113.50000    4.28789    0.00000    4.28789
 114.00000    4.30092    0.00000    4.30092
 114.50000    4.31527    0.00000    4.31527
 115.00000    4.30706    0.00000    4.30706
 115.50000    4.30516    0.00000    4.30516
 116.00000    4.30599    0.00000    4.30599
 116.50000    4.31566    0.00000    4.31566
 117.00000    4.30411    0.00000    4.30411
 117.50000    4.31471    0.00000    4.31471
 118.00000    4.31218    0.00000    4.31218
 118.50000    4.30321    0.00000    4.30321
 119.00000    4.29890    0.00000    4.29890
 119.50000    4.30799    0.00000    4.30799
 120.00000    4.30096    0.00000    4.30096
 120.50000    4.29156    0.00000    4.29156
 121.00000    4.29700    0.00000    4.29700
 121.50000    4.29851    0.00000    4.29851
 122.00000    4.28651    0.00000    4.28651
 122.50000    4.29035    0.00000    4.29035
 123.00000    4.29106    0.00000    4.29106
 123.50000    4.28603    0.00000    4.28603
 124.00000    4.28249    0.00000    4.28249
 124.50000    4.29591    0.00000    4.29591
 125.00000    4.29556    0.00000    4.29556
 125.50000    4.29976    0.00000    4.29976
 126.00000    4.31004    0.00000    4.31004
 126.50000    4.31406    0.00000    4.31406
 127.00000    4.29892    0.00000    4.29892
 127.50000    4.29019    0.00000    4.29019
 128.00000    4.28215    0.00000    4.28215
 128.50000    4.28198    0.00000    4.28198
 129.00000    4.28654    0.00000    4.28654
 129.50000    4.29745    0.00000    4.29745
 130.00000    4.30353    0.00000    4.30353
 130.50000    4.30645    0.00000    4.30645
 131.00000    4.30164    0.00000    4.30164
 131.50000    4.29970    0.00000    4.29970
 132.00000    4.30588    0.00000    4.30588
 132.50000    4.31644    0.00000    4.31644
 133.00000    4.31738    0.00000    4.31738
 133.50000    4.32566    0.00000    4.32566
 134.00000    4.31423    0.00000    4.31423
 134.50000    4.29642    0.00000    4.29642
 135.00000    4.29050    0.00000    4.29050
 135.50000    4.30821    0.00000    4.30821
 136.00000    4.31512    0.00000    4.31512
 136.50000    4.31150    0.00000    4.31150
 137.00000    4.30439    0.00000    4.30439
 137.50000    4.31341    0.00000    4.31341
 138.00000    4.31548    0.00000    4.31548
 138.50000    4.31528    0.00000    4.31528
 139.00000    4.30814    0.00000    4.30814
 139.50000    4.31700    0.00000    4.31700
 140.00000    4.30573    0.00000    4.30573
 140.50000    4.30412    0.00000    4.30412
 141.00000    4.31584    0.00000    4.31584
 141.50000    4.33229    0.00000    4.33229
 142.00000    4.33507    0.00000    4.33507
 142.50000    4.33433    0.00000    4.33433
 143.00000    4.32155    0.00000    4.32155
 143.50000    4.31039    0.00000    4.31039
 144.00000    4.31410    0.00000    4.31410
 144.50000    4.31948    0.00000    4.31948
 145.00000    4.31358    0.00000    4.31358
 145.50000    4.31913    0.00000    4.31913
 146.00000    4.32650    0.00000    4.32650
 146.50000    4.33447    0.00000    4.33447
 147.00000    4.33549    0.00000    4.33549
 147.50000    4.34361    0.00000    4.34361
 148.00000    4.33854    0.00000    4.33854
 148.50000    4.33393    0.00000    4.33393
 149.00000    4.34152    0.00000    4.34152
 149.50000    4.36412    0.00000    4.36412
 150.00000    4.38242    0.00000    4.38242
