   0.00000    1.17947    0.00000    1.17947
   0.50000    1.15678    0.00000    1.15678
   1.00000    1.86568    0.00000    1.86568
   1.50000    2.75317    0.00000    2.75317
   2.00000    3.29550    0.00000    3.29550
   2.50000    3.43813    0.00000    3.43813
   3.00000    3.38971    0.00000    3.38971
   3.50000    3.41710    0.00000    3.41710
   4.00000    3.49233    0.00000    3.49233
   4.50000    3.54193    0.00000    3.54193
   5.00000    3.56228    0.00000    3.56228
   5.50000    3.58807    0.00000    3.58807
   6.00000    3.60434    0.00000    3.60434
   6.50000    3.60046    0.00000    3.60046
   7.00000    3.61455    0.00000    3.61455
   7.50000    3.61710    0.00000    3.61710
   8.00000    3.61468    0.00000    3.61468
   8.50000    3.61862    0.00000    3.61862
   9.00000    3.63670    0.00000    3.63670
   9.50000    3.63520    0.00000    3.63520
  10.00000    3.65035    0.00000    3.65035
  10.50000    3.66654    0.00000    3.66654
  11.00000    3.68235    0.00000    3.68235
  11.50000    3.67637    0.00000    3.67637
  12.00000    3.66837    0.00000    3.66837
  12.50000    3.67062    0.00000    3.67062
  13.00000    3.68182    0.00000    3.68182
  13.50000    3.69065    0.00000    3.69065
  14.00000    3.69945    0.00000    3.69945
  14.50000    3.70020    0.00000    3.70020
  15.00000    3.68834    0.00000    3.68834
  15.50000    3.69591    0.00000    3.69591
  16.00000    3.70431    0.00000    3.70431
  16.50000    3.72297    0.00000    3.72297
  17.00000    3.71534    0.00000    3.71534
  17.50000    3.72537    0.00000    3.72537
  18.00000    3.73277    0.00000    3.73277
  18.50000    3.74271    0.00000    3.74271
  19.00000    3.72129    0.00000    3.72129
  19.50000    3.71536    0.00000    3.71536
  20.00000    3.73009    0.00000    3.73009
  20.50000    3.74578    0.00000    3.74578
  21.00000    3.74035    0.00000    3.74035
  21.50000    3.73511    0.00000    3.73511
  22.00000    3.71703    0.00000    3.71703
  22.50000    3.75036    0.00000    3.75036
  23.00000    3.76197    0.00000    3.76197
  23.50000    3.79571    0.00000    3.79571
  24.00000    3.78408    0.00000    3.78408
  24.50000    3.79672    0.00000    3.79672
  25.00000    3.78176    0.00000    3.78176
  25.50000    3.78353    0.00000    3.78353
  26.00000    3.76630    0.00000    3.76630
  26.50000    3.77392    0.00000    3.77392
  27.00000    3.78896    0.00000    3.78896
  27.50000    3.80603    0.00000    3.80603
  28.00000    3.79932    0.00000    3.79932
  28.50000    3.78855    0.00000    3.78855
  29.00000    3.78109    0.00000    3.78109
  29.50000    3.79661    0.00000    3.79661
  30.00000    3.80223    0.00000    3.80223
  30.50000    3.80936    0.00000    3.80936
  31.00000    3.80639    0.00000    3.80639
  31.50000    3.81900    0.00000    3.81900
  32.00000    3.82397    0.00000    3.82397
  32.50000    3.82061    0.00000    3.82061
  33.00000    3.82075    0.00000    3.82075
  33.50000    3.79997    0.00000    3.79997
  34.00000    3.81152    0.00000    3.81152
  34.50000    3.80962    0.00000    3.80962
  35.00000    3.82344    0.00000    3.82344
  35.50000    3.79438    0.00000    3.79438
  36.00000    3.77628    0.00000    3.77628
  36.50000    3.75769    0.00000    3.75769
  37.00000    3.77406    0.00000    3.77406
  37.50000    3.78008    0.00000    3.78008
  38.00000    3.76271    0.00000    3.76271
  38.50000    3.73993    0.00000    3.73993
  39.00000    3.73068    0.00000    3.73068
  39.50000    3.73144    0.00000    3.73144
  40.00000    3.74195    0.00000    3.74195
  40.50000    3.75709    0.00000    3.75709
  41.00000    3.76984    0.00000    3.76984
  41.50000    3.78151    0.00000    3.78151
  42.00000    3.79107    0.00000    3.79107
  42.50000    3.80053    0.00000    3.80053
  43.00000    3.82913    0.00000    3.82913
  43.50000    3.89070    0.00000    3.89070
  44.00000    3.96275    0.00000    3.96275
  44.50000    4.02193    0.00000    4.02193
  45.00000    4.04906    0.00000    4.04906
  45.50000    4.09392    0.00000    4.09392
  46.00000    4.15941    0.00000    4.15941
  46.50000    4.20233    0.00000    4.20233
  47.00000    4.25344    0.00000    4.25344
  47.50000    4.31343    0.00000    4.31343
  48.00000    4.37365    0.00000    4.37365
  48.50000    4.39692    0.00000    4.39692
  49.00000    4.40418    0.00000    4.40418
  49.50000    4.43081    0.00000    4.43081
  50.00000    4.43626    0.00000    4.43626
  50.50000    4.45945    0.00000    4.45945
  51.00000    4.45961    0.00000    4.45961
  51.50000    4.46790    0.00000    4.46790
  52.00000    4.45809    0.00000    4.45809
  52.50000    4.46546    0.00000    4.46546
  53.00000    4.47963    0.00000    4.47963
  53.50000    4.48427    0.00000    4.48427
  54.00000    4.47308    0.00000    4.47308
  54.50000    4.45635    0.00000    4.45635
  55.00000    4.46743    0.00000    4.46743
  55.50000    4.49543    0.00000    4.49543
  56.00000    4.49878    0.00000    4.49878
  56.50000    4.48953    0.00000    4.48953
  57.00000    4.49271    0.00000    4.49271
  57.50000    4.48556    0.00000    4.48556
  58.00000    4.47267    0.00000    4.47267
  58.50000    4.47248    0.00000    4.47248
  59.00000    4.48245    0.00000    4.48245
  59.50000    4.48362    0.00000    4.48362
  60.00000    4.48254    0.00000    4.48254
  60.50000    4.49463    0.00000    4.49463
  61.00000    4.50261    0.00000    4.50261
  61.50000    4.50724    0.00000    4.50724
  62.00000    4.48652    0.00000    4.48652
  62.50000    4.48237    0.00000    4.48237
  63.00000    4.47262    0.00000    4.47262
  63.50000    4.48767    0.00000    4.48767
  64.00000    4.47446    0.00000    4.47446
  64.50000    4.48214    0.00000    4.48214
  65.00000    4.46848    0.00000    4.46848
  65.50000    4.48160    0.00000    4.48160
  66.00000    4.48021    0.00000    4.48021
  66.50000    4.49518    0.00000    4.49518
  67.00000    4.49057    0.00000    4.49057
  67.50000    4.48524    0.00000    4.48524
  68.00000    4.49295    0.00000    4.49295
  68.50000    4.50913    0.00000    4.50913
  69.00000    4.49793    0.00000    4.49793
  69.50000    4.46843    0.00000    4.46843
  70.00000    4.46729    0.00000    4.46729
  70.50000    4.48035    0.00000    4.48035
  71.00000    4.50398    0.00000    4.50398
  71.50000    4.50130    0.00000    4.50130
  72.00000    4.49404    0.00000    4.49404
  72.50000    4.49130    0.00000    4.49130
  73.00000    4.50002    0.00000    4.50002
  73.50000    4.48376    0.00000    4.48376
  74.00000    4.46977    0.00000    4.46977
  74.50000    4.48765    0.00000    4.48765
  75.00000    4.49547    0.00000    4.49547
  75.50000    4.49570    0.00000    4.49570
  76.00000    4.48530    0.00000    4.48530
  76.50000    4.47681    0.00000    4.47681
  77.00000    4.45775    0.00000    4.45775
  77.50000    4.46113    0.00000    4.46113
  78.00000    4.46974    0.00000    4.46974
  78.50000    4.46752    0.00000    4.46752
  79.00000    4.46466    0.00000    4.46466
  79.50000    4.47608    0.00000    4.47608
  80.00000    4.47724    0.00000    4.47724
  80.50000    4.45787    0.00000    4.45787
  81.00000    4.44322    0.00000    4.44322
  81.50000    4.46074    0.00000    4.46074
  82.00000    4.48016    0.00000    4.48016
  82.50000    4.48493    0.00000    4.48493
  83.00000    4.45999    0.00000    4.45999
  83.50000    4.45251    0.00000    4.45251
  84.00000    4.46129    0.00000    4.46129
  84.50000    4.47921    0.00000    4.47921
  85.00000    4.46959    0.00000    4.46959
  85.50000    4.45839    0.00000    4.45839
  86.00000    4.46036    0.00000    4.46036
  86.50000    4.46729    0.00000    4.46729
  87.00000    4.46570    0.00000    4.46570
  87.50000    4.45229    0.00000    4.45229
  88.00000    4.45064    0.00000    4.45064
  88.50000    4.44913    0.00000    4.44913
  89.00000    4.45149    0.00000    4.45149
  89.50000    4.45018    0.00000    4.45018
  90.00000    4.44195    0.00000    4.44195
  90.50000    4.44871    0.00000    4.44871
  91.00000    4.45741    0.00000    4.45741
  91.50000    4.47615    0.00000    4.47615
  92.00000    4.45858    0.00000    4.45858
  92.50000    4.43405    0.00000    4.43405
  93.00000    4.42287    0.00000    4.42287
  93.50000    4.42466    0.00000    4.42466
  94.00000    4.44110    0.00000    4.44110
  94.50000    4.44784    0.00000    4.44784
  95.00000    4.45746    0.00000    4.45746
  95.50000    4.44307    0.00000    4.44307
  96.00000    4.43857    0.00000    4.43857
  96.50000    4.44150    0.00000    4.44150
  97.00000    4.43344    0.00000    4.43344
  97.50000    4.43725    0.00000    4.43725
  98.00000    4.43979    0.00000    4.43979
  98.50000    4.43575    0.00000    4.43575
  99.00000    4.41710    0.00000    4.41710
  99.50000    4.42858    0.00000    4.42858
 100.00000    4.43650    0.00000    4.43650
 100.50000    4.43926    0.00000    4.43926
 101.00000    4.44206    0.00000    4.44206
 101.50000    4.44356    0.00000    4.44356
 102.00000    4.43921    0.00000    4.43921
 102.50000    4.43386    0.00000    4.43386
 103.00000    4.43222    0.00000    4.43222
 103.50000    4.42159    0.00000    4.42159
 104.00000    4.43827    0.00000    4.43827
 104.50000    4.45020    0.00000    4.45020
 105.00000    4.43804    0.00000    4.43804
 105.50000    4.43213    0.00000    4.43213
 106.00000    4.44189    0.00000    4.44189
 106.50000    4.44861    0.00000    4.44861
 107.00000    4.43140    0.00000    4.43140
 107.50000    4.43499    0.00000    4.43499
 108.00000    4.43219    0.00000    4.43219
 108.50000    4.44031    0.00000    4.44031
 109.00000    4.43421    0.00000    4.43421
 109.50000    4.44347    0.00000    4.44347
 110.00000    4.44190    0.00000    4.44190
 110.50000    4.44724    0.00000    4.44724
 111.00000    4.43357    0.00000    4.43357
 111.50000    4.42060    0.00000    4.42060
 112.00000    4.42353    0.00000    4.42353
 112.50000    4.43004    0.00000    4.43004
 113.00000    4.44178    0.00000    4.44178
 113.50000    4.44459    0.00000    4.44459
 114.00000    4.44640    0.00000    4.44640
 114.50000    4.43858    0.00000    4.43858
 115.00000    4.43810    0.00000    4.43810
 115.50000    4.43826    0.00000    4.43826
 116.00000    4.44028    0.00000    4.44028
 116.50000    4.44773    0.00000    4.44773
 117.00000    4.44855    0.00000    4.44855
 117.50000    4.42397    0.00000    4.42397
 118.00000    4.41994    0.00000    4.41994
 118.50000    4.43736    0.00000    4.43736
 119.00000    4.43302    0.00000    4.43302
 119.50000    4.42497    0.00000    4.42497
 120.00000    4.43597    0.00000    4.43597
 120.50000    4.44297    0.00000    4.44297
 121.00000    4.43265    0.00000    4.43265
 121.50000    4.42212    0.00000    4.42212
 122.00000    4.42686    0.00000    4.42686
 122.50000    4.43600    0.00000    4.43600
 123.00000    4.44711    0.00000    4.44711
 123.50000    4.44111    0.00000    4.44111
 124.00000    4.43289    0.00000    4.43289
 124.50000    4.43941    0.00000    4.43941
 125.00000    4.43843    0.00000    4.43843
 125.50000    4.42821    0.00000    4.42821
 126.00000    4.42907    0.00000    4.42907
 126.50000    4.44799    0.00000    4.44799
 127.00000    4.45363    0.00000    4.45363
 127.50000    4.43371    0.00000    4.43371
 128.00000    4.41796    0.00000    4.41796
 128.50000    4.41862    0.00000    4.41862
 129.00000    4.42752    0.00000    4.42752
 129.50000    4.43667    0.00000    4.43667
 130.00000    4.43610    0.00000    4.43610
 130.50000    4.43237    0.00000    4.43237
 131.00000    4.45480    0.00000    4.45480
 131.50000    4.45942    0.00000    4.45942
 132.00000    4.44881    0.00000    4.44881
 132.50000    4.43176    0.00000    4.43176
 133.00000    4.45035    0.00000    4.45035
 133.50000    4.44665    0.00000    4.44665
 134.00000    4.43573    0.00000    4.43573
 134.50000    4.42625    0.00000    4.42625
 135.00000    4.45008    0.00000    4.45008
 135.50000    4.46063    0.00000    4.46063
 136.00000    4.45206    0.00000    4.45206
 136.50000    4.42580    0.00000    4.42580
 137.00000    4.43629    0.00000    4.43629
 137.50000    4.45254    0.00000    4.45254
 138.00000    4.45439    0.00000    4.45439
 138.50000    4.44429    0.00000    4.44429
 139.00000    4.44931    0.00000    4.44931
 139.50000    4.45989    0.00000    4.45989
 140.00000    4.45859    0.00000    4.45859
 140.50000    4.46200    0.00000    4.46200
 141.00000    4.45255    0.00000    4.45255
 141.50000    4.44133    0.00000    4.44133
 142.00000    4.43670    0.00000    4.43670
 142.50000    4.45109    0.00000    4.45109
 143.00000    4.46136    0.00000    4.46136
 143.50000    4.44990    0.00000    4.44990
 144.00000    4.46463    0.00000    4.46463
 144.50000    4.47035    0.00000    4.47035
 145.00000    4.46776    0.00000    4.46776
 145.50000    4.45422    0.00000    4.45422
 146.00000    4.46078    0.00000    4.46078
 146.50000    4.45468    0.00000    4.45468
 147.00000    4.44155    0.00000    4.44155
 147.50000    4.43413    0.00000    4.43413
 148.00000    4.45029    0.00000    4.45029
 148.50000    4.45380    0.00000    4.45380
 149.00000    4.46567    0.00000    4.46567
 149.50000    4.47192    0.00000    4.47192
 150.00000    4.50635    0.00000    4.50635
