   0.00000    1.38497    0.00000    1.38497
   0.50000    2.59951    0.00000    2.59951
   1.00000    3.08033    0.00000    3.08033
   1.50000    3.26119    0.00000    3.26119
   2.00000    3.36277    0.00000    3.36277
   2.50000    3.37375    0.00000    3.37375
   3.00000    3.37770    0.00000    3.37770
   3.50000    3.41146    0.00000    3.41146
   4.00000    3.45075    0.00000    3.45075
   4.50000    3.46104    0.00000    3.46104
   5.00000    3.46826    0.00000    3.46826
   5.50000    3.46084    0.00000    3.46084
   6.00000    3.48382    0.00000    3.48382
   6.50000    3.49474    0.00000    3.49474
   7.00000    3.48828    0.00000    3.48828
   7.50000    3.49300    0.00000    3.49300
   8.00000    3.50921    0.00000    3.50921
   8.50000    3.51772    0.00000    3.51772
   9.00000    3.52704    0.00000    3.52704
   9.50000    3.55276    0.00000    3.55276
  10.00000    3.54966    0.00000    3.54966
  10.50000    3.56761    0.00000    3.56761
  11.00000    3.57858    0.00000    3.57858
  11.50000    3.58621    0.00000    3.58621
  12.00000    3.57283    0.00000    3.57283
  12.50000    3.57138    0.00000    3.57138
  13.00000    3.57481    0.00000    3.57481
  13.50000    3.60423    0.00000    3.60423
  14.00000    3.60053    0.00000    3.60053
  14.50000    3.57959    0.00000    3.57959
  15.00000    3.58864    0.00000    3.58864
  15.50000    3.60905    0.00000    3.60905
  16.00000    3.60587    0.00000    3.60587
  16.50000    3.61849    0.00000    3.61849
  17.00000    3.64421    0.00000    3.64421
  17.50000    3.65290    0.00000    3.65290
  18.00000    3.64748    0.00000    3.64748
  18.50000    3.65356    0.00000    3.65356
  19.00000    3.64799    0.00000    3.64799
  19.50000    3.64030    0.00000    3.64030
  20.00000    3.64671    0.00000    3.64671
  20.50000    3.65164    0.00000    3.65164
  21.00000    3.64560    0.00000    3.64560
  21.50000    3.66107    0.00000    3.66107
  22.00000    3.69291    0.00000    3.69291
  22.50000    3.70871    0.00000    3.70871
  23.00000    3.71409    0.00000    3.71409
  23.50000    3.72556    0.00000    3.72556
  24.00000    3.71511    0.00000    3.71511
  24.50000    3.69945    0.00000    3.69945
  25.00000    3.69832    0.00000    3.69832
  25.50000    3.72389    0.00000    3.72389
  26.00000    3.73068    0.00000    3.73068
  26.50000    3.74563    0.00000    3.74563
  27.00000    3.78743    0.00000    3.78743
  27.50000    3.86631    0.00000    3.86631
  28.00000    3.87192    0.00000    3.87192
  28.50000    3.85632    0.00000    3.85632
  29.00000    3.85172    0.00000    3.85172
  29.50000    3.91300    0.00000    3.91300
  30.00000    3.96844    0.00000    3.96844
  30.50000    3.98587    0.00000    3.98587
  31.00000    3.98563    0.00000    3.98563
  31.50000    3.97748    0.00000    3.97748
  32.00000    3.99146    0.00000    3.99146
  32.50000    3.97509    0.00000    3.97509
  33.00000    4.01124    0.00000    4.01124
  33.50000    4.03724    0.00000    4.03724
  34.00000    4.07775    0.00000    4.07775
  34.50000    4.04122    0.00000    4.04122
  35.00000    4.02053    0.00000    4.02053
  35.50000    4.00083    0.00000    4.00083
  36.00000    4.04816    0.00000    4.04816
  36.50000    4.06716    0.00000    4.06716
  37.00000    4.08954    0.00000    4.08954
  37.50000    4.04409    0.00000    4.04409
  38.00000    4.01674    0.00000    4.01674
  38.50000    4.00575    0.00000    4.00575
  39.00000    4.03085    0.00000    4.03085
  39.50000    4.03727    0.00000    4.03727
  40.00000    4.03084    0.00000    4.03084
  40.50000    4.03607    0.00000    4.03607
  41.00000    4.02994    0.00000    4.02994
  41.50000    4.04956    0.00000    4.04956
  42.00000    4.04322    0.00000    4.04322
  42.50000    4.03014    0.00000    4.03014
  43.00000    4.00884    0.00000    4.00884
  43.50000    4.05091    0.00000    4.05091
  44.00000    4.11130    0.00000    4.11130
  44.50000    4.13410    0.00000    4.13410
  45.00000    4.13742    0.00000    4.13742
  45.50000    4.14599    0.00000    4.14599
  46.00000    4.17445    0.00000    4.17445
  46.50000    4.19898    0.00000    4.19898
  47.00000    4.19621    0.00000    4.19621
  47.50000    4.18917    0.00000    4.18917
  48.00000    4.20184    0.00000    4.20184
  48.50000    4.22131    0.00000    4.22131
  49.00000    4.21442    0.00000    4.21442
  49.50000    4.22813    0.00000    4.22813
  50.00000    4.22700    0.00000    4.22700
  50.50000    4.18880    0.00000    4.18880
  51.00000    4.14548    0.00000    4.14548
  51.50000    4.15989    0.00000    4.15989
  52.00000    4.20308    0.00000    4.20308
  52.50000    4.21880    0.00000    4.21880
  53.00000    4.19888    0.00000    4.19888
  53.50000    4.16902    0.00000    4.16902
  54.00000    4.16878    0.00000    4.16878
  54.50000    4.19301    0.00000    4.19301
  55.00000    4.20240    0.00000    4.20240
  55.50000    4.18930    0.00000    4.18930
  56.00000    4.19124    0.00000    4.19124
  56.50000    4.22279    0.00000    4.22279
  57.00000    4.24477    0.00000    4.24477
  57.50000    4.22818    0.00000    4.22818
  58.00000    4.20295    0.00000    4.20295
  58.50000    4.21768    0.00000    4.21768
  59.00000    4.22942    0.00000    4.22942
  59.50000    4.21849    0.00000    4.21849
  60.00000    4.19315    0.00000    4.19315
  60.50000    4.22311    0.00000    4.22311
  61.00000    4.24045    0.00000    4.24045
  61.50000    4.25617    0.00000    4.25617
  62.00000    4.24997    0.00000    4.24997
  62.50000    4.22988    0.00000    4.22988
  63.00000    4.20798    0.00000    4.20798
  63.50000    4.21010    0.00000    4.21010
  64.00000    4.23983    0.00000    4.23983
  64.50000    4.23258    0.00000    4.23258
  65.00000    4.21597    0.00000    4.21597
  65.50000    4.21947    0.00000    4.21947
  66.00000    4.23345    0.00000    4.23345
  66.50000    4.25319    0.00000    4.25319
  67.00000    4.28032    0.00000    4.28032
  67.50000    4.31093    0.00000    4.31093
  68.00000    4.30203    0.00000    4.30203
  68.50000    4.27579    0.00000    4.27579
  69.00000    4.26991    0.00000    4.26991
  69.50000    4.26698    0.00000    4.26698
  70.00000    4.26895    0.00000    4.26895
  70.50000    4.25922    0.00000    4.25922
  71.00000    4.28903    0.00000    4.28903
  71.50000    4.30585    0.00000    4.30585
  72.00000    4.31372    0.00000    4.31372
  72.50000    4.28708    0.00000    4.28708
  73.00000    4.29391    0.00000    4.29391
  73.50000    4.29574    0.00000    4.29574
  74.00000    4.30169    0.00000    4.30169
  74.50000    4.30004    0.00000    4.30004
  75.00000    4.31127    0.00000    4.31127
  75.50000    4.33646    0.00000    4.33646
  76.00000    4.32962    0.00000    4.32962
  76.50000    4.33873    0.00000    4.33873
  77.00000    4.33574    0.00000    4.33574
  77.50000    4.36726    0.00000    4.36726
  78.00000    4.36458    0.00000    4.36458
  78.50000    4.36715    0.00000    4.36715
  79.00000    4.37060    0.00000    4.37060
  79.50000    4.40143    0.00000    4.40143
  80.00000    4.41729    0.00000    4.41729
  80.50000    4.41890    0.00000    4.41890
  81.00000    4.41763    0.00000    4.41763
  81.50000    4.41891    0.00000    4.41891
  82.00000    4.41599    0.00000    4.41599
  82.50000    4.40898    0.00000    4.40898
  83.00000    4.41763    0.00000    4.41763
  83.50000    4.41154    0.00000    4.41154
  84.00000    4.39313    0.00000    4.39313
  84.50000    4.37847    0.00000    4.37847
  85.00000    4.41071    0.00000    4.41071
  85.50000    4.43651    0.00000    4.43651
  86.00000    4.44295    0.00000    4.44295
  86.50000    4.42930    0.00000    4.42930
  87.00000    4.43698    0.00000    4.43698
  87.50000    4.43873    0.00000    4.43873
  88.00000    4.44802    0.00000    4.44802
  88.50000    4.45416    0.00000    4.45416
  89.00000    4.46009    0.00000    4.46009
  89.50000    4.43663    0.00000    4.43663
  90.00000    4.43333    0.00000    4.43333
  90.50000    4.46252    0.00000    4.46252
  91.00000    4.49902    0.00000    4.49902
  91.50000    4.49194    0.00000    4.49194
  92.00000    4.48370    0.00000    4.48370
  92.50000    4.45503    0.00000    4.45503
  93.00000    4.43588    0.00000    4.43588
  93.50000    4.42840    0.00000    4.42840
  94.00000    4.47128    0.00000    4.47128
  94.50000    4.47593    0.00000    4.47593
  95.00000    4.47379    0.00000    4.47379
  95.50000    4.46059    0.00000    4.46059
  96.00000    4.47281    0.00000    4.47281
  96.50000    4.48589    0.00000    4.48589
  97.00000    4.51288    0.00000    4.51288
  97.50000    4.51082    0.00000    4.51082
  98.00000    4.50529    0.00000    4.50529
  98.50000    4.50406    0.00000    4.50406
  99.00000    4.51147    0.00000    4.51147
  99.50000    4.48916    0.00000    4.48916
 100.00000    4.48116    0.00000    4.48116
 100.50000    4.49908    0.00000    4.49908
 101.00000    4.52346    0.00000    4.52346
 101.50000    4.52157    0.00000    4.52157
 102.00000    4.52918    0.00000    4.52918
 102.50000    4.53738    0.00000    4.53738
 103.00000    4.51576    0.00000    4.51576
 103.50000    4.47886    0.00000    4.47886
 104.00000    4.48137    0.00000    4.48137
 104.50000    4.50555    0.00000    4.50555
 105.00000    4.50335    0.00000    4.50335
 105.50000    4.47465    0.00000    4.47465
 106.00000    4.48498    0.00000    4.48498
 106.50000    4.51903    0.00000    4.51903
 107.00000    4.53267    0.00000    4.53267
 107.50000    4.54178    0.00000    4.54178
 108.00000    4.53999    0.00000    4.53999
 108.50000    4.52032    0.00000    4.52032
 109.00000    4.49678    0.00000    4.49678
 109.50000    4.49755    0.00000    4.49755
 110.00000    4.52520    0.00000    4.52520
 110.50000    4.53074    0.00000    4.53074
 111.00000    4.51226    0.00000    4.51226
 111.50000    4.47698    0.00000    4.47698
 112.00000    4.52387    0.00000    4.52387
 112.50000    4.54473    0.00000    4.54473
 113.00000    4.54686    0.00000    4.54686
 113.50000    4.51763    0.00000    4.51763
 114.00000    4.53611    0.00000    4.53611
 114.50000    4.52992    0.00000    4.52992
 115.00000    4.53457    0.00000    4.53457
 115.50000    4.51554    0.00000    4.51554
 116.00000    4.51847    0.00000    4.51847
 116.50000    4.50924    0.00000    4.50924
 117.00000    4.50304    0.00000    4.50304
 117.50000    4.50281    0.00000    4.50281
 118.00000    4.52529    0.00000    4.52529
 118.50000    4.52884    0.00000    4.52884
 119.00000    4.51571    0.00000    4.51571
 119.50000    4.51262    0.00000    4.51262
 120.00000    4.53927    0.00000    4.53927
 120.50000    4.54743    0.00000    4.54743
 121.00000    4.54665    0.00000    4.54665
 121.50000    4.54044    0.00000    4.54044
 122.00000    4.51289    0.00000    4.51289
 122.50000    4.51079    0.00000    4.51079
 123.00000    4.53432    0.00000    4.53432
 123.50000    4.54355    0.00000    4.54355
 124.00000    4.53055    0.00000    4.53055
 124.50000    4.52203    0.00000    4.52203
 125.00000    4.51162    0.00000    4.51162
 125.50000    4.51173    0.00000    4.51173
 126.00000    4.51645    0.00000    4.51645
 126.50000    4.51464    0.00000    4.51464
 127.00000    4.49795    0.00000    4.49795
 127.50000    4.52835    0.00000    4.52835
 128.00000    4.51966    0.00000    4.51966
 128.50000    4.50306    0.00000    4.50306
 129.00000    4.47803    0.00000    4.47803
 129.50000    4.48231    0.00000    4.48231
 130.00000    4.49435    0.00000    4.49435
 130.50000    4.49779    0.00000    4.49779
 131.00000    4.49474    0.00000    4.49474
 131.50000    4.50293    0.00000    4.50293
 132.00000    4.52166    0.00000    4.52166
 132.50000    4.51342    0.00000    4.51342
 133.00000    4.49683    0.00000    4.49683
 133.50000    4.49051    0.00000    4.49051
 134.00000    4.50063    0.00000    4.50063
 134.50000    4.49981    0.00000    4.49981
 135.00000    4.51203    0.00000    4.51203
 135.50000    4.53495    0.00000    4.53495
 136.00000    4.55221    0.00000    4.55221
 136.50000    4.54266    0.00000    4.54266
 137.00000    4.51422    0.00000    4.51422
 137.50000    4.51038    0.00000    4.51038
 138.00000    4.51198    0.00000    4.51198
 138.50000    4.50914    0.00000    4.50914
 139.00000    4.50406    0.00000    4.50406
 139.50000    4.49686    0.00000    4.49686
 140.00000    4.49105    0.00000    4.49105
 140.50000    4.47005    0.00000    4.47005
 141.00000    4.48771    0.00000    4.48771
 141.50000    4.49600    0.00000    4.49600
 142.00000    4.49134    0.00000    4.49134
 142.50000    4.46364    0.00000    4.46364
 143.00000    4.46643    0.00000    4.46643
 143.50000    4.47472    0.00000    4.47472
 144.00000    4.47854    0.00000    4.47854
 144.50000    4.47707    0.00000    4.47707
 145.00000    4.47322    0.00000    4.47322
 145.50000    4.47150    0.00000    4.47150
 146.00000    4.48543    0.00000    4.48543
 146.50000    4.47586    0.00000    4.47586
 147.00000    4.46931    0.00000    4.46931
 147.50000    4.43128    0.00000    4.43128
 148.00000    4.43529    0.00000    4.43529
 148.50000    4.43864    0.00000    4.43864
 149.00000    4.44918    0.00000    4.44918
 149.50000    4.41704    0.00000    4.41704
 150.00000    4.43701    0.00000    4.43701
