   0.00000    1.24264    0.00000    1.24264
   0.50000    2.14092    0.00000    2.14092
   1.00000    2.63505    0.00000    2.63505
   1.50000    2.83794    0.00000    2.83794
   2.00000    2.94973    0.00000    2.94973
   2.50000    3.08348    0.00000    3.08348
   3.00000    3.23513    0.00000    3.23513
   3.50000    3.28323    0.00000    3.28323
   4.00000    3.33312    0.00000    3.33312
   4.50000    3.37014    0.00000    3.37014
   5.00000    3.45562    0.00000    3.45562
   5.50000    3.50023    0.00000    3.50023
   6.00000    3.53922    0.00000    3.53922
   6.50000    3.54666    0.00000    3.54666
   7.00000    3.53512    0.00000    3.53512
   7.50000    3.53364    0.00000    3.53364
   8.00000    3.57938    0.00000    3.57938
   8.50000    3.63659    0.00000    3.63659
   9.00000    3.64353    0.00000    3.64353
   9.50000    3.66751    0.00000    3.66751
  10.00000    3.69186    0.00000    3.69186
  10.50000    3.71770    0.00000    3.71770
  11.00000    3.72048    0.00000    3.72048
  11.50000    3.72591    0.00000    3.72591
  12.00000    3.75027    0.00000    3.75027
  12.50000    3.76247    0.00000    3.76247
  13.00000    3.79852    0.00000    3.79852
  13.50000    3.83693    0.00000    3.83693
  14.00000    3.88223    0.00000    3.88223
  14.50000    3.89427    0.00000    3.89427
  15.00000    3.89390    0.00000    3.89390
  15.50000    3.89506    0.00000    3.89506
  16.00000    3.91097    0.00000    3.91097
  16.50000    3.98657    0.00000    3.98657
  17.00000    4.04070    0.00000    4.04070
  17.50000    4.03092    0.00000    4.03092
  18.00000    4.03294    0.00000    4.03294
  18.50000    4.09356    0.00000    4.09356
  19.00000    4.13535    0.00000    4.13535
  19.50000    4.13020    0.00000    4.13020
  20.00000    4.10889    0.00000    4.10889
  20.50000    4.11719    0.00000    4.11719
  21.00000    4.13324    0.00000    4.13324
  21.50000    4.16771    0.00000    4.16771
  22.00000    4.20777    0.00000    4.20777
  22.50000    4.27284    0.00000    4.27284
  23.00000    4.31741    0.00000    4.31741
  23.50000    4.35679    0.00000    4.35679
  24.00000    4.43618    0.00000    4.43618
  24.50000    4.42186    0.00000    4.42186
  25.00000    4.41700    0.00000    4.41700
  25.50000    4.41397    0.00000    4.41397
  26.00000    4.46801    0.00000    4.46801
  26.50000    4.38937    0.00000    4.38937
  27.00000    4.39706    0.00000    4.39706
  27.50000    4.47619    0.00000    4.47619
  28.00000    4.56706    0.00000    4.56706
  28.50000    4.52316    0.00000    4.52316
  29.00000    4.47175    0.00000    4.47175
  29.50000    4.51108    0.00000    4.51108
  30.00000    4.57671    0.00000    4.57671
  30.50000    4.57160    0.00000    4.57160
  31.00000    4.58041    0.00000    4.58041
  31.50000    4.59249    0.00000    4.59249
  32.00000    4.58094    0.00000    4.58094
  32.50000    4.56279    0.00000    4.56279
  33.00000    4.57345    0.00000    4.57345
  33.50000    4.55200    0.00000    4.55200
  34.00000    4.46767    0.00000    4.46767
  34.50000    4.44362    0.00000    4.44362
  35.00000    4.46988    0.00000    4.46988
  35.50000    4.48694    0.00000    4.48694
  36.00000    4.44277    0.00000    4.44277
  36.50000    4.45074    0.00000    4.45074
  37.00000    4.49727    0.00000    4.49727
  37.50000    4.48850    0.00000    4.48850
  38.00000    4.46384    0.00000    4.46384
  38.50000    4.44238    0.00000    4.44238
  39.00000    4.42498    0.00000    4.42498
  39.50000    4.41864    0.00000    4.41864
  40.00000    4.40370    0.00000    4.40370
  40.50000    4.43128    0.00000    4.43128
  41.00000    4.47933    0.00000    4.47933
  41.50000    4.51665    0.00000    4.51665
  42.00000    4.48192    0.00000    4.48192
  42.50000    4.49433    0.00000    4.49433
  43.00000    4.50592    0.00000    4.50592
  43.50000    4.49270    0.00000    4.49270
  44.00000    4.46304    0.00000    4.46304
  44.50000    4.51183    0.00000    4.51183
  45.00000    4.52470    0.00000    4.52470
  45.50000    4.52460    0.00000    4.52460
  46.00000    4.53223    0.00000    4.53223
  46.50000    4.62897    0.00000    4.62897
  47.00000    4.63806    0.00000    4.63806
  47.50000    4.57779    0.00000    4.57779
  48.00000    4.56573    0.00000    4.56573
  48.50000    4.60168    0.00000    4.60168
  49.00000    4.60434    0.00000    4.60434
  49.50000    4.58699    0.00000    4.58699
  50.00000    4.60133    0.00000    4.60133
  50.50000    4.58334    0.00000    4.58334
  51.00000    4.59108    0.00000    4.59108
  51.50000    4.62988    0.00000    4.62988
  52.00000    4.64687    0.00000    4.64687
  52.50000    4.63577    0.00000    4.63577
  53.00000    4.59731    0.00000    4.59731
  53.50000    4.59697    0.00000    4.59697
  54.00000    4.61134    0.00000    4.61134
  54.50000    4.65826    0.00000    4.65826
  55.00000    4.62977    0.00000    4.62977
  55.50000    4.61136    0.00000    4.61136
  56.00000    4.59996    0.00000    4.59996
  56.50000    4.56276    0.00000    4.56276
  57.00000    4.58075    0.00000    4.58075
  57.50000    4.57002    0.00000    4.57002
  58.00000    4.57850    0.00000    4.57850
  58.50000    4.54630    0.00000    4.54630
  59.00000    4.57510    0.00000    4.57510
  59.50000    4.53881    0.00000    4.53881
  60.00000    4.50903    0.00000    4.50903
  60.50000    4.51067    0.00000    4.51067
  61.00000    4.54761    0.00000    4.54761
  61.50000    4.54484    0.00000    4.54484
  62.00000    4.53290    0.00000    4.53290
  62.50000    4.51597    0.00000    4.51597
  63.00000    4.50557    0.00000    4.50557
  63.50000    4.49011    0.00000    4.49011
  64.00000    4.47022    0.00000    4.47022
  64.50000    4.48974    0.00000    4.48974
  65.00000    4.45559    0.00000    4.45559
  65.50000    4.46647    0.00000    4.46647
  66.00000    4.43709    0.00000    4.43709
  66.50000    4.47160    0.00000    4.47160
  67.00000    4.49142    0.00000    4.49142
  67.50000    4.51322    0.00000    4.51322
  68.00000    4.48514    0.00000    4.48514
  68.50000    4.46814    0.00000    4.46814
  69.00000    4.46214    0.00000    4.46214
  69.50000    4.43227    0.00000    4.43227
  70.00000    4.42594    0.00000    4.42594
  70.50000    4.43761    0.00000    4.43761
  71.00000    4.44931    0.00000    4.44931
  71.50000    4.43247    0.00000    4.43247
  72.00000    4.40668    0.00000    4.40668
  72.50000    4.36947    0.00000    4.36947
  73.00000    4.38735    0.00000    4.38735
  73.50000    4.39239    0.00000    4.39239
  74.00000    4.36392    0.00000    4.36392
  74.50000    4.34349    0.00000    4.34349
  75.00000    4.34076    0.00000    4.34076
  75.50000    4.34849    0.00000    4.34849
  76.00000    4.33396    0.00000    4.33396
  76.50000    4.34106    0.00000    4.34106
  77.00000    4.32975    0.00000    4.32975
  77.50000    4.32627    0.00000    4.32627
  78.00000    4.30943    0.00000    4.30943
  78.50000    4.31410    0.00000    4.31410
  79.00000    4.31983    0.00000    4.31983
  79.50000    4.31045    0.00000    4.31045
  80.00000    4.29825    0.00000    4.29825
  80.50000    4.31356    0.00000    4.31356
  81.00000    4.33339    0.00000    4.33339
  81.50000    4.31834    0.00000    4.31834
  82.00000    4.30186    0.00000    4.30186
  82.50000    4.27084    0.00000    4.27084
  83.00000    4.25057    0.00000    4.25057
  83.50000    4.26526    0.00000    4.26526
  84.00000    4.27147    0.00000    4.27147
  84.50000    4.22399    0.00000    4.22399
  85.00000    4.22334    0.00000    4.22334
  85.50000    4.24545    0.00000    4.24545
  86.00000    4.25692    0.00000    4.25692
  86.50000    4.22088    0.00000    4.22088
  87.00000    4.23367    0.00000    4.23367
  87.50000    4.22536    0.00000    4.22536
  88.00000    4.24430    0.00000    4.24430
  88.50000    4.23451    0.00000    4.23451
  89.00000    4.21200    0.00000    4.21200
  89.50000    4.18762    0.00000    4.18762
  90.00000    4.17860    0.00000    4.17860
  90.50000    4.17201    0.00000    4.17201
  91.00000    4.19826    0.00000    4.19826
  91.50000    4.22465    0.00000    4.22465
  92.00000    4.22132    0.00000    4.22132
  92.50000    4.18362    0.00000    4.18362
  93.00000    4.19351    0.00000    4.19351
  93.50000    4.19531    0.00000    4.19531
  94.00000    4.20964    0.00000    4.20964
  94.50000    4.16611    0.00000    4.16611
  95.00000    4.15831    0.00000    4.15831
  95.50000    4.13840    0.00000    4.13840
  96.00000    4.13694    0.00000    4.13694
  96.50000    4.13461    0.00000    4.13461
  97.00000    4.19314    0.00000    4.19314
  97.50000    4.18613    0.00000    4.18613
  98.00000    4.15884    0.00000    4.15884
  98.50000    4.12076    0.00000    4.12076
  99.00000    4.11576    0.00000    4.11576
  99.50000    4.10529    0.00000    4.10529
 100.00000    4.10940    0.00000    4.10940
 100.50000    4.10583    0.00000    4.10583
 101.00000    4.10314    0.00000    4.10314
 101.50000    4.13521    0.00000    4.13521
 102.00000    4.17140    0.00000    4.17140
 102.50000    4.16986    0.00000    4.16986
 103.00000    4.12843    0.00000    4.12843
 103.50000    4.11912    0.00000    4.11912
 104.00000    4.09910    0.00000    4.09910
 104.50000    4.10219    0.00000    4.10219
 105.00000    4.10415    0.00000    4.10415
 105.50000    4.14818    0.00000    4.14818
 106.00000    4.08998    0.00000    4.08998
 106.50000    4.08711    0.00000    4.08711
 107.00000    4.08985    0.00000    4.08985
 107.50000    4.09634    0.00000    4.09634
 108.00000    4.07896    0.00000    4.07896
 108.50000    4.06997    0.00000    4.06997
 109.00000    4.04307    0.00000    4.04307
 109.50000    4.02508    0.00000    4.02508
 110.00000    4.06538    0.00000    4.06538
 110.50000    4.07725    0.00000    4.07725
 111.00000    4.07227    0.00000    4.07227
 111.50000    4.08329    0.00000    4.08329
 112.00000    4.10071    0.00000    4.10071
 112.50000    4.09279    0.00000    4.09279
 113.00000    4.05585    0.00000    4.05585
 113.50000    4.06019    0.00000    4.06019
 114.00000    4.04207    0.00000    4.04207
 114.50000    4.00762    0.00000    4.00762
 115.00000    4.00127    0.00000    4.00127
 115.50000    4.04133    0.00000    4.04133
 116.00000    4.06718    0.00000    4.06718
 116.50000    4.05460    0.00000    4.05460
 117.00000    4.02401    0.00000    4.02401
 117.50000    4.04589    0.00000    4.04589
 118.00000    4.05346    0.00000    4.05346
 118.50000    4.06288    0.00000    4.06288
 119.00000    4.02801    0.00000    4.02801
 119.50000    4.05884    0.00000    4.05884
 120.00000    4.05663    0.00000    4.05663
 120.50000    4.07607    0.00000    4.07607
 121.00000    4.06619    0.00000    4.06619
 121.50000    4.03690    0.00000    4.03690
 122.00000    4.04123    0.00000    4.04123
 122.50000    4.04931    0.00000    4.04931
 123.00000    4.08702    0.00000    4.08702
 123.50000    4.05429    0.00000    4.05429
 124.00000    4.06052    0.00000    4.06052
 124.50000    4.03368    0.00000    4.03368
 125.00000    4.04273    0.00000    4.04273
 125.50000    4.02840    0.00000    4.02840
 126.00000    4.04467    0.00000    4.04467
 126.50000    4.05104    0.00000    4.05104
 127.00000    4.05374    0.00000    4.05374
 127.50000    4.05242    0.00000    4.05242
 128.00000    4.04212    0.00000    4.04212
 128.50000    4.01813    0.00000    4.01813
 129.00000    4.01201    0.00000    4.01201
 129.50000    4.01423    0.00000    4.01423
 130.00000    4.02554    0.00000    4.02554
 130.50000    4.01116    0.00000    4.01116
 131.00000    3.97154    0.00000    3.97154
 131.50000    3.96013    0.00000    3.96013
 132.00000    3.98702    0.00000    3.98702
 132.50000    3.99440    0.00000    3.99440
 133.00000    3.97552    0.00000    3.97552
 133.50000    4.00805    0.00000    4.00805
 134.00000    4.03453    0.00000    4.03453
 134.50000    4.02835    0.00000    4.02835
 135.00000    3.97751    0.00000    3.97751
 135.50000    3.98495    0.00000    3.98495
 136.00000    4.00517    0.00000    4.00517
 136.50000    4.03658    0.00000    4.03658
 137.00000    4.01834    0.00000    4.01834
 137.50000    4.00061    0.00000    4.00061
 138.00000    3.95806    0.00000    3.95806
 138.50000    3.95665    0.00000    3.95665
 139.00000    3.96771    0.00000    3.96771
 139.50000    4.00394    0.00000    4.00394
 140.00000    3.99850    0.00000    3.99850
 140.50000    3.97274    0.00000    3.97274
 141.00000    3.96274    0.00000    3.96274
 141.50000    3.98689    0.00000    3.98689
 142.00000    3.96330    0.00000    3.96330
 142.50000    3.93045    0.00000    3.93045
 143.00000    3.95033    0.00000    3.95033
 143.50000    4.00110    0.00000    4.00110
 144.00000    4.03450    0.00000    4.03450
 144.50000    4.01999    0.00000    4.01999
 145.00000    4.01662    0.00000    4.01662
 145.50000    3.97463    0.00000    3.97463
 146.00000    4.01443    0.00000    4.01443
 146.50000    4.04131    0.00000    4.04131
 147.00000    4.07044    0.00000    4.07044
 147.50000    4.02088    0.00000    4.02088
 148.00000    4.03979    0.00000    4.03979
 148.50000    4.06402    0.00000    4.06402
 149.00000    4.07793    0.00000    4.07793
 149.50000    4.06114    0.00000    4.06114
 150.00000    4.08228    0.00000    4.08228
