   0.00000    1.28414    0.00000    1.28414
   0.50000    1.64491    0.00000    1.64491
   1.00000    1.95183    0.00000    1.95183
   1.50000    2.22268    0.00000    2.22268
   2.00000    2.38430    0.00000    2.38430
   2.50000    2.42505    0.00000    2.42505
   3.00000    2.39190    0.00000    2.39190
   3.50000    2.57013    0.00000    2.57013
   4.00000    2.79348    0.00000    2.79348
   4.50000    2.89259    0.00000    2.89259
   5.00000    2.85411    0.00000    2.85411
   5.50000    2.90320    0.00000    2.90320
   6.00000    2.92919    0.00000    2.92919
   6.50000    3.10659    0.00000    3.10659
   7.00000    3.26711    0.00000    3.26711
   7.50000    3.36511    0.00000    3.36511
   8.00000    3.31455    0.00000    3.31455
   8.50000    3.33098    0.00000    3.33098
   9.00000    3.32393    0.00000    3.32393
   9.50000    3.31029    0.00000    3.31029
  10.00000    3.31856    0.00000    3.31856
  10.50000    3.35794    0.00000    3.35794
  11.00000    3.38652    0.00000    3.38652
  11.50000    3.39360    0.00000    3.39360
  12.00000    3.40004    0.00000    3.40004
  12.50000    3.41182    0.00000    3.41182
  13.00000    3.41708    0.00000    3.41708
  13.50000    3.43932    0.00000    3.43932
  14.00000    3.46782    0.00000    3.46782
  14.50000    3.45239    0.00000    3.45239
  15.00000    3.46144    0.00000    3.46144
  15.50000    3.46859    0.00000    3.46859
  16.00000    3.49051    0.00000    3.49051
  16.50000    3.47074    0.00000    3.47074
  17.00000    3.49846    0.00000    3.49846
  17.50000    3.52394    0.00000    3.52394
  18.00000    3.53578    0.00000    3.53578
  18.50000    3.54647    0.00000    3.54647
  19.00000    3.56224    0.00000    3.56224
  19.50000    3.57073    0.00000    3.57073
  20.00000    3.55222    0.00000    3.55222
  20.50000    3.59491    0.00000    3.59491
  21.00000    3.64657    0.00000    3.64657
  21.50000    3.67203    0.00000    3.67203
  22.00000    3.66996    0.00000    3.66996
  22.50000    3.69907    0.00000    3.69907
  23.00000    3.68177    0.00000    3.68177
  23.50000    3.66976    0.00000    3.66976
  24.00000    3.71030    0.00000    3.71030
  24.50000    3.77551    0.00000    3.77551
  25.00000    3.78925    0.00000    3.78925
  25.50000    3.78991    0.00000    3.78991
  26.00000    3.79419    0.00000    3.79419
  26.50000    3.77882    0.00000    3.77882
  27.00000    3.76495    0.00000    3.76495
  27.50000    3.75668    0.00000    3.75668
  28.00000    3.77478    0.00000    3.77478
  28.50000    3.78865    0.00000    3.78865
  29.00000    3.79770    0.00000    3.79770
  29.50000    3.78683    0.00000    3.78683
  30.00000    3.81244    0.00000    3.81244
  30.50000    3.81981    0.00000    3.81981
  31.00000    3.87303    0.00000    3.87303
  31.50000    3.90932    0.00000    3.90932
  32.00000    3.93557    0.00000    3.93557
  32.50000    3.91477    0.00000    3.91477
  33.00000    3.94466    0.00000    3.94466
  33.50000    4.00298    0.00000    4.00298
  34.00000    4.05032    0.00000    4.05032
  34.50000    4.05449    0.00000    4.05449
  35.00000    4.02077    0.00000    4.02077
  35.50000    4.00469    0.00000    4.00469
  36.00000    3.99258    0.00000    3.99258
  36.50000    3.99446    0.00000    3.99446
  37.00000    3.99169    0.00000    3.99169
  37.50000    3.99680    0.00000    3.99680
  38.00000    3.98921    0.00000    3.98921
  38.50000    3.98802    0.00000    3.98802
  39.00000    3.99442    0.00000    3.99442
  39.50000    4.00340    0.00000    4.00340
  40.00000    3.98893    0.00000    3.98893
  40.50000    3.97544    0.00000    3.97544
  41.00000    3.99185    0.00000    3.99185
  41.50000    4.03141    0.00000    4.03141
  42.00000    4.05259    0.00000    4.05259
  42.50000    4.07250    0.00000    4.07250
  43.00000    4.09725    0.00000    4.09725
  43.50000    4.11788    0.00000    4.11788
  44.00000    4.12817    0.00000    4.12817
  44.50000    4.17359    0.00000    4.17359
  45.00000    4.23765    0.00000    4.23765
  45.50000    4.29359    0.00000    4.29359
  46.00000    4.32105    0.00000    4.32105
  46.50000    4.34042    0.00000    4.34042
  47.00000    4.31833    0.00000    4.31833
  47.50000    4.28856    0.00000    4.28856
  48.00000    4.28824    0.00000    4.28824
  48.50000    4.31930    0.00000    4.31930
  49.00000    4.32551    0.00000    4.32551
  49.50000    4.33053    0.00000    4.33053
  50.00000    4.35477    0.00000    4.35477
  50.50000    4.36270    0.00000    4.36270
  51.00000    4.35632    0.00000    4.35632
  51.50000    4.34902    0.00000    4.34902
  52.00000    4.37012    0.00000    4.37012
  52.50000    4.36800    0.00000    4.36800
  53.00000    4.37686    0.00000    4.37686
  53.50000    4.36856    0.00000    4.36856
  54.00000    4.40746    0.00000    4.40746
  54.50000    4.45257    0.00000    4.45257
  55.00000    4.49258    0.00000    4.49258
  55.50000    4.48420    0.00000    4.48420
  56.00000    4.47954    0.00000    4.47954
  56.50000    4.47778    0.00000    4.47778
  57.00000    4.47005    0.00000    4.47005
  57.50000    4.48569    0.00000    4.48569
  58.00000    4.51097    0.00000    4.51097
  58.50000    4.53022    0.00000    4.53022
  59.00000    4.53044    0.00000    4.53044
  59.50000    4.53264    0.00000    4.53264
  60.00000    4.51618    0.00000    4.51618
  60.50000    4.51017    0.00000    4.51017
  61.00000    4.52598    0.00000    4.52598
  61.50000    4.53280    0.00000    4.53280
  62.00000    4.52013    0.00000    4.52013
  62.50000    4.52453    0.00000    4.52453
  63.00000    4.53778    0.00000    4.53778
  63.50000    4.54443    0.00000    4.54443
  64.00000    4.55658    0.00000    4.55658
  64.50000    4.57224    0.00000    4.57224
  65.00000    4.57313    0.00000    4.57313
  65.50000    4.55757    0.00000    4.55757
  66.00000    4.56299    0.00000    4.56299
  66.50000    4.57512    0.00000    4.57512
  67.00000    4.57907    0.00000    4.57907
  67.50000    4.56104    0.00000    4.56104
  68.00000    4.56830    0.00000    4.56830
  68.50000    4.55939    0.00000    4.55939
  69.00000    4.57680    0.00000    4.57680
  69.50000    4.58921    0.00000    4.58921
  70.00000    4.61786    0.00000    4.61786
  70.50000    4.61150    0.00000    4.61150
  71.00000    4.61437    0.00000    4.61437
  71.50000    4.61141    0.00000    4.61141
  72.00000    4.60826    0.00000    4.60826
  72.50000    4.62896    0.00000    4.62896
  73.00000    4.63018    0.00000    4.63018
  73.50000    4.60991    0.00000    4.60991
  74.00000    4.57975    0.00000    4.57975
  74.50000    4.61152    0.00000    4.61152
  75.00000    4.63024    0.00000    4.63024
  75.50000    4.65240    0.00000    4.65240
  76.00000    4.63833    0.00000    4.63833
  76.50000    4.63491    0.00000    4.63491
  77.00000    4.62045    0.00000    4.62045
  77.50000    4.61558    0.00000    4.61558
  78.00000    4.59920    0.00000    4.59920
  78.50000    4.58112    0.00000    4.58112
  79.00000    4.60202    0.00000    4.60202
  79.50000    4.63250    0.00000    4.63250
  80.00000    4.65220    0.00000    4.65220
  80.50000    4.64155    0.00000    4.64155
  81.00000    4.63674    0.00000    4.63674
  81.50000    4.65420    0.00000    4.65420
  82.00000    4.66656    0.00000    4.66656
  82.50000    4.64013    0.00000    4.64013
  83.00000    4.62415    0.00000    4.62415
  83.50000    4.65258    0.00000    4.65258
  84.00000    4.68878    0.00000    4.68878
  84.50000    4.67230    0.00000    4.67230
  85.00000    4.64652    0.00000    4.64652
  85.50000    4.64934    0.00000    4.64934
  86.00000    4.65579    0.00000    4.65579
  86.50000    4.65454    0.00000    4.65454
  87.00000    4.65193    0.00000    4.65193
  87.50000    4.65112    0.00000    4.65112
  88.00000    4.64673    0.00000    4.64673
  88.50000    4.64811    0.00000    4.64811
  89.00000    4.67519    0.00000    4.67519
  89.50000    4.67366    0.00000    4.67366
  90.00000    4.66407    0.00000    4.66407
  90.50000    4.66924    0.00000    4.66924
  91.00000    4.68353    0.00000    4.68353
  91.50000    4.68562    0.00000    4.68562
  92.00000    4.67316    0.00000    4.67316
  92.50000    4.67358    0.00000    4.67358
  93.00000    4.67631    0.00000    4.67631
  93.50000    4.68143    0.00000    4.68143
  94.00000    4.67828    0.00000    4.67828
  94.50000    4.67394    0.00000    4.67394
  95.00000    4.68969    0.00000    4.68969
  95.50000    4.68054    0.00000    4.68054
  96.00000    4.65165    0.00000    4.65165
  96.50000    4.63589    0.00000    4.63589
  97.00000    4.65212    0.00000    4.65212
  97.50000    4.66652    0.00000    4.66652
  98.00000    4.65803    0.00000    4.65803
  98.50000    4.64165    0.00000    4.64165
  99.00000    4.64196    0.00000    4.64196
  99.50000    4.67649    0.00000    4.67649
 100.00000    4.70283    0.00000    4.70283
 100.50000    4.68519    0.00000    4.68519
 101.00000    4.66949    0.00000    4.66949
 101.50000    4.66747    0.00000    4.66747
 102.00000    4.67935    0.00000    4.67935
 102.50000    4.66421    0.00000    4.66421
 103.00000    4.68452    0.00000    4.68452
 103.50000    4.68537    0.00000    4.68537
 104.00000    4.70011    0.00000    4.70011
 104.50000    4.69610    0.00000    4.69610
 105.00000    4.69546    0.00000    4.69546
 105.50000    4.67489    0.00000    4.67489
 106.00000    4.66188    0.00000    4.66188
 106.50000    4.66841    0.00000    4.66841
 107.00000    4.67129    0.00000    4.67129
 107.50000    4.66966    0.00000    4.66966
 108.00000    4.66931    0.00000    4.66931
 108.50000    4.67603    0.00000    4.67603
 109.00000    4.67813    0.00000    4.67813
 109.50000    4.70691    0.00000    4.70691
 110.00000    4.72066    0.00000    4.72066
 110.50000    4.70434    0.00000    4.70434
 111.00000    4.70115    0.00000    4.70115
 111.50000    4.73074    0.00000    4.73074
 112.00000    4.71718    0.00000    4.71718
 112.50000    4.67044    0.00000    4.67044
 113.00000    4.66698    0.00000    4.66698
 113.50000    4.67945    0.00000    4.67945
 114.00000    4.67761    0.00000    4.67761
 114.50000    4.68755    0.00000    4.68755
 115.00000    4.71878    0.00000    4.71878
 115.50000    4.71647    0.00000    4.71647
 116.00000    4.69237    0.00000    4.69237
 116.50000    4.70134    0.00000    4.70134
 117.00000    4.70658    0.00000    4.70658
 117.50000    4.69187    0.00000    4.69187
 118.00000    4.67134    0.00000    4.67134
 118.50000    4.67055    0.00000    4.67055
 119.00000    4.68756    0.00000    4.68756
 119.50000    4.71492    0.00000    4.71492
 120.00000    4.72751    0.00000    4.72751
 120.50000    4.70232    0.00000    4.70232
 121.00000    4.70120    0.00000    4.70120
 121.50000    4.69486    0.00000    4.69486
 122.00000    4.69823    0.00000    4.69823
 122.50000    4.69362    0.00000    4.69362
 123.00000    4.71132    0.00000    4.71132
 123.50000    4.70213    0.00000    4.70213
 124.00000    4.71275    0.00000    4.71275
 124.50000    4.70034    0.00000    4.70034
 125.00000    4.69395    0.00000    4.69395
 125.50000    4.68167    0.00000    4.68167
 126.00000    4.69578    0.00000    4.69578
 126.50000    4.68207    0.00000    4.68207
 127.00000    4.68775    0.00000    4.68775
 127.50000    4.68689    0.00000    4.68689
 128.00000    4.66820    0.00000    4.66820
 128.50000    4.67124    0.00000    4.67124
 129.00000    4.69515    0.00000    4.69515
 129.50000    4.71039    0.00000    4.71039
 130.00000    4.68333    0.00000    4.68333
 130.50000    4.69049    0.00000    4.69049
 131.00000    4.68749    0.00000    4.68749
 131.50000    4.67611    0.00000    4.67611
 132.00000    4.67738    0.00000    4.67738
 132.50000    4.68147    0.00000    4.68147
 133.00000    4.67835    0.00000    4.67835
 133.50000    4.65968    0.00000    4.65968
 134.00000    4.68818    0.00000    4.68818
 134.50000    4.71673    0.00000    4.71673
 135.00000    4.72220    0.00000    4.72220
 135.50000    4.69361    0.00000    4.69361
 136.00000    4.69345    0.00000    4.69345
 136.50000    4.68175    0.00000    4.68175
 137.00000    4.67370    0.00000    4.67370
 137.50000    4.68040    0.00000    4.68040
 138.00000    4.69660    0.00000    4.69660
 138.50000    4.68008    0.00000    4.68008
 139.00000    4.68764    0.00000    4.68764
 139.50000    4.70571    0.00000    4.70571
 140.00000    4.69705    0.00000    4.69705
 140.50000    4.67369    0.00000    4.67369
 141.00000    4.67077    0.00000    4.67077
 141.50000    4.67959    0.00000    4.67959
 142.00000    4.67528    0.00000    4.67528
 142.50000    4.67505    0.00000    4.67505
 143.00000    4.67815    0.00000    4.67815
 143.50000    4.70272    0.00000    4.70272
 144.00000    4.71113    0.00000    4.71113
 144.50000    4.70690    0.00000    4.70690
 145.00000    4.67989    0.00000    4.67989
 145.50000    4.67434    0.00000    4.67434
 146.00000    4.68810    0.00000    4.68810
 146.50000    4.70901    0.00000    4.70901
 147.00000    4.69193    0.00000    4.69193
 147.50000    4.68017    0.00000    4.68017
 148.00000    4.69656    0.00000    4.69656
 148.50000    4.72326    0.00000    4.72326
 149.00000    4.71792    0.00000    4.71792
 149.50000    4.69529    0.00000    4.69529
 150.00000    4.67988    0.00000    4.67988
