   0.00000    1.53177    0.00000    1.53177
   0.50000    2.23842    0.00000    2.23842
   1.00000    2.56425    0.00000    2.56425
   1.50000    2.83964    0.00000    2.83964
   2.00000    3.09307    0.00000    3.09307
   2.50000    3.32166    0.00000    3.32166
   3.00000    3.48561    0.00000    3.48561
   3.50000    3.58388    0.00000    3.58388
   4.00000    3.56283    0.00000    3.56283
   4.50000    3.52633    0.00000    3.52633
   5.00000    3.54737    0.00000    3.54737
   5.50000    3.57823    0.00000    3.57823
   6.00000    3.59024    0.00000    3.59024
   6.50000    3.59485    0.00000    3.59485
   7.00000    3.58210    0.00000    3.58210
   7.50000    3.59338    0.00000    3.59338
   8.00000    3.58712    0.00000    3.58712
   8.50000    3.59761    0.00000    3.59761
   9.00000    3.61332    0.00000    3.61332
   9.50000    3.62714    0.00000    3.62714
  10.00000    3.62247    0.00000    3.62247
  10.50000    3.62180    0.00000    3.62180
  11.00000    3.64403    0.00000    3.64403
  11.50000    3.65404    0.00000    3.65404
  12.00000    3.66911    0.00000    3.66911
  12.50000    3.65453    0.00000    3.65453
  13.00000    3.66270    0.00000    3.66270
  13.50000    3.67964    0.00000    3.67964
  14.00000    3.68153    0.00000    3.68153
  14.50000    3.65674    0.00000    3.65674
  15.00000    3.65529    0.00000    3.65529
  15.50000    3.67103    0.00000    3.67103
  16.00000    3.67605    0.00000    3.67605
  16.50000    3.70924    0.00000    3.70924
  17.00000    3.72092    0.00000    3.72092
  17.50000    3.72294    0.00000    3.72294
  18.00000    3.71093    0.00000    3.71093
  18.50000    3.71653    0.00000    3.71653
  19.00000    3.69966    0.00000    3.69966
  19.50000    3.69659    0.00000    3.69659
  20.00000    3.72301    0.00000    3.72301
  20.50000    3.73718    0.00000    3.73718
  21.00000    3.72560    0.00000    3.72560
  21.50000    3.73232    0.00000    3.73232
  22.00000    3.76014    0.00000    3.76014
  22.50000    3.77296    0.00000    3.77296
  23.00000    3.77017    0.00000    3.77017
  23.50000    3.78076    0.00000    3.78076
  24.00000    3.76338    0.00000    3.76338
  24.50000    3.75230    0.00000    3.75230
  25.00000    3.75141    0.00000    3.75141
  25.50000    3.77784    0.00000    3.77784
  26.00000    3.78885    0.00000    3.78885
  26.50000    3.81379    0.00000    3.81379
  27.00000    3.83962    0.00000    3.83962
  27.50000    3.88870    0.00000    3.88870
  28.00000    3.89016    0.00000    3.89016
  28.50000    3.87664    0.00000    3.87664
  29.00000    3.84246    0.00000    3.84246
  29.50000    3.84547    0.00000    3.84547
  30.00000    3.83862    0.00000    3.83862
  30.50000    3.84995    0.00000    3.84995
  31.00000    3.83947    0.00000    3.83947
  31.50000    3.85748    0.00000    3.85748
  32.00000    3.85048    0.00000    3.85048
  32.50000    3.83263    0.00000    3.83263
  33.00000    3.82367    0.00000    3.82367
  33.50000    3.84232    0.00000    3.84232
  34.00000    3.85723    0.00000    3.85723
  34.50000    3.84030    0.00000    3.84030
  35.00000    3.83299    0.00000    3.83299
  35.50000    3.81897    0.00000    3.81897
  36.00000    3.85554    0.00000    3.85554
  36.50000    3.86660    0.00000    3.86660
  37.00000    3.86070    0.00000    3.86070
  37.50000    3.82768    0.00000    3.82768
  38.00000    3.82717    0.00000    3.82717
  38.50000    3.84458    0.00000    3.84458
  39.00000    3.85749    0.00000    3.85749
  39.50000    3.87952    0.00000    3.87952
  40.00000    3.90768    0.00000    3.90768
  40.50000    3.95216    0.00000    3.95216
  41.00000    3.96475    0.00000    3.96475
  41.50000    3.96495    0.00000    3.96495
  42.00000    3.97406    0.00000    3.97406
  42.50000    3.97426    0.00000    3.97426
  43.00000    3.97975    0.00000    3.97975
  43.50000    4.02237    0.00000    4.02237
  44.00000    4.08254    0.00000    4.08254
  44.50000    4.10400    0.00000    4.10400
  45.00000    4.13320    0.00000    4.13320
  45.50000    4.16289    0.00000    4.16289
  46.00000    4.19847    0.00000    4.19847
  46.50000    4.22289    0.00000    4.22289
  47.00000    4.24525    0.00000    4.24525
  47.50000    4.26410    0.00000    4.26410
  48.00000    4.28041    0.00000    4.28041
  48.50000    4.30881    0.00000    4.30881
  49.00000    4.33470    0.00000    4.33470
  49.50000    4.36580    0.00000    4.36580
  50.00000    4.36513    0.00000    4.36513
  50.50000    4.34286    0.00000    4.34286
  51.00000    4.35656    0.00000    4.35656
  51.50000    4.39218    0.00000    4.39218
  52.00000    4.44236    0.00000    4.44236
  52.50000    4.44933    0.00000    4.44933
  53.00000    4.43315    0.00000    4.43315
  53.50000    4.41886    0.00000    4.41886
  54.00000    4.42940    0.00000    4.42940
  54.50000    4.44894    0.00000    4.44894
  55.00000    4.44252    0.00000    4.44252
  55.50000    4.42580    0.00000    4.42580
  56.00000    4.42059    0.00000    4.42059
  56.50000    4.44207    0.00000    4.44207
  57.00000    4.45536    0.00000    4.45536
  57.50000    4.46046    0.00000    4.46046
  58.00000    4.45678    0.00000    4.45678
  58.50000    4.46091    0.00000    4.46091
  59.00000    4.46025    0.00000    4.46025
  59.50000    4.45516    0.00000    4.45516
  60.00000    4.44917    0.00000    4.44917
  60.50000    4.46534    0.00000    4.46534
  61.00000    4.45873    0.00000    4.45873
  61.50000    4.46384    0.00000    4.46384
  62.00000    4.46909    0.00000    4.46909
  62.50000    4.47765    0.00000    4.47765
  63.00000    4.46622    0.00000    4.46622
  63.50000    4.47000    0.00000    4.47000
  64.00000    4.47627    0.00000    4.47627
  64.50000    4.46958    0.00000    4.46958
  65.00000    4.46062    0.00000    4.46062
  65.50000    4.45938    0.00000    4.45938
  66.00000    4.46020    0.00000    4.46020
  66.50000    4.46825    0.00000    4.46825
  67.00000    4.49060    0.00000    4.49060
  67.50000    4.50311    0.00000    4.50311
  68.00000    4.49994    0.00000    4.49994
  68.50000    4.48558    0.00000    4.48558
  69.00000    4.49400    0.00000    4.49400
  69.50000    4.49442    0.00000    4.49442
  70.00000    4.50081    0.00000    4.50081
  70.50000    4.49803    0.00000    4.49803
  71.00000    4.50928    0.00000    4.50928
  71.50000    4.50934    0.00000    4.50934
  72.00000    4.50468    0.00000    4.50468
  72.50000    4.49158    0.00000    4.49158
  73.00000    4.49560    0.00000    4.49560
  73.50000    4.50297    0.00000    4.50297
  74.00000    4.51440    0.00000    4.51440
  74.50000    4.50559    0.00000    4.50559
  75.00000    4.49756    0.00000    4.49756
  75.50000    4.50501    0.00000    4.50501
  76.00000    4.50299    0.00000    4.50299
  76.50000    4.50563    0.00000    4.50563
  77.00000    4.51159    0.00000    4.51159
  77.50000    4.51895    0.00000    4.51895
  78.00000    4.50861    0.00000    4.50861
  78.50000    4.50756    0.00000    4.50756
  79.00000    4.51959    0.00000    4.51959
  79.50000    4.53013    0.00000    4.53013
  80.00000    4.52234    0.00000    4.52234
  80.50000    4.52153    0.00000    4.52153
  81.00000    4.52871    0.00000    4.52871
  81.50000    4.53385    0.00000    4.53385
  82.00000    4.51553    0.00000    4.51553
  82.50000    4.52163    0.00000    4.52163
  83.00000    4.53905    0.00000    4.53905
  83.50000    4.52145    0.00000    4.52145
  84.00000    4.48689    0.00000    4.48689
  84.50000    4.47910    0.00000    4.47910
  85.00000    4.51872    0.00000    4.51872
  85.50000    4.53646    0.00000    4.53646
  86.00000    4.54250    0.00000    4.54250
  86.50000    4.52118    0.00000    4.52118
  87.00000    4.52131    0.00000    4.52131
  87.50000    4.51622    0.00000    4.51622
  88.00000    4.53227    0.00000    4.53227
  88.50000    4.53441    0.00000    4.53441
  89.00000    4.53099    0.00000    4.53099
  89.50000    4.50054    0.00000    4.50054
  90.00000    4.49207    0.00000    4.49207
  90.50000    4.50903    0.00000    4.50903
  91.00000    4.53010    0.00000    4.53010
  91.50000    4.52386    0.00000    4.52386
  92.00000    4.51787    0.00000    4.51787
  92.50000    4.49597    0.00000    4.49597
  93.00000    4.48182    0.00000    4.48182
  93.50000    4.48234    0.00000    4.48234
  94.00000    4.50702    0.00000    4.50702
  94.50000    4.50497    0.00000    4.50497
  95.00000    4.50911    0.00000    4.50911
  95.50000    4.50694    0.00000    4.50694
  96.00000    4.50547    0.00000    4.50547
  96.50000    4.49464    0.00000    4.49464
  97.00000    4.50881    0.00000    4.50881
  97.50000    4.50216    0.00000    4.50216
  98.00000    4.49627    0.00000    4.49627
  98.50000    4.49081    0.00000    4.49081
  99.00000    4.50606    0.00000    4.50606
  99.50000    4.48778    0.00000    4.48778
 100.00000    4.47433    0.00000    4.47433
 100.50000    4.48091    0.00000    4.48091
 101.00000    4.48992    0.00000    4.48992
 101.50000    4.48769    0.00000    4.48769
 102.00000    4.49404    0.00000    4.49404
 102.50000    4.50818    0.00000    4.50818
 103.00000    4.49662    0.00000    4.49662
 103.50000    4.47365    0.00000    4.47365
 104.00000    4.47043    0.00000    4.47043
 104.50000    4.47084    0.00000    4.47084
 105.00000    4.47221    0.00000    4.47221
 105.50000    4.46243    0.00000    4.46243
 106.00000    4.46468    0.00000    4.46468
 106.50000    4.46630    0.00000    4.46630
 107.00000    4.47462    0.00000    4.47462
 107.50000    4.48183    0.00000    4.48183
 108.00000    4.48659    0.00000    4.48659
 108.50000    4.47427    0.00000    4.47427
 109.00000    4.45235    0.00000    4.45235
 109.50000    4.44390    0.00000    4.44390
 110.00000    4.45577    0.00000    4.45577
 110.50000    4.46421    0.00000    4.46421
 111.00000    4.45177    0.00000    4.45177
 111.50000    4.44130    0.00000    4.44130
 112.00000    4.45559    0.00000    4.45559
 112.50000    4.45929    0.00000    4.45929
 113.00000    4.46674    0.00000    4.46674
 113.50000    4.44519    0.00000    4.44519
 114.00000    4.45206    0.00000    4.45206
 114.50000    4.43178    0.00000    4.43178
 115.00000    4.44368    0.00000    4.44368
 115.50000    4.45398    0.00000    4.45398
 116.00000    4.45952    0.00000    4.45952
 116.50000    4.43791    0.00000    4.43791
 117.00000    4.41495    0.00000    4.41495
 117.50000    4.43129    0.00000    4.43129
 118.00000    4.43957    0.00000    4.43957
 118.50000    4.46213    0.00000    4.46213
 119.00000    4.45626    0.00000    4.45626
 119.50000    4.44719    0.00000    4.44719
 120.00000    4.44124    0.00000    4.44124
 120.50000    4.43459    0.00000    4.43459
 121.00000    4.44179    0.00000    4.44179
 121.50000    4.45526    0.00000    4.45526
 122.00000    4.44140    0.00000    4.44140
 122.50000    4.41406    0.00000    4.41406
 123.00000    4.41837    0.00000    4.41837
 123.50000    4.42292    0.00000    4.42292
 124.00000    4.43209    0.00000    4.43209
 124.50000    4.42402    0.00000    4.42402
 125.00000    4.41194    0.00000    4.41194
 125.50000    4.40678    0.00000    4.40678
 126.00000    4.41589    0.00000    4.41589
 126.50000    4.41080    0.00000    4.41080
 127.00000    4.40895    0.00000    4.40895
 127.50000    4.43754    0.00000    4.43754
 128.00000    4.42472    0.00000    4.42472
 128.50000    4.39957    0.00000    4.39957
 129.00000    4.37868    0.00000    4.37868
 129.50000    4.37907    0.00000    4.37907
 130.00000    4.39103    0.00000    4.39103
 130.50000    4.40909    0.00000    4.40909
 131.00000    4.41121    0.00000    4.41121
 131.50000    4.41277    0.00000    4.41277
 132.00000    4.40905    0.00000    4.40905
 132.50000    4.40554    0.00000    4.40554
 133.00000    4.38856    0.00000    4.38856
 133.50000    4.38868    0.00000    4.38868
 134.00000    4.40020    0.00000    4.40020
 134.50000    4.40952    0.00000    4.40952
 135.00000    4.41190    0.00000    4.41190
 135.50000    4.41358    0.00000    4.41358
 136.00000    4.41866    0.00000    4.41866
 136.50000    4.41783    0.00000    4.41783
 137.00000    4.40508    0.00000    4.40508
 137.50000    4.39980    0.00000    4.39980
 138.00000    4.38870    0.00000    4.38870
 138.50000    4.40043    0.00000    4.40043
 139.00000    4.39605    0.00000    4.39605
 139.50000    4.38790    0.00000    4.38790
 140.00000    4.36957    0.00000    4.36957
 140.50000    4.36553    0.00000    4.36553
 141.00000    4.37855    0.00000    4.37855
 141.50000    4.38234    0.00000    4.38234
 142.00000    4.37982    0.00000    4.37982
 142.50000    4.36154    0.00000    4.36154
 143.00000    4.37151    0.00000    4.37151
 143.50000    4.37577    0.00000    4.37577
 144.00000    4.36587    0.00000    4.36587
 144.50000    4.35102    0.00000    4.35102
 145.00000    4.35913    0.00000    4.35913
 145.50000    4.36215    0.00000    4.36215
 146.00000    4.37121    0.00000    4.37121
 146.50000    4.36275    0.00000    4.36275
 147.00000    4.35649    0.00000    4.35649
 147.50000    4.33556    0.00000    4.33556
 148.00000    4.34412    0.00000    4.34412
 148.50000    4.34615    0.00000    4.34615
 149.00000    4.35026    0.00000    4.35026
 149.50000    4.34580    0.00000    4.34580
 150.00000    4.36578    0.00000    4.36578
