   0.00000    1.47554    0.00000    1.47554
   0.50000    2.15751    0.00000    2.15751
   1.00000    2.66567    0.00000    2.66567
   1.50000    2.96518    0.00000    2.96518
   2.00000    3.21497    0.00000    3.21497
   2.50000    3.33055    0.00000    3.33055
   3.00000    3.45132    0.00000    3.45132
   3.50000    3.47742    0.00000    3.47742
   4.00000    3.49114    0.00000    3.49114
   4.50000    3.48443    0.00000    3.48443
   5.00000    3.49203    0.00000    3.49203
   5.50000    3.50768    0.00000    3.50768
   6.00000    3.51259    0.00000    3.51259
   6.50000    3.52160    0.00000    3.52160
   7.00000    3.52451    0.00000    3.52451
   7.50000    3.53526    0.00000    3.53526
   8.00000    3.54040    0.00000    3.54040
   8.50000    3.53616    0.00000    3.53616
   9.00000    3.53839    0.00000    3.53839
   9.50000    3.54955    0.00000    3.54955
  10.00000    3.56401    0.00000    3.56401
  10.50000    3.55693    0.00000    3.55693
  11.00000    3.56528    0.00000    3.56528
  11.50000    3.58110    0.00000    3.58110
  12.00000    3.59402    0.00000    3.59402
  12.50000    3.59131    0.00000    3.59131
  13.00000    3.59781    0.00000    3.59781
  13.50000    3.60469    0.00000    3.60469
  14.00000    3.60393    0.00000    3.60393
  14.50000    3.60411    0.00000    3.60411
  15.00000    3.60797    0.00000    3.60797
  15.50000    3.61091    0.00000    3.61091
  16.00000    3.61669    0.00000    3.61669
  16.50000    3.62042    0.00000    3.62042
  17.00000    3.62785    0.00000    3.62785
  17.50000    3.62830    0.00000    3.62830
  18.00000    3.62991    0.00000    3.62991
  18.50000    3.63174    0.00000    3.63174
  19.00000    3.63492    0.00000    3.63492
  19.50000    3.63477    0.00000    3.63477
  20.00000    3.64101    0.00000    3.64101
  20.50000    3.64891    0.00000    3.64891
  21.00000    3.64825    0.00000    3.64825
  21.50000    3.64996    0.00000    3.64996
  22.00000    3.65914    0.00000    3.65914
  22.50000    3.66021    0.00000    3.66021
  23.00000    3.65906    0.00000    3.65906
  23.50000    3.66452    0.00000    3.66452
  24.00000    3.65952    0.00000    3.65952
  24.50000    3.66093    0.00000    3.66093
  25.00000    3.65610    0.00000    3.65610
  25.50000    3.65701    0.00000    3.65701
  26.00000    3.66382    0.00000    3.66382
  26.50000    3.68919    0.00000    3.68919
  27.00000    3.70753    0.00000    3.70753
  27.50000    3.71772    0.00000    3.71772
  28.00000    3.73865    0.00000    3.73865
  28.50000    3.76297    0.00000    3.76297
  29.00000    3.77546    0.00000    3.77546
  29.50000    3.77062    0.00000    3.77062
  30.00000    3.77281    0.00000    3.77281
  30.50000    3.78427    0.00000    3.78427
  31.00000    3.80107    0.00000    3.80107
  31.50000    3.81175    0.00000    3.81175
  32.00000    3.82742    0.00000    3.82742
  32.50000    3.82478    0.00000    3.82478
  33.00000    3.81637    0.00000    3.81637
  33.50000    3.80811    0.00000    3.80811
  34.00000    3.81572    0.00000    3.81572
  34.50000    3.81815    0.00000    3.81815
  35.00000    3.81158    0.00000    3.81158
  35.50000    3.82697    0.00000    3.82697
  36.00000    3.84756    0.00000    3.84756
  36.50000    3.86026    0.00000    3.86026
  37.00000    3.86062    0.00000    3.86062
  37.50000    3.87267    0.00000    3.87267
  38.00000    3.87704    0.00000    3.87704
  38.50000    3.89464    0.00000    3.89464
  39.00000    3.92566    0.00000    3.92566
  39.50000    3.95004    0.00000    3.95004
  40.00000    3.95367    0.00000    3.95367
  40.50000    3.97605    0.00000    3.97605
  41.00000    3.99392    0.00000    3.99392
  41.50000    4.01010    0.00000    4.01010
  42.00000    4.01775    0.00000    4.01775
  42.50000    4.03947    0.00000    4.03947
  43.00000    4.04850    0.00000    4.04850
  43.50000    4.06678    0.00000    4.06678
  44.00000    4.06897    0.00000    4.06897
  44.50000    4.07631    0.00000    4.07631
  45.00000    4.08648    0.00000    4.08648
  45.50000    4.09895    0.00000    4.09895
  46.00000    4.10258    0.00000    4.10258
  46.50000    4.11785    0.00000    4.11785
  47.00000    4.14871    0.00000    4.14871
  47.50000    4.17825    0.00000    4.17825
  48.00000    4.20865    0.00000    4.20865
  48.50000    4.23777    0.00000    4.23777
  49.00000    4.26595    0.00000    4.26595
  49.50000    4.29471    0.00000    4.29471
  50.00000    4.32003    0.00000    4.32003
  50.50000    4.34133    0.00000    4.34133
  51.00000    4.35834    0.00000    4.35834
  51.50000    4.37856    0.00000    4.37856
  52.00000    4.40142    0.00000    4.40142
  52.50000    4.41474    0.00000    4.41474
  53.00000    4.41979    0.00000    4.41979
  53.50000    4.42332    0.00000    4.42332
  54.00000    4.42969    0.00000    4.42969
  54.50000    4.42850    0.00000    4.42850
  55.00000    4.42770    0.00000    4.42770
  55.50000    4.43164    0.00000    4.43164
  56.00000    4.43959    0.00000    4.43959
  56.50000    4.45092    0.00000    4.45092
  57.00000    4.45606    0.00000    4.45606
  57.50000    4.46479    0.00000    4.46479
  58.00000    4.46617    0.00000    4.46617
  58.50000    4.47565    0.00000    4.47565
  59.00000    4.47686    0.00000    4.47686
  59.50000    4.48515    0.00000    4.48515
  60.00000    4.48879    0.00000    4.48879
  60.50000    4.49685    0.00000    4.49685
  61.00000    4.49387    0.00000    4.49387
  61.50000    4.49658    0.00000    4.49658
  62.00000    4.49710    0.00000    4.49710
  62.50000    4.50455    0.00000    4.50455
  63.00000    4.50916    0.00000    4.50916
  63.50000    4.51594    0.00000    4.51594
  64.00000    4.51780    0.00000    4.51780
  64.50000    4.52008    0.00000    4.52008
  65.00000    4.51527    0.00000    4.51527
  65.50000    4.50898    0.00000    4.50898
  66.00000    4.52395    0.00000    4.52395
  66.50000    4.53763    0.00000    4.53763
  67.00000    4.53929    0.00000    4.53929
  67.50000    4.53395    0.00000    4.53395
  68.00000    4.53776    0.00000    4.53776
  68.50000    4.53619    0.00000    4.53619
  69.00000    4.53007    0.00000    4.53007
  69.50000    4.52728    0.00000    4.52728
  70.00000    4.52662    0.00000    4.52662
  70.50000    4.52878    0.00000    4.52878
  71.00000    4.53093    0.00000    4.53093
  71.50000    4.53312    0.00000    4.53312
  72.00000    4.54610    0.00000    4.54610
  72.50000    4.55369    0.00000    4.55369
  73.00000    4.54688    0.00000    4.54688
  73.50000    4.53688    0.00000    4.53688
  74.00000    4.54271    0.00000    4.54271
  74.50000    4.55413    0.00000    4.55413
  75.00000    4.55638    0.00000    4.55638
  75.50000    4.54908    0.00000    4.54908
  76.00000    4.54307    0.00000    4.54307
  76.50000    4.54275    0.00000    4.54275
  77.00000    4.54225    0.00000    4.54225
  77.50000    4.55167    0.00000    4.55167
  78.00000    4.55608    0.00000    4.55608
  78.50000    4.56166    0.00000    4.56166
  79.00000    4.55481    0.00000    4.55481
  79.50000    4.55433    0.00000    4.55433
  80.00000    4.54497    0.00000    4.54497
  80.50000    4.53983    0.00000    4.53983
  81.00000    4.53812    0.00000    4.53812
  81.50000    4.53875    0.00000    4.53875
  82.00000    4.54453    0.00000    4.54453
  82.50000    4.54344    0.00000    4.54344
  83.00000    4.54029    0.00000    4.54029
  83.50000    4.53061    0.00000    4.53061
  84.00000    4.53262    0.00000    4.53262
  84.50000    4.53798    0.00000    4.53798
  85.00000    4.53463    0.00000    4.53463
  85.50000    4.52602    0.00000    4.52602
  86.00000    4.52659    0.00000    4.52659
  86.50000    4.53422    0.00000    4.53422
  87.00000    4.53380    0.00000    4.53380
  87.50000    4.53618    0.00000    4.53618
  88.00000    4.53996    0.00000    4.53996
  88.50000    4.53406    0.00000    4.53406
  89.00000    4.52953    0.00000    4.52953
  89.50000    4.52557    0.00000    4.52557
  90.00000    4.52413    0.00000    4.52413
  90.50000    4.52212    0.00000    4.52212
  91.00000    4.52789    0.00000    4.52789
  91.50000    4.52191    0.00000    4.52191
  92.00000    4.51329    0.00000    4.51329
  92.50000    4.51058    0.00000    4.51058
  93.00000    4.51356    0.00000    4.51356
  93.50000    4.50731    0.00000    4.50731
  94.00000    4.50984    0.00000    4.50984
  94.50000    4.51025    0.00000    4.51025
  95.00000    4.51453    0.00000    4.51453
  95.50000    4.50813    0.00000    4.50813
  96.00000    4.50798    0.00000    4.50798
  96.50000    4.49297    0.00000    4.49297
  97.00000    4.50053    0.00000    4.50053
  97.50000    4.51142    0.00000    4.51142
  98.00000    4.51480    0.00000    4.51480
  98.50000    4.49814    0.00000    4.49814
  99.00000    4.49080    0.00000    4.49080
  99.50000    4.48990    0.00000    4.48990
 100.00000    4.48478    0.00000    4.48478
 100.50000    4.48208    0.00000    4.48208
 101.00000    4.47923    0.00000    4.47923
 101.50000    4.48262    0.00000    4.48262
 102.00000    4.48880    0.00000    4.48880
 102.50000    4.48926    0.00000    4.48926
 103.00000    4.48579    0.00000    4.48579
 103.50000    4.47652    0.00000    4.47652
 104.00000    4.47376    0.00000    4.47376
 104.50000    4.46926    0.00000    4.46926
 105.00000    4.47252    0.00000    4.47252
 105.50000    4.46785    0.00000    4.46785
 106.00000    4.46573    0.00000    4.46573
 106.50000    4.46839    0.00000    4.46839
 107.00000    4.46794    0.00000    4.46794
 107.50000    4.46263    0.00000    4.46263
 108.00000    4.46051    0.00000    4.46051
 108.50000    4.45925    0.00000    4.45925
 109.00000    4.45120    0.00000    4.45120
 109.50000    4.44311    0.00000    4.44311
 110.00000    4.44016    0.00000    4.44016
 110.50000    4.44070    0.00000    4.44070
 111.00000    4.44211    0.00000    4.44211
 111.50000    4.44363    0.00000    4.44363
 112.00000    4.44022    0.00000    4.44022
 112.50000    4.44234    0.00000    4.44234
 113.00000    4.44508    0.00000    4.44508
 113.50000    4.44040    0.00000    4.44040
 114.00000    4.43301    0.00000    4.43301
 114.50000    4.43651    0.00000    4.43651
 115.00000    4.44267    0.00000    4.44267
 115.50000    4.43575    0.00000    4.43575
 116.00000    4.42946    0.00000    4.42946
 116.50000    4.42754    0.00000    4.42754
 117.00000    4.42077    0.00000    4.42077
 117.50000    4.41635    0.00000    4.41635
 118.00000    4.41404    0.00000    4.41404
 118.50000    4.42017    0.00000    4.42017
 119.00000    4.41982    0.00000    4.41982
 119.50000    4.41989    0.00000    4.41989
 120.00000    4.41310    0.00000    4.41310
 120.50000    4.41473    0.00000    4.41473
 121.00000    4.40969    0.00000    4.40969
 121.50000    4.40812    0.00000    4.40812
 122.00000    4.40589    0.00000    4.40589
 122.50000    4.41130    0.00000    4.41130
 123.00000    4.40789    0.00000    4.40789
 123.50000    4.40479    0.00000    4.40479
 124.00000    4.40690    0.00000    4.40690
 124.50000    4.41159    0.00000    4.41159
 125.00000    4.41022    0.00000    4.41022
 125.50000    4.39772    0.00000    4.39772
 126.00000    4.39180    0.00000    4.39180
 126.50000    4.39015    0.00000    4.39015
 127.00000    4.39750    0.00000    4.39750
 127.50000    4.39142    0.00000    4.39142
 128.00000    4.38494    0.00000    4.38494
 128.50000    4.37910    0.00000    4.37910
 129.00000    4.39217    0.00000    4.39217
 129.50000    4.39937    0.00000    4.39937
 130.00000    4.39488    0.00000    4.39488
 130.50000    4.38763    0.00000    4.38763
 131.00000    4.38889    0.00000    4.38889
 131.50000    4.39026    0.00000    4.39026
 132.00000    4.38252    0.00000    4.38252
 132.50000    4.37911    0.00000    4.37911
 133.00000    4.38196    0.00000    4.38196
 133.50000    4.38390    0.00000    4.38390
 134.00000    4.38865    0.00000    4.38865
 134.50000    4.39065    0.00000    4.39065
 135.00000    4.38187    0.00000    4.38187
 135.50000    4.36421    0.00000    4.36421
 136.00000    4.35660    0.00000    4.35660
 136.50000    4.36877    0.00000    4.36877
 137.00000    4.37722    0.00000    4.37722
 137.50000    4.37760    0.00000    4.37760
 138.00000    4.37246    0.00000    4.37246
 138.50000    4.37838    0.00000    4.37838
 139.00000    4.37533    0.00000    4.37533
 139.50000    4.37659    0.00000    4.37659
 140.00000    4.37344    0.00000    4.37344
 140.50000    4.36707    0.00000    4.36707
 141.00000    4.36158    0.00000    4.36158
 141.50000    4.36561    0.00000    4.36561
 142.00000    4.36659    0.00000    4.36659
 142.50000    4.36393    0.00000    4.36393
 143.00000    4.36960    0.00000    4.36960
 143.50000    4.37612    0.00000    4.37612
 144.00000    4.37123    0.00000    4.37123
 144.50000    4.35853    0.00000    4.35853
 145.00000    4.35573    0.00000    4.35573
 145.50000    4.35605    0.00000    4.35605
 146.00000    4.36565    0.00000    4.36565
 146.50000    4.36417    0.00000    4.36417
 147.00000    4.36399    0.00000    4.36399
 147.50000    4.35233    0.00000    4.35233
 148.00000    4.35795    0.00000    4.35795
 148.50000    4.35486    0.00000    4.35486
 149.00000    4.35899    0.00000    4.35899
 149.50000    4.35347    0.00000    4.35347
 150.00000    4.33771    0.00000    4.33771
