   0.00000    1.17470    0.00000    1.17470
   0.50000    1.33076    0.00000    1.33076
   1.00000    1.71314    0.00000    1.71314
   1.50000    2.06648    0.00000    2.06648
   2.00000    2.34745    0.00000    2.34745
   2.50000    2.63915    0.00000    2.63915
   3.00000    2.94383    0.00000    2.94383
   3.50000    3.12321    0.00000    3.12321
   4.00000    3.18733    0.00000    3.18733
   4.50000    3.25052    0.00000    3.25052
   5.00000    3.26850    0.00000    3.26850
   5.50000    3.26814    0.00000    3.26814
   6.00000    3.27775    0.00000    3.27775
   6.50000    3.30788    0.00000    3.30788
   7.00000    3.32214    0.00000    3.32214
   7.50000    3.33684    0.00000    3.33684
   8.00000    3.36666    0.00000    3.36666
   8.50000    3.40122    0.00000    3.40122
   9.00000    3.41919    0.00000    3.41919
   9.50000    3.42110    0.00000    3.42110
  10.00000    3.42626    0.00000    3.42626
  10.50000    3.43962    0.00000    3.43962
  11.00000    3.45169    0.00000    3.45169
  11.50000    3.47345    0.00000    3.47345
  12.00000    3.48623    0.00000    3.48623
  12.50000    3.49527    0.00000    3.49527
  13.00000    3.50055    0.00000    3.50055
  13.50000    3.52692    0.00000    3.52692
  14.00000    3.56108    0.00000    3.56108
  14.50000    3.57280    0.00000    3.57280
  15.00000    3.57308    0.00000    3.57308
  15.50000    3.60431    0.00000    3.60431
  16.00000    3.63496    0.00000    3.63496
  16.50000    3.63691    0.00000    3.63691
  17.00000    3.63440    0.00000    3.63440
  17.50000    3.65452    0.00000    3.65452
  18.00000    3.66943    0.00000    3.66943
  18.50000    3.68676    0.00000    3.68676
  19.00000    3.71817    0.00000    3.71817
  19.50000    3.73029    0.00000    3.73029
  20.00000    3.73397    0.00000    3.73397
  20.50000    3.74023    0.00000    3.74023
  21.00000    3.75901    0.00000    3.75901
  21.50000    3.77403    0.00000    3.77403
  22.00000    3.80435    0.00000    3.80435
  22.50000    3.81888    0.00000    3.81888
  23.00000    3.82235    0.00000    3.82235
  23.50000    3.83224    0.00000    3.83224
  24.00000    3.84074    0.00000    3.84074
  24.50000    3.82664    0.00000    3.82664
  25.00000    3.81837    0.00000    3.81837
  25.50000    3.84293    0.00000    3.84293
  26.00000    3.86712    0.00000    3.86712
  26.50000    3.88516    0.00000    3.88516
  27.00000    3.89288    0.00000    3.89288
  27.50000    3.89447    0.00000    3.89447
  28.00000    3.89294    0.00000    3.89294
  28.50000    3.89231    0.00000    3.89231
  29.00000    3.88535    0.00000    3.88535
  29.50000    3.88604    0.00000    3.88604
  30.00000    3.89777    0.00000    3.89777
  30.50000    3.87934    0.00000    3.87934
  31.00000    3.86923    0.00000    3.86923
  31.50000    3.86635    0.00000    3.86635
  32.00000    3.88425    0.00000    3.88425
  32.50000    3.86434    0.00000    3.86434
  33.00000    3.85695    0.00000    3.85695
  33.50000    3.84558    0.00000    3.84558
  34.00000    3.85662    0.00000    3.85662
  34.50000    3.85422    0.00000    3.85422
  35.00000    3.85203    0.00000    3.85203
  35.50000    3.84437    0.00000    3.84437
  36.00000    3.81643    0.00000    3.81643
  36.50000    3.78413    0.00000    3.78413
  37.00000    3.76287    0.00000    3.76287
  37.50000    3.77091    0.00000    3.77091
  38.00000    3.76252    0.00000    3.76252
  38.50000    3.76399    0.00000    3.76399
  39.00000    3.76616    0.00000    3.76616
  39.50000    3.78228    0.00000    3.78228
  40.00000    3.79935    0.00000    3.79935
  40.50000    3.81569    0.00000    3.81569
  41.00000    3.81630    0.00000    3.81630
  41.50000    3.81394    0.00000    3.81394
  42.00000    3.81176    0.00000    3.81176
  42.50000    3.79710    0.00000    3.79710
  43.00000    3.78038    0.00000    3.78038
  43.50000    3.78177    0.00000    3.78177
  44.00000    3.78553    0.00000    3.78553
  44.50000    3.80167    0.00000    3.80167
  45.00000    3.80959    0.00000    3.80959
  45.50000    3.81131    0.00000    3.81131
  46.00000    3.80420    0.00000    3.80420
  46.50000    3.82748    0.00000    3.82748
  47.00000    3.83537    0.00000    3.83537
  47.50000    3.85416    0.00000    3.85416
  48.00000    3.88403    0.00000    3.88403
  48.50000    3.94677    0.00000    3.94677
  49.00000    3.97325    0.00000    3.97325
  49.50000    4.02133    0.00000    4.02133
  50.00000    4.06138    0.00000    4.06138
  50.50000    4.12213    0.00000    4.12213
  51.00000    4.14814    0.00000    4.14814
  51.50000    4.19305    0.00000    4.19305
  52.00000    4.23074    0.00000    4.23074
  52.50000    4.26905    0.00000    4.26905
  53.00000    4.27697    0.00000    4.27697
  53.50000    4.28285    0.00000    4.28285
  54.00000    4.30119    0.00000    4.30119
  54.50000    4.33297    0.00000    4.33297
  55.00000    4.35541    0.00000    4.35541
  55.50000    4.36636    0.00000    4.36636
  56.00000    4.37163    0.00000    4.37163
  56.50000    4.37115    0.00000    4.37115
  57.00000    4.37180    0.00000    4.37180
  57.50000    4.38711    0.00000    4.38711
  58.00000    4.40700    0.00000    4.40700
  58.50000    4.42365    0.00000    4.42365
  59.00000    4.43270    0.00000    4.43270
  59.50000    4.43505    0.00000    4.43505
  60.00000    4.43871    0.00000    4.43871
  60.50000    4.45594    0.00000    4.45594
  61.00000    4.46427    0.00000    4.46427
  61.50000    4.46523    0.00000    4.46523
  62.00000    4.47152    0.00000    4.47152
  62.50000    4.49403    0.00000    4.49403
  63.00000    4.49687    0.00000    4.49687
  63.50000    4.50626    0.00000    4.50626
  64.00000    4.50843    0.00000    4.50843
  64.50000    4.51760    0.00000    4.51760
  65.00000    4.51361    0.00000    4.51361
  65.50000    4.52019    0.00000    4.52019
  66.00000    4.52080    0.00000    4.52080
  66.50000    4.52627    0.00000    4.52627
  67.00000    4.53095    0.00000    4.53095
  67.50000    4.53053    0.00000    4.53053
  68.00000    4.52229    0.00000    4.52229
  68.50000    4.52270    0.00000    4.52270
  69.00000    4.54757    0.00000    4.54757
  69.50000    4.56066    0.00000    4.56066
  70.00000    4.57075    0.00000    4.57075
  70.50000    4.57397    0.00000    4.57397
  71.00000    4.57070    0.00000    4.57070
  71.50000    4.56345    0.00000    4.56345
  72.00000    4.56039    0.00000    4.56039
  72.50000    4.56850    0.00000    4.56850
  73.00000    4.56737    0.00000    4.56737
  73.50000    4.58663    0.00000    4.58663
  74.00000    4.58156    0.00000    4.58156
  74.50000    4.59124    0.00000    4.59124
  75.00000    4.58396    0.00000    4.58396
  75.50000    4.59897    0.00000    4.59897
  76.00000    4.60334    0.00000    4.60334
  76.50000    4.61302    0.00000    4.61302
  77.00000    4.60662    0.00000    4.60662
  77.50000    4.60632    0.00000    4.60632
  78.00000    4.58281    0.00000    4.58281
  78.50000    4.57677    0.00000    4.57677
  79.00000    4.58794    0.00000    4.58794
  79.50000    4.61703    0.00000    4.61703
  80.00000    4.61627    0.00000    4.61627
  80.50000    4.63409    0.00000    4.63409
  81.00000    4.62793    0.00000    4.62793
  81.50000    4.62455    0.00000    4.62455
  82.00000    4.62257    0.00000    4.62257
  82.50000    4.62318    0.00000    4.62318
  83.00000    4.61956    0.00000    4.61956
  83.50000    4.62344    0.00000    4.62344
  84.00000    4.63464    0.00000    4.63464
  84.50000    4.62265    0.00000    4.62265
  85.00000    4.61481    0.00000    4.61481
  85.50000    4.60617    0.00000    4.60617
  86.00000    4.62010    0.00000    4.62010
  86.50000    4.62524    0.00000    4.62524
  87.00000    4.61800    0.00000    4.61800
  87.50000    4.61023    0.00000    4.61023
  88.00000    4.61845    0.00000    4.61845
  88.50000    4.62887    0.00000    4.62887
  89.00000    4.62412    0.00000    4.62412
  89.50000    4.61713    0.00000    4.61713
  90.00000    4.60609    0.00000    4.60609
  90.50000    4.60051    0.00000    4.60051
  91.00000    4.61060    0.00000    4.61060
  91.50000    4.61864    0.00000    4.61864
  92.00000    4.62909    0.00000    4.62909
  92.50000    4.61729    0.00000    4.61729
  93.00000    4.61610    0.00000    4.61610
  93.50000    4.62126    0.00000    4.62126
  94.00000    4.62988    0.00000    4.62988
  94.50000    4.61567    0.00000    4.61567
  95.00000    4.60626    0.00000    4.60626
  95.50000    4.61723    0.00000    4.61723
  96.00000    4.62222    0.00000    4.62222
  96.50000    4.60661    0.00000    4.60661
  97.00000    4.59674    0.00000    4.59674
  97.50000    4.58953    0.00000    4.58953
  98.00000    4.58972    0.00000    4.58972
  98.50000    4.59443    0.00000    4.59443
  99.00000    4.60432    0.00000    4.60432
  99.50000    4.60218    0.00000    4.60218
 100.00000    4.59557    0.00000    4.59557
 100.50000    4.59533    0.00000    4.59533
 101.00000    4.59968    0.00000    4.59968
 101.50000    4.59292    0.00000    4.59292
 102.00000    4.58613    0.00000    4.58613
 102.50000    4.58734    0.00000    4.58734
 103.00000    4.59738    0.00000    4.59738
 103.50000    4.60318    0.00000    4.60318
 104.00000    4.59907    0.00000    4.59907
 104.50000    4.59214    0.00000    4.59214
 105.00000    4.59561    0.00000    4.59561
 105.50000    4.59815    0.00000    4.59815
 106.00000    4.58574    0.00000    4.58574
 106.50000    4.57372    0.00000    4.57372
 107.00000    4.57609    0.00000    4.57609
 107.50000    4.58018    0.00000    4.58018
 108.00000    4.57132    0.00000    4.57132
 108.50000    4.57196    0.00000    4.57196
 109.00000    4.57543    0.00000    4.57543
 109.50000    4.59234    0.00000    4.59234
 110.00000    4.58697    0.00000    4.58697
 110.50000    4.57665    0.00000    4.57665
 111.00000    4.57733    0.00000    4.57733
 111.50000    4.57715    0.00000    4.57715
 112.00000    4.56873    0.00000    4.56873
 112.50000    4.55824    0.00000    4.55824
 113.00000    4.57472    0.00000    4.57472
 113.50000    4.58632    0.00000    4.58632
 114.00000    4.57622    0.00000    4.57622
 114.50000    4.55855    0.00000    4.55855
 115.00000    4.54961    0.00000    4.54961
 115.50000    4.55393    0.00000    4.55393
 116.00000    4.54206    0.00000    4.54206
 116.50000    4.54890    0.00000    4.54890
 117.00000    4.56454    0.00000    4.56454
 117.50000    4.55839    0.00000    4.55839
 118.00000    4.54160    0.00000    4.54160
 118.50000    4.54542    0.00000    4.54542
 119.00000    4.55903    0.00000    4.55903
 119.50000    4.54364    0.00000    4.54364
 120.00000    4.53641    0.00000    4.53641
 120.50000    4.53937    0.00000    4.53937
 121.00000    4.54717    0.00000    4.54717
 121.50000    4.54378    0.00000    4.54378
 122.00000    4.54021    0.00000    4.54021
 122.50000    4.53573    0.00000    4.53573
 123.00000    4.53214    0.00000    4.53214
 123.50000    4.52372    0.00000    4.52372
 124.00000    4.51134    0.00000    4.51134
 124.50000    4.51501    0.00000    4.51501
 125.00000    4.51205    0.00000    4.51205
 125.50000    4.51467    0.00000    4.51467
 126.00000    4.52237    0.00000    4.52237
 126.50000    4.52317    0.00000    4.52317
 127.00000    4.51644    0.00000    4.51644
 127.50000    4.50999    0.00000    4.50999
 128.00000    4.51024    0.00000    4.51024
 128.50000    4.50781    0.00000    4.50781
 129.00000    4.52028    0.00000    4.52028
 129.50000    4.53136    0.00000    4.53136
 130.00000    4.53530    0.00000    4.53530
 130.50000    4.51730    0.00000    4.51730
 131.00000    4.49984    0.00000    4.49984
 131.50000    4.48827    0.00000    4.48827
 132.00000    4.49179    0.00000    4.49179
 132.50000    4.48877    0.00000    4.48877
 133.00000    4.48516    0.00000    4.48516
 133.50000    4.48412    0.00000    4.48412
 134.00000    4.49224    0.00000    4.49224
 134.50000    4.49006    0.00000    4.49006
 135.00000    4.48715    0.00000    4.48715
 135.50000    4.47275    0.00000    4.47275
 136.00000    4.48070    0.00000    4.48070
 136.50000    4.48807    0.00000    4.48807
 137.00000    4.49835    0.00000    4.49835
 137.50000    4.47767    0.00000    4.47767
 138.00000    4.46480    0.00000    4.46480
 138.50000    4.47217    0.00000    4.47217
 139.00000    4.49833    0.00000    4.49833
 139.50000    4.49038    0.00000    4.49038
 140.00000    4.46983    0.00000    4.46983
 140.50000    4.46987    0.00000    4.46987
 141.00000    4.49184    0.00000    4.49184
 141.50000    4.49478    0.00000    4.49478
 142.00000    4.48826    0.00000    4.48826
 142.50000    4.48432    0.00000    4.48432
 143.00000    4.47666    0.00000    4.47666
 143.50000    4.48167    0.00000    4.48167
 144.00000    4.48340    0.00000    4.48340
 144.50000    4.48231    0.00000    4.48231
 145.00000    4.48416    0.00000    4.48416
 145.50000    4.48661    0.00000    4.48661
 146.00000    4.47416    0.00000    4.47416
 146.50000    4.46573    0.00000    4.46573
 147.00000    4.46666    0.00000    4.46666
 147.50000    4.46836    0.00000    4.46836
 148.00000    4.48138    0.00000    4.48138
 148.50000    4.48554    0.00000    4.48554
 149.00000    4.46808    0.00000    4.46808
 149.50000    4.44407    0.00000    4.44407
 150.00000    4.46884    0.00000    4.46884
