   0.00000    1.28177    0.00000    1.28177
   0.50000    1.33377    0.00000    1.33377
   1.00000    1.92769    0.00000    1.92769
   1.50000    2.61820    0.00000    2.61820
   2.00000    3.18668    0.00000    3.18668
   2.50000    3.33500    0.00000    3.33500
   3.00000    3.37300    0.00000    3.37300
   3.50000    3.37831    0.00000    3.37831
   4.00000    3.48403    0.00000    3.48403
   4.50000    3.54721    0.00000    3.54721
   5.00000    3.59857    0.00000    3.59857
   5.50000    3.60340    0.00000    3.60340
   6.00000    3.61863    0.00000    3.61863
   6.50000    3.61956    0.00000    3.61956
   7.00000    3.62684    0.00000    3.62684
   7.50000    3.63344    0.00000    3.63344
   8.00000    3.64696    0.00000    3.64696
   8.50000    3.64999    0.00000    3.64999
   9.00000    3.65471    0.00000    3.65471
   9.50000    3.66244    0.00000    3.66244
  10.00000    3.67897    0.00000    3.67897
  10.50000    3.67928    0.00000    3.67928
  11.00000    3.69370    0.00000    3.69370
  11.50000    3.68808    0.00000    3.68808
  12.00000    3.70490    0.00000    3.70490
  12.50000    3.71186    0.00000    3.71186
  13.00000    3.71931    0.00000    3.71931
  13.50000    3.70925    0.00000    3.70925
  14.00000    3.72256    0.00000    3.72256
  14.50000    3.73860    0.00000    3.73860
  15.00000    3.74542    0.00000    3.74542
  15.50000    3.73117    0.00000    3.73117
  16.00000    3.72184    0.00000    3.72184
  16.50000    3.73658    0.00000    3.73658
  17.00000    3.74088    0.00000    3.74088
  17.50000    3.73803    0.00000    3.73803
  18.00000    3.72618    0.00000    3.72618
  18.50000    3.74177    0.00000    3.74177
  19.00000    3.74387    0.00000    3.74387
  19.50000    3.74340    0.00000    3.74340
  20.00000    3.72603    0.00000    3.72603
  20.50000    3.73911    0.00000    3.73911
  21.00000    3.74831    0.00000    3.74831
  21.50000    3.75791    0.00000    3.75791
  22.00000    3.75033    0.00000    3.75033
  22.50000    3.76429    0.00000    3.76429
  23.00000    3.75776    0.00000    3.75776
  23.50000    3.76520    0.00000    3.76520
  24.00000    3.75417    0.00000    3.75417
  24.50000    3.74437    0.00000    3.74437
  25.00000    3.72438    0.00000    3.72438
  25.50000    3.71745    0.00000    3.71745
  26.00000    3.70008    0.00000    3.70008
  26.50000    3.70013    0.00000    3.70013
  27.00000    3.70371    0.00000    3.70371
  27.50000    3.71614    0.00000    3.71614
  28.00000    3.73165    0.00000    3.73165
  28.50000    3.76999    0.00000    3.76999
  29.00000    3.78500    0.00000    3.78500
  29.50000    3.78220    0.00000    3.78220
  30.00000    3.78513    0.00000    3.78513
  30.50000    3.82588    0.00000    3.82588
  31.00000    3.81879    0.00000    3.81879
  31.50000    3.80319    0.00000    3.80319
  32.00000    3.78813    0.00000    3.78813
  32.50000    3.80828    0.00000    3.80828
  33.00000    3.79223    0.00000    3.79223
  33.50000    3.78369    0.00000    3.78369
  34.00000    3.76922    0.00000    3.76922
  34.50000    3.78206    0.00000    3.78206
  35.00000    3.78067    0.00000    3.78067
  35.50000    3.74777    0.00000    3.74777
  36.00000    3.71599    0.00000    3.71599
  36.50000    3.70563    0.00000    3.70563
  37.00000    3.72503    0.00000    3.72503
  37.50000    3.71816    0.00000    3.71816
  38.00000    3.71869    0.00000    3.71869
  38.50000    3.71470    0.00000    3.71470
  39.00000    3.73811    0.00000    3.73811
  39.50000    3.76841    0.00000    3.76841
  40.00000    3.79420    0.00000    3.79420
  40.50000    3.80296    0.00000    3.80296
  41.00000    3.81097    0.00000    3.81097
  41.50000    3.83909    0.00000    3.83909
  42.00000    3.86294    0.00000    3.86294
  42.50000    3.87488    0.00000    3.87488
  43.00000    3.87238    0.00000    3.87238
  43.50000    3.88377    0.00000    3.88377
  44.00000    3.90122    0.00000    3.90122
  44.50000    3.93040    0.00000    3.93040
  45.00000    3.95703    0.00000    3.95703
  45.50000    3.97550    0.00000    3.97550
  46.00000    3.99241    0.00000    3.99241
  46.50000    4.02689    0.00000    4.02689
  47.00000    4.10883    0.00000    4.10883
  47.50000    4.16932    0.00000    4.16932
  48.00000    4.21703    0.00000    4.21703
  48.50000    4.25267    0.00000    4.25267
  49.00000    4.30097    0.00000    4.30097
  49.50000    4.33856    0.00000    4.33856
  50.00000    4.39732    0.00000    4.39732
  50.50000    4.45686    0.00000    4.45686
  51.00000    4.50141    0.00000    4.50141
  51.50000    4.51875    0.00000    4.51875
  52.00000    4.53236    0.00000    4.53236
  52.50000    4.53958    0.00000    4.53958
  53.00000    4.56545    0.00000    4.56545
  53.50000    4.56907    0.00000    4.56907
  54.00000    4.56408    0.00000    4.56408
  54.50000    4.56225    0.00000    4.56225
  55.00000    4.58977    0.00000    4.58977
  55.50000    4.59666    0.00000    4.59666
  56.00000    4.58117    0.00000    4.58117
  56.50000    4.57139    0.00000    4.57139
  57.00000    4.58413    0.00000    4.58413
  57.50000    4.59961    0.00000    4.59961
  58.00000    4.61461    0.00000    4.61461
  58.50000    4.60486    0.00000    4.60486
  59.00000    4.60752    0.00000    4.60752
  59.50000    4.60400    0.00000    4.60400
  60.00000    4.61482    0.00000    4.61482
  60.50000    4.60836    0.00000    4.60836
  61.00000    4.62519    0.00000    4.62519
  61.50000    4.63556    0.00000    4.63556
  62.00000    4.64165    0.00000    4.64165
  62.50000    4.62364    0.00000    4.62364
  63.00000    4.62709    0.00000    4.62709
  63.50000    4.62559    0.00000    4.62559
  64.00000    4.61965    0.00000    4.61965
  64.50000    4.60432    0.00000    4.60432
  65.00000    4.61603    0.00000    4.61603
  65.50000    4.61888    0.00000    4.61888
  66.00000    4.60259    0.00000    4.60259
  66.50000    4.61071    0.00000    4.61071
  67.00000    4.62894    0.00000    4.62894
  67.50000    4.64011    0.00000    4.64011
  68.00000    4.63779    0.00000    4.63779
  68.50000    4.64418    0.00000    4.64418
  69.00000    4.63892    0.00000    4.63892
  69.50000    4.63252    0.00000    4.63252
  70.00000    4.62758    0.00000    4.62758
  70.50000    4.62472    0.00000    4.62472
  71.00000    4.63131    0.00000    4.63131
  71.50000    4.63707    0.00000    4.63707
  72.00000    4.63056    0.00000    4.63056
  72.50000    4.63301    0.00000    4.63301
  73.00000    4.62042    0.00000    4.62042
  73.50000    4.60453    0.00000    4.60453
  74.00000    4.59185    0.00000    4.59185
  74.50000    4.61313    0.00000    4.61313
  75.00000    4.61158    0.00000    4.61158
  75.50000    4.60253    0.00000    4.60253
  76.00000    4.59753    0.00000    4.59753
  76.50000    4.60046    0.00000    4.60046
  77.00000    4.58409    0.00000    4.58409
  77.50000    4.57401    0.00000    4.57401
  78.00000    4.59887    0.00000    4.59887
  78.50000    4.61601    0.00000    4.61601
  79.00000    4.61143    0.00000    4.61143
  79.50000    4.59882    0.00000    4.59882
  80.00000    4.58673    0.00000    4.58673
  80.50000    4.56428    0.00000    4.56428
  81.00000    4.56617    0.00000    4.56617
  81.50000    4.58478    0.00000    4.58478
  82.00000    4.58163    0.00000    4.58163
  82.50000    4.57353    0.00000    4.57353
  83.00000    4.57025    0.00000    4.57025
  83.50000    4.59080    0.00000    4.59080
  84.00000    4.58955    0.00000    4.58955
  84.50000    4.58491    0.00000    4.58491
  85.00000    4.56335    0.00000    4.56335
  85.50000    4.56813    0.00000    4.56813
  86.00000    4.57555    0.00000    4.57555
  86.50000    4.57074    0.00000    4.57074
  87.00000    4.55643    0.00000    4.55643
  87.50000    4.55279    0.00000    4.55279
  88.00000    4.55197    0.00000    4.55197
  88.50000    4.54023    0.00000    4.54023
  89.00000    4.53270    0.00000    4.53270
  89.50000    4.52742    0.00000    4.52742
  90.00000    4.52067    0.00000    4.52067
  90.50000    4.53819    0.00000    4.53819
  91.00000    4.54513    0.00000    4.54513
  91.50000    4.52561    0.00000    4.52561
  92.00000    4.50922    0.00000    4.50922
  92.50000    4.50604    0.00000    4.50604
  93.00000    4.51622    0.00000    4.51622
  93.50000    4.50723    0.00000    4.50723
  94.00000    4.51920    0.00000    4.51920
  94.50000    4.51044    0.00000    4.51044
  95.00000    4.51430    0.00000    4.51430
  95.50000    4.49467    0.00000    4.49467
  96.00000    4.49899    0.00000    4.49899
  96.50000    4.50343    0.00000    4.50343
  97.00000    4.50316    0.00000    4.50316
  97.50000    4.48301    0.00000    4.48301
  98.00000    4.48059    0.00000    4.48059
  98.50000    4.48461    0.00000    4.48461
  99.00000    4.48919    0.00000    4.48919
  99.50000    4.48492    0.00000    4.48492
 100.00000    4.47951    0.00000    4.47951
 100.50000    4.48028    0.00000    4.48028
 101.00000    4.47972    0.00000    4.47972
 101.50000    4.47914    0.00000    4.47914
 102.00000    4.48262    0.00000    4.48262
 102.50000    4.48156    0.00000    4.48156
 103.00000    4.48309    0.00000    4.48309
 103.50000    4.47765    0.00000    4.47765
 104.00000    4.48224    0.00000    4.48224
 104.50000    4.47882    0.00000    4.47882
 105.00000    4.46971    0.00000    4.46971
 105.50000    4.45726    0.00000    4.45726
 106.00000    4.45671    0.00000    4.45671
 106.50000    4.46206    0.00000    4.46206
 107.00000    4.45302    0.00000    4.45302
 107.50000    4.44682    0.00000    4.44682
 108.00000    4.45553    0.00000    4.45553
 108.50000    4.47724    0.00000    4.47724
 109.00000    4.47563    0.00000    4.47563
 109.50000    4.47297    0.00000    4.47297
 110.00000    4.45724    0.00000    4.45724
 110.50000    4.45735    0.00000    4.45735
 111.00000    4.45133    0.00000    4.45133
 111.50000    4.43900    0.00000    4.43900
 112.00000    4.42622    0.00000    4.42622
 112.50000    4.43243    0.00000    4.43243
 113.00000    4.45126    0.00000    4.45126
 113.50000    4.45722    0.00000    4.45722
 114.00000    4.46641    0.00000    4.46641
 114.50000    4.46833    0.00000    4.46833
 115.00000    4.45685    0.00000    4.45685
 115.50000    4.45000    0.00000    4.45000
 116.00000    4.46485    0.00000    4.46485
 116.50000    4.47500    0.00000    4.47500
 117.00000    4.46009    0.00000    4.46009
 117.50000    4.43804    0.00000    4.43804
 118.00000    4.43926    0.00000    4.43926
 118.50000    4.45223    0.00000    4.45223
 119.00000    4.44076    0.00000    4.44076
 119.50000    4.44358    0.00000    4.44358
 120.00000    4.44388    0.00000    4.44388
 120.50000    4.44221    0.00000    4.44221
 121.00000    4.43214    0.00000    4.43214
 121.50000    4.44439    0.00000    4.44439
 122.00000    4.45440    0.00000    4.45440
 122.50000    4.44688    0.00000    4.44688
 123.00000    4.44970    0.00000    4.44970
 123.50000    4.44706    0.00000    4.44706
 124.00000    4.45882    0.00000    4.45882
 124.50000    4.45086    0.00000    4.45086
 125.00000    4.44563    0.00000    4.44563
 125.50000    4.44620    0.00000    4.44620
 126.00000    4.46329    0.00000    4.46329
 126.50000    4.46622    0.00000    4.46622
 127.00000    4.45503    0.00000    4.45503
 127.50000    4.45465    0.00000    4.45465
 128.00000    4.44733    0.00000    4.44733
 128.50000    4.44859    0.00000    4.44859
 129.00000    4.45848    0.00000    4.45848
 129.50000    4.45942    0.00000    4.45942
 130.00000    4.43871    0.00000    4.43871
 130.50000    4.42400    0.00000    4.42400
 131.00000    4.44096    0.00000    4.44096
 131.50000    4.45571    0.00000    4.45571
 132.00000    4.46145    0.00000    4.46145
 132.50000    4.44163    0.00000    4.44163
 133.00000    4.43554    0.00000    4.43554
 133.50000    4.44351    0.00000    4.44351
 134.00000    4.46595    0.00000    4.46595
 134.50000    4.46409    0.00000    4.46409
 135.00000    4.45287    0.00000    4.45287
 135.50000    4.45653    0.00000    4.45653
 136.00000    4.46297    0.00000    4.46297
 136.50000    4.45975    0.00000    4.45975
 137.00000    4.45487    0.00000    4.45487
 137.50000    4.47336    0.00000    4.47336
 138.00000    4.47040    0.00000    4.47040
 138.50000    4.47087    0.00000    4.47087
 139.00000    4.45858    0.00000    4.45858
 139.50000    4.46734    0.00000    4.46734
 140.00000    4.45679    0.00000    4.45679
 140.50000    4.46852    0.00000    4.46852
 141.00000    4.47467    0.00000    4.47467
 141.50000    4.48763    0.00000    4.48763
 142.00000    4.47661    0.00000    4.47661
 142.50000    4.47216    0.00000    4.47216
 143.00000    4.47233    0.00000    4.47233
 143.50000    4.47951    0.00000    4.47951
 144.00000    4.47626    0.00000    4.47626
 144.50000    4.46728    0.00000    4.46728
 145.00000    4.46667    0.00000    4.46667
 145.50000    4.48701    0.00000    4.48701
 146.00000    4.49619    0.00000    4.49619
 146.50000    4.49426    0.00000    4.49426
 147.00000    4.46921    0.00000    4.46921
 147.50000    4.46286    0.00000    4.46286
 148.00000    4.46573    0.00000    4.46573
 148.50000    4.48863    0.00000    4.48863
 149.00000    4.49943    0.00000    4.49943
 149.50000    4.51220    0.00000    4.51220
 150.00000    4.51463    0.00000    4.51463
