   0.00000    1.15785    0.00000    1.15785
   0.50000    2.09891    0.00000    2.09891
   1.00000    2.61029    0.00000    2.61029
   1.50000    2.79588    0.00000    2.79588
   2.00000    2.84042    0.00000    2.84042
   2.50000    2.98089    0.00000    2.98089
   3.00000    3.16840    0.00000    3.16840
   3.50000    3.26647    0.00000    3.26647
   4.00000    3.22537    0.00000    3.22537
   4.50000    3.18202    0.00000    3.18202
   5.00000    3.15948    0.00000    3.15948
   5.50000    3.17358    0.00000    3.17358
   6.00000    3.18027    0.00000    3.18027
   6.50000    3.19435    0.00000    3.19435
   7.00000    3.21390    0.00000    3.21390
   7.50000    3.22962    0.00000    3.22962
   8.00000    3.24363    0.00000    3.24363
   8.50000    3.26742    0.00000    3.26742
   9.00000    3.29953    0.00000    3.29953
   9.50000    3.30678    0.00000    3.30678
  10.00000    3.30704    0.00000    3.30704
  10.50000    3.32178    0.00000    3.32178
  11.00000    3.34093    0.00000    3.34093
  11.50000    3.37867    0.00000    3.37867
  12.00000    3.39813    0.00000    3.39813
  12.50000    3.40004    0.00000    3.40004
  13.00000    3.40282    0.00000    3.40282
  13.50000    3.42855    0.00000    3.42855
  14.00000    3.44591    0.00000    3.44591
  14.50000    3.45627    0.00000    3.45627
  15.00000    3.47618    0.00000    3.47618
  15.50000    3.50307    0.00000    3.50307
  16.00000    3.51366    0.00000    3.51366
  16.50000    3.51745    0.00000    3.51745
  17.00000    3.52870    0.00000    3.52870
  17.50000    3.55203    0.00000    3.55203
  18.00000    3.57021    0.00000    3.57021
  18.50000    3.58023    0.00000    3.58023
  19.00000    3.59143    0.00000    3.59143
  19.50000    3.60957    0.00000    3.60957
  20.00000    3.63297    0.00000    3.63297
  20.50000    3.64084    0.00000    3.64084
  21.00000    3.65079    0.00000    3.65079
  21.50000    3.68451    0.00000    3.68451
  22.00000    3.72108    0.00000    3.72108
  22.50000    3.73739    0.00000    3.73739
  23.00000    3.73998    0.00000    3.73998
  23.50000    3.74475    0.00000    3.74475
  24.00000    3.74186    0.00000    3.74186
  24.50000    3.76692    0.00000    3.76692
  25.00000    3.78394    0.00000    3.78394
  25.50000    3.82812    0.00000    3.82812
  26.00000    3.88992    0.00000    3.88992
  26.50000    3.97911    0.00000    3.97911
  27.00000    4.02252    0.00000    4.02252
  27.50000    4.04357    0.00000    4.04357
  28.00000    4.04732    0.00000    4.04732
  28.50000    4.05679    0.00000    4.05679
  29.00000    4.05915    0.00000    4.05915
  29.50000    4.05759    0.00000    4.05759
  30.00000    4.03984    0.00000    4.03984
  30.50000    4.04646    0.00000    4.04646
  31.00000    4.08105    0.00000    4.08105
  31.50000    4.10930    0.00000    4.10930
  32.00000    4.09748    0.00000    4.09748
  32.50000    4.07981    0.00000    4.07981
  33.00000    4.06758    0.00000    4.06758
  33.50000    4.04504    0.00000    4.04504
  34.00000    4.04437    0.00000    4.04437
  34.50000    4.05258    0.00000    4.05258
  35.00000    4.06743    0.00000    4.06743
  35.50000    4.07524    0.00000    4.07524
  36.00000    4.06530    0.00000    4.06530
  36.50000    4.04593    0.00000    4.04593
  37.00000    4.02632    0.00000    4.02632
  37.50000    4.03046    0.00000    4.03046
  38.00000    4.02408    0.00000    4.02408
  38.50000    4.00988    0.00000    4.00988
  39.00000    3.97445    0.00000    3.97445
  39.50000    3.94808    0.00000    3.94808
  40.00000    3.95246    0.00000    3.95246
  40.50000    3.95017    0.00000    3.95017
  41.00000    3.93591    0.00000    3.93591
  41.50000    3.91196    0.00000    3.91196
  42.00000    3.88128    0.00000    3.88128
  42.50000    3.86344    0.00000    3.86344
  43.00000    3.85568    0.00000    3.85568
  43.50000    3.87572    0.00000    3.87572
  44.00000    3.85736    0.00000    3.85736
  44.50000    3.83974    0.00000    3.83974
  45.00000    3.82870    0.00000    3.82870
  45.50000    3.83154    0.00000    3.83154
  46.00000    3.81311    0.00000    3.81311
  46.50000    3.79578    0.00000    3.79578
  47.00000    3.79321    0.00000    3.79321
  47.50000    3.80321    0.00000    3.80321
  48.00000    3.82123    0.00000    3.82123
  48.50000    3.85902    0.00000    3.85902
  49.00000    3.88943    0.00000    3.88943
  49.50000    3.92759    0.00000    3.92759
  50.00000    3.94326    0.00000    3.94326
  50.50000    3.96599    0.00000    3.96599
  51.00000    3.98911    0.00000    3.98911
  51.50000    4.01497    0.00000    4.01497
  52.00000    4.03784    0.00000    4.03784
  52.50000    4.05420    0.00000    4.05420
  53.00000    4.06853    0.00000    4.06853
  53.50000    4.07734    0.00000    4.07734
  54.00000    4.09441    0.00000    4.09441
  54.50000    4.11880    0.00000    4.11880
  55.00000    4.13530    0.00000    4.13530
  55.50000    4.13363    0.00000    4.13363
  56.00000    4.14438    0.00000    4.14438
  56.50000    4.16068    0.00000    4.16068
  57.00000    4.17572    0.00000    4.17572
  57.50000    4.18239    0.00000    4.18239
  58.00000    4.19391    0.00000    4.19391
  58.50000    4.20438    0.00000    4.20438
  59.00000    4.22099    0.00000    4.22099
  59.50000    4.24634    0.00000    4.24634
  60.00000    4.24907    0.00000    4.24907
  60.50000    4.26067    0.00000    4.26067
  61.00000    4.26455    0.00000    4.26455
  61.50000    4.27243    0.00000    4.27243
  62.00000    4.26908    0.00000    4.26908
  62.50000    4.29742    0.00000    4.29742
  63.00000    4.32253    0.00000    4.32253
  63.50000    4.33837    0.00000    4.33837
  64.00000    4.33437    0.00000    4.33437
  64.50000    4.33739    0.00000    4.33739
  65.00000    4.34239    0.00000    4.34239
  65.50000    4.35217    0.00000    4.35217
  66.00000    4.36153    0.00000    4.36153
  66.50000    4.36457    0.00000    4.36457
  67.00000    4.36683    0.00000    4.36683
  67.50000    4.37201    0.00000    4.37201
  68.00000    4.37846    0.00000    4.37846
  68.50000    4.39583    0.00000    4.39583
  69.00000    4.41420    0.00000    4.41420
  69.50000    4.42145    0.00000    4.42145
  70.00000    4.42198    0.00000    4.42198
  70.50000    4.43980    0.00000    4.43980
  71.00000    4.45023    0.00000    4.45023
  71.50000    4.45539    0.00000    4.45539
  72.00000    4.46532    0.00000    4.46532
  72.50000    4.48943    0.00000    4.48943
  73.00000    4.49384    0.00000    4.49384
  73.50000    4.50653    0.00000    4.50653
  74.00000    4.51951    0.00000    4.51951
  74.50000    4.51861    0.00000    4.51861
  75.00000    4.50377    0.00000    4.50377
  75.50000    4.51031    0.00000    4.51031
  76.00000    4.53183    0.00000    4.53183
  76.50000    4.54087    0.00000    4.54087
  77.00000    4.55191    0.00000    4.55191
  77.50000    4.54929    0.00000    4.54929
  78.00000    4.54565    0.00000    4.54565
  78.50000    4.53746    0.00000    4.53746
  79.00000    4.55676    0.00000    4.55676
  79.50000    4.57197    0.00000    4.57197
  80.00000    4.58974    0.00000    4.58974
  80.50000    4.59900    0.00000    4.59900
  81.00000    4.60759    0.00000    4.60759
  81.50000    4.60643    0.00000    4.60643
  82.00000    4.61914    0.00000    4.61914
  82.50000    4.63471    0.00000    4.63471
  83.00000    4.63861    0.00000    4.63861
  83.50000    4.61965    0.00000    4.61965
  84.00000    4.61405    0.00000    4.61405
  84.50000    4.62390    0.00000    4.62390
  85.00000    4.65382    0.00000    4.65382
  85.50000    4.66053    0.00000    4.66053
  86.00000    4.65724    0.00000    4.65724
  86.50000    4.64686    0.00000    4.64686
  87.00000    4.65760    0.00000    4.65760
  87.50000    4.67024    0.00000    4.67024
  88.00000    4.68289    0.00000    4.68289
  88.50000    4.69360    0.00000    4.69360
  89.00000    4.69150    0.00000    4.69150
  89.50000    4.68238    0.00000    4.68238
  90.00000    4.68106    0.00000    4.68106
  90.50000    4.70084    0.00000    4.70084
  91.00000    4.71244    0.00000    4.71244
  91.50000    4.71628    0.00000    4.71628
  92.00000    4.71392    0.00000    4.71392
  92.50000    4.70416    0.00000    4.70416
  93.00000    4.70365    0.00000    4.70365
  93.50000    4.71862    0.00000    4.71862
  94.00000    4.73557    0.00000    4.73557
  94.50000    4.74290    0.00000    4.74290
  95.00000    4.74685    0.00000    4.74685
  95.50000    4.73992    0.00000    4.73992
  96.00000    4.74238    0.00000    4.74238
  96.50000    4.74217    0.00000    4.74217
  97.00000    4.74766    0.00000    4.74766
  97.50000    4.74304    0.00000    4.74304
  98.00000    4.74968    0.00000    4.74968
  98.50000    4.75308    0.00000    4.75308
  99.00000    4.76251    0.00000    4.76251
  99.50000    4.76356    0.00000    4.76356
 100.00000    4.75539    0.00000    4.75539
 100.50000    4.74844    0.00000    4.74844
 101.00000    4.75541    0.00000    4.75541
 101.50000    4.76102    0.00000    4.76102
 102.00000    4.76196    0.00000    4.76196
 102.50000    4.75960    0.00000    4.75960
 103.00000    4.77800    0.00000    4.77800
 103.50000    4.79131    0.00000    4.79131
 104.00000    4.79061    0.00000    4.79061
 104.50000    4.77384    0.00000    4.77384
 105.00000    4.76983    0.00000    4.76983
 105.50000    4.77534    0.00000    4.77534
 106.00000    4.77656    0.00000    4.77656
 106.50000    4.77509    0.00000    4.77509
 107.00000    4.76837    0.00000    4.76837
 107.50000    4.78533    0.00000    4.78533
 108.00000    4.78788    0.00000    4.78788
 108.50000    4.77431    0.00000    4.77431
 109.00000    4.76791    0.00000    4.76791
 109.50000    4.79464    0.00000    4.79464
 110.00000    4.80864    0.00000    4.80864
 110.50000    4.79393    0.00000    4.79393
 111.00000    4.79031    0.00000    4.79031
 111.50000    4.78396    0.00000    4.78396
 112.00000    4.78590    0.00000    4.78590
 112.50000    4.79143    0.00000    4.79143
 113.00000    4.81969    0.00000    4.81969
 113.50000    4.79570    0.00000    4.79570
 114.00000    4.78089    0.00000    4.78089
 114.50000    4.76960    0.00000    4.76960
 115.00000    4.79832    0.00000    4.79832
 115.50000    4.79601    0.00000    4.79601
 116.00000    4.79479    0.00000    4.79479
 116.50000    4.78580    0.00000    4.78580
 117.00000    4.77670    0.00000    4.77670
 117.50000    4.76950    0.00000    4.76950
 118.00000    4.76610    0.00000    4.76610
 118.50000    4.80021    0.00000    4.80021
 119.00000    4.81545    0.00000    4.81545
 119.50000    4.80188    0.00000    4.80188
 120.00000    4.78215    0.00000    4.78215
 120.50000    4.78782    0.00000    4.78782
 121.00000    4.79470    0.00000    4.79470
 121.50000    4.78563    0.00000    4.78563
 122.00000    4.77823    0.00000    4.77823
 122.50000    4.77895    0.00000    4.77895
 123.00000    4.77571    0.00000    4.77571
 123.50000    4.77796    0.00000    4.77796
 124.00000    4.78028    0.00000    4.78028
 124.50000    4.78107    0.00000    4.78107
 125.00000    4.77036    0.00000    4.77036
 125.50000    4.77436    0.00000    4.77436
 126.00000    4.77533    0.00000    4.77533
 126.50000    4.77473    0.00000    4.77473
 127.00000    4.76273    0.00000    4.76273
 127.50000    4.76355    0.00000    4.76355
 128.00000    4.76775    0.00000    4.76775
 128.50000    4.77084    0.00000    4.77084
 129.00000    4.77872    0.00000    4.77872
 129.50000    4.78426    0.00000    4.78426
 130.00000    4.78612    0.00000    4.78612
 130.50000    4.77435    0.00000    4.77435
 131.00000    4.77093    0.00000    4.77093
 131.50000    4.77990    0.00000    4.77990
 132.00000    4.77399    0.00000    4.77399
 132.50000    4.75635    0.00000    4.75635
 133.00000    4.74068    0.00000    4.74068
 133.50000    4.74905    0.00000    4.74905
 134.00000    4.76892    0.00000    4.76892
 134.50000    4.76021    0.00000    4.76021
 135.00000    4.75722    0.00000    4.75722
 135.50000    4.74298    0.00000    4.74298
 136.00000    4.75667    0.00000    4.75667
 136.50000    4.75800    0.00000    4.75800
 137.00000    4.76154    0.00000    4.76154
 137.50000    4.74934    0.00000    4.74934
 138.00000    4.74869    0.00000    4.74869
 138.50000    4.74204    0.00000    4.74204
 139.00000    4.74569    0.00000    4.74569
 139.50000    4.74684    0.00000    4.74684
 140.00000    4.75047    0.00000    4.75047
 140.50000    4.74070    0.00000    4.74070
 141.00000    4.71927    0.00000    4.71927
 141.50000    4.70684    0.00000    4.70684
 142.00000    4.71311    0.00000    4.71311
 142.50000    4.71951    0.00000    4.71951
 143.00000    4.72076    0.00000    4.72076
 143.50000    4.72090    0.00000    4.72090
 144.00000    4.72346    0.00000    4.72346
 144.50000    4.71937    0.00000    4.71937
 145.00000    4.72834    0.00000    4.72834
 145.50000    4.71719    0.00000    4.71719
 146.00000    4.70266    0.00000    4.70266
 146.50000    4.69364    0.00000    4.69364
 147.00000    4.69979    0.00000    4.69979
 147.50000    4.70770    0.00000    4.70770
 148.00000    4.71820    0.00000    4.71820
 148.50000    4.70955    0.00000    4.70955
 149.00000    4.67953    0.00000    4.67953
 149.50000    4.65701    0.00000    4.65701
 150.00000    4.70003    0.00000    4.70003
