   0.00000    1.33398    0.00000    1.33398
   0.50000    2.43953    0.00000    2.43953
   1.00000    2.79635    0.00000    2.79635
   1.50000    2.93211    0.00000    2.93211
   2.00000    3.14025    0.00000    3.14025
   2.50000    3.37922    0.00000    3.37922
   3.00000    3.60208    0.00000    3.60208
   3.50000    3.67507    0.00000    3.67507
   4.00000    3.61281    0.00000    3.61281
   4.50000    3.54507    0.00000    3.54507
   5.00000    3.55095    0.00000    3.55095
   5.50000    3.57529    0.00000    3.57529
   6.00000    3.59780    0.00000    3.59780
   6.50000    3.61565    0.00000    3.61565
   7.00000    3.58990    0.00000    3.58990
   7.50000    3.57911    0.00000    3.57911
   8.00000    3.58066    0.00000    3.58066
   8.50000    3.59368    0.00000    3.59368
   9.00000    3.60502    0.00000    3.60502
   9.50000    3.60323    0.00000    3.60323
  10.00000    3.62318    0.00000    3.62318
  10.50000    3.61198    0.00000    3.61198
  11.00000    3.63451    0.00000    3.63451
  11.50000    3.63712    0.00000    3.63712
  12.00000    3.66201    0.00000    3.66201
  12.50000    3.66986    0.00000    3.66986
  13.00000    3.67979    0.00000    3.67979
  13.50000    3.67426    0.00000    3.67426
  14.00000    3.66824    0.00000    3.66824
  14.50000    3.67253    0.00000    3.67253
  15.00000    3.68096    0.00000    3.68096
  15.50000    3.68473    0.00000    3.68473
  16.00000    3.68196    0.00000    3.68196
  16.50000    3.69546    0.00000    3.69546
  17.00000    3.69270    0.00000    3.69270
  17.50000    3.68646    0.00000    3.68646
  18.00000    3.67962    0.00000    3.67962
  18.50000    3.70341    0.00000    3.70341
  19.00000    3.69170    0.00000    3.69170
  19.50000    3.69086    0.00000    3.69086
  20.00000    3.69930    0.00000    3.69930
  20.50000    3.71990    0.00000    3.71990
  21.00000    3.69813    0.00000    3.69813
  21.50000    3.70446    0.00000    3.70446
  22.00000    3.72115    0.00000    3.72115
  22.50000    3.73840    0.00000    3.73840
  23.00000    3.73326    0.00000    3.73326
  23.50000    3.74259    0.00000    3.74259
  24.00000    3.72671    0.00000    3.72671
  24.50000    3.71063    0.00000    3.71063
  25.00000    3.69846    0.00000    3.69846
  25.50000    3.70990    0.00000    3.70990
  26.00000    3.72004    0.00000    3.72004
  26.50000    3.74748    0.00000    3.74748
  27.00000    3.76037    0.00000    3.76037
  27.50000    3.78387    0.00000    3.78387
  28.00000    3.80607    0.00000    3.80607
  28.50000    3.83367    0.00000    3.83367
  29.00000    3.81062    0.00000    3.81062
  29.50000    3.78472    0.00000    3.78472
  30.00000    3.77236    0.00000    3.77236
  30.50000    3.80608    0.00000    3.80608
  31.00000    3.79694    0.00000    3.79694
  31.50000    3.79575    0.00000    3.79575
  32.00000    3.78109    0.00000    3.78109
  32.50000    3.75579    0.00000    3.75579
  33.00000    3.71199    0.00000    3.71199
  33.50000    3.71853    0.00000    3.71853
  34.00000    3.72912    0.00000    3.72912
  34.50000    3.75958    0.00000    3.75958
  35.00000    3.80566    0.00000    3.80566
  35.50000    3.82687    0.00000    3.82687
  36.00000    3.83238    0.00000    3.83238
  36.50000    3.82919    0.00000    3.82919
  37.00000    3.84798    0.00000    3.84798
  37.50000    3.84866    0.00000    3.84866
  38.00000    3.87125    0.00000    3.87125
  38.50000    3.87726    0.00000    3.87726
  39.00000    3.90165    0.00000    3.90165
  39.50000    3.94039    0.00000    3.94039
  40.00000    3.98789    0.00000    3.98789
  40.50000    4.01398    0.00000    4.01398
  41.00000    4.01329    0.00000    4.01329
  41.50000    4.00043    0.00000    4.00043
  42.00000    4.00694    0.00000    4.00694
  42.50000    4.00511    0.00000    4.00511
  43.00000    3.99083    0.00000    3.99083
  43.50000    3.98884    0.00000    3.98884
  44.00000    4.01059    0.00000    4.01059
  44.50000    4.02251    0.00000    4.02251
  45.00000    4.05311    0.00000    4.05311
  45.50000    4.06102    0.00000    4.06102
  46.00000    4.07708    0.00000    4.07708
  46.50000    4.09922    0.00000    4.09922
  47.00000    4.16768    0.00000    4.16768
  47.50000    4.23189    0.00000    4.23189
  48.00000    4.28669    0.00000    4.28669
  48.50000    4.31772    0.00000    4.31772
  49.00000    4.34481    0.00000    4.34481
  49.50000    4.37633    0.00000    4.37633
  50.00000    4.40749    0.00000    4.40749
  50.50000    4.42621    0.00000    4.42621
  51.00000    4.45228    0.00000    4.45228
  51.50000    4.46169    0.00000    4.46169
  52.00000    4.48698    0.00000    4.48698
  52.50000    4.49155    0.00000    4.49155
  53.00000    4.50554    0.00000    4.50554
  53.50000    4.50519    0.00000    4.50519
  54.00000    4.52716    0.00000    4.52716
  54.50000    4.52222    0.00000    4.52222
  55.00000    4.52520    0.00000    4.52520
  55.50000    4.51615    0.00000    4.51615
  56.00000    4.51655    0.00000    4.51655
  56.50000    4.51583    0.00000    4.51583
  57.00000    4.52968    0.00000    4.52968
  57.50000    4.55362    0.00000    4.55362
  58.00000    4.57727    0.00000    4.57727
  58.50000    4.58420    0.00000    4.58420
  59.00000    4.58329    0.00000    4.58329
  59.50000    4.57594    0.00000    4.57594
  60.00000    4.56770    0.00000    4.56770
  60.50000    4.55832    0.00000    4.55832
  61.00000    4.55322    0.00000    4.55322
  61.50000    4.57765    0.00000    4.57765
  62.00000    4.59395    0.00000    4.59395
  62.50000    4.61031    0.00000    4.61031
  63.00000    4.60113    0.00000    4.60113
  63.50000    4.60944    0.00000    4.60944
  64.00000    4.60577    0.00000    4.60577
  64.50000    4.60252    0.00000    4.60252
  65.00000    4.58408    0.00000    4.58408
  65.50000    4.58998    0.00000    4.58998
  66.00000    4.59351    0.00000    4.59351
  66.50000    4.60525    0.00000    4.60525
  67.00000    4.60683    0.00000    4.60683
  67.50000    4.61900    0.00000    4.61900
  68.00000    4.61797    0.00000    4.61797
  68.50000    4.60560    0.00000    4.60560
  69.00000    4.60112    0.00000    4.60112
  69.50000    4.61209    0.00000    4.61209
  70.00000    4.61446    0.00000    4.61446
  70.50000    4.60967    0.00000    4.60967
  71.00000    4.60518    0.00000    4.60518
  71.50000    4.62450    0.00000    4.62450
  72.00000    4.63453    0.00000    4.63453
  72.50000    4.64327    0.00000    4.64327
  73.00000    4.61894    0.00000    4.61894
  73.50000    4.60913    0.00000    4.60913
  74.00000    4.61488    0.00000    4.61488
  74.50000    4.62012    0.00000    4.62012
  75.00000    4.62021    0.00000    4.62021
  75.50000    4.62179    0.00000    4.62179
  76.00000    4.62145    0.00000    4.62145
  76.50000    4.60880    0.00000    4.60880
  77.00000    4.61300    0.00000    4.61300
  77.50000    4.63046    0.00000    4.63046
  78.00000    4.63647    0.00000    4.63647
  78.50000    4.61948    0.00000    4.61948
  79.00000    4.60430    0.00000    4.60430
  79.50000    4.62628    0.00000    4.62628
  80.00000    4.63652    0.00000    4.63652
  80.50000    4.63286    0.00000    4.63286
  81.00000    4.61918    0.00000    4.61918
  81.50000    4.62057    0.00000    4.62057
  82.00000    4.60876    0.00000    4.60876
  82.50000    4.61188    0.00000    4.61188
  83.00000    4.61985    0.00000    4.61985
  83.50000    4.63032    0.00000    4.63032
  84.00000    4.62178    0.00000    4.62178
  84.50000    4.61710    0.00000    4.61710
  85.00000    4.60772    0.00000    4.60772
  85.50000    4.61561    0.00000    4.61561
  86.00000    4.62521    0.00000    4.62521
  86.50000    4.62385    0.00000    4.62385
  87.00000    4.60580    0.00000    4.60580
  87.50000    4.59730    0.00000    4.59730
  88.00000    4.59903    0.00000    4.59903
  88.50000    4.60449    0.00000    4.60449
  89.00000    4.60055    0.00000    4.60055
  89.50000    4.59139    0.00000    4.59139
  90.00000    4.59164    0.00000    4.59164
  90.50000    4.60130    0.00000    4.60130
  91.00000    4.60132    0.00000    4.60132
  91.50000    4.59160    0.00000    4.59160
  92.00000    4.59083    0.00000    4.59083
  92.50000    4.57815    0.00000    4.57815
  93.00000    4.57176    0.00000    4.57176
  93.50000    4.57879    0.00000    4.57879
  94.00000    4.59174    0.00000    4.59174
  94.50000    4.58588    0.00000    4.58588
  95.00000    4.58551    0.00000    4.58551
  95.50000    4.57466    0.00000    4.57466
  96.00000    4.57365    0.00000    4.57365
  96.50000    4.56625    0.00000    4.56625
  97.00000    4.56755    0.00000    4.56755
  97.50000    4.55742    0.00000    4.55742
  98.00000    4.56122    0.00000    4.56122
  98.50000    4.55275    0.00000    4.55275
  99.00000    4.54455    0.00000    4.54455
  99.50000    4.54868    0.00000    4.54868
 100.00000    4.55114    0.00000    4.55114
 100.50000    4.54695    0.00000    4.54695
 101.00000    4.52825    0.00000    4.52825
 101.50000    4.52303    0.00000    4.52303
 102.00000    4.54280    0.00000    4.54280
 102.50000    4.54745    0.00000    4.54745
 103.00000    4.54188    0.00000    4.54188
 103.50000    4.52002    0.00000    4.52002
 104.00000    4.54044    0.00000    4.54044
 104.50000    4.54257    0.00000    4.54257
 105.00000    4.53717    0.00000    4.53717
 105.50000    4.51502    0.00000    4.51502
 106.00000    4.50302    0.00000    4.50302
 106.50000    4.51607    0.00000    4.51607
 107.00000    4.51981    0.00000    4.51981
 107.50000    4.52080    0.00000    4.52080
 108.00000    4.50632    0.00000    4.50632
 108.50000    4.50464    0.00000    4.50464
 109.00000    4.49992    0.00000    4.49992
 109.50000    4.50640    0.00000    4.50640
 110.00000    4.50593    0.00000    4.50593
 110.50000    4.49955    0.00000    4.49955
 111.00000    4.50098    0.00000    4.50098
 111.50000    4.49928    0.00000    4.49928
 112.00000    4.48619    0.00000    4.48619
 112.50000    4.47480    0.00000    4.47480
 113.00000    4.48258    0.00000    4.48258
 113.50000    4.49037    0.00000    4.49037
 114.00000    4.48925    0.00000    4.48925
 114.50000    4.48298    0.00000    4.48298
 115.00000    4.48420    0.00000    4.48420
 115.50000    4.49368    0.00000    4.49368
 116.00000    4.49559    0.00000    4.49559
 116.50000    4.49238    0.00000    4.49238
 117.00000    4.47992    0.00000    4.47992
 117.50000    4.47406    0.00000    4.47406
 118.00000    4.46645    0.00000    4.46645
 118.50000    4.46802    0.00000    4.46802
 119.00000    4.46107    0.00000    4.46107
 119.50000    4.45255    0.00000    4.45255
 120.00000    4.43552    0.00000    4.43552
 120.50000    4.43510    0.00000    4.43510
 121.00000    4.43516    0.00000    4.43516
 121.50000    4.44396    0.00000    4.44396
 122.00000    4.44339    0.00000    4.44339
 122.50000    4.44893    0.00000    4.44893
 123.00000    4.44104    0.00000    4.44104
 123.50000    4.42945    0.00000    4.42945
 124.00000    4.42852    0.00000    4.42852
 124.50000    4.43632    0.00000    4.43632
 125.00000    4.44354    0.00000    4.44354
 125.50000    4.44004    0.00000    4.44004
 126.00000    4.44484    0.00000    4.44484
 126.50000    4.43311    0.00000    4.43311
 127.00000    4.43251    0.00000    4.43251
 127.50000    4.43514    0.00000    4.43514
 128.00000    4.43255    0.00000    4.43255
 128.50000    4.42485    0.00000    4.42485
 129.00000    4.41137    0.00000    4.41137
 129.50000    4.40618    0.00000    4.40618
 130.00000    4.40071    0.00000    4.40071
 130.50000    4.41157    0.00000    4.41157
 131.00000    4.39800    0.00000    4.39800
 131.50000    4.40167    0.00000    4.40167
 132.00000    4.40745    0.00000    4.40745
 132.50000    4.41707    0.00000    4.41707
 133.00000    4.40681    0.00000    4.40681
 133.50000    4.40747    0.00000    4.40747
 134.00000    4.41318    0.00000    4.41318
 134.50000    4.41566    0.00000    4.41566
 135.00000    4.40741    0.00000    4.40741
 135.50000    4.40061    0.00000    4.40061
 136.00000    4.40229    0.00000    4.40229
 136.50000    4.39977    0.00000    4.39977
 137.00000    4.39171    0.00000    4.39171
 137.50000    4.40113    0.00000    4.40113
 138.00000    4.39728    0.00000    4.39728
 138.50000    4.40359    0.00000    4.40359
 139.00000    4.39621    0.00000    4.39621
 139.50000    4.39578    0.00000    4.39578
 140.00000    4.36778    0.00000    4.36778
 140.50000    4.36736    0.00000    4.36736
 141.00000    4.36494    0.00000    4.36494
 141.50000    4.38655    0.00000    4.38655
 142.00000    4.37687    0.00000    4.37687
 142.50000    4.38320    0.00000    4.38320
 143.00000    4.37566    0.00000    4.37566
 143.50000    4.38491    0.00000    4.38491
 144.00000    4.36001    0.00000    4.36001
 144.50000    4.33911    0.00000    4.33911
 145.00000    4.35175    0.00000    4.35175
 145.50000    4.37113    0.00000    4.37113
 146.00000    4.38743    0.00000    4.38743
 146.50000    4.36051    0.00000    4.36051
 147.00000    4.34320    0.00000    4.34320
 147.50000    4.33913    0.00000    4.33913
 148.00000    4.36546    0.00000    4.36546
 148.50000    4.37293    0.00000    4.37293
 149.00000    4.35840    0.00000    4.35840
 149.50000    4.34832    0.00000    4.34832
 150.00000    4.37547    0.00000    4.37547
