   0.00000    1.76413    0.00000    1.76413
   0.50000    1.99666    0.00000    1.99666
   1.00000    2.33793    0.00000    2.33793
   1.50000    2.64711    0.00000    2.64711
   2.00000    2.95016    0.00000    2.95016
   2.50000    3.12312    0.00000    3.12312
   3.00000    3.24475    0.00000    3.24475
   3.50000    3.29973    0.00000    3.29973
   4.00000    3.40370    0.00000    3.40370
   4.50000    3.48131    0.00000    3.48131
   5.00000    3.53123    0.00000    3.53123
   5.50000    3.53867    0.00000    3.53867
   6.00000    3.53607    0.00000    3.53607
   6.50000    3.53841    0.00000    3.53841
   7.00000    3.55458    0.00000    3.55458
   7.50000    3.57813    0.00000    3.57813
   8.00000    3.58734    0.00000    3.58734
   8.50000    3.58132    0.00000    3.58132
   9.00000    3.57736    0.00000    3.57736
   9.50000    3.58834    0.00000    3.58834
  10.00000    3.60306    0.00000    3.60306
  10.50000    3.61315    0.00000    3.61315
  11.00000    3.61526    0.00000    3.61526
  11.50000    3.60020    0.00000    3.60020
  12.00000    3.60553    0.00000    3.60553
  12.50000    3.62197    0.00000    3.62197
  13.00000    3.63379    0.00000    3.63379
  13.50000    3.62735    0.00000    3.62735
  14.00000    3.63519    0.00000    3.63519
  14.50000    3.63221    0.00000    3.63221
  15.00000    3.63757    0.00000    3.63757
  15.50000    3.64101    0.00000    3.64101
  16.00000    3.65126    0.00000    3.65126
  16.50000    3.65164    0.00000    3.65164
  17.00000    3.65333    0.00000    3.65333
  17.50000    3.65666    0.00000    3.65666
  18.00000    3.65802    0.00000    3.65802
  18.50000    3.66770    0.00000    3.66770
  19.00000    3.67660    0.00000    3.67660
  19.50000    3.67229    0.00000    3.67229
  20.00000    3.66745    0.00000    3.66745
  20.50000    3.67040    0.00000    3.67040
  21.00000    3.67162    0.00000    3.67162
  21.50000    3.66355    0.00000    3.66355
  22.00000    3.66723    0.00000    3.66723
  22.50000    3.68103    0.00000    3.68103
  23.00000    3.68213    0.00000    3.68213
  23.50000    3.67875    0.00000    3.67875
  24.00000    3.66860    0.00000    3.66860
  24.50000    3.66648    0.00000    3.66648
  25.00000    3.66128    0.00000    3.66128
  25.50000    3.66153    0.00000    3.66153
  26.00000    3.66019    0.00000    3.66019
  26.50000    3.67425    0.00000    3.67425
  27.00000    3.67822    0.00000    3.67822
  27.50000    3.69213    0.00000    3.69213
  28.00000    3.70055    0.00000    3.70055
  28.50000    3.72867    0.00000    3.72867
  29.00000    3.75036    0.00000    3.75036
  29.50000    3.76157    0.00000    3.76157
  30.00000    3.75632    0.00000    3.75632
  30.50000    3.76519    0.00000    3.76519
  31.00000    3.77052    0.00000    3.77052
  31.50000    3.76474    0.00000    3.76474
  32.00000    3.76321    0.00000    3.76321
  32.50000    3.76595    0.00000    3.76595
  33.00000    3.75712    0.00000    3.75712
  33.50000    3.74128    0.00000    3.74128
  34.00000    3.73649    0.00000    3.73649
  34.50000    3.73821    0.00000    3.73821
  35.00000    3.72398    0.00000    3.72398
  35.50000    3.69383    0.00000    3.69383
  36.00000    3.68324    0.00000    3.68324
  36.50000    3.67724    0.00000    3.67724
  37.00000    3.66838    0.00000    3.66838
  37.50000    3.65555    0.00000    3.65555
  38.00000    3.65967    0.00000    3.65967
  38.50000    3.68442    0.00000    3.68442
  39.00000    3.71691    0.00000    3.71691
  39.50000    3.74776    0.00000    3.74776
  40.00000    3.76381    0.00000    3.76381
  40.50000    3.78868    0.00000    3.78868
  41.00000    3.80791    0.00000    3.80791
  41.50000    3.83118    0.00000    3.83118
  42.00000    3.84864    0.00000    3.84864
  42.50000    3.87051    0.00000    3.87051
  43.00000    3.90130    0.00000    3.90130
  43.50000    3.92163    0.00000    3.92163
  44.00000    3.92476    0.00000    3.92476
  44.50000    3.92060    0.00000    3.92060
  45.00000    3.95387    0.00000    3.95387
  45.50000    3.98674    0.00000    3.98674
  46.00000    4.02588    0.00000    4.02588
  46.50000    4.05987    0.00000    4.05987
  47.00000    4.11465    0.00000    4.11465
  47.50000    4.14321    0.00000    4.14321
  48.00000    4.15709    0.00000    4.15709
  48.50000    4.19331    0.00000    4.19331
  49.00000    4.24768    0.00000    4.24768
  49.50000    4.31240    0.00000    4.31240
  50.00000    4.36887    0.00000    4.36887
  50.50000    4.42232    0.00000    4.42232
  51.00000    4.43585    0.00000    4.43585
  51.50000    4.43168    0.00000    4.43168
  52.00000    4.42354    0.00000    4.42354
  52.50000    4.42336    0.00000    4.42336
  53.00000    4.43942    0.00000    4.43942
  53.50000    4.44881    0.00000    4.44881
  54.00000    4.45748    0.00000    4.45748
  54.50000    4.46298    0.00000    4.46298
  55.00000    4.47863    0.00000    4.47863
  55.50000    4.49097    0.00000    4.49097
  56.00000    4.48799    0.00000    4.48799
  56.50000    4.48949    0.00000    4.48949
  57.00000    4.49059    0.00000    4.49059
  57.50000    4.50397    0.00000    4.50397
  58.00000    4.50711    0.00000    4.50711
  58.50000    4.50200    0.00000    4.50200
  59.00000    4.49764    0.00000    4.49764
  59.50000    4.50283    0.00000    4.50283
  60.00000    4.51083    0.00000    4.51083
  60.50000    4.51985    0.00000    4.51985
  61.00000    4.52157    0.00000    4.52157
  61.50000    4.52934    0.00000    4.52934
  62.00000    4.52532    0.00000    4.52532
  62.50000    4.52522    0.00000    4.52522
  63.00000    4.52111    0.00000    4.52111
  63.50000    4.53189    0.00000    4.53189
  64.00000    4.54131    0.00000    4.54131
  64.50000    4.54406    0.00000    4.54406
  65.00000    4.53689    0.00000    4.53689
  65.50000    4.53341    0.00000    4.53341
  66.00000    4.53066    0.00000    4.53066
  66.50000    4.54683    0.00000    4.54683
  67.00000    4.55094    0.00000    4.55094
  67.50000    4.55951    0.00000    4.55951
  68.00000    4.55339    0.00000    4.55339
  68.50000    4.55330    0.00000    4.55330
  69.00000    4.54971    0.00000    4.54971
  69.50000    4.56039    0.00000    4.56039
  70.00000    4.56377    0.00000    4.56377
  70.50000    4.55917    0.00000    4.55917
  71.00000    4.56414    0.00000    4.56414
  71.50000    4.56448    0.00000    4.56448
  72.00000    4.55523    0.00000    4.55523
  72.50000    4.55690    0.00000    4.55690
  73.00000    4.56655    0.00000    4.56655
  73.50000    4.56529    0.00000    4.56529
  74.00000    4.55439    0.00000    4.55439
  74.50000    4.56605    0.00000    4.56605
  75.00000    4.56388    0.00000    4.56388
  75.50000    4.55817    0.00000    4.55817
  76.00000    4.54803    0.00000    4.54803
  76.50000    4.55573    0.00000    4.55573
  77.00000    4.55702    0.00000    4.55702
  77.50000    4.56262    0.00000    4.56262
  78.00000    4.55215    0.00000    4.55215
  78.50000    4.54581    0.00000    4.54581
  79.00000    4.54992    0.00000    4.54992
  79.50000    4.56679    0.00000    4.56679
  80.00000    4.55842    0.00000    4.55842
  80.50000    4.53982    0.00000    4.53982
  81.00000    4.53201    0.00000    4.53201
  81.50000    4.54435    0.00000    4.54435
  82.00000    4.54969    0.00000    4.54969
  82.50000    4.54581    0.00000    4.54581
  83.00000    4.53861    0.00000    4.53861
  83.50000    4.54054    0.00000    4.54054
  84.00000    4.54276    0.00000    4.54276
  84.50000    4.53818    0.00000    4.53818
  85.00000    4.52912    0.00000    4.52912
  85.50000    4.53048    0.00000    4.53048
  86.00000    4.53817    0.00000    4.53817
  86.50000    4.54486    0.00000    4.54486
  87.00000    4.54106    0.00000    4.54106
  87.50000    4.53509    0.00000    4.53509
  88.00000    4.52976    0.00000    4.52976
  88.50000    4.52660    0.00000    4.52660
  89.00000    4.52813    0.00000    4.52813
  89.50000    4.52509    0.00000    4.52509
  90.00000    4.52913    0.00000    4.52913
  90.50000    4.52257    0.00000    4.52257
  91.00000    4.51726    0.00000    4.51726
  91.50000    4.50102    0.00000    4.50102
  92.00000    4.50122    0.00000    4.50122
  92.50000    4.50630    0.00000    4.50630
  93.00000    4.51297    0.00000    4.51297
  93.50000    4.51733    0.00000    4.51733
  94.00000    4.51609    0.00000    4.51609
  94.50000    4.50962    0.00000    4.50962
  95.00000    4.49750    0.00000    4.49750
  95.50000    4.48900    0.00000    4.48900
  96.00000    4.48957    0.00000    4.48957
  96.50000    4.50121    0.00000    4.50121
  97.00000    4.49960    0.00000    4.49960
  97.50000    4.49218    0.00000    4.49218
  98.00000    4.49249    0.00000    4.49249
  98.50000    4.51056    0.00000    4.51056
  99.00000    4.50806    0.00000    4.50806
  99.50000    4.49367    0.00000    4.49367
 100.00000    4.49014    0.00000    4.49014
 100.50000    4.49272    0.00000    4.49272
 101.00000    4.49258    0.00000    4.49258
 101.50000    4.48290    0.00000    4.48290
 102.00000    4.48445    0.00000    4.48445
 102.50000    4.47086    0.00000    4.47086
 103.00000    4.46342    0.00000    4.46342
 103.50000    4.46151    0.00000    4.46151
 104.00000    4.47634    0.00000    4.47634
 104.50000    4.48645    0.00000    4.48645
 105.00000    4.48570    0.00000    4.48570
 105.50000    4.48301    0.00000    4.48301
 106.00000    4.47728    0.00000    4.47728
 106.50000    4.47502    0.00000    4.47502
 107.00000    4.46534    0.00000    4.46534
 107.50000    4.46819    0.00000    4.46819
 108.00000    4.47458    0.00000    4.47458
 108.50000    4.48226    0.00000    4.48226
 109.00000    4.48966    0.00000    4.48966
 109.50000    4.48426    0.00000    4.48426
 110.00000    4.47413    0.00000    4.47413
 110.50000    4.46582    0.00000    4.46582
 111.00000    4.47139    0.00000    4.47139
 111.50000    4.46197    0.00000    4.46197
 112.00000    4.45551    0.00000    4.45551
 112.50000    4.45226    0.00000    4.45226
 113.00000    4.44904    0.00000    4.44904
 113.50000    4.45091    0.00000    4.45091
 114.00000    4.46157    0.00000    4.46157
 114.50000    4.47390    0.00000    4.47390
 115.00000    4.47006    0.00000    4.47006
 115.50000    4.47098    0.00000    4.47098
 116.00000    4.46986    0.00000    4.46986
 116.50000    4.47822    0.00000    4.47822
 117.00000    4.47114    0.00000    4.47114
 117.50000    4.46388    0.00000    4.46388
 118.00000    4.46728    0.00000    4.46728
 118.50000    4.46969    0.00000    4.46969
 119.00000    4.45373    0.00000    4.45373
 119.50000    4.45294    0.00000    4.45294
 120.00000    4.45930    0.00000    4.45930
 120.50000    4.45555    0.00000    4.45555
 121.00000    4.45270    0.00000    4.45270
 121.50000    4.46221    0.00000    4.46221
 122.00000    4.45497    0.00000    4.45497
 122.50000    4.44085    0.00000    4.44085
 123.00000    4.44734    0.00000    4.44734
 123.50000    4.45758    0.00000    4.45758
 124.00000    4.45909    0.00000    4.45909
 124.50000    4.45104    0.00000    4.45104
 125.00000    4.44061    0.00000    4.44061
 125.50000    4.44490    0.00000    4.44490
 126.00000    4.45572    0.00000    4.45572
 126.50000    4.45698    0.00000    4.45698
 127.00000    4.44373    0.00000    4.44373
 127.50000    4.44210    0.00000    4.44210
 128.00000    4.45413    0.00000    4.45413
 128.50000    4.45855    0.00000    4.45855
 129.00000    4.46333    0.00000    4.46333
 129.50000    4.45834    0.00000    4.45834
 130.00000    4.44993    0.00000    4.44993
 130.50000    4.43421    0.00000    4.43421
 131.00000    4.43612    0.00000    4.43612
 131.50000    4.44506    0.00000    4.44506
 132.00000    4.45229    0.00000    4.45229
 132.50000    4.44863    0.00000    4.44863
 133.00000    4.44570    0.00000    4.44570
 133.50000    4.44563    0.00000    4.44563
 134.00000    4.45366    0.00000    4.45366
 134.50000    4.45641    0.00000    4.45641
 135.00000    4.45403    0.00000    4.45403
 135.50000    4.46258    0.00000    4.46258
 136.00000    4.46147    0.00000    4.46147
 136.50000    4.45710    0.00000    4.45710
 137.00000    4.44403    0.00000    4.44403
 137.50000    4.44638    0.00000    4.44638
 138.00000    4.45072    0.00000    4.45072
 138.50000    4.45982    0.00000    4.45982
 139.00000    4.46339    0.00000    4.46339
 139.50000    4.45351    0.00000    4.45351
 140.00000    4.44914    0.00000    4.44914
 140.50000    4.45049    0.00000    4.45049
 141.00000    4.46333    0.00000    4.46333
 141.50000    4.46475    0.00000    4.46475
 142.00000    4.46687    0.00000    4.46687
 142.50000    4.46220    0.00000    4.46220
 143.00000    4.46540    0.00000    4.46540
 143.50000    4.46386    0.00000    4.46386
 144.00000    4.46625    0.00000    4.46625
 144.50000    4.46191    0.00000    4.46191
 145.00000    4.46170    0.00000    4.46170
 145.50000    4.46091    0.00000    4.46091
 146.00000    4.46145    0.00000    4.46145
 146.50000    4.46884    0.00000    4.46884
 147.00000    4.46346    0.00000    4.46346
 147.50000    4.46111    0.00000    4.46111
 148.00000    4.45290    0.00000    4.45290
 148.50000    4.46398    0.00000    4.46398
 149.00000    4.46685    0.00000    4.46685
 149.50000    4.47378    0.00000    4.47378
 150.00000    4.46005    0.00000    4.46005
