   0.00000    1.40027    0.00000    1.40027
   0.50000    2.30691    0.00000    2.30691
   1.00000    2.79712    0.00000    2.79712
   1.50000    3.01837    0.00000    3.01837
   2.00000    3.15457    0.00000    3.15457
   2.50000    3.26001    0.00000    3.26001
   3.00000    3.45754    0.00000    3.45754
   3.50000    3.55747    0.00000    3.55747
   4.00000    3.54992    0.00000    3.54992
   4.50000    3.50332    0.00000    3.50332
   5.00000    3.53051    0.00000    3.53051
   5.50000    3.55788    0.00000    3.55788
   6.00000    3.58222    0.00000    3.58222
   6.50000    3.57176    0.00000    3.57176
   7.00000    3.55467    0.00000    3.55467
   7.50000    3.56437    0.00000    3.56437
   8.00000    3.57627    0.00000    3.57627
   8.50000    3.57159    0.00000    3.57159
   9.00000    3.57959    0.00000    3.57959
   9.50000    3.58298    0.00000    3.58298
  10.00000    3.60539    0.00000    3.60539
  10.50000    3.60262    0.00000    3.60262
  11.00000    3.64877    0.00000    3.64877
  11.50000    3.64001    0.00000    3.64001
  12.00000    3.67516    0.00000    3.67516
  12.50000    3.66804    0.00000    3.66804
  13.00000    3.68582    0.00000    3.68582
  13.50000    3.66676    0.00000    3.66676
  14.00000    3.66104    0.00000    3.66104
  14.50000    3.65372    0.00000    3.65372
  15.00000    3.66082    0.00000    3.66082
  15.50000    3.67038    0.00000    3.67038
  16.00000    3.66290    0.00000    3.66290
  16.50000    3.69348    0.00000    3.69348
  17.00000    3.69480    0.00000    3.69480
  17.50000    3.70721    0.00000    3.70721
  18.00000    3.71686    0.00000    3.71686
  18.50000    3.74277    0.00000    3.74277
  19.00000    3.72372    0.00000    3.72372
  19.50000    3.71365    0.00000    3.71365
  20.00000    3.74267    0.00000    3.74267
  20.50000    3.76719    0.00000    3.76719
  21.00000    3.74667    0.00000    3.74667
  21.50000    3.73064    0.00000    3.73064
  22.00000    3.74266    0.00000    3.74266
  22.50000    3.77435    0.00000    3.77435
  23.00000    3.77666    0.00000    3.77666
  23.50000    3.76541    0.00000    3.76541
  24.00000    3.73023    0.00000    3.73023
  24.50000    3.69691    0.00000    3.69691
  25.00000    3.68939    0.00000    3.68939
  25.50000    3.67999    0.00000    3.67999
  26.00000    3.67084    0.00000    3.67084
  26.50000    3.68915    0.00000    3.68915
  27.00000    3.71645    0.00000    3.71645
  27.50000    3.76552    0.00000    3.76552
  28.00000    3.76985    0.00000    3.76985
  28.50000    3.79301    0.00000    3.79301
  29.00000    3.77568    0.00000    3.77568
  29.50000    3.78254    0.00000    3.78254
  30.00000    3.77385    0.00000    3.77385
  30.50000    3.80317    0.00000    3.80317
  31.00000    3.79374    0.00000    3.79374
  31.50000    3.78455    0.00000    3.78455
  32.00000    3.76390    0.00000    3.76390
  32.50000    3.76124    0.00000    3.76124
  33.00000    3.75057    0.00000    3.75057
  33.50000    3.77085    0.00000    3.77085
  34.00000    3.78364    0.00000    3.78364
  34.50000    3.77265    0.00000    3.77265
  35.00000    3.78111    0.00000    3.78111
  35.50000    3.77835    0.00000    3.77835
  36.00000    3.79326    0.00000    3.79326
  36.50000    3.76335    0.00000    3.76335
  37.00000    3.77801    0.00000    3.77801
  37.50000    3.76224    0.00000    3.76224
  38.00000    3.77042    0.00000    3.77042
  38.50000    3.77341    0.00000    3.77341
  39.00000    3.77954    0.00000    3.77954
  39.50000    3.80904    0.00000    3.80904
  40.00000    3.83245    0.00000    3.83245
  40.50000    3.84977    0.00000    3.84977
  41.00000    3.82318    0.00000    3.82318
  41.50000    3.81811    0.00000    3.81811
  42.00000    3.81654    0.00000    3.81654
  42.50000    3.80437    0.00000    3.80437
  43.00000    3.78890    0.00000    3.78890
  43.50000    3.79004    0.00000    3.79004
  44.00000    3.82069    0.00000    3.82069
  44.50000    3.81872    0.00000    3.81872
  45.00000    3.82729    0.00000    3.82729
  45.50000    3.83486    0.00000    3.83486
  46.00000    3.87779    0.00000    3.87779
  46.50000    3.91046    0.00000    3.91046
  47.00000    3.95566    0.00000    3.95566
  47.50000    3.99008    0.00000    3.99008
  48.00000    4.00741    0.00000    4.00741
  48.50000    4.04733    0.00000    4.04733
  49.00000    4.07240    0.00000    4.07240
  49.50000    4.10164    0.00000    4.10164
  50.00000    4.12203    0.00000    4.12203
  50.50000    4.15143    0.00000    4.15143
  51.00000    4.19159    0.00000    4.19159
  51.50000    4.22288    0.00000    4.22288
  52.00000    4.26559    0.00000    4.26559
  52.50000    4.27586    0.00000    4.27586
  53.00000    4.30015    0.00000    4.30015
  53.50000    4.29986    0.00000    4.29986
  54.00000    4.30172    0.00000    4.30172
  54.50000    4.32016    0.00000    4.32016
  55.00000    4.35395    0.00000    4.35395
  55.50000    4.36001    0.00000    4.36001
  56.00000    4.33022    0.00000    4.33022
  56.50000    4.34256    0.00000    4.34256
  57.00000    4.38250    0.00000    4.38250
  57.50000    4.39918    0.00000    4.39918
  58.00000    4.38600    0.00000    4.38600
  58.50000    4.37777    0.00000    4.37777
  59.00000    4.39265    0.00000    4.39265
  59.50000    4.38778    0.00000    4.38778
  60.00000    4.41396    0.00000    4.41396
  60.50000    4.41688    0.00000    4.41688
  61.00000    4.40227    0.00000    4.40227
  61.50000    4.40852    0.00000    4.40852
  62.00000    4.43762    0.00000    4.43762
  62.50000    4.45119    0.00000    4.45119
  63.00000    4.44460    0.00000    4.44460
  63.50000    4.45845    0.00000    4.45845
  64.00000    4.46797    0.00000    4.46797
  64.50000    4.45951    0.00000    4.45951
  65.00000    4.46315    0.00000    4.46315
  65.50000    4.45557    0.00000    4.45557
  66.00000    4.45326    0.00000    4.45326
  66.50000    4.46094    0.00000    4.46094
  67.00000    4.49214    0.00000    4.49214
  67.50000    4.48180    0.00000    4.48180
  68.00000    4.48541    0.00000    4.48541
  68.50000    4.49564    0.00000    4.49564
  69.00000    4.51671    0.00000    4.51671
  69.50000    4.49624    0.00000    4.49624
  70.00000    4.51531    0.00000    4.51531
  70.50000    4.52326    0.00000    4.52326
  71.00000    4.54829    0.00000    4.54829
  71.50000    4.53113    0.00000    4.53113
  72.00000    4.52950    0.00000    4.52950
  72.50000    4.52681    0.00000    4.52681
  73.00000    4.53453    0.00000    4.53453
  73.50000    4.51128    0.00000    4.51128
  74.00000    4.50163    0.00000    4.50163
  74.50000    4.51205    0.00000    4.51205
  75.00000    4.51934    0.00000    4.51934
  75.50000    4.52655    0.00000    4.52655
  76.00000    4.52675    0.00000    4.52675
  76.50000    4.54191    0.00000    4.54191
  77.00000    4.52968    0.00000    4.52968
  77.50000    4.52402    0.00000    4.52402
  78.00000    4.52512    0.00000    4.52512
  78.50000    4.55033    0.00000    4.55033
  79.00000    4.54960    0.00000    4.54960
  79.50000    4.55293    0.00000    4.55293
  80.00000    4.52759    0.00000    4.52759
  80.50000    4.51267    0.00000    4.51267
  81.00000    4.50970    0.00000    4.50970
  81.50000    4.53856    0.00000    4.53856
  82.00000    4.53156    0.00000    4.53156
  82.50000    4.52771    0.00000    4.52771
  83.00000    4.52510    0.00000    4.52510
  83.50000    4.53166    0.00000    4.53166
  84.00000    4.52459    0.00000    4.52459
  84.50000    4.51373    0.00000    4.51373
  85.00000    4.52087    0.00000    4.52087
  85.50000    4.53565    0.00000    4.53565
  86.00000    4.55263    0.00000    4.55263
  86.50000    4.54540    0.00000    4.54540
  87.00000    4.50963    0.00000    4.50963
  87.50000    4.48998    0.00000    4.48998
  88.00000    4.51245    0.00000    4.51245
  88.50000    4.54656    0.00000    4.54656
  89.00000    4.53765    0.00000    4.53765
  89.50000    4.50205    0.00000    4.50205
  90.00000    4.49097    0.00000    4.49097
  90.50000    4.51779    0.00000    4.51779
  91.00000    4.54167    0.00000    4.54167
  91.50000    4.50471    0.00000    4.50471
  92.00000    4.48965    0.00000    4.48965
  92.50000    4.46450    0.00000    4.46450
  93.00000    4.46685    0.00000    4.46685
  93.50000    4.44459    0.00000    4.44459
  94.00000    4.49946    0.00000    4.49946
  94.50000    4.49875    0.00000    4.49875
  95.00000    4.51381    0.00000    4.51381
  95.50000    4.47753    0.00000    4.47753
  96.00000    4.47453    0.00000    4.47453
  96.50000    4.46216    0.00000    4.46216
  97.00000    4.46939    0.00000    4.46939
  97.50000    4.45119    0.00000    4.45119
  98.00000    4.44708    0.00000    4.44708
  98.50000    4.45757    0.00000    4.45757
  99.00000    4.45925    0.00000    4.45925
  99.50000    4.44045    0.00000    4.44045
 100.00000    4.42949    0.00000    4.42949
 100.50000    4.45027    0.00000    4.45027
 101.00000    4.45593    0.00000    4.45593
 101.50000    4.45193    0.00000    4.45193
 102.00000    4.45228    0.00000    4.45228
 102.50000    4.46776    0.00000    4.46776
 103.00000    4.46450    0.00000    4.46450
 103.50000    4.44751    0.00000    4.44751
 104.00000    4.44635    0.00000    4.44635
 104.50000    4.45044    0.00000    4.45044
 105.00000    4.45498    0.00000    4.45498
 105.50000    4.43775    0.00000    4.43775
 106.00000    4.42499    0.00000    4.42499
 106.50000    4.42101    0.00000    4.42101
 107.00000    4.41971    0.00000    4.41971
 107.50000    4.41301    0.00000    4.41301
 108.00000    4.41095    0.00000    4.41095
 108.50000    4.43564    0.00000    4.43564
 109.00000    4.43985    0.00000    4.43985
 109.50000    4.44071    0.00000    4.44071
 110.00000    4.41501    0.00000    4.41501
 110.50000    4.39908    0.00000    4.39908
 111.00000    4.37833    0.00000    4.37833
 111.50000    4.37269    0.00000    4.37269
 112.00000    4.38018    0.00000    4.38018
 112.50000    4.39251    0.00000    4.39251
 113.00000    4.40969    0.00000    4.40969
 113.50000    4.40996    0.00000    4.40996
 114.00000    4.43062    0.00000    4.43062
 114.50000    4.42329    0.00000    4.42329
 115.00000    4.41513    0.00000    4.41513
 115.50000    4.42342    0.00000    4.42342
 116.00000    4.42895    0.00000    4.42895
 116.50000    4.41731    0.00000    4.41731
 117.00000    4.39138    0.00000    4.39138
 117.50000    4.39467    0.00000    4.39467
 118.00000    4.39206    0.00000    4.39206
 118.50000    4.41637    0.00000    4.41637
 119.00000    4.39575    0.00000    4.39575
 119.50000    4.36976    0.00000    4.36976
 120.00000    4.36871    0.00000    4.36871
 120.50000    4.37735    0.00000    4.37735
 121.00000    4.39820    0.00000    4.39820
 121.50000    4.40235    0.00000    4.40235
 122.00000    4.39579    0.00000    4.39579
 122.50000    4.35408    0.00000    4.35408
 123.00000    4.35378    0.00000    4.35378
 123.50000    4.36290    0.00000    4.36290
 124.00000    4.39035    0.00000    4.39035
 124.50000    4.38401    0.00000    4.38401
 125.00000    4.35653    0.00000    4.35653
 125.50000    4.35432    0.00000    4.35432
 126.00000    4.36710    0.00000    4.36710
 126.50000    4.36175    0.00000    4.36175
 127.00000    4.33743    0.00000    4.33743
 127.50000    4.35740    0.00000    4.35740
 128.00000    4.35206    0.00000    4.35206
 128.50000    4.35593    0.00000    4.35593
 129.00000    4.34507    0.00000    4.34507
 129.50000    4.35276    0.00000    4.35276
 130.00000    4.35593    0.00000    4.35593
 130.50000    4.37195    0.00000    4.37195
 131.00000    4.35829    0.00000    4.35829
 131.50000    4.35823    0.00000    4.35823
 132.00000    4.36511    0.00000    4.36511
 132.50000    4.36963    0.00000    4.36963
 133.00000    4.33705    0.00000    4.33705
 133.50000    4.33218    0.00000    4.33218
 134.00000    4.34341    0.00000    4.34341
 134.50000    4.35115    0.00000    4.35115
 135.00000    4.36239    0.00000    4.36239
 135.50000    4.36432    0.00000    4.36432
 136.00000    4.35267    0.00000    4.35267
 136.50000    4.33109    0.00000    4.33109
 137.00000    4.33285    0.00000    4.33285
 137.50000    4.34970    0.00000    4.34970
 138.00000    4.34505    0.00000    4.34505
 138.50000    4.34548    0.00000    4.34548
 139.00000    4.34288    0.00000    4.34288
 139.50000    4.35148    0.00000    4.35148
 140.00000    4.34473    0.00000    4.34473
 140.50000    4.32314    0.00000    4.32314
 141.00000    4.33732    0.00000    4.33732
 141.50000    4.36166    0.00000    4.36166
 142.00000    4.36471    0.00000    4.36471
 142.50000    4.32888    0.00000    4.32888
 143.00000    4.31855    0.00000    4.31855
 143.50000    4.32240    0.00000    4.32240
 144.00000    4.31873    0.00000    4.31873
 144.50000    4.30728    0.00000    4.30728
 145.00000    4.32529    0.00000    4.32529
 145.50000    4.32623    0.00000    4.32623
 146.00000    4.32603    0.00000    4.32603
 146.50000    4.30829    0.00000    4.30829
 147.00000    4.30793    0.00000    4.30793
 147.50000    4.28766    0.00000    4.28766
 148.00000    4.30358    0.00000    4.30358
 148.50000    4.32118    0.00000    4.32118
 149.00000    4.34005    0.00000    4.34005
 149.50000    4.33250    0.00000    4.33250
 150.00000    4.33550    0.00000    4.33550
