   0.00000    1.42666    0.00000    1.42666
   0.50000    3.34270    0.00000    3.34270
   1.00000    3.68186    0.00000    3.68186
   1.50000    3.52538    0.00000    3.52538
   2.00000    3.49933    0.00000    3.49933
   2.50000    3.48023    0.00000    3.48023
   3.00000    3.48356    0.00000    3.48356
   3.50000    3.47923    0.00000    3.47923
   4.00000    3.47488    0.00000    3.47488
   4.50000    3.49190    0.00000    3.49190
   5.00000    3.51414    0.00000    3.51414
   5.50000    3.54640    0.00000    3.54640
   6.00000    3.56979    0.00000    3.56979
   6.50000    3.60558    0.00000    3.60558
   7.00000    3.60226    0.00000    3.60226
   7.50000    3.61461    0.00000    3.61461
   8.00000    3.61538    0.00000    3.61538
   8.50000    3.62735    0.00000    3.62735
   9.00000    3.62991    0.00000    3.62991
   9.50000    3.63810    0.00000    3.63810
  10.00000    3.64651    0.00000    3.64651
  10.50000    3.65991    0.00000    3.65991
  11.00000    3.67591    0.00000    3.67591
  11.50000    3.70022    0.00000    3.70022
  12.00000    3.70847    0.00000    3.70847
  12.50000    3.69390    0.00000    3.69390
  13.00000    3.66825    0.00000    3.66825
  13.50000    3.67921    0.00000    3.67921
  14.00000    3.69117    0.00000    3.69117
  14.50000    3.70629    0.00000    3.70629
  15.00000    3.70987    0.00000    3.70987
  15.50000    3.74202    0.00000    3.74202
  16.00000    3.76367    0.00000    3.76367
  16.50000    3.77437    0.00000    3.77437
  17.00000    3.76958    0.00000    3.76958
  17.50000    3.76827    0.00000    3.76827
  18.00000    3.76323    0.00000    3.76323
  18.50000    3.77022    0.00000    3.77022
  19.00000    3.77816    0.00000    3.77816
  19.50000    3.79822    0.00000    3.79822
  20.00000    3.82271    0.00000    3.82271
  20.50000    3.83682    0.00000    3.83682
  21.00000    3.83688    0.00000    3.83688
  21.50000    3.85169    0.00000    3.85169
  22.00000    3.86747    0.00000    3.86747
  22.50000    3.88305    0.00000    3.88305
  23.00000    3.91961    0.00000    3.91961
  23.50000    3.93459    0.00000    3.93459
  24.00000    3.90406    0.00000    3.90406
  24.50000    3.87537    0.00000    3.87537
  25.00000    3.88309    0.00000    3.88309
  25.50000    3.86728    0.00000    3.86728
  26.00000    3.86488    0.00000    3.86488
  26.50000    3.90324    0.00000    3.90324
  27.00000    3.94807    0.00000    3.94807
  27.50000    3.97327    0.00000    3.97327
  28.00000    3.99199    0.00000    3.99199
  28.50000    3.99933    0.00000    3.99933
  29.00000    3.96375    0.00000    3.96375
  29.50000    3.93379    0.00000    3.93379
  30.00000    3.93245    0.00000    3.93245
  30.50000    3.97756    0.00000    3.97756
  31.00000    3.99638    0.00000    3.99638
  31.50000    4.00361    0.00000    4.00361
  32.00000    3.98885    0.00000    3.98885
  32.50000    4.00808    0.00000    4.00808
  33.00000    3.98636    0.00000    3.98636
  33.50000    3.99033    0.00000    3.99033
  34.00000    3.99187    0.00000    3.99187
  34.50000    4.04328    0.00000    4.04328
  35.00000    4.08647    0.00000    4.08647
  35.50000    4.13423    0.00000    4.13423
  36.00000    4.16284    0.00000    4.16284
  36.50000    4.17437    0.00000    4.17437
  37.00000    4.19446    0.00000    4.19446
  37.50000    4.23202    0.00000    4.23202
  38.00000    4.27742    0.00000    4.27742
  38.50000    4.31409    0.00000    4.31409
  39.00000    4.34858    0.00000    4.34858
  39.50000    4.37600    0.00000    4.37600
  40.00000    4.42659    0.00000    4.42659
  40.50000    4.48463    0.00000    4.48463
  41.00000    4.51670    0.00000    4.51670
  41.50000    4.49882    0.00000    4.49882
  42.00000    4.49893    0.00000    4.49893
  42.50000    4.51567    0.00000    4.51567
  43.00000    4.51496    0.00000    4.51496
  43.50000    4.50937    0.00000    4.50937
  44.00000    4.52388    0.00000    4.52388
  44.50000    4.55129    0.00000    4.55129
  45.00000    4.55441    0.00000    4.55441
  45.50000    4.56165    0.00000    4.56165
  46.00000    4.59654    0.00000    4.59654
  46.50000    4.61272    0.00000    4.61272
  47.00000    4.61426    0.00000    4.61426
  47.50000    4.61477    0.00000    4.61477
  48.00000    4.60840    0.00000    4.60840
  48.50000    4.60742    0.00000    4.60742
  49.00000    4.60703    0.00000    4.60703
  49.50000    4.61602    0.00000    4.61602
  50.00000    4.58594    0.00000    4.58594
  50.50000    4.57578    0.00000    4.57578
  51.00000    4.56307    0.00000    4.56307
  51.50000    4.54851    0.00000    4.54851
  52.00000    4.53075    0.00000    4.53075
  52.50000    4.52869    0.00000    4.52869
  53.00000    4.54214    0.00000    4.54214
  53.50000    4.53853    0.00000    4.53853
  54.00000    4.53281    0.00000    4.53281
  54.50000    4.52395    0.00000    4.52395
  55.00000    4.50793    0.00000    4.50793
  55.50000    4.49189    0.00000    4.49189
  56.00000    4.47993    0.00000    4.47993
  56.50000    4.49023    0.00000    4.49023
  57.00000    4.47316    0.00000    4.47316
  57.50000    4.47791    0.00000    4.47791
  58.00000    4.48219    0.00000    4.48219
  58.50000    4.48749    0.00000    4.48749
  59.00000    4.48666    0.00000    4.48666
  59.50000    4.47810    0.00000    4.47810
  60.00000    4.46749    0.00000    4.46749
  60.50000    4.45086    0.00000    4.45086
  61.00000    4.45365    0.00000    4.45365
  61.50000    4.45322    0.00000    4.45322
  62.00000    4.44675    0.00000    4.44675
  62.50000    4.44399    0.00000    4.44399
  63.00000    4.44542    0.00000    4.44542
  63.50000    4.44374    0.00000    4.44374
  64.00000    4.44369    0.00000    4.44369
  64.50000    4.43844    0.00000    4.43844
  65.00000    4.42018    0.00000    4.42018
  65.50000    4.38778    0.00000    4.38778
  66.00000    4.39303    0.00000    4.39303
  66.50000    4.41483    0.00000    4.41483
  67.00000    4.41099    0.00000    4.41099
  67.50000    4.39976    0.00000    4.39976
  68.00000    4.39011    0.00000    4.39011
  68.50000    4.39624    0.00000    4.39624
  69.00000    4.38282    0.00000    4.38282
  69.50000    4.38626    0.00000    4.38626
  70.00000    4.36598    0.00000    4.36598
  70.50000    4.36157    0.00000    4.36157
  71.00000    4.35198    0.00000    4.35198
  71.50000    4.36986    0.00000    4.36986
  72.00000    4.36233    0.00000    4.36233
  72.50000    4.34959    0.00000    4.34959
  73.00000    4.34788    0.00000    4.34788
  73.50000    4.35848    0.00000    4.35848
  74.00000    4.36439    0.00000    4.36439
  74.50000    4.33498    0.00000    4.33498
  75.00000    4.32779    0.00000    4.32779
  75.50000    4.32507    0.00000    4.32507
  76.00000    4.32883    0.00000    4.32883
  76.50000    4.31367    0.00000    4.31367
  77.00000    4.32256    0.00000    4.32256
  77.50000    4.31542    0.00000    4.31542
  78.00000    4.30327    0.00000    4.30327
  78.50000    4.28944    0.00000    4.28944
  79.00000    4.30333    0.00000    4.30333
  79.50000    4.30617    0.00000    4.30617
  80.00000    4.31268    0.00000    4.31268
  80.50000    4.31778    0.00000    4.31778
  81.00000    4.31763    0.00000    4.31763
  81.50000    4.30211    0.00000    4.30211
  82.00000    4.27607    0.00000    4.27607
  82.50000    4.26120    0.00000    4.26120
  83.00000    4.25932    0.00000    4.25932
  83.50000    4.26899    0.00000    4.26899
  84.00000    4.27489    0.00000    4.27489
  84.50000    4.27074    0.00000    4.27074
  85.00000    4.27654    0.00000    4.27654
  85.50000    4.28325    0.00000    4.28325
  86.00000    4.29632    0.00000    4.29632
  86.50000    4.28454    0.00000    4.28454
  87.00000    4.26297    0.00000    4.26297
  87.50000    4.22869    0.00000    4.22869
  88.00000    4.22856    0.00000    4.22856
  88.50000    4.24955    0.00000    4.24955
  89.00000    4.26971    0.00000    4.26971
  89.50000    4.24945    0.00000    4.24945
  90.00000    4.23230    0.00000    4.23230
  90.50000    4.22510    0.00000    4.22510
  91.00000    4.22567    0.00000    4.22567
  91.50000    4.21470    0.00000    4.21470
  92.00000    4.23244    0.00000    4.23244
  92.50000    4.23765    0.00000    4.23765
  93.00000    4.23856    0.00000    4.23856
  93.50000    4.22950    0.00000    4.22950
  94.00000    4.21990    0.00000    4.21990
  94.50000    4.20054    0.00000    4.20054
  95.00000    4.21348    0.00000    4.21348
  95.50000    4.22127    0.00000    4.22127
  96.00000    4.21562    0.00000    4.21562
  96.50000    4.18957    0.00000    4.18957
  97.00000    4.19019    0.00000    4.19019
  97.50000    4.19378    0.00000    4.19378
  98.00000    4.20687    0.00000    4.20687
  98.50000    4.20937    0.00000    4.20937
  99.00000    4.19664    0.00000    4.19664
  99.50000    4.17329    0.00000    4.17329
 100.00000    4.18086    0.00000    4.18086
 100.50000    4.20074    0.00000    4.20074
 101.00000    4.19534    0.00000    4.19534
 101.50000    4.17062    0.00000    4.17062
 102.00000    4.18136    0.00000    4.18136
 102.50000    4.18762    0.00000    4.18762
 103.00000    4.19477    0.00000    4.19477
 103.50000    4.18286    0.00000    4.18286
 104.00000    4.19187    0.00000    4.19187
 104.50000    4.19144    0.00000    4.19144
 105.00000    4.19450    0.00000    4.19450
 105.50000    4.17565    0.00000    4.17565
 106.00000    4.17509    0.00000    4.17509
 106.50000    4.18991    0.00000    4.18991
 107.00000    4.18611    0.00000    4.18611
 107.50000    4.16797    0.00000    4.16797
 108.00000    4.16129    0.00000    4.16129
 108.50000    4.18104    0.00000    4.18104
 109.00000    4.19546    0.00000    4.19546
 109.50000    4.18830    0.00000    4.18830
 110.00000    4.18739    0.00000    4.18739
 110.50000    4.18108    0.00000    4.18108
 111.00000    4.18586    0.00000    4.18586
 111.50000    4.18408    0.00000    4.18408
 112.00000    4.19668    0.00000    4.19668
 112.50000    4.19907    0.00000    4.19907
 113.00000    4.19852    0.00000    4.19852
 113.50000    4.17611    0.00000    4.17611
 114.00000    4.16450    0.00000    4.16450
 114.50000    4.15854    0.00000    4.15854
 115.00000    4.16570    0.00000    4.16570
 115.50000    4.17127    0.00000    4.17127
 116.00000    4.18296    0.00000    4.18296
 116.50000    4.19134    0.00000    4.19134
 117.00000    4.18895    0.00000    4.18895
 117.50000    4.18861    0.00000    4.18861
 118.00000    4.19295    0.00000    4.19295
 118.50000    4.21385    0.00000    4.21385
 119.00000    4.20898    0.00000    4.20898
 119.50000    4.19082    0.00000    4.19082
 120.00000    4.17057    0.00000    4.17057
 120.50000    4.17573    0.00000    4.17573
 121.00000    4.17720    0.00000    4.17720
 121.50000    4.19496    0.00000    4.19496
 122.00000    4.20448    0.00000    4.20448
 122.50000    4.20146    0.00000    4.20146
 123.00000    4.18477    0.00000    4.18477
 123.50000    4.18752    0.00000    4.18752
 124.00000    4.20431    0.00000    4.20431
 124.50000    4.21684    0.00000    4.21684
 125.00000    4.20668    0.00000    4.20668
 125.50000    4.20782    0.00000    4.20782
 126.00000    4.20846    0.00000    4.20846
 126.50000    4.21408    0.00000    4.21408
 127.00000    4.19881    0.00000    4.19881
 127.50000    4.20320    0.00000    4.20320
 128.00000    4.21069    0.00000    4.21069
 128.50000    4.21270    0.00000    4.21270
 129.00000    4.21070    0.00000    4.21070
 129.50000    4.22607    0.00000    4.22607
 130.00000    4.24149    0.00000    4.24149
 130.50000    4.23560    0.00000    4.23560
 131.00000    4.24288    0.00000    4.24288
 131.50000    4.24556    0.00000    4.24556
 132.00000    4.24188    0.00000    4.24188
 132.50000    4.23950    0.00000    4.23950
 133.00000    4.24442    0.00000    4.24442
 133.50000    4.23383    0.00000    4.23383
 134.00000    4.23345    0.00000    4.23345
 134.50000    4.25105    0.00000    4.25105
 135.00000    4.28018    0.00000    4.28018
 135.50000    4.27550    0.00000    4.27550
 136.00000    4.26314    0.00000    4.26314
 136.50000    4.25353    0.00000    4.25353
 137.00000    4.25857    0.00000    4.25857
 137.50000    4.25977    0.00000    4.25977
 138.00000    4.26688    0.00000    4.26688
 138.50000    4.26194    0.00000    4.26194
 139.00000    4.25466    0.00000    4.25466
 139.50000    4.25629    0.00000    4.25629
 140.00000    4.26944    0.00000    4.26944
 140.50000    4.27759    0.00000    4.27759
 141.00000    4.28462    0.00000    4.28462
 141.50000    4.28947    0.00000    4.28947
 142.00000    4.29657    0.00000    4.29657
 142.50000    4.30914    0.00000    4.30914
 143.00000    4.29738    0.00000    4.29738
 143.50000    4.29126    0.00000    4.29126
 144.00000    4.28976    0.00000    4.28976
 144.50000    4.29389    0.00000    4.29389
 145.00000    4.30116    0.00000    4.30116
 145.50000    4.30000    0.00000    4.30000
 146.00000    4.30524    0.00000    4.30524
 146.50000    4.29537    0.00000    4.29537
 147.00000    4.28887    0.00000    4.28887
 147.50000    4.28363    0.00000    4.28363
 148.00000    4.31706    0.00000    4.31706
 148.50000    4.32901    0.00000    4.32901
 149.00000    4.30754    0.00000    4.30754
 149.50000    4.29345    0.00000    4.29345
 150.00000    4.37575    0.00000    4.37575
